1.0759536959171239
0.8951969079229334
0.9977131572727848
0.9882383546214341
0.8912269100083722
0.969501837243442
0.8556567931273404
0.8935820110200332
0.9675430623563022
0.9643950171191111
0.9148498369032542
0.9363127827377319
1.1390364210545918
1.0387267602351755
0.9056232009907864
1.0561833128796445
1.1352162928512513
1.2393736703453544
0.9613823996321742
1.270997358136637
1.1087820711717546
1.0428100177984105
0.9283408550783965
1.0442016586033576
1.086061940624267
0.8757844005042886
0.9715474729979865
0.8445760425482636
0.8626824425833204
1.0844768803165574
1.0366391102660604
1.1374937293425842
1.024003376261013
1.1941310233694924
1.0091794068509752
0.8749711890551402
0.6160930532420541
0.8678401986014262
0.7588371471277491
0.8700464325597805
1.021636955109211
1.0168695604979263
0.8294901414368084
1.2953161617258566
0.9385607128785227
0.8465635047702936
0.8413001562481923
0.8370680959983265
0.766561589775746
0.9003813547546723
