0.9913118692814663
1.153445937676838
0.8679156265086809
0.8196377782204096
0.7925895432116637
0.887053955303944
0.7053685883891813
0.8631505244658214
0.9139128998328392
0.8394808787645008
0.8825641977868511
0.9177766397087673
0.9099465217776439
0.8243243118035412
0.815292738810258
0.7586872437988457
0.7557973927202555
0.8561435946978291
0.8354841469913385
0.9140200255263491
0.7394925643154674
0.7909139426837449
0.6840009695919086
0.8371674165694782
0.8644331080995554
0.8205606437948578
0.821465526816412
0.6896294494563576
0.7984655749319608
0.8226161574449294
0.9076967007945547
0.8489918502680639
0.9520222658532268
0.9857385055616246
1.0175381579543816
0.8649817829698211
0.9440212750314096
1.0319891487525774
0.8354365289531821
0.9081435285504005
0.8620739130308817
0.9358279976550415
0.8281996741316123
0.7347940199479667
0.6806175680583982
0.7374367055837622
0.6233010124388201
0.8172354212558747
0.990496099072879
0.6773353493972457
