0.930231829991373
0.9055687924357569
0.8182142794405123
0.8909615314794465
1.0042480167168355
1.0934956757973968
0.82604221924647
0.9921907100658712
0.9182223937527276
0.9394093917926868
0.9919909250842667
0.8751842629285604
0.9337530788670588
0.9240892592448072
0.8679640713224186
0.8758895298809611
0.9944939301002791
1.0298567881820455
1.1490632689944307
0.9607033313145518
1.0995279374187372
1.150397232930354
0.9302523895105527
0.820892710541691
0.8560405213665834
0.7211481710356904
0.8158230401414901
0.6815658598257264
0.6846146135920259
0.6909392291408183
0.8271799010771161
0.6487588462593573
0.6679469285244017
0.8837822111527711
0.5996176636249575
0.7628259343134974
0.6483746286909952
0.7325738123931489
0.7816167459288285
0.6612556615669204
0.721582139091445
0.5951891221694203
0.7667515930851602
0.811432490677292
0.8176592725800207
0.8324641531518648
0.9388088556791323
0.9513530656303897
1.0045194060897682
1.3438704050999255
