
Last position-specific scoring matrix computed, weighted observed percentages rounded down, information per position, and relative weight of gapless real matches to pseudocounts
            A   R   N   D   C   Q   E   G   H   I   L   K   M   F   P   S   T   W   Y   V   A   R   N   D   C   Q   E   G   H   I   L   K   M   F   P   S   T   W   Y   V
    1 R    -2   6   0  -2  -4   1   0  -2   0  -3  -2   2  -1  -3  -2  -1  -1  -3  -2  -3    0 100   0   0   0   0   0   0   0   0   0   0   0   0   0   0   0   0   0   0  0.75 0.00
    2 P    -1  -2  -2  -2  -3  -1  -1  -2  -2  -3  -3  -1  -3  -4   8  -1  -1  -4  -3  -3    0   0   0   0   0   0   0   0   0   0   0   0   0   0 100   0   0   0   0   0  2.08 0.03
    3 D    -1  -1   0   4  -4   1   4  -2   0  -3  -3   0  -3  -4  -1   0  -1  -3  -3  -3    0   0   0  33   0   0  67   0   0   0   0   0   0   0   0   0   0   0   0   0  0.69 0.01
    4 C    -1  -3  -3  -4   6  -2  -3  -3  -1   0   2  -3   0   1  -3  -2  -1   0   4   0    0   0   0   0  33   0   0   0   0   0  33   0   0   0   0   0   0   0  34   0  0.44 0.01
    5 L     1  -2  -2  -1  -2   0   2  -2  -2   0   3  -1   1  -1  -2  -1  -1  -2  -2   0   25   0   0   0   0   0  23   0   0   0  51   0   0   0   0   0   0   0   0   0  0.17 0.02
    6 N    -1  -1   4   4  -3   0   0  -1   0  -3  -4  -1  -3  -3  -2   2   0  -4  -3  -3    0   0  43  35   0   0   0   0   0   0   0   0   0   0   0  22   0   0   0   0  0.60 0.06
    7 L    -1  -2  -2  -2  -2  -1   1  -3  -2   0   3  -1   4  -1  -2  -1   1  -2  -2   0    0   0   0   0   0   0  19   0   0   0  41   0  28   0   0   0  12   0   0   0  0.26 0.06
    8 M     1  -1   1   0  -2  -1  -1  -2  -2   0   0   1   3  -2  -2   0   2  -3  -2   1   13   0   8   8   0   0   0   0   0   0   0  13  27   0   0   0  19   0   0  12  0.12 0.04
    9 T     0  -2   1  -1  -1  -1  -1  -2  -2   0   0  -1   0  -2  -2   2   3  -3  -2   1    0   0  10   0   0   0   0   0   0   0  14   0   0   0   0  26  37   0   0  12  0.24 0.05
   10 L    -2  -2  -3  -4  -2  -2  -3  -4   3   2   3  -3   3   2  -3  -2  -2  -2   0   0    0   0   0   0   0   0   0   0  12  10  56   0  13   9   0   0   0   0   0   0  0.37 0.07
   11 L     0  -1  -2  -2  -2  -1  -2  -2  -2   0   2   0   0  -1  -2   0   3  -2   1   1    9   0   0   0   0   0   0   0   0   0  30  11   0   0   0   0  30   0   9  11  0.16 0.06
   12 P     0  -2  -1  -1  -2  -1   1   2  -2  -2  -1  -1  -2  -3   4   2   1  -3  -3  -2    0   0   0   0   0   0  14  18   0   0  11   0   0   0  22  26   9   0   0   0  0.37 0.06
   13 I     1   1  -2   1  -2  -1  -1  -2  -2   1   1  -1   0  -2  -2   0  -1  -3  -2   2   18  10   0  10   0   0   0   0   0   7  14   0   0   0   0   8   0   0   0  33  0.11 0.05
   14 L     1   3  -2  -3  -2  -1  -1   0  -2   1   1   1   2  -2  -2  -1  -1  -3  -2  -1   18  30   0   0   0   0   0   6   0  11  16  11   8   0   0   0   0   0   0   0  0.20 0.08
   15 A     3   1  -1  -2  -2  -1  -1   0  -2  -2  -2  -1  -2  -2  -2   3   2  -3   1  -2   39  11   0   0   0   0   0   4   0   0   0   0   0   0   0  27  13   0   7   0  0.34 0.12
   16 A     1   0  -1   0  -2  -1   0   0  -2  -2  -1  -1  -1   0   1   1   3  -3  -2  -1   18   4   0   4   0   0   5   6   0   0   5   0   0   5   7  12  30   0   0   4  0.20 0.09
   17 L     1  -2   0  -2  -2   0  -2   1  -2   0   1  -2   0   1  -2   0   0  -2  -1   1   17   0   6   0   0   7   0  12   0   3  21   0   0   9   0   8   3   0   0  14  0.09 0.06
   18 A     4   0  -2  -2  -2   0   0   1  -2  -3  -3   0  -2  -3  -2   2  -1  -4  -3  -2   56   4   0   0   0   5   4   7   0   0   0   6   0   0   0  18   0   0   0   0  0.46 0.16
   19 L     1  -2  -2  -3   0  -2  -1  -3   0   0   1  -2   4  -2   2   1   2  -3  -2  -1   12   0   0   0   2   0   2   0   3   4  12   0  23   0   9  15  16   0   0   0  0.29 0.17
   20 P     1  -3  -3  -1  -4  -2   1  -1  -3  -4  -4  -1  -3  -2   6   0   0  -5  -4  -3   13   0   0   3   0   0  10   3   0   0   0   3   0   3  53   4   7   0   0   0  1.10 0.28
   21 G     1  -1  -1  -1  -3  -1  -1   4   0  -3  -2  -2  -2  -2   1   1   1   1  -3  -3   15   2   0   3   0   3   3  33   3   0   3   0   0   2   7   9  14   2   0   0  0.35 0.16
   22 T     1  -1   0   0   0   0   2  -1   0  -1  -2   0  -2  -2   1   0   2  -3  -2   0   11   1   4   5   2   2  20   3   2   2   3   2   0   2   6   6  21   0   0   7  0.17 0.11
   23 A     2   0  -2  -1   0  -1   1  -2  -2   0  -1   0  -1  -1   0   1   1  -3  -1   1   24   5   0   3   2   0  10   0   0   3   5   7   0   3   5   8  12   0   3  10  0.11 0.09
   24 P    -1   3  -2   1  -4   0   1  -3   1  -3  -2  -1  -3  -4   4   1  -1  -4  -3  -2    5  21   0   8   0   4  12   0   3   0   4   0   0   0  26  12   2   0   0   2  0.52 0.20
   25 P    -1   0  -1   1  -4  -1  -1  -1  -3  -2  -2  -1  -3  -4   6   1   0  -5  -4  -1    1   4   2   8   0   1   2   5   0   3   4   2   0   0  44  12   7   0   0   4  0.79 0.26
   26 P    -1  -1   3   1  -4  -1   1   1   0  -4  -4   0  -3  -4   4   1  -1  -4  -3  -2    4   2  19   7   0   2   8  12   2   0   0   4   0   0  25  10   1   0   0   3  0.51 0.21
   27 P     0  -1   0   0  -3   1   2  -1   0  -2  -3   1  -3  -4   4   1   0  -4  -3  -3    6   2   3   4   0   7  16   5   2   3   1  11   0   0  25   9   6   0   0   1  0.43 0.18
   28 P     0   0  -2  -1  -3   1   1  -1   3  -3  -3   3  -3  -4   4   1  -1  -4  -3  -2    7   3   0   3   0   7   7   3   9   0   2  22   0   0  19  12   2   0   0   2  0.43 0.22
   29 Y    -1  -1  -3  -3  -1  -1  -2  -4  -2   0   1  -2  -1   4  -4  -2   0  -1   5   1    4   3   0   1   1   4   2   1   0   5  17   1   0  21   0   1   7   0  22  11  0.45 0.24
   30 R    -3   2   0   5  -5   1   1  -3   1  -5  -5   3  -4  -5   0  -1  -1  -5  -4  -4    0  10   3  37   0   7   8   1   4   0   0  17   0   0   4   3   3   0   0   1  0.77 0.36
   31 V     0  -6  -7  -7  -2  -6  -6  -7  -7   3  -2  -6  -3  -5  -6  -5  -3  -7  -5   7    6   0   0   0   1   0   0   0   0  12   2   0   0   0   0   0   1   0   0  77  1.76 0.68
   32 A     2  -5  -5  -5   0  -4  -5  -2  -5   3   3  -4  -2  -2  -5  -3  -1  -5  -4   3   22   0   0   0   2   0   0   3   0  20  32   0   0   1   0   1   3   0   0  18  0.66 0.36
   33 V    -5  -7  -7  -7  -1  -6  -7  -7  -7   7  -2  -6  -3  -4  -6  -6  -3  -7  -5   5    0   0   0   0   1   0   0   0   0  63   1   0   0   0   0   0   1   0   0  34  1.91 0.70
   34 V     0  -6  -4  -6  -1  -4  -6  -6  -6   5  -2  -6  -3  -4  -6  -3  -4  -6  -5   6    9   0   1   0   1   1   0   0   0  31   2   0   0   0   0   2   0   0   0  54  1.39 0.59
   35 G    -4  -6  -5  -5  -6  -6  -6   8  -6  -7  -7  -6  -7  -7  -6  -4  -6  -6  -7  -7    0   0   0   0   0   0   0  98   0   0   0   0   0   0   0   0   0   0   0   0  2.68 0.90
   36 A     5  -5  -4  -5  -1  -4  -5   4  -5  -5  -3  -4  -5  -6  -5   0  -2  -6  -5  -4   55   0   0   0   1   0   0  31   0   0   3   0   0   0   0   7   2   0   0   0  1.26 0.60
   37 G    -4  -4  -4  -5  -6  -5  -5   7  -6  -7  -7  -5  -6  -6  -6   0  -5  -6  -6  -6    0   1   0   0   0   0   0  89   0   0   0   0   0   0   0   6   0   0   0   0  2.29 0.83
   38 P    -3  -5  -5  -5  -5  -5  -5  -6  -5   3   2  -5   3  -4   6  -4  -2  -6  -5   1    1   0   0   0   0   0   0   0   0  16  18   0   8   0  43   0   2   0   0  10  1.26 0.57
   39 A     5  -5  -3  -5  -4  -4  -4   1  -5  -2  -3  -4  -4  -5  -4   1   0  -6  -5   3   45   0   1   0   0   0   0   9   0   2   1   0   0   0   0   9   6   0   0  25  0.86 0.51
   40 G    -2  -6  -5  -5  -6  -6  -6   7  -6  -7  -7  -5  -6  -7  -6  -4  -5  -6  -7  -7    3   0   0   0   0   0   0  94   0   0   0   0   0   0   0   0   0   0   0   0  2.55 0.94
   41 L    -1  -4  -2  -5   2  -4  -4  -2  -5  -1   4  -4   2  -2  -2   3   0  -5  -4  -2    6   0   2   0   4   0   0   3   0   1  45   0   6   1   2  23   4   0   0   2  0.66 0.45
   42 T     2  -4  -3  -4   0  -3  -4  -3  -1  -1   1  -4   3  -2  -2   2   3  -4  -1   0   21   0   0   0   2   1   0   1   1   3  15   0   8   1   1  14  23   0   2   6  0.44 0.36
   43 L     3  -4  -3  -5   1  -3  -4  -4  -5  -1   3  -4   2  -1  -4  -2   3  -5  -3   0   29   0   1   0   3   1   0   1   0   2  33   0   5   2   0   2  16   0   1   5  0.65 0.44
   44 A     7  -5  -3  -6  -2  -5  -5   0  -6  -5  -6  -5  -5  -6  -5  -1  -2  -6  -6  -5   82   0   1   0   1   0   0   7   0   0   0   0   0   0   0   4   2   0   0   0  1.82 0.86
   45 H     0   1   1  -3   3  -1  -2  -3   3   1   2  -2   0  -1  -3  -1   0  -3   1   0   10   7   7   1   6   3   1   1   8   8  26   1   1   1   0   4   4   0   5   5  0.20 0.19
   46 A     1   0  -2  -2   2  -1   0   0  -1   0   1  -1   0   1  -2   0   0   1   1   0   14   4   1   1   5   1   8   9   1   6  13   3   2   6   1   8   4   2   7   4  0.07 0.10
   47 L    -2  -4  -4  -5  -1  -4  -4  -5  -4   0   6  -4  -1   2  -4  -4  -3  -4  -1  -2    4   1   1   1   1   1   1   1   0   3  71   1   1   8   1   1   1   0   2   1  1.21 0.53
   48 L     1   0   0   0  -1   0   0   0  -1  -1   0   0  -1  -1  -1   1   1   0  -1   0   12   5   3   4   1   4   5   9   1   3  11   7   1   3   3   9   8   2   2   5  0.03 0.02
   49 T     0   1   0   0  -1   1   0   0   0  -1   0   1  -1  -1  -1   0   0   1   0  -1    9  11   5   5   1   8   5   7   2   4   9   7   1   2   3   6   6   2   3   4  0.04 0.02
   50 L     0   0   1   0  -1   0   0   0   1  -1   0   0   0   0   0   0   0  -1   0  -1    6   5   9   5   1   4   7   6   4   4  12   6   2   4   3   7   6   1   5   4  0.02 0.01
   51 P     1   0   0   0   1   0   0   0  -1  -1   0   0   0   0   1   0   0  -1   0   0   16   5   4   4   5   3   4   7   1   3   8   4   3   4   7   7   5   1   3   6  0.04 0.02
   52 G     4   0  -1  -2  -1  -1  -2   1   4  -3  -3   0  -3  -3  -2   0  -1  -1  -2  -1   36   5   2   2   1   2   2  10  10   1   2   5   0   1   2   7   3   1   1   5  0.39 0.26
   53 P    -1   5   1  -1  -2   2  -1  -3   1  -3  -1   4  -1  -3  -2  -2  -2  -4  -2  -3    4  28   5   3   1   9   3   2   3   1   7  23   1   1   1   2   2   0   2   1  0.54 0.33
   54 Q     2   3  -1   0  -4   2   1  -2   2  -4  -3   2  -1  -4  -3  -1  -1  -4   1  -2   19  16   3   4   0  12   7   3   6   0   2  12   2   0   0   3   3   0   5   3  0.34 0.27
   55 P    -4  -3   0  -1  -2  -3  -4   7   0  -4  -6  -3  -1  -6  -2  -2  -5  -6  -6  -6    0   2   4   4   1   1   1  74   3   1   1   2   2   0   2   2   0   0   0   0  1.65 0.72
   56 I    -2   1  -3  -2  -2  -4  -4  -4   4   4   0  -1   0   3  -5  -4  -3   3   0   2    4   7   1   3   1   0   0   1  10  24   8   3   2  12   0   0   1   4   3  17  0.53 0.34
   57 Q    -2   3   0   3  -5   2   1  -3  -2  -5  -5   3  -4  -5   1   2  -1  -5  -5  -3    2  17   3  17   0   8  10   1   1   0   0  15   0   0   7  13   3   0   0   1  0.57 0.38
   58 V    -3  -6   0  -6   2  -5  -6  -6   0   0  -4  -4  -4  -1  -4  -2   2  -2   1   6    1   0   5   0   3   0   0   0   2   4   0   1   0   2   1   3  11   1   4  61  1.25 0.65
   59 T    -1   0  -2   0   1  -1   0  -3   2   2   1  -1   1  -2  -4  -1   2  -4  -2   2    4   6   1   5   3   2   7   1   6  13  17   2   4   1   0   2  13   0   1  13  0.19 0.19
   60 V    -2  -6  -7  -7   1  -2  -6  -5  -7   3   3  -6   2  -4  -6  -6  -5  -6  -5   5    3   0   0   0   2   2   0   1   0  15  31   0   4   0   0   0   0   0   0  41  1.21 0.60
   61 F    -4  -6  -7  -7  -2  -6  -4  -7  -1   4   3  -6  -3   3  -7  -6  -3   0   5   2    1   0   0   0   1   0   1   0   1  23  25   0   0  13   0   0   1   1  19  14  1.06 0.56
   62 E    -6  -5  -2   3  -8  -4   7  -7  -5  -8  -7  -4  -7  -8  -6  -3  -3  -7  -7  -7    0   0   2  14   0   0  79   0   0   0   0   0   0   0   0   2   2   0   0   0  2.26 1.06
   63 R     1   5  -3  -5  -6  -1  -2  -3  -2  -5  -2   4  -1  -3  -5  -1  -2  -1  -1  -5   11  36   1   0   0   3   2   2   1   0   4  28   1   1   0   4   2   1   2   0  0.94 0.54
   64 Y     1   4  -1   2  -1  -1  -1  -2   1  -3  -1   1   0  -4  -4   1  -2  -4   1  -2   15  23   2  12   1   2   2   3   4   1   6   7   2   0   0   9   2   0   6   2  0.33 0.28
   65 S     0   0   0   1  -2   0   1  -1   1  -3  -2   0  -1  -3   3   2   1   2  -4  -2    8   4   4   9   1   4   8   5   3   1   3   5   2   1  17  14   7   3   0   2  0.27 0.24
   66 E     0  -1  -2   4  -5   1   3  -1   1  -3  -3   0  -1   0  -3   0   1   3  -2  -2    8   3   1  23   0   5  19   4   3   1   2   4   1   5   1   6   7   4   1   2  0.38 0.30
   67 L    -2   0  -1  -4  -2  -3  -2  -4  -1   3   1  -3  -1   0   4  -2   1  -4  -2   0    3   5   4   0   1   1   2   1   1  21  11   1   1   5  23   3  10   0   2   7  0.47 0.31
   68 R     1   4  -1   1  -1   0   0   0  -1  -1  -2   0  -2  -2  -1   0  -1  -2   0  -1   11  27   2   8   2   3   5   7   2   4   4   5   1   1   3   6   3   1   3   4  0.23 0.20
   69 P    -1   1   0   2  -4   0  -1   1  -3  -3  -3   1  -2  -2   4   0   0  -4   1  -2    4   8   5  10   0   3   3  11   0   2   2   7   1   1  22   6   5   0   5   3  0.35 0.26
   70 S    -1   0  -1   1  -2   1   2  -1   2  -2  -2  -1  -1  -1   2   0   1   0   0  -1    5   6   3   7   1   7  14   4   6   2   2   3   2   3   9   7  11   1   4   3  0.16 0.16
   71 V    -1   1  -2  -1   1   0   0  -1  -3   2  -1  -1  -1  -1   2   0   0  -1   0   1    2   9   2   3   3   5   5   4   0  16   4   2   1   3  12   6   6   1   4  10  0.14 0.16
   72 G     0   1   0  -2   1  -2  -1   3  -2  -1  -1   0   1   0  -3   0   0  -3   0  -1    6  12   4   0   3   0   4  28   0   4   4   5   4   5   0   5   7   0   4   5  0.17 0.18
   73 G     1   1  -1   0   1   1   0   1  -2  -1  -2   0   2   0  -2   1   0  -3   0  -1   11  10   0   4   4   6   5  10   0   5   1   4  11   3   0  12   5   0   4   4  0.09 0.16
   74 G     1  -1   0   0   1  -2  -1   3   0  -1  -1  -2  -1  -1   1   1   0  -3  -1  -1   10   2   4   5   3   0   4  24   2   4   5   0   2   4   7  15   4   0   3   3  0.17 0.18
   75 I     0  -1  -3  -1  -2  -2   1   0  -1   3   1  -1   1   0  -3  -1  -1   1  -2   1    7   3   0   2   0   0  10   7   2  25  14   3   3   5   0   3   4   2   0   9  0.14 0.17
   76 Q     0  -1   1   0  -1   1  -1   0   0   0   0  -1   0   0  -1   1   0  -1  -1   0    5   2  10   6   1   9   2   6   2   8   7   2   2   5   2  13   6   1   2   8  0.05 0.10
   77 L    -1  -2   0   0   1   0  -1  -3   2   1   2  -1   2   1  -1  -2  -1   0  -2   1    3   1   4   6   4   3   3   1   5   9  26   3   5   7   4   2   2   2   0  10  0.14 0.16
   78 S     2  -1  -1   0  -3   2  -1   1  -1  -3  -2  -1  -3  -1   3   1   1  -4  -3  -2   16   3   2   6   0  12   3  11   1   0   3   2   0   3  15  12  10   0   0   2  0.30 0.27
   79 S     0   2   2   0  -1  -1   0   1   0  -1  -3   0   0  -4   2   1  -1  -4  -3  -1    6  15  11   4   1   0   7  11   2   3   2   3   3   0  11  12   2   0   0   4  0.22 0.21
   80 G     1  -3   1  -1  -1  -1  -2   4   2  -2  -3  -2  -1  -3   0   1   1   0  -2  -2   11   1   8   3   1   2   1  29   5   2   1   1   2   1   4  12  10   1   1   3  0.35 0.27
   81 A     2   1  -2  -3   0  -1  -2   0  -1   1   0  -2   2  -2  -1  -1  -1   4  -1   1   22   8   2   1   2   3   2   6   1   7  11   1   6   1   3   3   2   7   2  10  0.18 0.18
   82 A     0   4  -1   0  -4   0   1  -3   3  -1  -2   2  -2  -2   0  -1   0  -4  -2  -2    7  27   2   4   0   4  10   2   7   4   4  10   1   2   4   3   5   0   1   3  0.31 0.25
   83 V     2  -1  -1  -3   2  -2  -2  -1   0   2   1  -1   1  -1  -2   0   0  -3  -2   1   21   3   3   1   5   1   1   4   2  14  15   3   3   3   1   6   5   0   1   7  0.15 0.17
   84 L    -1   0  -2  -3  -1  -3  -3  -2  -1   1   4  -2   3   2  -2  -1  -3  -3  -1   0    5   5   2   2   1   0   0   3   2   5  41   2  10  11   2   4   0   0   1   5  0.40 0.31
   85 E    -1   2   0   2  -4   2   2  -1   3  -1  -3   1  -3  -4  -2   0   0   0  -3  -2    5  11   4  13   0  10  15   3   7   4   1  10   0   0   2   8   4   1   0   2  0.30 0.25
   86 W     0   1   0  -1  -3   2   1   1   0  -2  -2   1   0   0  -1   0   0   4   0  -2    9   6   3   2   0  11  10  12   3   3   2   8   3   4   2   8   4   6   4   2  0.14 0.16
   87 L     0  -1  -3  -3  -1  -2  -2   0  -3   1   2  -2   1   1   0  -1  -1   3   0   1    9   4   0   0   1   0   2   8   0   8  26   1   4   7   4   3   4   5   2  10  0.18 0.18
   88 G    -1   1   0   1  -1  -1   0   5  -1  -2  -3  -2  -4  -4  -4  -1  -3  -4  -1  -2    3   9   3  10   1   2   6  48   1   2   3   2   0   0   0   3   0   0   3   3  0.65 0.40
   89 L    -1  -2  -2  -4   1  -3  -3  -4  -1   2   3  -2   2   0  -1  -3  -1   1   0   1    5   2   2   0   3   0   1   1   1  12  39   2   6   2   3   1   3   2   3  11  0.38 0.28
   90 G     0  -1  -1   0  -3  -1   2   1  -1   0   0  -1  -2   0  -1  -1  -2   4   2  -1    9   3   3   6   0   2  13  11   2   5  12   4   1   4   3   5   1   6   7   3  0.15 0.16
   91 A     1  -1  -1   4  -6   1   3  -4   0  -4  -3  -1  -5  -6   2  -1  -2  -6  -2  -2   13   3   3  26   0   6  16   1   3   1   3   4   0   0   9   4   2   0   2   3  0.57 0.42
   92 Q     1   1  -1   2   1   1   1  -2   3  -2   0   0  -1  -2  -1   0   0  -4  -2  -1   12   7   3  12   3   5  10   3   7   2   9   6   1   2   2   5   5   0   1   4  0.14 0.16
   93 L    -1  -1  -4  -4   0  -3  -5  -5  -2   3   3  -2   1   1  -2  -2  -2   1   0   3    5   3   1   1   2   1   1   1   1  17  23   3   3   5   3   2   2   2   4  20  0.47 0.30
   94 A     0   1   0  -3   1   0   2  -2  -1  -2   2   0   0  -1  -3   0  -2  -4  -2  -1    8   9   5   1   3   3  14   3   2   2  22   6   3   2   1   8   1   0   1   5  0.18 0.19
   95 A     2   1   1   1   0   1   3  -2   0  -3  -3   1  -3  -1  -1   0  -3   2  -2  -3   18   7   7   6   2   7  17   3   2   1   2   9   1   3   3   7   1   2   1   2  0.28 0.26
   96 A     0   1  -1   0  -2  -2   1   0   4   1   0   0   0   0  -3  -2  -1  -1   1  -1    9   8   2   5   1   1  10   6  10   8  11   6   3   5   1   2   4   1   4   4  0.12 0.13
   97 S     2   0  -1   1   0  -1  -2   3  -1   1  -2  -2  -1  -2  -4   0   1  -4  -3  -1   20   5   2   7   2   3   2  19   2   9   5   2   1   2   1   5   9   0   1   4  0.23 0.20
   98 V     0  -1   0   0   0  -1   1  -2   1   2   0  -2  -1   1  -2  -1   0  -3   0   2    9   3   4   4   2   3  10   3   4  12  10   2   1   5   2   4   5   0   3  14  0.08 0.09
   99 P    -2   0  -4  -3  -2   1   1  -4  -1  -3  -2  -1   0  -3   6  -3  -2  -2  -3  -2    4   6   1   1   1   6   8   2   2   2   5   3   2   1  45   2   3   1   1   3  1.01 0.62
  100 L    -2  -1   1   0  -1   0  -1  -2   0   2   2  -2   5   1  -1  -2  -1  -1  -1   0    3   3   6   6   1   4   3   3   3  10  17   3  14   6   3   2   4   1   1   6  0.22 0.19
  101 R     0   2   0   1  -4   1   1  -2   3  -3  -3   1  -2   0   0   0   0  -1   0  -2    6  13   4   8   0   5   9   2   8   2   2   9   1   4   4   8   6   1   3   3  0.22 0.20
  102 S     1   1   0   0  -2  -1  -1   3   1  -2  -1   1  -3  -2  -1   1   1   1  -1  -3   11   6   5   4   1   2   4  20   3   3   6   8   0   2   3   9   8   2   2   2  0.17 0.17
  103 V     0   2  -1  -1  -2  -1  -1   0  -1   2   0  -3   3   0  -1  -2  -2   1   1   1    9  13   4   3   1   2   4   7   1  12   7   1   9   3   4   2   2   2   4  10  0.16 0.17
  104 R     1   2  -2   0  -4   0  -2   0   1  -1  -1   0   4  -3  -3   0   1  -2   1  -1   13  13   2   7   0   3   2   6   4   3   5   5  11   1   1   5   9   1   4   5  0.20 0.21
  105 S     0   0  -4  -1   0  -1  -2  -3  -4   3   0  -2   2   2  -1  -1  -1   3   1   2    8   6   0   3   2   3   2   2   0  17   8   2   5   8   4   4   4   4   4  12  0.21 0.18
  106 R    -1   1  -2  -1  -1   0  -2  -1   5  -1  -1  -2   1   1  -3  -1   0   4   2   1    5   8   1   4   1   4   2   5  15   4   5   2   3   6   1   4   5   6   7  12  0.31 0.25
  107 T     0  -1   0   2   1  -2   0   0  -1  -2  -2  -1  -2   1  -1   0   0   2   2   0    8   3   4  15   3   1   5   9   1   2   4   3   1   6   2   7   7   3   6   8  0.12 0.14
  108 A     1   1  -2  -1  -2   0   0  -2   1  -1  -1   0  -2  -3   3  -2   0   0   1   0   15   7   2   4   1   4   6   3   3   3   8   6   1   1  18   2   6   1   4   7  0.22 0.21
  109 D    -2  -1   1   5  -2  -1   1  -2   1  -2  -2   0  -2  -3   0   1   0  -2  -2  -3    4   3   8  32   1   3   8   3   3   2   4   5   1   1   5   9   5   1   1   2  0.49 0.36
  110 G    -2  -1   0   0  -1  -2  -1   5  -3  -4  -2   0  -5  -1  -2  -1  -2   0  -5  -2    3   4   4   6   1   2   4  46   1   1   5   5   0   2   2   5   2   1   0   4  0.70 0.45
  111 T     0   2   1   0  -2   0   1   0   1  -1  -2   1  -2   2  -3  -1   0   1   2  -1    6  10   6   6   1   3   9   6   3   4   4   9   1   9   1   5   5   2   7   4  0.10 0.11
  112 Q     0   1   1  -1   1   1   2  -1   0  -1  -1   1   0  -2  -1   0   1   0  -1  -1    7   7   6   3   4   5  15   3   2   4   5   8   2   1   3   7   8   1   2   5  0.10 0.11
  113 L     0  -2  -2  -2  -4  -2  -1  -3   0   2   2  -2   1   3  -2  -1  -1   3  -1   1    8   3   2   3   0   2   4   2   3  12  19   2   3  13   2   4   4   4   1  10  0.24 0.18
  114 L     0   0  -1  -1  -1  -1   0   0   0   1   1   0   0   0  -1   0   0   2   0   0    9   4   2   4   2   2   9   9   2   9  13   5   2   5   2   6   4   3   2   7  0.02 0.04
  115 R    -1   1  -1   0  -1   1   0   0   0   0  -1   0   0   1  -1   1   0  -1   1   0    3  10   3   6   1   5   5   7   2   6   5   6   3   5   3  12   6   1   5   6  0.05 0.08
  116 L    -1  -1   0   0  -3   0   0  -1  -2   2   0  -1   2   2   0  -1   0   1   1  -1    6   3   5   6   0   3   6   6   0  12  10   4   5  10   4   3   6   2   4   3  0.06 0.09
  117 E     0   0  -1   2  -4   0   2  -1   0  -1  -2   0  -3  -2   2   1  -1   1  -1  -2    8   6   3  12   0   4  11   6   3   4   4   6   0   2  12  10   3   2   2   3  0.18 0.17
  118 L     0   0  -1   1  -2   0  -1  -1   1   0   0   0   0   1   2  -1   0   2   0   0    7   5   2  10   1   3   3   6   3   6   9   5   2   5  11   4   5   3   3   8  0.07 0.07
  119 G     0   0   0   0  -2   0  -1   3   2  -3  -2   0  -1   0   1   0   0  -1  -3  -2    6   6   3   6   1   4   3  22   5   1   3   7   2   4   8   8   5   1   0   4  0.21 0.18
  120 A     0   0   0   0   1   0   0   0   0   0  -1   0  -1   0   1   0   1   1   1   0    7   6   3   6   3   5   6   7   2   5   7   5   0   3   6   6   9   2   5   6  0.03 0.03
  121 A     0   0   0   1  -2   0   0  -1   0   0   0   0   0   0   1   0   0  -2  -1   0    8   6   3   7   0   3   7   5   3   7  10   4   2   5   8   5   8   0   2   6  0.04 0.04
  122 L     0   0  -1  -1  -1  -1   0  -1   0   1   1   0   0   1  -1   0   0   0   0   1    8   4   2   4   1   2   5   4   3   9  15   5   2   6   3   6   7   1   3   9  0.02 0.03
  123 A     0   1  -1   0  -3   2   1   0   1  -1  -1  -1   0  -2   1   1   0  -1  -1   0    9   8   3   6   0  11   8   7   4   4   5   2   2   2   6   9   6   1   3   6  0.10 0.12
  124 D    -1   1   1   3  -4   0   1   0   0  -2  -2   0  -1  -4   1   1  -1  -4   1  -2    5   8   7  17   0   4  10   7   2   3   3   5   2   1   7   9   3   0   5   2  0.23 0.20
  125 A     0   1   0  -1  -3  -1   0   0   0  -1  -1   0   2   1   1   0   0   0   2  -1    7   9   4   3   0   1   6   7   2   3   6   5   5   7   6   8   6   1   8   4  0.07 0.09
  126 G     0   0   0  -2  -3   0   0   3  -3   0   0  -1  -1   1   0  -2   0   2   1  -1    7   5   5   2   0   4   5  24   0   6   8   3   1   5   4   2   5   3   6   5  0.16 0.15
  127 A     0   0   1   1  -1   0   0   0   0  -1   0   0   0   0   1   0   0   0   1   0    8   3   7   7   1   3   6   9   2   2   8   5   3   4   6   5   5   1   7   6  0.03 0.04
  128 Q    -1   0   0   1  -3   0   1   2  -1  -1  -2   1  -2  -1   2  -1   0   0   1  -3    5   6   5   7   0   5   8  14   1   4   4   9   1   2   9   3   7   1   6   1  0.13 0.13
  129 L     0   0  -1  -1  -2   0   0   0   0   1   1   0   1   1   0   0   0   1   0   0    6   4   3   4   0   3   5   8   2   8  14   6   4   5   4   5   4   2   4   8  0.01 0.02
  130 I     1  -1  -1   0  -1  -1   0   0  -1   1   1   0   1   1  -1   0  -1  -2  -1   1   11   4   3   4   1   2   5   6   1   8  11   5   5   6   3   6   3   0   2  13  0.04 0.05
  131 D     0   0   2   2  -2   0   1   0   1  -2  -1  -1  -1   0   0   0   0  -1  -1  -2    8   5   9  14   1   3  10   8   4   1   5   4   2   5   4   6   5   1   2   2  0.13 0.12
  132 G    -1  -1   2   2  -4  -1   0   3   2  -3  -1  -1  -2  -3   0   0  -2  -4  -1  -1    4   4  10  10   0   2   6  23   6   1   6   4   1   1   4   7   2   0   2   5  0.27 0.22
  133 D     0   1   0   1  -4   1   2  -1   1  -3  -2   0   0  -1   1   0  -1  -1   1  -1    8   9   3   8   0   6  16   5   3   1   3   4   2   3   6   6   4   1   5   6  0.15 0.16
  134 G     0   0   0   0  -1  -1   0   2   0  -1  -2  -1   0   1   0   0   0  -3   0   1    8   5   4   5   1   2   5  18   2   3   3   3   2   6   4   8   6   0   4  10  0.08 0.10
  135 A     0   0   1  -1  -2   1  -1   2  -2   2  -1  -2   0   0   1   0   1  -2   0  -1    7   5   6   2   1   6   3  16   1  12   5   2   3   4   7   6   8   1   3   4  0.11 0.13
  136 F    -3   0   1  -2   1  -2  -1  -3   2  -1   0  -3   1   2  -1  -1  -3   6   5   0    2   5   6   2   3   2   4   2   4   4   9   2   3   8   3   5   1  11  19   6  0.49 0.33
  137 A     1  -2   0  -2   0  -1   0  -1   1   0  -2  -3   0   0   1   2   1  -4   0   1   12   2   5   2   2   3   6   4   3   6   3   1   3   4   7  15   9   0   3  11  0.14 0.18
  138 I    -2  -2  -5  -1   3  -4  -5  -5  -3   3   1  -3   0   0   0  -2  -1   0  -1   4    4   2   0   4   5   1   1   1   1  18  14   1   2   3   4   3   3   2   2  28  0.56 0.35
  139 M     0   1   0   2  -4   0   1  -2   3  -1   0   0   1  -2  -1   0  -1  -2   0  -1    7   8   3  11   0   3   9   2   9   4  10   6   3   1   3   9   4   1   2   4  0.13 0.14
  140 R    -2   7  -1  -2  -2   0  -3  -4   2  -2  -1   0  -1   0  -1  -4  -4  -6  -4  -4    3  53   3   3   1   3   2   2   4   2   6   4   2   4   3   1   1   0   1   1  1.15 0.66
  141 D     1   0   1   2  -2   2   2   1   0  -3  -4   1  -4  -4   0   1  -2   0  -2  -3   10   4   7  10   1   8  11  13   2   1   1   8   0   0   5  10   2   1   2   2  0.26 0.24
  142 A     0   2   0   2  -3   1   1  -2   1  -1  -1   1  -2  -3  -3  -1   1  -3  -3   0   10  10   4  12   0   7  11   2   4   4   5   8   0   1   1   3   9   0   0   7  0.19 0.19
  143 L    -1  -5  -5  -3  -3  -5  -3  -5  -2   0   4  -5  -1   6  -2  -2  -1  -4  -1   0    5   1   0   2   1   0   2   1   1   5  37   1   1  27   2   3   4   0   2   6  0.88 0.49
  144 Q    -1   0   3   2  -3   1   0  -2   0   1   1  -2  -3  -4  -4  -2   1  -2  -4   1    4   5  14  13   1   6   6   3   2   7  14   2   0   0   1   2   8   1   0  12  0.23 0.22
  145 E     0   2   1   0  -4   2   3  -2   1  -4  -2   1  -1  -4   0  -1  -2  -2   0  -3    9  13   7   6   0   9  17   3   3   1   4  10   2   0   5   5   2   1   3   2  0.29 0.25
  146 L     2   0  -3  -2   0   0   0  -2  -2   2   1  -1   0  -1  -1  -1  -1   3   0   0   19   4   1   2   2   5   6   2   1  12  11   4   3   3   4   5   3   4   3   6  0.14 0.15
  147 L    -1  -2  -1  -4  -4  -2  -3  -2  -2  -1   5  -3   4   0  -3  -3  -2   0  -4   0    5   2   3   1   0   2   2   4   1   3  49   1  10   3   1   2   2   1   0   5  0.74 0.44
  148 F     0   1  -3  -2  -2  -1   0   0  -1   0   2  -3   1   0  -2  -2  -1   1   3   2    8   7   1   2   1   2   7   7   1   6  20   1   3   3   2   1   3   2   9  13  0.17 0.17
  149 A     1   2   1   3  -3   1   2  -1  -3  -4  -3   1  -4  -5  -2   0   1  -3  -4  -2   12  10   7  14   1   6  12   5   0   1   2   8   0   0   2   6   8   0   0   4  0.30 0.26
  150 P     2   1   0  -3  -4   0   0   1   5  -3   0  -1   0  -3   0   0  -2  -4  -2  -2   18   8   4   0   0   5   7  10  12   1   9   4   2   1   5   7   2   0   1   3  0.27 0.25
  151 L     3  -4  -2  -4  -1  -2  -3  -4  -3   1   3  -3  -1   0  -3  -1  -3  -1   3   0   24   1   2   1   1   2   1   1   1   6  28   2   1   4   2   4   1   1  11   6  0.48 0.34
  152 P     1   0  -3   0  -4   0   2  -2  -3  -2  -3  -1  -4  -3   5  -1  -1  -5  -4  -1   10   5   1   5   0   5  13   3   1   3   3   4   0   1  32   4   5   0   0   5  0.62 0.42
  153 V     0   1   2   0  -3   0   2   0   3  -2  -1   0  -1  -2  -1   0  -1  -4  -1   0    6   6  11   5   0   4  15   7   7   2   6   5   1   1   3   7   3   0   2   8  0.17 0.16
  154 G     1   0   0  -1  -1  -1   0   1   0   0   0   0   0  -2  -1   0   0   1  -2   1   12   4   3   4   1   1   7  10   3   5   9   4   2   1   3   7   7   2   1  14  0.05 0.08
  155 T     0   4   0   0  -2   0   0   2  -1  -1  -2   1  -2  -3  -2   0   0  -1  -2  -2    7  22   4   4   1   4   5  16   2   3   3   7   1   1   2   5   7   1   1   3  0.28 0.23
  156 V     2  -3  -1  -4  -2  -4  -3  -4  -1   2   0   0   0   1  -2  -3  -1  -4  -1   4   17   1   3   1   1   0   1   1   1   9  10   7   2   5   2   2   4   0   2  31  0.46 0.32
  157 Q    -2   2   0   1  -4   1   2  -4   4   0  -1   0  -1   0  -2  -2  -1   0   0  -1    3  10   4   8   0   6  14   1  11   6   6   6   1   4   2   3   4   1   3   5  0.24 0.21
  158 F    -2  -1  -2  -5   1  -3  -2  -5  -4   1   0  -3   0   5   0  -2   0   4   2   1    4   4   2   0   3   1   3   1   0   8   8   2   2  26   5   3   6   5   8  11  0.51 0.33
  159 N    -2   2   3   1  -4   0  -1   2   3  -1  -2   0  -3  -1  -1  -1  -2  -4   1  -2    2  12  14   9   0   5   4  15   6   4   4   4   0   3   3   5   2   0   5   3  0.27 0.23
  160 K     0   2  -1  -2  -2   0   0  -1   4  -2   0   2   1   0   0   0   0  -1  -2  -1    8  10   3   2   1   3   7   4  10   2   8  12   3   4   4   7   7   1   1   3  0.14 0.15
  161 E    -1   2   0  -1  -4   0   1   0   1  -3   0   2   0  -2  -2   0   0   2  -1  -1    6  13   4   3   0   3  10   8   3   1   8  15   3   1   2   5   6   3   2   4  0.17 0.17
  162 L     0  -2  -2  -3   1  -2  -3  -3  -1   0   4  -1   2   1  -3  -4  -2  -4   0   2    9   3   2   2   3   2   2   2   2   5  35   4   6   5   1   1   2   0   3  13  0.40 0.28
  163 V     0  -1   0  -1  -3   1   0  -2   0   0   1  -1   1   0  -1   0   1   0  -1   2    7   3   4   3   0   6   6   3   3   6  13   3   3   5   3   5   8   1   1  16  0.06 0.09
  164 E     0   0   0   1   1   1   1   0  -1  -2  -1   0   1  -3  -2   1   0  -2  -1  -1   10   6   3   9   3   6   8   9   1   2   7   5   3   0   2  13   6   1   2   3  0.10 0.12
  165 A     1   0  -2  -2   1   0   0   0  -2   1   1   0  -1   0  -2  -1  -1   0   1   1   15   5   1   2   3   4   6   6   1   9  17   4   1   3   2   5   3   1   4   9  0.07 0.10
  166 Q     1   0   0   2   0   0   3  -3   0  -2   0   0   0  -2  -3   0  -2   2  -1  -1   11   6   4  12   2   3  18   2   2   2   9   5   2   1   1   7   1   3   2   5  0.17 0.19
  167 E     0   2  -2   0  -4   2   3  -2   2  -1  -1   0   1   1   0  -1  -2  -1  -2   0    7  10   1   6   0   8  19   3   5   4   7   4   3   6   5   3   2   1   1   6  0.17 0.19
  168 L     0   0   0   2  -1   0   1  -1   0  -1   0   1  -1   0   0  -1   0   0   0  -1    8   5   3  13   2   3  12   6   2   3  10   9   1   5   4   3   4   1   3   3  0.08 0.10
  169 P     1  -1   0   1  -2   0   1  -1   2  -1  -1  -1  -1   0   2   0   1  -3  -2  -1   14   3   5   8   1   4   8   4   5   3   8   2   1   4   9   6   8   0   1   5  0.09 0.11
  170 G     1   0   1   2  -1  -1   1   3  -1  -3  -2   0  -2  -2  -1  -1  -1  -4  -2  -1   10   6   6  12   1   2   8  21   1   1   4   7   1   1   3   4   4   0   1   6  0.19 0.17
  171 T     0   0   0   0   0   0   0  -1   0   0  -1   0   0  -1   0   0   1   1   0   0    9   4   4   7   2   3   7   5   3   9   5   7   2   2   5   5   8   2   4   7  0.02 0.03
  172 R     1   2   0   1   0   0   0  -1  -3   0  -1   0   0  -3   0   0  -1   1  -1   1   11  11   4   7   2   4   6   5   0   7   4   4   3   0   5   7   3   2   2  11  0.07 0.12
  173 A     0   0  -1  -1   1   0   1  -1  -2  -1  -1   0   0   1  -1   0   1   2   1   0    7   6   3   3   3   4   9   3   0   3   6   4   3   5   2   8  12   4   5   8  0.07 0.11
  174 G    -1  -1  -1  -1  -2  -2   0   3   1   0   0  -1  -1   2  -1  -2  -1  -1  -1   2    5   3   4   3   1   1   6  20   4   5   7   4   2   8   3   3   4   1   2  14  0.18 0.13
  175 V     0   0  -3  -1   1  -1   0  -2   3   1   0   1   0   0  -1  -1   0  -1   1   1    6   5   1   3   4   2   7   4   7   8   8   9   2   4   3   4   5   1   4  12  0.09 0.08
  176 S    -2   2   0   1  -1  -1   1   0  -2  -2  -3   0  -2  -1  -1   0   3   1  -1  -3    4  12   5   8   1   3   9   8   1   2   3   6   1   3   3   7  19   2   3   2  0.25 0.22
  177 V     0   1   0  -1  -1  -2  -1  -1   0   1   0  -2  -2  -1   0   0   0   1  -2   3    8   7   5   3   1   2   4   5   2   9   7   3   1   3   6   6   5   2   1  20  0.13 0.11
  178 T     1   1  -2   0  -2  -1   0  -2   2   0  -2   1  -2  -3  -1   1   3  -5  -1   0   11   9   2   5   1   3   6   3   5   6   4   7   1   1   3  10  15   0   3   7  0.17 0.16
  179 R    -1   2  -1   1  -1   0   0   0   1  -2   0   1  -1  -2  -1   0   0   1   0  -1    5  14   3   7   1   4   5   8   4   2   8   8   2   2   4   8   6   2   3   5  0.09 0.10
  180 G     0  -1   0  -1   1  -2  -2   2  -1   0  -1  -1   0  -2   0  -2   0  -1   0   3    7   3   5   4   3   2   3  17   1   5   7   3   2   2   4   3   5   1   3  20  0.19 0.15
  181 Q    -1   1  -1   3  -2   1   3  -3   1  -3  -1   0  -2  -1  -2   0   0   0  -2   1    5   6   2  14   1   5  18   3   3   2   7   6   1   3   2   6   5   1   1   9  0.24 0.20
  182 S     1   0   0   1   0   1   1  -1   0  -1  -1   1  -2  -1  -1   1   0  -1  -2  -1   10   6   4   7   2   6   8   4   3   3   5   9   1   3   3  12   7   1   2   5  0.08 0.09
  183 L    -2  -1   0  -1   1  -2  -2   0  -1   3   1  -2   0   2  -1   0   0  -1   1   1    3   3   4   4   3   2   2   7   2  16  13   2   2   7   4   7   5   1   4  10  0.14 0.10
  184 G     0   0  -1   2  -2  -1   2   0  -2   0  -2   0  -1  -3   0   0   0   1  -4   0    7   6   2  13   1   3  13   6   1   6   5   5   1   1   5   6   7   2   0   8  0.13 0.13
  185 D    -1   1   1   4  -5   2   1   0  -1  -2  -3   0  -5  -4   0   0  -2  -1  -3  -2    4   7   6  22   0   8  10   7   1   2   3   6   0   1   5   8   3   1   1   4  0.36 0.27
  186 D    -2   0  -1   4  -5   0   2   0   1  -3  -3   1  -5  -1  -1   1  -1   0  -2  -2    3   5   3  21   0   4  14   8   3   2   2   7   0   3   3  11   5   1   2   3  0.36 0.27
  187 G     1  -2   0   2  -1  -1   0   4  -1  -3  -2  -2  -2  -2  -1   1  -1   1   0  -2    9   2   5   9   1   2   6  25   1   2   4   3   1   2   3  11   4   2   3   3  0.29 0.22
  188 G    -1  -1   2   3  -2  -1   1   2   0  -2  -4   1  -4  -3  -1   0   0  -5  -2   0    5   4  10  15   1   3   9  16   2   2   1   7   0   1   3   7   5   0   2   6  0.28 0.21
  189 E     0   1   0   0  -2   0   0   0   0  -2  -2   2   0  -4   0   0   1   2  -2   0    7   6   4   5   1   4   7   7   3   2   5  13   2   1   5   7   9   3   2   8  0.12 0.12
  190 M     0  -2  -4  -4  -1  -3   0  -2  -2   0  -2  -2   0  -2   0  -1  -1   3  -2   5    7   3   1   1   2   2   6   4   1   6   4   3   2   2   5   5   3   4   2  38  0.61 0.34
  191 I    -1   1  -2  -1  -3   1   0   0   1  -1  -2   0  -2  -1  -1   1   3  -4  -2   0    5   9   2   3   0   7   7   8   3   4   5   6   1   3   3  10  17   0   1   7  0.15 0.15
  192 L     1  -2  -1  -2  -1  -2  -1  -1  -3   2   1  -2   0  -1  -1  -2   0   0  -2   4   10   2   3   2   1   1   4   4   0  11  12   2   2   2   3   3   6   1   1  27  0.25 0.18
  193 R     0   1   0  -1  -3   0   1  -2   3   0  -1   0  -2  -1  -2   0   2   1   0   0    6   8   4   3   0   4  11   3   7   7   5   5   0   2   2   5  14   2   4   8  0.11 0.12
  194 F    -1  -3  -1  -1   0  -2  -1  -1  -1  -1   1  -3   1   5  -2  -1   2   0   0  -1    5   1   3   4   2   2   5   4   2   2  14   1   4  23   2   5  12   1   2   3  0.30 0.21
  195 A     1   0  -1   0  -3   1   3   1   0  -3  -2   1  -2  -2  -2   0   1  -3  -3  -1   12   5   2   5   0   5  18  13   2   1   4   7   1   2   2   6   8   0   1   6  0.19 0.16
  196 D    -2   0   2   6  -4  -2   1   0   1  -4  -2  -2  -4  -4  -1  -1  -1  -4  -4  -4    3   4  11  39   0   2   9   7   3   1   4   3   0   1   3   4   4   0   1   1  0.77 0.41
  197 G    -1  -2  -1  -1  -2  -3   0   6  -1  -2  -4   0  -4  -4  -2  -1  -2  -4  -4  -4    4   2   2   3   1   1   6  55   1   2   2   7   0   1   2   4   3   0   1   2  0.98 0.46
  198 S     0   0   0   0  -3   2   1  -1   2  -2  -2   1   0  -2  -1   1   2  -3  -1  -1    6   5   4   4   0   9   9   4   5   2   4   8   3   2   3  13  12   0   2   5  0.14 0.14
  199 E    -2   0  -2   0  -2   0   3  -2   1   0  -3   0  -1  -2  -3   0   3  -4  -4   0    3   6   1   5   1   3  22   3   3   5   2   5   1   2   1   7  21   0   0   7  0.37 0.29
  200 H     0  -2  -4  -4  -4  -3  -1  -3  -1   3   1  -3   0   2  -4  -2  -1   0   4   2    7   2   0   1   0   1   5   2   2  17  15   2   2   9   1   3   3   1  14  14  0.40 0.25
  201 R    -2   3  -2  -2  -5   2   2  -4   4  -4  -3   3  -4  -3  -2   0   2  -2  -2  -3    3  17   2   2   0   7  15   1   8   1   3  16   0   1   2   6  11   1   1   2  0.51 0.36
  202 A     5  -6  -5  -6   3  -5  -5   2  -5  -5  -5  -5  -5   2  -4  -1   0   1   0  -2   48   0   0   0   5   0   0  16   0   0   1   0   0   9   1   4   6   2   4   3  1.04 0.60
  203 D    -3   2  -1   6  -3  -1  -2  -3   1  -5  -5   3  -6  -7   0  -1  -4  -7  -6  -4    3  10   2  44   1   2   2   2   3   1   1  18   0   0   4   5   1   0   0   1  1.09 0.61
  204 L    -2  -6  -6  -6   1  -4  -6  -6  -3   2   4  -6   2   2  -3  -5  -3   2   5   2    4   0   0   0   3   1   0   0   1  11  33   0   4   7   2   1   2   3  16  12  0.83 0.46
  205 L    -4  -7  -7  -7  -3  -6  -3  -7  -7   3   3  -6   2  -3  -7  -6   1  -7  -6   5    1   0   0   0   1   0   2   0   0  14  30   0   5   1   0   0  10   0   0  35  1.17 0.62
  206 V    -2  -7  -7  -8  -3  -7  -7  -8  -8   6  -2  -7  -4   0  -7  -7  -6  -7  -6   6    4   0   0   0   1   0   0   0   0  43   4   0   0   3   0   0   0   0   0  43  1.83 0.83
  207 G     3  -7  -6  -2  -2  -7  -7   6  -7  -4  -2  -6  -6   0  -7  -4  -6  -2  -7   0   21   0   0   3   1   0   0  58   0   1   4   0   0   3   0   1   0   1   0   7  1.46 0.76
  208 A     6  -1  -7  -8   7  -7  -7  -6  -7  -7  -4  -7  -7  -3  -5  -1  -2  -8  -7  -6   62   4   0   0  23   0   0   0   0   0   2   0   0   1   1   4   3   0   0   0  1.99 0.98
  209 D    -3  -6  -1   8  -8  -3   0  -5  -6  -7  -8  -6  -7  -8  -6  -4  -1  -8  -7  -7    3   0   3  81   0   1   5   1   0   0   0   0   0   0   0   1   4   0   0   0  2.46 1.06
  210 G    -3  -7  -6  -7  -7  -7  -7   8  -7  -8  -8  -7  -7  -8  -7  -6  -7  -7  -8  -8    2   0   0   0   0   0   0  95   0   0   0   0   0   0   0   0   0   0   0   0  2.88 1.17
  211 I     3  -1  -2  -5   3  -4  -5   0   0   2  -1  -2  -3  -1  -1  -1  -3  -2  -3   3   26   3   2   0   6   0   0   8   2  12   5   3   0   3   4   3   1   0   1  20  0.41 0.31
  212 G    -2   3   3  -4  -6  -3   1  -1   6  -4  -5  -1   1   2  -4  -4  -2   2   2  -4    3  18  16   0   0   1   8   6  20   1   0   3   3   8   1   0   2   3   6   1  0.82 0.49
  213 S    -3  -6  -5  -6  -6  -2  -6   0  -6  -5  -7  -6  -7  -7  -6   7  -1  -8  -7  -3    2   0   0   0   0   2   0   8   0   1   0   0   0   0   0  81   3   0   0   2  2.12 1.06
  214 T     2   3   1  -4  -4   0  -3  -3   1   0  -2   2   0  -2  -1  -1   2   0  -1   0   15  14   6   0   0   3   0   2   3   5   2  14   2   2   4   3  14   1   2   7  0.28 0.25
  215 V    -2  -4  -6  -6  -2  -5  -6  -5  -6   2   2  -5   0   0  -6  -1   1  -6  -4   5    3   1   0   0   1   0   0   1   0  11  20   0   2   5   0   6   8   0   0  41  0.89 0.48
  216 K     0   8  -5  -3  -7  -4  -4  -1  -5  -6  -5   0  -3  -3  -6  -3  -3  -6  -6  -3    9  67   0   2   0   0   1   4   0   0   1   6   1   1   0   2   2   0   0   2  1.75 0.82
  217 S     0   3   1   0  -4   1   1  -3   0  -4  -3   3  -1  -3  -2   1   0  -4   1  -4    8  17   5   4   0   6   9   2   2   1   3  18   2   1   1  10   6   0   4   0  0.35 0.27
  218 Q     1   1  -1  -2  -2   3   2  -3   3  -2  -1   1  -2  -1  -4   1  -1   0   0  -3   11   8   3   2   1  17  12   1   6   2   7   8   1   2   0   9   3   1   3   1  0.28 0.25
  219 C    -1  -4  -3  -3  -1  -2  -4  -3  -3   2   3  -3   5  -1  -3  -2  -1  -2  -1   2    5   0   1   1   1   2   1   2   1  11  32   2  16   2   1   4   3   1   2  12  0.58 0.33
  220 F    -1  -3  -1  -2   0   1  -3   0   0   1   1  -2   2   3  -1  -2  -1   4   1   0    5   1   3   2   2   7   1   8   2   8  17   1   6  12   3   3   3   6   5   7  0.19 0.16
  221 P     0   2   1   0  -4  -1   0   2  -2  -1  -2   2   0  -2   2  -1  -2  -4  -3  -1    9  11   7   6   0   2   4  16   1   4   3  12   2   2  11   5   1   0   0   3  0.21 0.17
  222 K     0   0   1   1  -3   1   0   1   1  -1  -1   2  -1   0   1  -1   0  -3   0  -2    8   3   9   7   0   6   6  13   3   3   5  12   1   4   6   3   6   0   3   1  0.12 0.12
  223 E     0  -1   0   0  -3   0   1  -1   1   0  -1   0   1  -1   1   1   0  -3   0   0    9   2   3   4   0   4  12   5   4   6   4   5   4   3   8   9   6   0   3   8  0.08 0.10
  224 T     0   3   0   1  -2   0   0  -1  -1  -1  -1   1  -1   0  -1   0   0  -3  -1   0    8  17   4   8   1   3   7   4   1   4   7   7   1   5   2   4   7   0   1   7  0.10 0.11
  225 P     0   0  -3  -1  -4   0   0   0   0  -2  -1  -1   1   2   4  -1  -1   2  -1  -1    6   6   1   4   0   3   6   7   2   2   6   4   3  10  23   3   4   3   2   4  0.32 0.25
  226 K    -2   3   3   2  -5   0   1  -2  -1  -3  -2   1  -4  -3  -1   0   0  -2  -1   0    2  16  15  11   0   4  11   3   1   1   4   8   0   1   3   5   5   1   2   7  0.30 0.25
  227 Y     0  -1  -2  -2  -4   0  -1  -2   3  -1  -2  -1  -1   1   0  -1   0   2   5   1    7   3   1   2   0   4   4   3   6   4   4   4   1   6   5   4   6   3  20  12  0.29 0.24
  228 S     1  -3  -2  -2  -1   0  -1   1  -3  -1  -1  -1  -2  -2   0   3   2  -1  -1  -2   11   1   1   2   1   4   4  12   0   4   5   3   1   1   5  27  11   1   2   3  0.29 0.28
  229 G     0  -3  -1  -1   0   3  -1   4   1  -4  -3  -1  -4  -2   0   0   0  -2  -2  -2    9   1   3   4   2  14   3  30   4   1   3   3   0   2   6   5   6   1   1   3  0.42 0.32
  230 I    -2  -1  -2  -2  -4   0   0  -4   2   1   1  -1   1   0  -1   0  -1   4   4   0    3   3   1   2   0   4   6   1   5   7  11   4   4   3   4   8   4   6  18   7  0.28 0.23
  231 K     1  -1   0  -1   2   0  -1   0   1  -1  -2   1  -1  -2  -2   0   1   0   2   0   11   3   5   4   4   4   4   7   3   2   2  10   1   1   2   8  11   1   9   8  0.11 0.14
  232 V    -1   0   0   0   2   0   0  -1   2   0  -1   0   2   1   0  -1   0   3   1  -1    5   5   5   5   5   5   5   5   5   5   5   5   5   5   5   5   5   5   5   5  0.08 0.08
  233 V    -1  -2  -1  -1   0  -2   0  -2  -1   0   0  -2   0   2  -2  -3   0   6   4   0    4   3   3   4   2   2   7   3   1   5  11   2   2   9   2   2   6  10  13   7  0.35 0.26
  234 F    -1   3  -2  -5  -1  -2  -2  -3   3   1  -2  -2   1   2  -3  -1   2   4   2   0    6  14   2   0   1   2   3   2   7   7   4   2   4   8   1   5  11   6   7   7  0.32 0.26
  235 C    -1   0  -2  -3   4  -2  -2   3   0   1  -1  -1   1  -3   0  -2  -1   1  -3   1    4   5   2   1  10   2   3  22   3   7   7   4   4   1   5   3   4   2   1  11  0.29 0.23
  236 V     1  -3  -3  -4  -2  -2  -1  -1  -5   3   1  -2   1  -1   0  -2  -1   3   1   3   10   1   1   1   1   2   4   5   0  17  11   3   3   2   4   3   4   4   6  19  0.32 0.25
  237 A     1  -2  -2   1   1   0  -1  -1  -2  -1   0   0   1   2   2  -1  -1  -2  -1   1   13   2   2   8   3   3   5   4   1   3   8   5   3  10   9   4   4   1   1  10  0.11 0.13
  238 G    -1  -1   0   2  -1  -1   2   1  -1  -1  -3  -1  -4   1   2  -1  -1  -5   2   0    4   3   5  12   2   3  13  11   1   4   2   4   0   7  10   4   3   0   6   7  0.18 0.19
  239 R    -1   2  -3   1  -2  -1   2  -3   0   1   1   0   1   1  -1  -2  -1  -1   0   0    4  10   1   7   1   2  13   2   2   8  16   5   4   7   4   2   5   1   3   5  0.15 0.16
  240 R     1   1   1   1  -3   1   0   0   0  -1  -1   0   1  -3   0   0   0  -2   0  -1   11   7   8   6   0   7   6   6   3   4   6   6   3   0   4   8   6   1   3   4  0.07 0.10
  241 V    -1  -1   0   1  -1  -2  -1  -1   0   2   1  -1   1   0   0  -1  -1  -1  -2   2    6   4   5   8   1   1   4   4   3  13  12   5   3   4   5   4   4   1   1  14  0.08 0.09
  242 R     0   1   2   1   0  -1   0   0  -2   0  -1   0  -2  -3   3   0   0  -5  -1  -2    7   9   9   7   2   3   6   9   1   6   6   5   1   1  14   5   5   0   3   3  0.16 0.16
  243 A     2  -4  -3  -1  -2  -2   1  -1   1  -1  -1  -1  -2   1   3  -2  -1   1  -1   0   20   1   1   4   1   1   8   5   4   4   6   3   1   6  16   3   5   2   2   7  0.27 0.25
  244 A     0   0   0   2  -2   0  -1   0  -1  -1   0   0   1   1   2  -1  -1  -1   0  -1    8   5   4  13   1   5   4   6   1   2   8   5   3   6  10   4   4   1   4   5  0.09 0.11
  245 A    -1  -1  -1   0  -3  -1   1   0  -1   1   0  -2   1   2   2  -1  -2  -2   1  -1    5   3   3   5   1   2  11   9   1  10   8   2   3  10  10   5   2   0   5   4  0.12 0.14
  246 D    -1   0   2   4  -6  -1   3  -3   0  -4  -2  -1   0  -4   1  -1  -2  -6  -3  -2    6   6   9  26   0   3  16   2   2   1   5   4   2   1   6   5   3   0   1   4  0.49 0.38
  247 A     1  -1   1   0   0  -1   0   1   0  -1  -1   0   1  -2   3  -1   0  -1  -2  -2   15   4   6   5   2   2   5  10   2   4   7   5   3   2  13   4   6   1   1   3  0.13 0.14
  248 T    -1   1   3   2  -1  -1   0  -3   3  -2   0  -1   0  -2   2   0   0  -1  -3   0    6   7  13  10   2   3   6   2   7   2   9   2   2   1   9   6   6   1   1   7  0.18 0.18
  249 S     1  -1  -1   0   0  -2  -1   1   1  -1  -1  -1  -2   0   0   1   1   4   1  -2   11   4   2   6   2   2   5  10   3   5   5   3   1   3   4  12  10   5   6   3  0.12 0.14
  250 F    -1  -2  -1  -4   1  -1  -1  -3   0   2   1  -2   3   3  -2  -2  -1   5   1   0    5   2   3   0   3   2   4   2   2  12  14   3   8  11   3   3   3   7   5   6  0.31 0.22
  251 H    -2   1   0  -1  -1   1   1  -1   6  -2  -1  -3   0   0  -1  -2  -1  -5   1   0    4   8   4   4   1   5   8   5  20   2   6   1   3   4   3   3   4   0   5   6  0.37 0.28
  252 Q    -1   0  -1  -2  -1   0   0  -1   0   2   0   0   0   0   1  -1   0   1   0   1    4   6   2   2   1   5   8   4   2  12   9   5   2   5   7   4   7   2   2  10  0.06 0.07
  253 W    -2  -4  -1  -2  -2  -2  -2  -1   5   1  -1  -3  -2   3  -1  -2  -4   7   1   0    4   1   3   2   1   2   2   5  11   9   6   2   1  13   4   4   1  16   5   7  0.67 0.39
  254 L    -1  -2  -3  -1   1  -2  -4  -5   3   2   2  -3   0  -1   3  -1  -1   1   1   1    4   3   1   3   3   2   1   1   6  11  22   1   2   2  14   6   4   2   4   9  0.35 0.26
  255 G    -2   1   0   1   1  -2  -4   4  -1  -4  -4  -2  -1  -3   0   0  -3   5   0  -1    4   8   4   9   3   2   1  32   2   1   2   2   1   1   5   6   2   7   3   5  0.55 0.39
  256 D    -1   0   1   2  -2  -1   2  -1   3  -5  -2   1  -4  -3   3   0  -1  -5  -4  -1    5   6   8  11   1   2  11   4   6   0   5   7   0   1  16   8   3   0   0   4  0.32 0.27
  257 G    -2   0   1   2  -3  -1   1   4   1  -3  -3   0  -3  -4   1  -1  -1  -5  -2  -3    2   6   5  12   1   3   9  27   4   2   3   6   1   1   6   5   4   0   2   3  0.39 0.29
  258 A     0   0   1   1  -4   1  -1   2   2  -3  -2   0   0  -1   2   0   0  -4  -1  -2    8   5   6   7   0   5   3  17   5   2   4   5   2   3  12   6   5   0   2   3  0.20 0.18
  259 Y    -1   2  -1   0  -3  -1  -1  -1   3   0  -2  -2   2   2   1  -2   0  -1   3   0    4  12   3   4   1   3   3   5   7   5   3   2   5   7   6   3   6   1  11   8  0.23 0.20
  260 C     0  -1  -3  -2   4  -3  -2   1  -4   0   0  -4   2   4  -3  -2  -2   1   1   2    9   4   1   3   9   1   3   9   0   5   9   1   5  16   1   3   2   2   5  12  0.34 0.23
  261 L    -3  -2  -4  -3  -3  -5  -4  -1   2   2   1  -5   5   2   1  -4  -4   2   2   2    2   2   1   2   1   0   1   6   5   9  13   1  16   7   7   1   1   3   7  14  0.55 0.35
  262 S     0  -2  -4  -2   0  -2  -3   0   0   2   1  -1   2   2  -2   1   0   4   1  -1    7   2   0   2   2   2   1   9   2  10  12   3   6   7   3  10   7   7   5   3  0.20 0.18
  263 A     0  -1  -2  -1  -2  -3  -1   0  -2   3   0  -3   0   3  -1   0   0   2   1   2    9   4   2   3   1   1   3   6   1  15   7   1   2  11   3   6   5   3   4  13  0.19 0.15
  264 S     1  -1  -1  -1  -1   0  -1  -1   1   0   0  -1   0   0   0   0   0   1   1   1   16   4   2   4   1   5   3   5   5   6   8   3   2   5   4   7   6   2   4  10  0.05 0.07
  265 Y    -1  -2  -2  -2  -2  -2  -3  -1   0   2   2  -4   0   3   0  -1  -3   0   4   0    4   2   2   2   1   2   2   5   2  11  20   1   2  11   4   6   1   1  15   7  0.37 0.25
  266 G     1  -5  -2  -3  -5   0  -1   1   0  -2  -2  -3  -5  -5   6   0  -1   2  -3  -3   10   1   2   2   0   4   4  11   3   3   5   2   0   0  37   8   4   2   1   2  0.78 0.52
  267 T    -1  -1   2  -2   0  -2  -1   0   1   1   0   0  -1  -2   2   1   0  -4  -3   0    4   3  12   2   2   1   3   6   3   8  10   7   1   2  12  10   5   0   0   8  0.15 0.16
  268 L     1   0  -1   0   0  -1   0  -1  -1   0   1  -1   1   1   0   0   0  -3  -1  -1   11   7   3   5   2   2   6   5   1   6  17   3   4   5   4   8   5   0   1   4  0.04 0.07
  269 D    -2  -1   2   5  -3  -1   1   1   3  -2  -3  -2  -5  -1   1   0  -2  -6  -2  -1    4   3   8  27   1   2   7   9   7   2   3   2   0   3   7   6   2   0   1   5  0.46 0.34
  270 G     0   2   1   1  -5  -2  -2   4   2  -5  -2   1  -2  -3  -2  -2  -2   1  -2  -3    6  13   7   7   0   2   3  29   5   0   4   8   1   1   2   3   2   2   2   2  0.46 0.33
  271 G    -1   1  -2  -1  -1  -1  -1   3   0  -2  -2   0  -2  -2   1   2   1  -5  -1  -1    3   9   1   4   1   2   4  21   3   3   5   6   1   2   6  14   7   0   2   5  0.22 0.21
  272 V     0   1  -3  -1  -1  -1  -1  -1  -1   0   0  -1   2   4  -2  -1   0   2   3   0    7   7   1   3   1   2   3   5   1   4  10   4   5  17   2   4   5   2   9   5  0.21 0.18
  273 T    -1   1   1  -3  -4  -2  -2  -1  -2   0   0  -2   1  -1  -1   1   3   2   1   1    4   8   7   1   0   2   3   4   1   4   8   2   4   2   3   9  18   3   5  12  0.20 0.21
  274 D    -1   0   1   0   4  -1  -1  -1   0  -1  -2  -3  -3   3  -2  -1   1   3   2   1    4   4   6   6   9   3   4   5   2   4   4   1   0  11   2   5   7   4   7  12  0.22 0.19
  275 V    -1  -2   0  -3  -2  -3  -1   1  -5   0  -1  -3   1   1   0  -1   3   6  -1   2    4   2   5   1   1   1   5  10   0   5   7   1   3   6   6   4  15  10   2  13  0.33 0.27
  276 L    -2  -3  -3  -4  -1  -3  -3  -1  -3   2   3  -4  -2   3  -2  -3  -2   1   2   2    3   2   1   1   2   1   2   6   1  11  29   1   1  12   2   2   2   2   6  13  0.49 0.31
  277 A     2  -2  -2  -2   0  -1  -2   0  -2   0  -1  -3  -1   3   1   0  -1   0   0   2   15   3   2   3   2   2   2   8   1   4   6   1   2  15   7   6   4   1   3  13  0.20 0.18
  278 L    -2  -1  -3  -2  -4  -4  -2  -2  -2   2   0  -2   3   4  -1   0  -1   2   0   3    3   3   1   2   0   0   3   3   1  11  10   3   7  17   3   7   4   3   3  17  0.38 0.26
  279 C    -2  -1  -2  -2   4  -1  -2   0   0   0  -1  -1   2   0   3  -2   1   3  -1   1    3   4   2   2   9   3   2   7   3   6   7   3   5   4  12   3   9   4   2  10  0.24 0.18
  280 Y    -1  -2   2  -1  -1  -1   0  -2   4  -3  -1  -1  -3   3   2   0   0   0   2  -2    5   2   8   3   1   3   5   3  10   2   5   4   1  12  11   7   6   1   6   4  0.30 0.22
  281 R    -2   1   0   1  -4   0   1   0   2   0  -1   0   0  -3   1   0  -2   2  -2  -1    3   7   5   9   0   4  11   7   5   6   6   6   2   1   8   7   2   2   1   5  0.12 0.12
  282 D    -1  -2   2   4  -4  -2   2  -2  -1  -1  -2   1  -1   0   0   1   0  -4  -3  -3    5   3   8  20   0   2  11   3   1   5   4  10   2   3   6  11   5   0   1   1  0.32 0.24
  283 D     0   0   0   2  -4  -1   2   0   1  -2  -1   0  -1   0   0   0   1   0  -1  -2    7   5   4  14   0   2  13   6   3   2   6   5   1   5   5   7   7   1   2   3  0.13 0.13
  284 A     2   0   0   0  -1   0   2  -1  -2   0  -2   0  -2  -2   1   0   1  -1  -3  -1   16   5   5   5   1   4  12   6   1   5   3   5   1   2   8   7  10   1   1   4  0.13 0.14
  285 G     1   0   1   1  -1   1   0   2   2  -3  -2   1  -1  -3  -1   0  -2   0  -3   0   11   6   6   7   1   5   6  16   5   2   4   8   1   1   4   6   2   1   1   6  0.14 0.13
  286 E    -1   0   2   1  -2   1   2   0  -1  -1  -1  -1   0  -3   1   0   0  -2   0   0    6   5   8   7   1   6  16   6   1   4   5   2   2   1   6   6   6   1   3   7  0.13 0.13
  287 R    -1   2  -1  -1   0   1  -1   0   3  -1   0   0   1   0   0  -1  -1   3   0   0    6  10   3   3   2   6   4   6   7   4  12   6   3   4   4   4   3   4   4   6  0.07 0.08
  288 M     0   0   0  -1   1   0   0   0  -1   0   0   0   0   0   0   0   0   0   0   0    9   4   5   4   4   3   5   9   1   5  11   6   3   3   5   7   8   1   3   6  0.02 0.02
  289 E    -1  -1  -1   2   0   0   2   0  -1   0  -2  -1  -2   0  -1   0   0  -1   1   1    6   3   2  12   2   5  14   6   1   5   4   4   1   4   3   6   5   1   5  12  0.12 0.13
  290 T     1   0  -1  -1   0  -1  -1   0  -1  -1  -1  -1  -1  -1   0   0   1   4   1   0   10   4   3   4   2   2   5   7   2   4   6   4   2   2   5   8  11   6   6   8  0.09 0.09
  291 V    -1  -2  -1  -1  -1  -3  -1   0  -2   1   1  -2   1   1  -2   0  -1   4   1   1    6   2   2   4   1   1   3   8   1   8  16   2   3   7   3   8   4   5   5  10  0.14 0.11
  292 A     0  -1  -1   0  -2   0  -1  -1  -1   0  -1   0  -1   1   2   1   0   1   1   0   10   3   2   5   1   3   3   5   1   6   7   7   1   5  11   9   5   2   4   7  0.08 0.08
  293 E     0   0   1   2  -4   0   1  -2   1  -1  -1   1  -1  -1   2   1  -1  -1  -1  -2    7   5   5  10   0   5  10   3   4   3   5   7   1   3  10  12   4   1   2   2  0.14 0.15
  294 N     0   1   1   1  -1   0   1  -1   1  -2  -2  -1   0   0  -2   1   0  -3  -1   0    9   8   7  10   1   4   9   4   4   2   4   3   2   4   2  10   5   0   2   8  0.09 0.11
  295 P     0   1  -3   0  -1  -1   0   0   0  -1  -1   1   0  -2   4  -1  -1  -5  -4  -1    8   8   1   5   1   3   6   7   2   3   6   7   2   2  24   5   4   0   0   5  0.32 0.27
  296 S     0   1   1   1   0   0   0  -1  -1  -1  -1   1  -1   0   0   1   0   0  -1   0    7   9   7   7   2   4   5   4   1   2   6   8   2   4   5  11   4   1   2   9  0.05 0.07
  297 W    -1  -1   0   0  -1  -1  -1   0   1  -1  -1   0   0   0   2   0   0   6   2  -2    5   3   4   5   1   3   4   7   3   3   7   5   3   4   9   6   6  12   7   3  0.22 0.18
  298 G     1  -1   0   1  -1   0   0   1   1  -1  -2   1  -1  -1   0   1   0  -4  -1  -1   15   2   4   9   1   4   5  12   3   3   3   8   1   2   5   8   7   0   2   3  0.12 0.13
  299 E    -1   0  -1   2  -4   0   2  -3   2  -2  -1   1   1   0   0  -1  -1   1   0   0    4   6   3  13   0   3  16   2   6   2   6   7   5   4   5   4   4   2   3   6  0.19 0.19
  300 G     0  -1   1   0  -2   0   0  -1   0  -1   0  -1   0  -3   2   0   1  -4  -1   1   10   3   7   6   1   5   5   4   3   4   8   4   2   0  12   7   7   0   3  10  0.11 0.13
  301 G     0   1  -1   2  -1   0   2   0   0  -2  -2   2  -4  -2   1  -1  -1  -1  -2  -2    6   7   2  13   2   4  15   8   2   2   3  12   0   2   8   3   4   1   1   3  0.22 0.21
  302 A     1   1   0   0  -1   0   0   0   0   0  -1   0   0  -1   0   1   1   0   0  -2   13   8   4   6   1   3   6   5   3   5   7   5   2   3   4   9  10   1   3   2  0.05 0.08
  303 L     0  -1  -2  -1   0  -1  -1  -2  -2   0   2  -2   0   1   0   0   0   1   0   1    6   4   2   4   2   3   3   3   1   5  24   2   1   5   5   9   6   2   3  10  0.11 0.13
  304 R     0   2   0  -1  -4   0  -2  -3   0  -2   2   2  -1   1  -2  -1   0  -3   1   0    9  14   4   3   0   5   2   2   2   2  18  11   1   5   2   5   5   0   4   7  0.15 0.16
  305 E     0   1   0   3  -5   0   4  -2  -1  -4  -3   2  -2  -5  -1   0  -1  -1  -3  -4    8   6   4  14   0   4  28   3   2   1   3  10   1   0   3   6   3   1   1   1  0.50 0.38
  306 S     1  -1   0   1  -1   0   1  -2   0   0  -1  -1  -1   1   1   0  -1   0   1  -1   13   3   4  10   1   4  10   3   2   5   5   2   1   8   6   8   4   1   5   4  0.08 0.11
  307 V    -1  -1  -1  -3  -1  -2  -1  -3  -1   1   2  -1   2   4  -2  -1   0  -2   2   1    5   3   3   2   1   2   4   2   1   6  17   3   6  16   2   5   5   0   6  11  0.23 0.19
  308 L     0   0  -1   0   2  -1   0  -2   0   0   2   0   0   1  -2  -1  -1   0  -2   0    7   4   2   7   4   3   8   3   2   5  22   5   2   7   2   3   4   1   1   7  0.08 0.10
  309 G     1   1   0   1  -4   1   1   1   1  -4  -1   1  -3  -3   2   0   0   1  -1  -2   11   7   4   9   0   6  10  10   3   0   6   7   0   1   9   6   5   2   2   2  0.17 0.18
  310 R     0   2   1   1  -4   0   1  -1   0  -3  -2   1   0   2   0   1   0  -1   2  -2    8  10   5   8   0   3   8   4   2   1   3   9   3   8   4   9   5   1   7   2  0.13 0.15
  311 L     0  -2  -4  -1  -2  -1   1  -3  -1   1   2  -2   3   5  -4  -3  -3  -1  -1   0    8   3   1   4   1   2   8   2   1   9  16   3   7  23   1   1   1   1   1   6  0.44 0.30
  312 R     0   2   0  -2  -1   1   1  -1   0  -1   0   1  -3   1   2  -1  -1   2  -2  -2    9  14   4   2   2   7   8   5   2   3   8   7   0   7  10   3   3   3   1   3  0.15 0.15
  313 D     0   0   0   4  -2   0   0   0   3  -3  -2   1  -1  -1   0  -1   0  -4  -1  -3    9   5   5  22   1   4   6   7   6   1   5   7   2   2   4   4   5   0   2   2  0.24 0.20
  314 A     3  -1  -1  -1  -2  -1  -1   0  -1  -1  -1   1  -1  -1  -1  -1   0   3  -1   1   24   4   4   3   1   2   5   7   1   3   5  10   1   3   3   4   7   4   2   9  0.16 0.17
  315 Q    -1   1   0   0  -3   2   1   1   1  -1  -1   1   0   0   1   0  -1   1   1  -1    3   7   3   5   0   9   7  10   4   4   7   9   2   3   8   6   3   2   5   3  0.09 0.11
  316 F    -2  -1  -1  -3  -1  -2  -1  -1  -1   2   1  -2  -1   3  -1  -2  -2   5   0   1    2   3   3   1   1   2   5   5   2  13  15   2   1  15   4   4   2   9   3   9  0.34 0.23
  317 P    -1   1   0  -1   3  -1  -2  -1   3   1  -1   0  -2  -1   3  -2  -1   2  -1  -1    5   9   4   4   7   2   2   5   8   8   6   7   1   2  15   3   4   3   2   4  0.23 0.20
  318 P    -2   2  -3   2  -2  -2   0  -1   0  -3  -4  -1  -2  -3   6   0  -2  -3  -3  -4    4   9   1   9   1   2   7   5   2   2   2   4   1   1  35   8   2   1   1   1  0.73 0.49
  319 E     1  -1   1   1  -2   1   2   0  -2  -1  -2   1   1  -2  -2   0   1  -2  -2  -1   13   3   6   7   1   6  12   7   1   3   4   8   3   2   2   7  11   1   1   3  0.14 0.16
  320 V     0  -1  -2  -1  -4  -4  -3  -1  -3   2   2  -2   0  -2  -2  -2   0  -5  -1   3    9   3   2   4   0   0   2   6   1  12  20   2   2   2   2   3   5   0   2  24  0.34 0.25
  321 L     1   1  -1  -1   0   1   0  -1  -1   2   1   0  -1  -1  -1  -1  -1   0  -3   1   11   9   2   3   2   6   5   6   1  11  12   5   1   3   3   3   4   1   0  10  0.06 0.09
  322 E     0   0  -1   1  -5   2   2   1  -2  -2  -3   0  -4  -1   2   2  -1  -5  -4  -2    9   5   2   9   0   8  11  11   1   2   3   5   0   3  10  14   4   0   0   2  0.24 0.24
  323 L    -1  -1  -3  -2  -2  -2  -1   0  -4   2   3  -2   3   1   0  -2   0   0  -3   0    6   3   1   2   1   2   4   8   0  11  29   2   6   6   4   2   6   1   1   6  0.27 0.21
  324 A    -1  -2  -2   0  -1  -1   1  -2   0   3   1  -2  -1  -2   2  -2  -1  -4  -4   2    4   2   2   4   2   3   8   3   2  17  16   2   1   2  11   2   5   0   0  12  0.22 0.20
  325 E     0   0   0   4  -5   0   1  -1   0  -1  -1   0  -4  -4   3  -1  -1  -2  -5  -1    8   6   4  20   0   4  10   5   2   4   6   5   0   1  12   4   4   1   0   5  0.28 0.25
  326 A     1   0   0  -2  -1  -1  -1  -1  -2  -1   2   0   0  -2  -1   0   0   3  -2   1   13   5   4   2   1   3   4   5   1   3  20   7   2   1   3   5   6   5   1  10  0.11 0.13
  327 A     1  -1  -1  -1  -2   0   1   0  -3  -1  -1  -1  -2  -1   1   0   1  -4  -1   2   14   4   2   3   1   4   9   8   0   3   6   4   1   2   6   7  10   0   3  14  0.10 0.14
  328 E    -2   1   0   2  -5   1   4  -1  -1  -4  -3   0  -4  -2   1  -2  -1   3  -3  -1    4   8   4  12   0   7  25   4   2   1   3   6   0   2   7   2   3   4   1   6  0.40 0.33
  329 R     0   1   1   1  -2   1   1  -1   1  -2  -1   0  -2  -1   0   1  -1   1   0  -2    6   8   7   8   1   6   9   5   3   2   7   6   1   2   5  12   4   2   4   3  0.10 0.12
  330 I    -1  -3  -1  -2  -4  -3  -3  -3  -2   4   1  -2   0   2  -3  -2  -1   4  -1   2    6   2   3   2   0   1   2   2   1  24  13   3   2  10   2   3   5   6   2  13  0.42 0.28
  331 Y     0   1  -1  -1  -1  -1   0  -1   0  -1   0   1   0   2   0   0   0   1   0   0    8   7   3   2   1   2   6   5   3   3   9   8   2  11   3   7   7   2   3   8  0.03 0.06
  332 E     1   3  -1   1  -4   0   1  -2   3  -1  -1   2   0  -1   0  -1   0  -2  -2  -2   10  14   2   7   0   3   7   3   7   4   6  14   2   3   5   4   5   1   1   2  0.18 0.18
  333 T    -1   2   2  -2  -4  -1  -2  -2   3  -1  -3  -1  -2  -2  -3   1   1   5   1   1    6  10  10   2   0   2   2   4   8   3   3   4   1   1   1  10  10   9   5   9  0.34 0.28
  334 P     1   1  -4   0  -1  -1  -2  -1   0  -2  -3  -1   3  -3   5   0  -2  -2  -3   0   11   7   1   5   2   3   2   5   2   3   2   4   6   1  27   7   3   1   1   8  0.48 0.35
  335 I     0  -1  -2  -2  -3  -1  -1  -3  -2   1   1  -2   2   2   0  -1   1   0   2   2    7   4   2   3   0   3   3   1   1   7  16   2   5   7   5   3   9   2   6  13  0.15 0.14
  336 Y     0  -1   0  -2   0  -2  -2   0   2  -1  -1  -1   0   1   3   0   1   3   1  -1    8   3   4   2   2   1   3   8   5   3   5   4   2   6  15   7   9   4   6   4  0.18 0.17
  337 F    -1  -1   0   3  -2  -1  -1  -1   3   0   2  -1   1   0  -2   0  -2   1   0  -1    4   3   4  16   1   3   3   6   7   4  19   3   4   4   2   7   2   2   3   4  0.16 0.16
  338 R     0   3   0  -1  -3  -1   0  -1   1   1  -1  -1  -1  -2  -1  -1   0   3   0   0    6  21   4   3   0   2   7   5   4   8   7   3   2   2   3   4   6   5   3   6  0.19 0.17
  339 A     0  -2  -2   1  -1   0   2  -2   0  -1   0  -1   2  -2   1   2   1  -3  -1   0    8   1   1   7   1   4  12   3   2   3   8   2   6   2   6  16   9   0   3   5  0.14 0.17
  340 P     1   1  -1  -1   1  -1  -2   1   0   0  -1  -1   2  -2   4  -2  -2  -4  -1   0   10  10   4   3   3   2   2  10   2   5   7   2   5   2  18   2   3   0   2   7  0.22 0.20
  341 T    -1   0   0  -2  -1   0  -1  -1   1   0   0   1   0   0   1   0   1  -1   1   1    5   6   3   2   1   4   3   3   3   7   7   9   3   3   9   6  10   1   5  10  0.07 0.08
  342 L     2  -2  -3  -2   4  -1  -1  -3  -4   0   2  -3  -2   1   2  -1  -1  -4  -3   0   19   2   1   2  10   2   5   2   0   4  17   2   1   6  10   5   4   0   0   7  0.31 0.26
  343 R     0   1  -1   1  -4   0   1  -1  -1  -4  -3   1  -3  -1   2   1  -1   0   1  -2    7   8   2   9   0   5  10   5   2   1   3  10   0   3  10  11   4   1   5   3  0.19 0.19
  344 G     0   2   1  -2  -1   0   1  -2   2  -4  -2   0  -3  -2   3   2   1  -4   0  -2    6  11   6   2   1   4   8   3   5   1   5   5   0   1  13  15   7   0   3   2  0.26 0.25
  345 W    -4  -2  -3  -4  -3  -5  -4  -3   2  -2  -1  -5   1   4  -5  -2  -3   9   5  -2    2   2   2   1   1   1   1   2   5   2   6   1   4  13   1   3   2  29  19   4  1.44 0.69
  346 S    -1   3   0  -2  -1  -1  -3  -1   4  -1  -3  -1  -3  -2  -1   1   0  -4   2   1    6  16   5   2   1   3   1   6  11   3   2   2   0   2   3  12   7   0   6  11  0.30 0.26
  347 Q     0   2   1   1  -3   0  -1  -1   3  -2  -3   2  -3   1  -4   1   0   0   1  -1    7  10   6   7   1   4   3   4   7   2   2  16   0   5   1   9   5   1   4   4  0.20 0.19
  348 G    -4  -1   1   3  -6  -3  -2   6   0  -6  -6  -1  -6  -2  -1  -2  -4  -6  -6  -6    1   3   5  17   0   1   3  51   2   0   1   4   0   2   4   3   1   0   0   1  1.13 0.60
  349 E    -4   7   2  -2  -6  -3  -3   0   2  -6  -5   1  -5  -5  -4  -2  -2   0   0  -6    1  50   9   3   0   1   1   9   5   0   1   7   0   0   1   4   2   1   3   1  1.21 0.64
  350 A     1  -6  -6  -6   2  -6  -5  -5  -6   3   1  -6   2  -2  -6  -4  -2   0  -2   5   12   0   0   0   4   0   1   1   0  17  10   0   4   2   0   1   2   1   1  42  1.02 0.54
  351 T     2  -2  -6  -6   4  -5  -6  -4  -6   1   2  -5   2   2  -6  -4   1  -5  -4   4   15   2   0   0   8   0   0   1   0   8  17   0   5   8   0   1   9   0   0  24  0.68 0.42
  352 L    -6  -7  -8  -8   2  -3  -8  -8  -8   3   6  -7  -2   0  -5  -7  -6  -7  -6   1    0   0   0   0   5   1   0   0   0  15  62   0   1   4   1   0   0   0   0  10  1.55 0.77
  353 V     3  -7  -7  -7  -2  -7  -7  -4  -7   4   2  -7   2  -3  -7  -5  -4  -7  -6   4   21   0   0   0   1   0   0   1   0  19  19   0   5   1   0   1   1   0   0  31  1.09 0.61
  354 G    -4  -9  -7  -8 -10  -9  -9   8  -9 -11 -11  -9 -10 -10  -9  -4  -9 -10 -10 -10    1   0   0   0   0   0   0  97   0   0   0   0   0   0   0   2   0   0   0   0  3.13 1.39
  355 D    -9  -9  -4   9 -11  -8  -4  -6  -2 -11 -11  -8 -11 -11  -9  -8  -8 -12 -10 -11    0   0   1  97   0   0   1   1   1   0   0   0   0   0   0   0   0   0   0   0  3.49 1.53
  356 S     7  -5  -8  -8  -7  -7  -7  -7  -8  -5  -8  -7  -8  -9  -8   2  -6  -9  -9  -5   82   1   0   0   0   0   0   0   0   1   0   0   0   0   0  16   0   0   0   1  2.39 1.22
  357 A     6  -5  -5  -7   3  -3  -7  -1  -7   0  -3  -6  -2   0  -7  -2  -6   3  -1   0   63   1   0   0   5   1   0   6   0   4   2   0   1   3   0   2   0   3   2   6  1.34 0.75
  358 H    -1   0   1  -7   1  -2  -6   0  10  -9  -9  -3  -8  -8  -8  -4  -7  -8  -2  -6    6   6   7   0   3   2   0   7  64   0   0   2   0   0   0   1   0   0   1   1  2.55 1.11
  359 A     3   0  -3  -5   0   1  -3  -3  -1   0   0   1   2   2   1  -1   0  -5  -2  -1   25   5   1   0   2   5   1   1   2   5   8   7   6   8   7   4   7   0   1   5  0.26 0.25
  360 M    -3   1  -3  -7   0  -4  -6  -6   3   2  -2  -6   8   0  -3   0   0  -7  -3   3    2   7   1   0   2   1   0   1   7  11   2   0  32   3   1   6   6   0   1  16  1.07 0.62
  361 P    -2  -4   1   2  -2  -2  -4  -5   5  -3  -1  -3  -3  -3   3   1   2  -7  -3   1    4   1   8  12   1   2   0   0  13   1   6   1   0   1  14   9  14   0   1  11  0.53 0.41
  362 P    -3  -8  -9  -8  -9  -3  -8  -9  -9  -1  -6  -4   0  -4   8  -4  -8 -10  -9  -2    3   0   0   0   0   2   0   0   0   3   1   1   2   1  83   2   0   0   0   3  2.78 1.29
  363 F    -2  -6   2  -3   0  -5  -6  -6   2   0   2  -3   0   5  -6  -2   1   3   1   0    3   0  12   2   2   0   0   0   5   6  17   2   2  23   0   3   8   4   5   5  0.62 0.40
  364 L     1  -1  -2  -5  -5   0  -5   2   3   1   0  -4   1   2  -5   0   2  -4   3  -2   10   3   1   0   0   5   0  14   7   7   9   0   3   9   0   7  14   0  10   2  0.36 0.31
  365 G     1  -4  -7  -8  -8  -8  -8   7  -8  -6  -6  -7  -8  -9  -5   0  -7  -9  -9  -9   11   1   0   0   0   0   0  79   0   1   1   0   0   0   1   7   0   0   0   0  2.25 1.04
  366 Q    -2  -1  -3  -6  -8   7   1   2  -3  -4  -2  -3  -1  -2  -7   1  -6  -8  -4  -5    4   4   1   0   0  46   9  14   1   1   4   1   1   2   0  10   0   0   1   1  1.21 0.75
  367 G    -4  -9  -7  -8  -9  -9  -9   8  -9 -11 -11  -8 -10 -10  -9  -5  -8  -9 -10 -10    2   0   0   0   0   0   0  98   0   0   0   0   0   0   0   1   0   0   0   0  3.13 1.33
  368 A     2  -6  -6  -7  -3  -6  -5   2  -6   2   1  -5   7  -2  -7  -2  -3  -6   0   0   17   0   0   0   1   0   1  15   0  11  13   1  25   2   0   4   1   0   3   7  0.87 0.53
  369 N    -1  -6   7  -2   3  -4  -6  -1   2  -3  -5  -4   0  -7  -7   0   1  -8   0  -5    6   0  53   2   6   0   0   5   4   1   1   1   2   0   0   6   8   0   4   1  1.41 0.75
  370 Q     1  -5   1  -5   3   0  -3  -3   2  -2   1  -3   4  -1  -5   0   2  -5  -1   1   10   0   7   0   6   5   2   2   5   1  16   1  12   3   0   7  12   0   2  10  0.38 0.31
  371 A     6  -7  -6  -7  -1  -7  -7   5  -7  -7  -5  -7  -7  -8  -7   0  -3  -8  -8  -4   53   0   0   0   1   0   0  36   0   0   1   0   0   0   0   5   2   0   0   1  1.67 0.85
  372 I    -2  -7  -8  -8   0  -5  -7  -8  -3   5   3  -7   6   4  -7  -3  -6  -2  -3   0    4   0   0   0   2   0   0   0   1  28  21   0  21  14   0   2   0   1   0   6  1.26 0.62
  373 L     0   0  -2  -1  -3   2   5  -2   1  -3  -2  -1  -1  -4  -5   0   0  -6  -2  -2    8   5   1   2   1   8  38   3   3   1   5   4   1   1   0   7   6   0   2   3  0.58 0.42
  374 D    -1  -7  -4   8  -1  -4  -4  -1  -4  -3  -9  -7  -8  -9  -7   1  -4  -9  -9  -8    6   0   0  73   2   1   1   5   0   2   0   0   0   0   0   9   1   0   0   0  2.15 0.99
  375 S     5  -7  -6  -6   4  -6  -6   3  -3   2  -5  -6  -5  -6  -6   0  -4  -7  -6   2   40   0   0   0   7   0   0  22   1  10   0   0   0   0   0   5   1   0   0  14  1.09 0.61
  376 Y     1   2  -2  -3  -2  -1  -2  -2   0   0   1  -1   1   1  -4  -1  -1   0   2   2   14  12   2   1   1   2   3   3   2   5  13   3   3   6   0   5   2   1   7  16  0.17 0.18
  377 C     1  -4   2  -2   0  -2  -1  -3  -1   2   0  -2   1  -3  -5   0   0  -5   1   3   11   0  12   2   2   2   5   2   1  14   7   3   4   1   0   6   4   0   5  19  0.26 0.24
  378 L     2  -7  -8  -6  -1  -7  -6  -6  -8  -1   6  -7  -1   0  -8  -7  -6  -3  -6  -2   17   0   0   1   1   0   1   0   0   3  70   0   1   3   0   0   0   0   0   2  1.59 0.78
  379 A     5   0  -3  -1   0  -4  -5   2  -3  -2  -3  -5  -1  -1  -5   1  -1  -1  -3  -2   44   6   1   3   2   0   0  16   0   3   3   0   2   3   0   9   4   1   1   2  0.71 0.47
  380 A    -2   2   1   1  -6   0   3  -2   0  -2  -3   1  -5  -3  -4   0  -1   7  -3  -3    4  11   8   6   0   3  21   3   2   2   3   7   0   1   0   8   3  14   1   2  0.57 0.39
  381 Q     1  -2  -2  -4   3   0   1  -3   0   0   1   2  -1  -2  -4  -1   1   0  -3   1   13   1   1   0   6   3   8   1   2   4  16  15   1   1   0   4   7   2   0  12  0.23 0.23
  382 L    -1  -7  -8  -8  -6  -7  -7  -8  -7   4   5  -5   3   0  -7  -5  -5  -3  -4  -1    5   0   0   0   0   0   0   0   0  19  60   1   5   3   0   1   1   0   0   4  1.41 0.68
  383 K     3   0  -1   1  -2   1   1   0   1   0  -1   1  -1  -3  -3   0  -2  -4  -2  -1   23   5   3   9   1   7   8   8   3   5   5   8   2   1   0   5   1   0   1   4  0.19 0.19
  384 Q     3  -1  -3   0  -3   2   1  -2  -1  -3  -1   2   1  -4   0   0  -1  -5  -3  -3   24   3   1   6   1   9   9   3   1   1   7  14   4   1   4   6   4   0   1   1  0.30 0.27
  385 L     3  -2  -4  -3   0  -1  -3  -2   3   0   1  -2   0  -1  -4   0  -1  -2   0   3   29   2   0   1   2   2   1   2   6   5  12   2   2   2   0   5   3   1   3  18  0.39 0.29
  386 G     0   0   0  -1  -1  -1  -2   1  -1   2   1  -1   0  -1   0   0  -1   1  -1   1    8   5   4   3   1   3   1  13   2  13  14   3   3   2   5   7   3   2   1   9  0.05 0.08
  387 A     0   1   0   1  -3   0   1   0  -1  -1  -2   2  -2  -2   1   1   0  -4  -3  -1    9   7   4  10   0   4  10   7   1   3   3  12   1   2   6   9   7   0   0   5  0.14 0.13
  388 T    -1   2   2   3  -5  -1   1   3  -2  -5  -4   2  -2  -4  -4   1  -1  -2  -1  -5    5  10   8  17   0   2   8  19   1   0   1  11   1   1   0  10   3   1   3   0  0.43 0.31
  389 H     0   0   2   2  -4   1   1   0   3  -4  -2   1  -3  -1  -2   1   0   3  -1  -3    7   6   9  10   0   5   9   9   6   0   4   8   0   3   2  10   5   4   1   2  0.19 0.18
  390 A     2  -1   1   2   1   0   0   1  -1  -3  -1  -2  -1  -3  -1   0  -1  -2  -1  -1   23   4   5  11   3   5   5  11   2   1   6   1   2   1   3   8   3   0   2   4  0.18 0.18
  391 T     0   0   1   3  -2   0   0   1  -1  -2  -1   0  -1  -1   0   1   0  -4  -1  -1    6   5   7  17   1   4   4   9   1   1   6   6   1   2   5  11   6   0   3   4  0.14 0.14
  392 P    -1   0  -2  -1  -1  -1   0  -2   0   2   1  -1   0  -1   2   1  -1   0  -1   1    4   5   1   4   1   1   6   2   3  12  14   2   2   2   9  14   3   2   2  10  0.11 0.13
  393 K     1   1  -1   1  -3   0   3   0  -1  -4  -3   1  -1  -3  -1   1  -1  -5  -3  -2   11   7   2   7   1   3  24   8   1   0   3   7   2   1   3  13   3   0   1   3  0.30 0.25
  394 E     2   1  -1   2  -4   0   3  -1  -2  -4  -3   2  -3  -2   0   1   0  -3  -4  -4   16   7   3  10   0   4  18   4   1   1   2  11   0   2   4  11   4   0   0   1  0.32 0.27
  395 A     3  -3  -2  -3  -1  -4  -3  -3   0   1   2  -4   0  -1  -1  -1  -1  -5  -1   2   31   2   2   1   1   0   2   2   2   7  17   1   2   3   3   5   3   0   2  13  0.36 0.29
  396 M    -5  -6  -7  -7  -6  -4  -3  -6  -6   1   5  -7   1   4  -7  -6  -4  -2  -1   0    1   0   0   0   0   1   2   1   0   7  60   0   3  16   0   0   1   1   2   5  1.38 0.66
  397 R     1   2   0   3  -2   2   1  -1   1  -4  -4   2  -1  -4  -3  -1  -1  -6  -3  -3   12   9   4  16   1  11  10   5   3   0   1  14   2   0   1   5   4   0   0   1  0.37 0.30
  398 A     1   1   0  -2  -5   1   2  -2  -4  -1  -1   1  -3  -4  -3   1   2  -2  -2   0   12   7   4   1   0   5  17   2   0   3   6   7   0   1   1  10  15   1   1   7  0.25 0.26
  399 Y    -3  -3  -8  -8  -4  -7  -3  -8  -1  -2  -3  -3  -3   4  -8  -7  -3   1   9  -3    2   2   0   0   0   0   2   0   1   3   3   2   1  15   0   0   2   2  64   2  2.28 1.02
  400 R    -2   1   0   1  -6   2   3  -3   0  -4  -2   0  -4  -2  -5   1   0  -2   3  -3    3   7   5   7   0  11  22   2   2   1   4   5   0   1   0  11   7   1  10   2  0.41 0.34
  401 R     2   2   0   2  -5   2   2  -2  -1  -3  -3   2  -1  -5  -4   0   0  -3  -5  -3   15  10   4  13   0   9  14   2   1   2   2  11   1   0   0   7   6   0   0   2  0.36 0.29
  402 Q    -1   1  -1   0  -2   2   3  -1  -3   1   1  -1  -1   0  -4  -1  -1  -2  -2   0    5   6   2   5   1   9  23   4   0   9  13   4   1   4   0   3   3   0   1   6  0.22 0.22
  403 R    -1   8  -6  -6  -1  -1  -5  -4   0  -5  -5  -2   0  -1  -7  -3  -4   2  -2  -4    5  70   0   0   1   2   0   1   2   1   1   2   3   2   0   2   1   3   1   2  1.89 0.89
  404 W    -1   3  -2  -3  -1   0  -2  -4   1  -1   0   1   0   0  -4  -1  -1   7   3   0    6  17   1   1   1   4   2   0   4   3   8   9   3   3   0   4   3  14   9   6  0.50 0.32
  405 F    -1   2  -2   0  -5   1   2  -3  -4  -3  -2   3  -3  -2   4  -2  -1   0   0  -2    6   9   1   5   0   7  12   2   0   1   4  16   1   2  21   3   3   1   3   3  0.43 0.32
  406 P    -2   6  -3   1  -1  -2   1  -4   3  -2  -3  -1   0  -4   1  -4  -3  -6  -5  -1    3  42   1   7   1   1  10   1   7   2   3   3   3   1   7   1   2   0   0   6  0.86 0.51
  407 T     3  -4   2   0   0  -3  -2  -1   1  -1  -1  -1   0   0  -4   1   1   0  -1   1   28   0   9   6   2   0   1   3   4   3   5   3   2   3   0   9   9   1   2   9  0.26 0.26
  408 A     2   1   2  -1  -2   2   2   0   0  -3  -2   0  -3  -5  -3   1   1   1  -4  -2   17   7   9   3   1  12  11   6   2   1   3   6   0   0   1   8   7   2   0   2  0.26 0.25
  409 R     1   2  -3   2  -1   0   0  -3   1  -4  -2   1  -2  -2  -1   0   1   3  -1  -1   11  14   0  13   1   3   6   1   4   0   3  10   1   1   3   8   9   5   2   4  0.25 0.23
  410 L     2  -2  -2  -1  -4  -3  -3  -5  -5   3   2  -1   2  -1  -5  -3  -1   0  -3   2   20   2   1   4   0   1   2   0   0  18  18   4   5   2   0   0   4   2   1  16  0.41 0.30
  411 L    -2  -4  -2  -5  -2   1  -2  -6   0   4   2  -4   0   0  -5  -4  -2  -4   2   3    3   1   2   0   1   8   2   0   3  21  23   1   1   3   0   1   2   0   7  22  0.59 0.37
  412 L     1   3   0   1   0   1   0  -2   0  -2   0   1  -2  -4  -3  -1   0   0  -3  -1   13  16   5   7   3   6   5   3   2   1  10  11   0   0   0   4   7   1   0   6  0.18 0.19
  413 N     0   2   1   2  -1   0  -1  -1  -2  -2   0  -1   0  -1  -3   1   0  -1  -2   1    7  15   6  14   2   4   3   4   1   1   9   2   2   3   1  10   4   1   1  12  0.13 0.17
  414 S     2  -2   0  -1  -1  -3  -3  -1  -5  -4   1  -3  -1  -5  -5   5   1  -6  -5  -2   18   2   5   3   1   1   1   4   0   1  12   1   2   0   0  40   7   0   0   2  0.64 0.48
  415 R     1   4  -2   1   0  -1  -1  -2   1  -2  -1   1  -3  -4  -4   1  -1   2  -1   0   10  27   1   9   2   1   3   2   4   1   6   7   0   0   0  10   4   3   3   7  0.33 0.28
  416 I    -1  -1  -1  -1  -3   0   1  -4  -2   1   1   0   3   2  -2  -2   0   1   1   0    5   3   2   3   0   5   9   0   1   7  11   8  11   9   2   1   7   2   6   8  0.15 0.17
  417 L     0   1  -1  -2  -3   0  -1  -2   1   0   1  -1   3   0  -3  -1  -1  -1   1   1   10  10   3   2   0   4   3   3   5   6  16   2  11   4   0   2   4   1   5  10  0.13 0.15
  418 G     0  -1   3  -1   1  -2  -2   3   0  -1  -2  -1  -2   0  -3   1   1  -4  -1   0    6   3  18   3   3   1   1  20   2   3   3   3   1   4   0  12  11   0   2   6  0.27 0.23
  419 F    -2   5  -2   1  -5  -1  -1  -5  -1  -4  -1   0  -1   4  -3  -3  -3   1   3  -4    3  30   2   8   0   2   4   0   1   0   5   5   1  19   1   2   1   2  12   1  0.69 0.42
  420 L     0  -3  -3  -5  -2  -1  -2  -5  -1   2   3  -3   3   2  -5  -2  -3  -4   0   2    7   1   1   0   1   3   3   0   1  12  31   1   8  10   0   3   0   0   2  15  0.50 0.31
  421 E    -2   2   0  -2  -2   3   3  -3   3  -3   0  -1  -2   1  -5  -2  -2  -1   4  -4    4  10   4   2   1  13  17   1   7   1   8   2   1   6   0   1   3   1  18   0  0.47 0.36
  422 T     1  -1  -2  -4  -5   0  -1  -5   6  -3  -1  -2   6  -1  -5   1   0  -1  -1  -3   14   4   2   0   0   4   4   0  18   1   5   2  23   2   0  13   6   1   2   1  0.70 0.47
  423 Q     0   4   0  -2  -2   1  -2  -1  -1  -4  -1  -2   1  -2  -1   1  -1   6   0  -3    8  27   4   1   1   6   1   4   2   0   5   1   4   1   4  12   4  12   3   2  0.49 0.35
  424 R     2   1  -2   4  -4   1   1  -2   2  -3  -3   1  -4  -3   0   0   0   1  -4  -4   16   8   1  26   0   5   8   2   5   1   2   7   0   1   4   4   6   2   0   0  0.40 0.30
  425 G     0   0   1   0  -4  -1   0   3   3  -1  -1   1  -3  -3  -2   0  -1  -4  -2  -3    7   6   6   5   0   1   5  24  10   4   7  12   0   0   1   8   3   0   1   1  0.25 0.20
  426 F     0  -1  -3  -3  -3  -2  -3  -2  -1   0   1  -2   4   3   0  -2   1  -1  -2   3    7   3   0   1   0   1   0   2   1   3   9   2  11  15   5   1  11   1   0  24  0.34 0.27
  427 G     2   0   2  -2  -3   0   0   1   2  -3  -2   1   0  -2  -1   0  -1   0  -1   0   24   5  10   0   0   3   8  12   6   0   2   9   3   1   2   3   2   1   2   6  0.19 0.20
  428 A     2   2  -1  -2  -3   0  -1  -3   0  -2  -1  -1  -1  -3  -2   2   2   0   0  -1   16  12   2   1   0   5   3   1   2   2   6   3   1   0   2  21  16   1   3   5  0.24 0.23
  429 D     0   1  -1   2  -1  -1   1  -1  -2  -1   1   0  -1  -2   2   0   1  -3  -1  -1    7   7   1  12   1   2   9   4   0   4  15   4   0   1   9   4  11   0   2   3  0.11 0.12
  430 F    -2  -2  -4  -2  -1  -3  -3  -4  -3  -1   1  -3   2   3  -2  -1  -3   8   3   2    2   2   1   2   1   1   2   1   0   3  11   1   6  14   2   5   1  20  10  17  0.72 0.34
  431 R     0   4  -2  -1  -3  -1   0   1   1  -3  -1   1  -1  -2  -3  -1   0  -3  -1  -1    7  30   1   4   0   1   4  13   4   1   5   9   2   2   1   4   5   0   2   6  0.30 0.21
  432 D    -1   4   3   2  -4  -1   0  -3  -1  -4  -2   1  -3  -4  -1   0  -1   1  -3  -2    5  29  16  13   0   0   5   1   1   0   3   5   0   0   3   8   2   2   0   4  0.47 0.29
  433 F     0  -1  -1  -1  -3  -2   0  -2  -1  -1   0  -1   0   2   0   1  -1   2   5  -1    6   3   2   3   0   1   6   3   1   3   9   2   3   7   4  10   3   3  28   3  0.31 0.23
  434 F    -1   0  -1  -1  -2  -2  -2  -1  -2   0   2   0   1   1  -2  -1  -1   3   2   1    2   6   2   3   0   0   1   5   0   3  28   8   5   5   2   4   4   4   7   9  0.14 0.14
  435 F     0  -2  -3  -2  -3  -3  -3   1  -3   0  -1  -2   1   5  -2  -1  -2   4   2   0   10   2   0   2   0   0   0  14   0   4   5   1   5  27   1   4   2   6   8   7  0.41 0.26
  436 L    -3   0  -2  -4  -3  -1  -3  -1  -4   1   3  -1  -1  -1   4   0  -1  -4  -3   0    0   6   2   0   0   2   0   4   0   6  35   3   0   2  22   7   2   0   0   7  0.45 0.30
  437 S    -1   0  -2  -3   0   0  -2   2   1  -1   0  -1  -2   1  -3   2   0  -2   2  -2    2   6   0   0   2   6   0  20   4   4  13   3   0   6   0  17   5   0  10   1  0.20 0.21
  438 M     0   2  -2  -2   2   2  -1  -2  -2   0   2   1   2   0  -3  -2  -2  -3   0  -1   10  12   1   2   4  12   2   2   0   3  25   7   7   4   0   0   0   0   4   3  0.20 0.21
  439 G     0   0   0  -1  -4  -1  -2   4   0  -4  -3   3  -3   0  -3  -1  -1  -3   1  -3    7   4   5   3   0   1   1  33   2   0   2  22   0   4   0   4   4   0   5   1  0.43 0.28
  440 K    -1   0   0   2   0  -1   1  -1  -2  -2  -1   2  -2  -2   4  -2  -2  -1  -2   0    3   5   5  12   2   2   8   4   0   2   6  17   1   1  20   1   0   1   1   8  0.31 0.22
  441 L     0   0  -4  -1  -3  -3  -3  -4  -4   2   4  -3   0   1  -2  -2  -2  -3  -1   1    6   6   0   4   0   0   0   1   0  15  44   0   1   5   2   2   2   0   1   9  0.44 0.28
  442 G     0  -1   2   4   0  -2   0   0  -2  -3  -2  -1   0  -2   0   1   0  -3  -1  -1   10   3   9  29   2   1   6   6   0   1   3   2   2   2   5  11   4   0   3   4  0.29 0.20
  443 V     0   1  -2  -2  -2   0  -2  -2  -1   0   0   0   2  -1   1   0   0   0   0   2    8   9   2   1   0   3   1   2   1   3  10   5   8   2   6   5   4   2   3  25  0.12 0.13
  444 A     2  -1  -2  -2  -2  -1  -2   1  -2  -1   1  -1   0  -1  -2   1   0   2  -2  -1   24   3   1   1   0   3   1  13   0   2  18   3   3   3   1  11   6   3   1   4  0.16 0.15
  445 Q     0   1  -1   1  -3   1   1   2   0  -1   0   1  -2  -3  -1   1  -1  -3  -2  -2    5   6   2   8   0   6   9  18   3   3   9  11   0   0   2  13   1   0   0   1  0.16 0.13
  446 A     1   4  -1  -2  -4   1   1  -2  -1  -4  -2   4   1  -2  -1  -2  -3  -4  -3  -2   12  21   3   1   0   6   7   2   1   0   2  32   4   2   2   0   0   0   0   3  0.51 0.33
  447 V     0  -1  -1  -1   0  -2  -1  -2  -1   1   1  -1  -1   1  -3   0   1   0   2   2    7   3   2   3   2   0   3   2   1   8  15   5   0   6   0   5  10   1   8  19  0.10 0.12
  448 F    -3  -4  -4  -5  -4  -2  -4  -5  -3   3   2  -4   1   6  -4  -3  -2  -2   3  -1    1   0   0   0   0   2   0   1   0  18  17   0   2  40   0   2   1   0  10   3  0.89 0.40
  449 L     2  -1  -2  -3  -2  -1  -2  -2   1   2   1  -1   1   0  -2   0  -1  -3   0   2   24   4   1   1   0   3   1   2   4  14  11   2   4   4   0   7   1   0   3  15  0.16 0.16
  450 D    -1   0   2   2  -3   0   1   2  -1  -1  -2   0  -2  -2  -1   0   0   1  -2  -3    3   6   9  16   0   3  12  20   1   4   3   4   0   1   2   4   6   2   1   1  0.22 0.15
  451 G     1   1   0  -2  -3   0   0   3  -2  -1  -1   1   0  -1  -2   0  -2  -3  -1  -2   11   8   3   0   0   3   7  25   0   4   7  13   2   3   1   7   1   0   2   2  0.18 0.14
  452 A     1  -2  -1  -1  -3  -1   0   1   1  -1   0   0   2   0   2  -1   0  -3   0  -1   13   0   2   2   0   2   8  14   5   1   8   8   8   3   9   2   8   0   4   4  0.10 0.12
  453 L    -1   0  -1   0  -3  -1  -2  -3  -3   0   1   0   5  -2   3  -1  -1  -4  -3   1    5   5   2   5   0   1   2   0   0   3  14   5  21   1  18   4   3   0   0  10  0.36 0.25
  454 P    -1  -3   1   1   3  -1  -2  -1  -2   1   0  -2   0   0   4   0   1  -3  -1  -1    2   0   7   7   8   3   1   4   0  10   7   2   2   6  23   5   8   0   2   2  0.29 0.18
  455 K    -1   2  -1   1  -3   1   0  -1   1  -2   0   2   0  -3  -1   0   0   1  -2  -1    4  15   0  11   0   6   5   4   4   1  10  15   3   0   3   6   7   2   0   5  0.14 0.13
  456 G    -5  -5  -2  -6   0  -4  -5  -4  -3  -4  -3  -2   3   5   0  -5  -2   9   5  -4    0   0   3   0   2   0   0   1   0   0   0   3   7  26   5   0   3  33  18   0  1.63 0.62
  457 V    -1  -4  -4  -5  -3   1  -4  -5  -4   3   4  -4   2  -2  -4  -3  -1  -4  -3   2    4   0   0   0   0   7   0   0   0  20  43   0   4   0   0   1   4   0   0  16  0.65 0.35
  458 P    -2  -3  -4  -1  -5  -4  -2  -5  -5  -5  -3  -4  -5  -6   7   1   1  -6  -6  -5    3   1   0   3   0   0   2   0   0   0   3   0   0   0  68  11   9   0   0   0  1.82 0.66
  459 C    -3   1  -4  -4  -1   0  -3  -4  -4  -2   4  -1   1  -1   0   1  -1   5  -2  -2    0   7   0   0   2   6   0   0   0   0  45   4   4   2   5  13   3  10   0   0  0.54 0.35
  460 G    -4  -4  -4   0  -5  -4  -1  -3  -2  -2  -2  -4  -4  -1   4  -4  -1  -2   7   1    0   0   0   6   0   0   3   2   0   1   3   0   0   0  23   0   4   0  49   9  1.22 0.54
  461 L     1  -2   0  -1  -3   0   0  -2  -1  -2   1   1   1  -3  -3   2   3  -4  -3  -2   11   0   5   2   0   2   5   1   1   0  20  11   3   0   0  18  20   0   0   0  0.24 0.23
  462 R    -3   6  -3  -4  -5  -2  -3   0   0  -4  -2  -1   6  -4  -5  -1  -3  -5   0  -2    0  54   0   0   0   0   0   8   2   0   3   0  24   0   0   5   0   0   3   2  1.15 0.53
  463 G     0  -4  -3  -4   0  -3  -4   3  -4   1  -1  -3  -2  -3  -4   1   0  -4  -3   4    4   0   0   0   1   0   0  25   0   8   3   0   0   0   0  11   5   0   0  43  0.56 0.32
  464 T     0  -3   2  -1  -3  -2  -1   2  -3  -1  -4  -2  -3  -4  -3   4   3  -4  -4  -1    7   0   9   3   0   0   3  15   0   4   0   0   0   0   0  37  19   0   0   3  0.50 0.30
  465 Y    -2  -4  -4  -3  -4  -4  -4  -1   0  -3  -2  -1   0   7   1  -1  -1   2   2  -1    2   0   0   1   0   0   0   4   3   0   0   4   2  59   7   6   3   2   3   3  1.01 0.43
  466 N    -1   0   0   2  -3  -2   0   3   0  -3  -4  -2  -3  -4  -1   3   2  -4  -3  -2    0   5   2  11   0   0   5  22   2   0   0   0   0   0   3  33  13   0   0   4  0.44 0.26
  467 G    -3   2   3   1  -4  -2  -1  -1   2  -4  -4   2  -3  -3  -3  -1   1   8   0  -4    0  11  15   7   0   0   4   4   5   0   0  13   0   0   0   3  12  23   2   0  0.67 0.29
  468 S    -1   1  -1   0  -3   2   1  -1  -2   1   1   0   2  -2  -1   1  -1  -3  -2   0    0   7   2   4   0  13   9   4   0  13  16   3   8   0   2  12   1   0   0   4  0.12 0.13
  469 R     0   5  -2  -1  -4   1   1  -3  -2  -1  -4   2  -3  -4   4  -1  -1  -4  -3  -3    6  37   0   2   0   6   9   0   0   4   0  10   0   0  19   4   3   0   0   0  0.64 0.27
  470 D    -2  -4  -1  -1  -4  -3  -4   2  -1  -4  -4  -4  -3   2  -1  -1  -3   2   8  -4    2   0   3   5   0   0   0  17   0   0   0   0   0   5   4   4   0   2  58   0  1.18 0.44
  471 S     1   3  -1   0  -3  -1  -2  -2  -2  -2  -2   0  -3  -3  -3   4  -1  -4   0  -3    9  22   0   5   0   0   0   0   0   2   2   5   0   0   0  50   0   0   5   0  0.55 0.29
  472 A     1   0   1   1  -2   1   0   1  -1   0  -2   0  -2  -3   1   2   0  -3  -2  -1   18   4   9   8   0  11   0  11   0   9   0   4   0   0   5  21   0   0   0   0  0.18 0.08
  473 P     1   1  -1   0  -2   1  -1  -2  -1  -1  -1   2  -1  -2   3   1  -1  -3   0  -1   14   6   0   4   0   8   0   0   0   6   5  17   0   0  18  17   0   0   6   0  0.25 0.09
  474 G     1   0  -1  -2  -2  -1  -2   4   2  -2  -1  -1   1  -2  -2   2   0  -3  -1  -2   10   6   0   0   0   0   0  39   7   0   9   0   6   0   0  19   3   0   3   0  0.32 0.11
  475 A     3   0  -2  -2   6  -1  -2  -1  -2   1  -1   0  -1  -2  -2   0  -1  -3  -2   0   41   7   0   0  23   0   1   1   0  12   1   9   0   0   0   1   1   0   0   1  0.34 0.11
  476 T     1   5  -1  -2  -3   0  -1  -2  -1  -3  -2   2  -2  -3  -2   0   1  -3  -2  -2   15  59   0   1   0   0   1   1   0   1   1   7   0   0   1   4   9   0   0   1  0.52 0.11
  477 L     1  -2  -2  -2  -1   1  -2  -2  -2   2   3  -2   1   0  -2  -1  -1  -2  -1   1   15   1   1   1   0  10   1   1   0  17  50   1   0   0   1   1   1   0   0   1  0.20 0.05
  478 D    -1  -1   1   4  -3   1   3  -2  -1  -3  -3   1  -2  -3  -1   0  -1  -3  -2  -3    1   1   8  35   0   1  36   1   0   1   1   8   0   0   1   5   1   0   0   1  0.52 0.07
  479 S    -1   4   0  -1  -3   1   1  -2  -1  -3  -2   4  -2  -3  -1   1  -1  -3  -2  -2    1  33   1   1   0   1   5   1   0   1   1  42   0   0   1  11   1   0   0   1  0.46 0.07
  480 A     3   1  -1  -2  -1   2   0  -1  -1   0  -1   0  -1  -2  -1   0  -1  -2  -2   0   48  11   1   1   0  16   1   1   0  11   1   5   0   1   1   1   1   0   0   1  0.20 0.06
  481 S     0  -1   2   2  -2   1   0   1  -1  -1  -2   1  -2  -3  -2   1   0  -3  -2  -2    4   0  14  19   0  10   0  10   0  10   0  13   0   0   0  19   0   0   0   0  0.22 0.04
  482 G     0   2   0   3  -3   0   2   2  -1  -3  -3   1  -2  -3  -2   0  -1  -3  -3  -3   10  15   0  27   0   0  13  21   0   0   0  10   0   0   0   4   0   0   0   0  0.34 0.05
  483 S    -1   0   2   0  -3   4   2  -2  -1   0  -2   0  -1  -3  -2   1   1  -3  -2  -1    0   4  14   0   0  33  13   0   0  15   0   0   0   0   0  11  10   0   0   0  0.27 0.07
  484 N    -2  -2   3  -1  -2  -2  -2  -3  -2   2   3  -2   1  -1  -3  -1   1  -3  -2   0    0   0  28   0   0   0   0   0   0  20  42   0   0   0   0   0  10   0   0   0  0.25 0.07
  485 R    -2   6  -1  -3  -3   0  -1  -3  -1  -1   0   1  -1  -2  -3  -2  -2  -3  -2   0    0  76   0   0   0   0   0   0   0   0  14   0   0   0   0   0   0   0   0  10  0.66 0.12
  486 S    -1   0   5   0  -3   1   0  -1   0  -3  -3   2  -2  -3  -2   2   0  -4  -2  -3    0   0  56   0   0   8   0   0   0   0   0  19   0   0   0  17   0   0   0   0  0.50 0.05
  487 R    -2   6  -1  -2  -4   1   0  -3   0  -3  -2   2  -2  -3  -2  -1  -1  -3  -2  -3    0 100   0   0   0   0   0   0   0   0   0   0   0   0   0   0   0   0   0   0  0.86 0.05
  488 L    -1  -2  -3  -4  -1  -2  -3  -4  -3   2   3  -3   1   0  -3  -2  -1  -2  -1   3    0   0   0   0   0   0   0   0   0   0  50   0   0   0   0   0   0   0   0  50  0.32 0.00

                      K         Lambda
Standard Ungapped    0.1370     0.3194
Standard Gapped      0.0340     0.2670
PSI Ungapped         0.1110     0.3176
PSI Gapped           0.0340     0.2670
