
Last position-specific scoring matrix computed, weighted observed percentages rounded down, information per position, and relative weight of gapless real matches to pseudocounts
            A   R   N   D   C   Q   E   G   H   I   L   K   M   F   P   S   T   W   Y   V   A   R   N   D   C   Q   E   G   H   I   L   K   M   F   P   S   T   W   Y   V
    1 M    -2  -3  -4  -4  -2  -2  -3  -4  -3   2   4  -3   4  -1  -4  -3  -2  -3  -2   2    0   0   0   0   0   0   0   0   0  12  53   0  22   0   0   0   0   0   0  13  0.56 0.14
    2 K    -5   7  -4  -5  -7   3  -1   0  -4  -7  -6   4  -5  -7  -6  -2  -5  -7  -6  -6    0  51   0   0   0  13   3   6   0   0   0  25   0   0   0   2   0   0   0   0  1.54 0.73
    3 R    -5  -2  -7  -8  -9  -5  -9   8  -9 -11 -10  -8  -9 -10  -9  -2  -8  -9 -10 -10    1   2   0   0   0   1   0  93   0   0   0   0   0   0   0   3   0   0   0   0  2.87 1.27
    4 P    -6  -9  -7  -9  -7  -5  -9 -10  -9   7   3  -9   0   2  -7  -9  -7  -8  -3  -2    0   0   0   0   0   1   0   0   0  64  23   0   2   7   0   0   0   0   1   2  2.09 0.95
    5 G    -2 -10  -8  -9  -3  -9  -9   8  -9 -11 -11  -9 -10 -10  -9  -6  -9 -10 -10 -10    3   0   0   0   1   0   0  96   0   0   0   0   0   0   0   0   0   0   0   0  3.07 1.36
    6 A     1   4  -2  -6  -7   0   0  -4  -1  -5   1   4  -5   2  -5  -3  -4   1   1  -4   10  21   2   0   0   4   6   1   2   0  16  21   0   8   0   2   1   2   4   1  0.59 0.44
    7 A     5  -2  -4  -2  -1  -2   3   0  -2  -6  -2  -4  -4  -6  -6   1  -3  -8  -4  -3   46   2   1   2   1   2  19   7   1   0   4   1   0   0   0  10   1   0   1   2  0.94 0.64
    8 C    -1  -7  -7  -8   2  -4  -7  -7  -3   5   2  -7   2   1  -7  -4   3  -6   1   1    5   0   0   0   5   1   0   0   1  30  18   0   4   6   0   1  15   0   5  10  0.89 0.52
    9 S     6  -6  -7  -9   4  -8  -8  -6  -8  -4  -5  -6  -7  -9  -8   0  -2  -9  -8   2   67   1   0   0   8   0   0   0   0   1   1   0   0   0   0   6   3   0   0  12  1.80 0.97
   10 R    -4   4  -4  -3  -5   2   2  -6   1  -1   0   3  -1  -2  -5  -3  -2  -2   1  -1    1  22   0   1   0   7  14   0   3   4  11  19   1   2   0   1   3   1   4   4  0.56 0.42
   11 A     2   2  -2  -2  -3   2   3  -2   2  -3   0   0  -2  -5  -5  -1  -2   4  -4  -1   14  12   1   1   0  10  17   3   5   2  10   5   1   0   0   4   3   5   0   5  0.36 0.33
   12 L    -2  -8  -9 -10  -1  -7  -9  -7  -8  -1   5  -8   3   5  -9  -8  -7  -3   1  -5    4   0   0   0   2   0   0   0   0   3  56   0   7  23   0   0   0   0   4   0  1.68 0.85
   13 A     5  -3  -6  -2   1  -4  -5  -2   3   0   0  -3  -3  -4  -7  -1  -4  -7  -1   2   46   2   0   3   2   1   0   3   6   5  10   2   1   1   0   4   1   0   2  11  0.83 0.55
   14 A     2   3   0  -1  -3   2   2  -2  -2  -6  -3   3  -3  -7  -4   1  -2  -7  -5  -5   15  16   4   3   1  10  14   3   1   0   3  17   1   0   1   9   3   0   0   0  0.54 0.43
   15 R     1   3   0   0  -2   2   2  -2   3  -6   0   1   0  -3  -5  -2  -2  -6  -3  -5   13  17   4   5   1  10  13   2   7   0   9   9   3   1   0   3   2   0   1   0  0.42 0.35
   16 G    -5  -2  -2  -3  -9  -5  -5   7  -5  -6  -9  -3  -5  -4  -4  -5  -8  -9  -7 -10    1   2   2   2   0   1   1  84   0   1   0   2   0   1   1   1   0   0   0   0  2.38 1.16
   17 Y     6  -5  -3  -3   1  -3  -5  -3  -1  -3  -2  -3   1   3  -6  -1  -4   1   1  -3   54   1   1   2   3   1   1   2   2   1   4   2   3  10   0   5   1   2   5   2  1.05 0.66
   18 G    -2   3   3  -1  -2   0   0  -3   4  -2  -4   3  -5  -5  -3   0   0   1  -2  -4    3  16  16   4   1   4   5   2   9   2   1  17   0   0   1   7   7   2   2   1  0.55 0.40
   19 V    -4  -6  -7  -5  -2  -8  -7  -9   1   3   2  -6  -3  -4  -8  -7  -2  -8  -3   6    1   0   0   1   1   0   0   0   3  14  18   1   0   1   0   0   2   0   1  57  1.59 0.81
   20 V     2  -6  -7  -7   0  -5  -6  -4   0   3   0  -6  -1   0  -7  -3  -1  -2   0   5   15   0   0   0   2   0   0   2   2  17   9   0   1   4   0   2   3   1   4  36  0.86 0.51
   21 I     1  -7  -6  -7  -4  -7  -7  -4  -4   5   3  -7   0   1  -7  -4  -4  -6  -3   3   11   0   0   0   0   0   0   2   1  25  29   0   2   6   0   1   1   0   1  20  0.97 0.53
   22 S     2  -6   1  -6   3  -5  -6   0  -1   1   1  -5  -1  -2  -5   0   3   2  -5   2   16   0   6   0   6   0   0   6   1   7  15   0   2   1   0   6  15   3   0  15  0.45 0.35
   23 Y     1  -5  -4   4   4  -5  -4   1  -2  -5  -5  -6  -2  -3  -6   3   0  -2   4  -3   12   1   0  23   8   0   1  11   1   1   1   0   1   1   0  18   6   1  11   2  0.79 0.54
   24 V     0   6  -2  -6  -1  -1  -5  -5  -1   2   0  -2  -2  -2  -6   0  -3  -1  -4   0    9  42   2   0   2   3   0   1   1   9  11   2   1   2   0   7   1   1   1   6  0.87 0.55
   25 S    -4   4   4   0  -3   0  -4  -2  -2  -4  -4  -1  -4  -6  -1   3   3  -7  -6  -3    1  22  17   6   1   4   1   3   1   1   2   4   1   0   3  17  15   0   0   2  0.70 0.50
   26 D     0  -1   1   2  -3   1   2  -1   0  -3  -1   0   0  -3   0   1  -1   0  -3  -2    7   4   8  12   0   5  15   6   2   1   8   5   2   1   5  10   4   1   1   2  0.18 0.18
   27 E     0  -2   0   2  -6   1   5  -3  -3  -4  -4   1  -4  -2   1   1  -1  -6  -2  -3    7   2   3  11   0   6  34   2   1   1   2   7   0   2   6   9   3   0   2   3  0.59 0.44
   28 A     1   1   0   0  -4   0   1   0  -1  -5  -1   4  -4  -4   1   0  -1  -6  -4  -3   13   8   4   5   0   4  10   6   2   0   6  21   0   1   6   8   3   0   0   1  0.33 0.28
   29 A     2   0  -2   0  -2  -1   0   2  -3  -2   3   0   0  -4  -3  -1  -2  -2  -4   0   15   5   1   6   1   2   5  14   0   2  25   6   2   0   2   4   2   1   0   6  0.23 0.22
   30 A     3  -1  -2   1  -3   1   2  -1  -2  -1   1   0  -2  -4  -3  -1  -1  -3  -4   0   26   3   2   7   1   6  11   4   1   4  13   5   1   1   1   4   3   0   0   7  0.25 0.23
   31 T     0   1   0   1  -6   4   3  -2   0  -2  -3   2  -3  -6  -2   0   0  -4  -4  -4    7   8   4   7   0  16  19   3   2   3   2  10   1   0   2   6   6   0   1   1  0.42 0.34
   32 A     3   0  -3  -2  -2  -1   2  -2  -3  -3   0   1  -2  -3  -2   0   1  -1  -4   1   24   5   1   3   1   3  14   3   1   1  10   7   1   1   2   5   9   1   0   9  0.26 0.25
   33 V     2  -2  -4  -4   1  -1  -2  -3  -3   1   2   0  -2   0  -4  -2   0   0  -1   3   16   3   1   1   3   2   3   1   1   7  18   5   1   4   1   3   7   2   2  22  0.32 0.24
   34 S     3   0  -2  -1  -2   0   0  -2  -3   0   0   2  -2  -3  -3   0  -1  -3  -2   2   24   6   2   3   1   3   7   2   0   4  10  12   1   1   1   7   3   0   1  12  0.24 0.22
   35 T     1   1  -1   2  -5   2   3  -2  -1  -5  -3   2  -4  -6  -3   0   0  -6  -3  -5   11   6   2  12   0   9  21   3   1   0   3  13   0   0   1   8   5   0   1   1  0.46 0.35
   36 E     0  -1  -1  -1   0   1   5  -3  -3   2   1  -1  -1  -2  -4  -1  -2  -3  -2  -3    7   3   3   3   2   6  32   2   1  10  15   4   1   2   1   4   2   0   1   1  0.47 0.35
   37 I     0  -1  -4  -3   2  -3  -2  -3  -2   3   3  -1   1  -1  -3  -2  -1   2  -2   0    7   3   1   2   4   1   2   2   1  19  30   4   3   2   1   4   4   3   1   6  0.39 0.26
   38 Q     0   2   2  -1  -3   3   3   0   0  -3  -2   2  -3  -5  -1   0  -1  -5  -4  -3    8   9   8   3   1  12  17   6   2   2   3  11   0   0   3   7   4   0   1   2  0.31 0.26
   39 A     3  -1  -1  -1  -3   1   1   0  -1  -2  -2   2  -1  -3   0   1   0  -3  -4  -2   23   3   3   4   0   5   9   8   1   2   4  13   2   1   4   9   5   0   0   2  0.24 0.23
   40 A     0   0   0  -1  -1   0   1  -1   0  -1   0   1   0   0   0   0   0  -2   2  -2   10   4   6   2   1   5   8   5   3   2  11  11   2   4   4   6   7   0   8   2  0.07 0.10
   41 G    -1  -1   0  -2  -5  -2  -2   5   1  -5  -4   0  -5  -4  -2   0  -1  -3   1  -4    5   3   4   3   0   2   3  47   3   1   2   6   0   1   3   7   4   0   5   1  0.80 0.47
   42 G     1  -1  -1   1   0  -1  -1   2  -1  -1  -1  -1  -3  -1   1   0  -1  -4  -2   1   13   4   3   9   2   3   3  18   2   2   5   4   0   3   7   7   3   0   1  11  0.14 0.15
   43 I    -2   3   1   1  -2   3   1  -4   0  -1  -3   2  -3  -5  -3   1   0  -5  -5   0    3  13   8   7   1  11  10   1   2   4   3  13   0   0   1  10   7   0   0   6  0.32 0.28
   44 A     3  -4  -3  -3   3  -3  -3  -4   1   1   0  -2  -2  -2  -2  -1  -1  -6  -1   4   22   1   2   2   6   1   1   1   3   7   9   2   1   2   2   4   4   0   2  27  0.48 0.35
   45 A    -1   0  -2  -1   0  -1   0  -4   3   1   1   1   0   0  -3  -1   1  -1   0   1    6   5   1   3   2   3   7   1   7  10  11   8   2   5   1   5  11   1   2  10  0.12 0.14
   46 T     2  -2  -4  -4   0  -2  -4   0  -2   1  -1  -2  -3   3   0  -1   2   0   2   2   15   2   0   1   2   1   0   7   1   7   5   2   0  11   5   3  12   1   8  14  0.28 0.25
   47 F    -2  -2  -5  -5  -2  -4  -4  -6   1   3   1  -4   1   2  -3  -2  -1   0   3   4    3   2   0   1   1   1   1   0   3  18  14   1   3   9   1   3   4   1   9  24  0.58 0.36
   48 R     1   0  -4  -2  -3   4   0  -3   2  -1  -3   2  -4  -4   3   0   0  -6  -3   1   12   6   0   2   1  16   6   1   5   4   2  10   0   1  12   6   6   0   1  10  0.35 0.32
   49 A     3  -5  -4  -6   7  -5  -5   0  -4  -1   2  -6   3   1  -5  -4  -3  -1  -1   0   21   0   1   0  21   0   1   8   0   3  20   0   6   5   1   1   2   1   2   7  0.85 0.50
   50 D    -6  -5   2   8 -10  -6  -4  -7  -2 -10 -10  -6  -9  -7  -4  -5  -4 -10  -9  -6    1   1   8  83   0   0   1   0   1   0   0   0   0   0   1   1   1   0   0   1  2.76 1.28
   51 A    -2  -8  -8  -5  -1  -3  -6  -8  -8   3   2  -7   1   2  -6  -5  -4  -7  -3   6    4   0   0   1   1   2   1   0   0  12  20   0   3   7   0   1   1   0   1  46  1.24 0.65
   52 G     2   1  -2  -2  -1  -3  -3   1  -6  -5  -3  -4  -2  -5  -6   4   5  -8  -5  -5   14   7   2   2   1   1   2   9   0   1   2   1   1   1   0  27  28   0   0   0  0.81 0.59
   53 C    -2  -1   3   5  -1   0  -1  -5  -2  -4  -4   2  -6  -5  -6   3  -1  -8  -4  -2    3   3  12  28   1   3   4   0   1   1   2  13   0   1   0  19   4   0   1   4  0.76 0.52
   54 E    -1   1  -1   1  -5  -1   3  -3   0  -2   0   0   1  -3   3  -1  -1  -2  -1  -1    6   8   2   8   0   2  17   2   2   3  11   6   3   1  15   4   4   1   3   3  0.24 0.23
   55 S     1  -1  -1   3  -6   1   4  -2  -1  -4  -5   0  -3  -7  -2   1  -1  -4  -5  -4   13   3   3  18   0   6  26   4   2   1   1   6   1   0   2   9   5   0   0   1  0.58 0.43
   56 D     1  -3   0   4  -1   2   2  -1  -2  -4  -6  -3  -2  -3  -5   3  -1  -7  -6  -4   11   1   4  21   1   8  14   4   1   1   0   1   1   1   0  24   3   0   0   1  0.65 0.48
   57 V     0  -1  -4  -6   2  -3  -5  -5  -1   4   0  -6   1  -3  -3  -4  -2  -1   1   5    8   3   1   0   4   1   1   1   2  20   8   0   3   1   2   1   2   1   5  36  0.82 0.47
   58 K     0   2   0   1  -3   2   3  -4  -1  -2  -3   2  -3  -4  -2   0  -1  -3  -1  -2    8  12   4   7   1  10  18   1   1   2   3  13   1   1   2   6   4   0   3   3  0.34 0.29
   59 K     3   3   1   0  -2   2   1  -2  -1  -5  -3   3  -4  -4  -3   0  -1  -6  -3  -4   21  14   8   6   1   8   7   3   1   0   2  14   0   1   1   7   4   0   1   1  0.43 0.34
   60 L     3  -4  -4  -5   1  -4  -5  -4  -4   0   3  -3   2   1  -3  -2   0   0  -1   2   24   1   1   1   3   1   1   1   0   4  27   1   5   5   1   3   5   1   2  13  0.54 0.35
   61 F     1  -2  -4  -5  -3  -4  -3  -4  -2   2   1  -2   2   4  -5  -3  -1  -1  -1   4   12   2   1   1   0   1   1   1   1  12  11   3   5  15   1   2   3   1   2  25  0.56 0.34
   62 E     1   0   0   3  -6   3   3  -3  -1  -6  -4   2  -4  -4  -5  -1  -1  -6  -4  -4   14   5   4  16   0  11  20   2   1   0   2  13   0   1   0   5   4   0   0   1  0.57 0.40
   63 F     1   0  -1  -1  -3   2   3  -3  -1  -3  -1   1  -3   3  -4  -1   1   2  -1  -4   12   4   2   4   1   9  17   2   1   1   5   7   1  11   1   5  10   3   2   1  0.30 0.27
   64 A     4  -5  -6  -5   1  -5  -4  -4  -7   4   0  -6  -3  -2  -6  -3   1  -7  -4   3   27   1   0   1   3   0   1   1   0  22  10   0   1   2   0   2   7   0   1  22  0.85 0.49
   65 D    -1   1  -1   0  -1   0   1  -2  -2   1   0   2   0  -2  -2   0  -1  -4  -3   2    5   8   3   4   1   5  10   3   1   8  11  12   2   1   2   5   4   0   1  14  0.11 0.12
   66 T     1   1  -1   1  -1   2   3  -3  -2  -4  -4   3  -3  -5  -3   1   0  -5  -5  -2   11   7   3   8   1   7  19   2   1   1   1  18   1   1   1   8   6   0   0   3  0.43 0.32
   67 A     0   1  -1   0   1   1   1  -2   2   0   0   2  -1  -1  -2  -1   0  -3  -2   0   10   8   3   6   3   6  11   2   6   5   8  12   1   3   2   4   6   0   1   6  0.11 0.11
   68 F    -2  -3  -3  -3  -2  -3  -3  -3   3  -1   2  -1   2   6  -4  -3  -3   3   3   0    3   2   1   1   1   1   2   3   6   3  18   4   5  28   1   2   2   3   8   7  0.65 0.32
   69 G    -1  -3  -1  -1  -2  -1  -2   6  -2  -3  -3   0  -2  -4   0  -1  -1  -2  -3  -3    6   1   3   4   1   3   3  50   1   2   3   5   1   1   4   5   3   1   1   2  0.83 0.37
   70 D    -1   0   1   1  -1   1   1   2   1  -2  -1   1  -1  -2   0   0   0  -1  -1  -1    5   5   5   9   1   5   7  14   4   2   6   9   1   2   4   7   4   1   2   4  0.09 0.06
   71 G     0   0   0   0  -1   0   0   1   0   0   0   0   0   0   1   0   0   2   0   0    6   4   4   5   1   3   7  12   2   5   9   5   2   4   6   6   6   4   3   7  0.03 0.01
   72 V     0   0   0   1  -1   0   0   2   0  -1   0   0   0  -1   2   0   0   1  -1  -1    6   6   5   7   2   4   5  15   3   3   9   6   2   2   9   5   4   2   2   4  0.07 0.04
   73 P    -2   3  -2   1  -1  -1  -1   0   0  -2  -3   3  -3  -3   3  -1   1  -2   0  -2    4  15   2   8   1   3   4   8   2   2   2  15   1   1  14   5   8   1   3   2  0.32 0.21
   74 L    -5  -7  -7  -7  -2  -7  -7  -7  -7   5   4  -7  -2   0  -3  -5  -5  -7  -6   3    1   0   0   0   1   0   0   0   0  31  38   0   1   4   2   1   1   0   0  19  1.36 0.63
   75 T    -3  -1   1   7  -8  -3  -4  -1   2  -2  -6  -3  -7  -5  -7  -3  -2   3  -3  -6    3   3   6  60   0   1   1   5   4   2   1   2   0   1   0   2   2   3   1   1  1.61 0.79
   76 A     0  -5  -4  -7   1  -4  -7   2   1   5  -1  -6  -1   0  -7  -5  -2  -6   0   4    7   1   1   0   3   1   0  14   3  27   6   0   2   4   0   1   2   0   4  25  0.81 0.44
   77 V    -2  -7  -4  -8  -1  -7  -7  -8  -7   1   6  -7   1   0  -7  -7  -5  -1  -3   3    4   0   1   0   1   0   0   0   0   7  59   0   3   4   0   0   1   1   1  15  1.39 0.67
   78 V    -3  -7  -7  -7  -1  -7  -7  -7  -4   5  -1  -7  -2   1  -7  -4  -6   0  -3   6    2   0   0   0   1   0   0   0   1  31   5   0   1   5   0   2   0   1   1  47  1.59 0.72
   79 N    -1  -6   8  -5   3  -2  -6  -4   4  -7  -1  -6  -4  -4  -2  -1  -4  -3  -4  -3    6   0  56   1   5   2   0   2   8   0   6   0   0   1   3   4   1   1   1   2  1.64 0.82
   80 N    -2  -5   8  -4   4  -6  -6  -2  -6  -4  -7  -4  -3  -1  -7   0  -3  -7  -7  -2    4   1  64   1   7   0   0   4   0   2   1   1   1   3   0   6   2   0   0   3  1.93 0.90
   81 A     7  -4  -5  -6  -6  -4  -5  -4   0  -2  -4  -6  -6  -2  -5  -1  -6  -7  -6   1   73   1   1   0   0   1   1   2   2   2   2   0   0   2   1   4   0   0   0   8  1.73 0.85
   82 G     2  -6  -6  -5  -6  -6  -6   7  -6  -7  -6  -6  -6  -7  -4  -2  -4  -7  -4  -5   13   0   0   1   0   0   0  73   0   0   1   0   0   0   1   4   1   0   1   1  1.98 0.89
   83 I    -1  -2  -3  -4  -2  -2  -4  -2  -1   5   0  -3   2   0  -2  -2   0  -5  -1   3    6   2   1   1   1   2   1   4   1  29   7   2   5   3   3   3   5   0   3  20  0.54 0.29
   84 L     1  -3  -1  -2   2  -1  -2   0  -1   0   1  -2   3   1  -2   1  -1   2   0   0   13   1   3   2   4   2   3   6   2   4  13   3   9   5   2  13   3   3   3   7  0.16 0.14
   85 G     0  -1   1   0  -2   1  -1   2   3  -1  -1  -2  -1  -1   1   0   0   1   0   0    6   3   6   5   1   5   4  14   7   4   5   2   2   3   8   5   5   2   4   9  0.08 0.09
   86 S     0  -1   1   0  -1  -1  -1   0   0  -1   0   0   0   1   2   1   1   1   0  -1    7   2   6   5   1   3   4   7   2   3  10   5   2   5  11   9   9   2   3   4  0.07 0.08
   87 K     0   2   0   0  -2   0  -1   1   1   0  -2   2  -1   0   1   0   0  -2   0  -1    8  10   3   4   1   4   4  12   3   5   3  12   2   4   6   6   5   0   3   5  0.09 0.09
   88 D    -1   0   0   3  -2  -2   0   1   1  -2  -2  -2  -1   0   3  -1  -1   0  -1  -2    4   5   5  17   1   2   5  12   3   3   4   2   2   5  13   5   4   1   3   3  0.23 0.18
   89 Q     1   0   1   0  -1   1   0   0  -1  -1  -1   1  -1  -1   1   0   1  -1  -2   0   14   4   6   4   2   5   7   7   1   3   4   8   2   3   6   8   8   1   1   8  0.07 0.08
   90 T    -1  -1  -1  -1  -3  -2   0  -2  -1  -1   1   1   0   0   4   1   1  -3   0  -2    5   3   3   3   1   1   6   3   2   3  12   8   2   4  17  10  11   0   3   3  0.20 0.18
   91 L    -1  -3  -2  -2  -3  -4  -2  -4  -3   2   3  -3   0   5  -1  -2  -2  -2  -1   1    6   2   2   3   1   1   3   2   1  12  23   2   2  21   3   3   3   1   2  10  0.46 0.26
   92 A     0  -1  -1   0  -3  -1   2  -1   1  -1   1  -1   0   0  -1   0   0   3  -1   0    8   2   3   6   1   2  14   5   4   3  17   3   3   5   3   6   5   4   1   6  0.10 0.12
   93 A    -1   0   0   4  -4   0   3  -3   1  -3  -2   1  -3  -4  -3   1  -2  -3  -4  -3    5   6   5  23   0   4  21   2   4   2   4   7   1   1   1   9   3   1   1   2  0.51 0.34
   94 T    -1  -3  -1  -2   1  -3  -2  -1  -1   1   1  -2   5   1  -3  -1   2  -4   0   1    5   1   3   3   3   1   3   4   2   9  13   2  15   5   1   4  13   0   4  10  0.30 0.22
   95 T    -3  -2  -1   2  -2  -1  -1  -3  -3  -4  -4  -1  -6  -5   2   3   5  -7  -6  -5    3   2   3  12   1   3   4   2   1   1   2   5   0   1  10  21  29   0   0   1  0.74 0.51
   96 S     0   0  -1   2  -5  -1   2  -3  -2   0   0   0  -1  -1   1  -1  -1  -2   0   0   10   6   3  13   0   3  14   1   1   5  10   5   1   3   7   5   3   0   4   7  0.16 0.16
   97 Q     0  -3  -1   4  -7   1   5  -3   1  -5  -4   1  -3  -4  -2   0  -2  -2  -4  -5    8   1   3  18   0   5  33   2   3   1   2   8   1   1   2   6   2   1   1   1  0.73 0.47
   98 E     0   0   1   0  -3   1   0   0   2   0  -1   0   1  -2   1   0   0  -2   1   0    6   6   6   6   0   6   6   6   6   6   6   6   6   0   6   6   6   0   6   6  0.05 0.08
   99 L    -3  -3  -3  -3  -1  -6  -4  -4  -1   1   1  -6   2   5  -7  -4  -3   8   3   0    3   2   1   2   1   0   1   1   2   8  12   0   4  22   0   1   2  21   8   7  1.07 0.58
  100 H    -1   2   1   3  -1   1   2  -2   2  -3  -2   1   0  -2  -2  -1  -1   0  -2  -2    6  12   7  14   1   6  12   2   5   2   4  10   2   2   1   4   4   2   1   2  0.24 0.22
  101 E     0   2   1   1  -1   1   1  -2   1  -2  -1   2  -1  -1  -2   0   0   1  -2  -2    8  11   6   7   1   7  10   2   3   3   5  11   2   3   2   7   7   2   1   2  0.14 0.16
  102 L     0  -3  -2  -3   1   0  -2  -3   1   3   0  -4   3  -2  -2   0   1  -5  -1   3    8   1   2   2   3   4   2   2   4  17   7   0   7   1   2   7  10   0   2  18  0.29 0.27
  103 M    -2  -6  -2  -6  -1  -2  -6  -4   0   4   1  -6   6   3  -6  -4  -2   2   0   1    3   0   2   0   1   2   0   2   2  22  14   0  19  13   0   1   2   3   3  10  0.83 0.50
  104 A     1   0   3   3  -2   2   2  -1   2  -4  -4   0  -1  -5  -3   0   0  -1  -2  -4   10   4  13  16   1   9  11   5   5   1   2   5   1   0   1   7   5   1   1   1  0.35 0.29
  105 V    -2  -3  -5  -6   0  -3  -5  -3  -6   4  -1  -5   0  -2   0  -3   3  -6  -1   5    3   2   0   0   2   1   0   2   0  21   6   0   2   1   5   2  18   0   2  33  0.79 0.48
  106 N    -6  -2   8  -2  -2  -5  -6  -3   2  -7  -5   1  -2  -4  -7   0  -3  -8  -7  -3    0   2  66   2   1   0   0   2   4   0   1   7   1   1   0   8   1   0   0   3  1.88 0.95
  107 V    -1  -4  -2  -6   2  -4  -5  -4   1   2   3  -5  -1   3  -5  -2   0  -4   2   3    4   1   2   0   4   1   0   2   3   9  29   0   1  10   0   2   6   0   7  19  0.53 0.36
  108 V    -1   1   0   0  -1  -1  -1  -2   1   0   1   0   1   1  -3  -1   1   2   1  -1    5   9   5   4   2   2   3   3   4   4  15   7   3   7   0   2  12   3   6   4  0.09 0.13
  109 G     2  -2  -1  -2  -5  -4  -4   5   0  -5  -5  -4  -5  -5   0   3  -1   1  -5  -2   14   2   2   2   0   0   0  39   2   0   0   0   0   0   4  22   4   2   0   2  0.81 0.51
  110 P     1  -1  -1  -2  -1  -1  -3  -2   2  -1   0  -2   1  -1   1   0   3  -4   0   1   15   2   2   2   1   2   0   2   5   2  10   2   5   3   8   5  20   0   3  10  0.20 0.23
  111 L    -1  -2  -2  -5   0  -2  -4  -3  -1   1   2  -2   2   4  -2  -2  -1   3   3   1    5   2   2   0   2   2   0   2   2   6  21   2   5  19   2   2   3   4   9  10  0.41 0.29
  112 T    -1   0   2  -1  -1   0  -1  -2   2   0   1   0   0   1  -1  -1  -1   2   2  -1    6   6  10   4   1   4   3   2   5   4  18   5   3   7   3   4   2   3   7   3  0.09 0.12
  113 A     0  -4  -4  -5   4  -2  -5   0  -5   1   3  -4   4   0  -1  -2   1  -4  -4   2    6   0   0   0   9   2   0   7   0   5  25   0  11   3   3   2   9   0   0  17  0.49 0.33
  114 C     1  -5  -2  -3   4  -3  -4  -3   0   1  -2  -4   0  -3  -5   2   5  -5  -3   0   13   0   2   2   7   1   1   2   2   7   4   0   2   1   0  14  33   0   1   7  0.67 0.46
  115 R    -2   4  -2  -3  -3   4   0  -4   2  -4  -2   4  -1  -4  -5  -1   0   0  -2  -2    3  20   2   1   1  18   5   1   5   1   5  20   1   1   0   4   5   1   2   3  0.62 0.42
  116 E     3  -2  -1  -3  -2  -1   1  -1   2   0   2  -1  -1  -3  -3  -1  -1  -5  -1  -1   28   2   2   1   1   3  11   4   5   4  17   3   2   1   1   4   4   0   2   4  0.29 0.27
  117 A     3  -5  -5  -3   1  -3  -3  -2  -5   0   2  -4   0   3  -5  -2  -1  -5  -4   3   28   0   0   1   2   1   2   3   0   6  16   1   2  11   0   3   4   0   0  18  0.55 0.38
  118 E     1  -2  -3  -3  -2  -1  -2  -2   2   1   3  -3   1  -1  -2  -2  -1   0   1   1   12   2   1   2   1   3   2   4   5   9  30   2   3   2   2   2   3   1   6   8  0.28 0.23
  119 K    -2   2  -1   1  -6   0   0  -2  -1  -5  -2   2  -5  -3   6  -3  -3  -6  -4  -5    3  10   3   7   0   4   7   3   2   1   5  13   0   2  37   2   1   0   1   1  0.85 0.54
  120 R     0   0  -2  -1  -2   0  -1  -1   4   0   1  -1   1   0  -2   0  -1  -3   2   0    9   5   2   3   1   4   4   5  10   7  17   4   3   3   2   6   3   0   7   5  0.11 0.13
  121 M    -2  -4  -4  -4  -3  -4  -7  -5  -2   0   4  -6   8   3  -4  -6  -4   2  -4  -3    3   1   1   1   1   1   0   1   1   4  30   0  38   9   1   0   1   3   1   2  1.52 0.77
  122 S    -1   2  -1   0  -2   0   0  -2  -1   1   1   2   1  -2   0  -1  -2  -2  -1   0    4  11   3   6   1   4   4   2   2   9  14  15   3   1   6   4   2   1   2   7  0.12 0.13
  123 T     1   1  -2   1  -3   2   2  -2  -2  -3  -2   3  -2  -2   0   0  -1  -1  -4  -3   10   8   2   8   1   8  11   3   1   1   4  20   1   2   6   7   4   1   0   2  0.28 0.24
  124 A     0   3   0   0  -2   2   0  -2  -1  -2  -1   0   1  -1  -3   2   0  -2  -3  -3    8  15   4   5   1  10   5   2   2   3   8   6   3   3   1  16   6   1   1   1  0.20 0.20
  125 H    -1   2   1  -1  -3   1   1   1   3  -2  -1   2  -1   0   0   0  -1  -3  -2  -1    3  10   7   3   1   5   7  12   7   2   6  12   2   4   5   6   3   0   1   4  0.14 0.11
  126 G     0   0   0   0   0   0   0   1   0  -1  -1   0  -1   0   0   1   0   0   0  -1    6   5   5   5   2   4   5  10   3   2   7   7   2   5   5  11   6   1   4   4  0.04 0.03
  127 G    -1   1   0   0  -1   0  -1   4   1  -2  -2   0  -2  -1   0   0  -1  -2  -2  -2    4   8   4   4   2   4   3  28   3   2   5   7   1   3   5   8   4   0   2   3  0.25 0.14
  128 E     0   3   0   0  -1   1   0  -2   0  -1  -1   2  -1   0   1   0  -1  -1  -2  -1    8  16   4   5   1   6   7   3   2   3   5  12   1   4   7   5   4   1   1   4  0.15 0.12
  129 G     0   1  -1  -1  -3  -1  -1   3  -2  -2  -1   1  -1  -1   1   0  -1  -2  -1  -1    8   9   3   3   1   2   3  22   1   2   6   8   2   3   8   8   4   1   2   5  0.18 0.13
  130 G     0  -1  -2  -1  -2  -1  -2   6  -3  -1  -3  -2  -4  -3  -3   0  -3  -4  -3  -1    7   3   1   4   1   2   2  51   1   4   2   3   0   2   1   8   1   0   1   5  0.86 0.44
  131 A     0   3  -1  -2  -1  -2  -3  -3   3   0   0  -1  -1   0  -2   3   0  -2  -2   1    8  15   3   2   1   1   1   1   8   6   8   2   2   5   2  20   5   1   1   8  0.26 0.23
  132 I    -4  -5  -4  -7  -3  -6  -6  -6  -7   7   0  -6   0   0  -6  -3  -4  -6  -5   3    1   1   1   0   1   0   0   1   0  60   8   0   2   4   0   2   1   0   0  16  1.65 0.74
  133 V    -3  -7  -7  -7  -2  -7  -7  -5  -7   5   1  -7  -4   0  -7  -3  -1  -7  -6   5    2   0   0   0   1   0   0   1   0  32  12   0   0   4   0   3   4   0   0  40  1.35 0.68
  134 Q    -2  -5   6  -4   0  -3  -5  -3  -1  -1   0  -4   0   2  -2  -1   2   0  -1   0    3   0  36   0   2   1   0   2   2   4   9   1   2   9   2   5  11   1   2   7  0.75 0.50
  135 I    -2  -6  -4  -5  -1  -4  -5  -4  -6   4   1  -5   4   2  -6  -2   2  -6  -5   3    3   0   1   0   1   1   1   2   0  25  12   1  11   7   0   3  12   0   0  21  0.82 0.48
  136 S     1  -6   0  -3   1  -6  -5   2  -6  -2  -5  -6  -6  -5  -6   6   1  -7  -7  -3   12   0   4   1   3   0   1  13   0   2   1   0   0   1   0  51   9   0   0   2  1.15 0.73
  137 S    -3  -7  -3  -3  -4  -4  -5  -3  -7  -4  -7  -5  -3  -8   0   7  -4  -8  -1  -5    2   0   1   1   0   1   1   2   0   1   0   1   1   0   5  80   1   0   2   1  2.07 1.12
  138 G     0  -3   0  -3  -3  -2  -2   0  -4   3   0  -2   2   0  -3   0   0  -5   0   3    7   1   5   1   0   2   2   7   0  16   9   2   6   4   1   7   5   0   3  22  0.29 0.24
  139 S     4  -2   0  -3   0  -1  -2   0   2  -2  -1  -3   0  -2  -4   2   1  -3  -2   0   30   2   4   1   2   2   2   8   5   2   7   1   2   1   0  14   8   0   2   7  0.34 0.31
  140 A     3  -4  -3  -5  -2  -4  -4   6   1  -4  -6  -5  -4  -4  -6   0  -3   0  -2  -1   21   1   1   1   1   1   1  49   4   1   0   1   1   1   0   8   2   1   1   4  1.13 0.65
  141 Y    -2   0  -1  -2   0   0  -1  -1   2   1   1   0   1   1  -2  -1  -1   1   1   1    1   6   2   1   2   4   4   4   6  10  15   7   4   7   1   5   4   2   5  11  0.09 0.11
  142 I    -1   1  -1  -2  -1   0  -1  -2  -2   2   1   0   2   1  -2  -1   0   0   1   1    4   8   3   2   1   3   4   2   0  11  11   5   7   7   2   5   5   1   5  11  0.09 0.12
  143 G     2  -3  -1  -4  -5  -4  -5   5  -1  -4  -6  -3  -3  -7   4   0  -1  -7  -4  -3   14   1   3   1   0   1   1  41   1   1   1   2   1   0  20   6   3   0   1   2  0.99 0.61
  144 T    -1  -1   3  -3  -4   1  -1   1   0  -1  -2  -2  -1   2  -2   1   1   2   1  -1    5   2  17   1   0   6   3  11   2   3   4   2   2   7   2  10   9   3   5   5  0.21 0.22
  145 P    -1  -2  -1  -2  -7   4  -3   0   2  -5  -4  -4   0  -3   6  -2  -3   2   1  -2    6   2   4   2   0  17   1   7   4   0   2   1   2   1  34   3   2   3   5   4  0.87 0.59
  146 L     3  -2  -1  -3   2  -3  -3   1   1  -1  -2  -4  -1   0   0   2   1  -1  -3  -1   24   2   3   1   4   1   1  10   4   3   5   0   2   4   4  16   9   1   0   5  0.32 0.30
  147 L     3  -4   3  -3  -1  -1  -4  -1   2   0   1  -4   2  -1   0  -2  -1  -6  -2   2   24   0  12   1   1   3   0   4   4   5  12   0   4   2   5   2   3   0   1  13  0.34 0.31
  148 Y    -5  -8  -3  -9  -8  -6  -6  -9  -5  -5  -7  -8  -1  -2  -9  -4  -6  -5  10  -4    1   0   1   0   0   0   1   0   0   1   0   0   2   1   0   2   0   0  87   2  3.44 1.48
  149 A     3  -4   1  -5   5  -4  -5   2  -2  -3  -6  -4  -6  -7  -3   4   1  -7  -5  -2   22   1   6   0   9   1   0  17   1   1   0   1   0   0   1  26   8   0   0   3  0.81 0.55
  150 A     5  -2  -4  -3  -2  -2  -3   0  -3  -2  -4  -5   1  -7  -1   1   0  -7  -3   1   47   2   1   1   1   2   2   6   1   2   2   0   3   0   4  10   5   0   1  10  0.78 0.55
  151 S     3  -7  -4  -7  -3  -3  -6  -1  -7  -5  -6  -6  -4  -5  -5   6   3  -9  -8  -5   25   0   1   0   1   1   0   5   0   1   1   0   1   0   1  48  16   0   0   1  1.39 0.85
  152 K    -5  -2   1  -7  -5  -5  -5  -4  -7  -8  -6   8  -7  -8  -7  -5  -6  -8  -1  -6    1   1   5   0   0   0   0   1   0   0   1  85   0   0   0   1   0   0   2   1  2.54 1.18
  153 G     5  -3  -4  -4  -3  -4  -3   1   4  -3   0  -3  -2   2  -5   0   0  -2   1  -3   42   1   1   1   1   0   1   9   8   2   8   1   1   7   0   5   5   1   4   1  0.65 0.46
  154 A     5  -6  -4  -6  -1  -4  -6   4  -3  -5  -5  -6  -3   3  -6  -1  -4  -3  -1  -4   50   0   1   0   1   1   0  25   1   1   1   0   1  10   0   4   1   0   3   1  1.25 0.71
  155 L    -1  -3   0  -4   0   0  -4  -3  -5   2   4  -5   2  -4  -6  -4  -3  -6  -5   4    5   1   4   1   2   5   1   2   0   9  35   0   5   0   0   1   2   0   0  26  0.76 0.46
  156 N    -2   0   2   3  -2   0   2  -3   0   2   0  -2  -1  -3  -5  -1  -1  -5  -2   1    3   4  11  14   1   4  15   2   2  12   8   2   1   1   0   3   4   0   2  10  0.25 0.24
  157 S     2  -3   1  -4  -5   0  -5   4   1  -4  -1  -4   3  -3  -5   1   0   0   0  -2   19   1   6   1   0   5   0  26   4   1   7   1   7   1   0  10   6   1   3   3  0.47 0.38
  158 I    -3  -7  -4  -5  -2  -4  -7  -6  -2  -1   4  -7   4   6  -8  -4  -3   3   2  -3    3   0   1   1   1   1   0   0   1   3  35   0   8  33   0   1   2   4   5   2  1.28 0.67
  159 T     2  -6  -1  -6  -1  -2  -5  -4  -1  -1  -4  -5   2   0  -6   2   5  -6  -2   2   14   0   2   0   1   2   0   1   2   3   1   0   4   4   0  17  35   0   1  11  0.79 0.56
  160 I    -2   5   0   1  -4   2   1  -4  -1  -3  -3   3  -3  -5  -5  -1  -2  -6  -3  -3    4  33   5   8   0   8   8   1   1   1   2  18   1   0   0   4   3   0   1   2  0.73 0.48
  161 G     2  -3   0  -2   3  -1   0   0   0  -1  -4  -3  -3  -2  -4   4   1   0   0  -1   15   1   4   1   5   2   6   8   3   4   1   1   1   1   1  27   9   1   4   5  0.35 0.33
  162 L    -1  -4  -7  -8  -2  -4  -7  -7  -3   1   6  -7   4   1  -6  -6  -3   1  -1  -1    5   1   0   0   1   1   0   0   1   6  62   0   8   5   0   0   2   2   2   4  1.24 0.66
  163 V     6   2  -4  -5  -1  -1  -4  -1   1  -6  -6  -5  -5  -4  -6   0  -3  -8  -3  -5   63  12   1   0   1   2   1   4   3   0   0   0   0   1   0   7   1   0   1   1  1.36 0.80
  164 K     1   3   0  -2   1   1   0  -2   2  -1   0   1  -1   0  -3  -1  -1  -1   0   0   13  16   4   2   4   6   5   2   5   3   9   8   2   4   1   4   3   1   3   7  0.12 0.15
  165 P    -3   1  -3   2  -3   1   6  -3  -1  -7  -4  -1  -5  -6  -4  -1  -4  -4   0  -5    2   7   1  10   1   5  53   2   1   0   2   4   0   0   1   4   1   0   3   1  1.12 0.68
  166 L    -1   0  -5  -6  -2  -4  -4  -3  -2  -2   4  -5   2   1  -6  -4  -3   6   3   0    5   6   0   0   1   0   1   3   1   2  42   0   4   4   0   1   2  10  10   6  0.81 0.49
  167 A     3   1  -2  -2  -3   0  -1   3   0  -2  -3   0  -1  -2  -1   0  -2  -1  -3  -3   27   9   2   2   1   4   4  20   2   2   2   7   2   1   4   6   2   1   1   1  0.35 0.30
  168 Q    -1   1   0   1  -2   1   1   0   1  -3  -4   2  -3  -5   4   0  -2  -3  -3  -4    6   9   4   7   1   5   8   8   3   2   1  14   0   0  20   8   3   0   1   1  0.42 0.33
  169 V    -2   2  -1   1  -4   1   0  -5   3  -3  -2   2  -3   1  -1   0   2   0   2  -3    2   9   3   8   0   6   6   0   8   1   4  12   0   7   3   7  11   1   8   2  0.29 0.26
  170 G    -2  -3   4  -1  -6  -2  -3   6  -1  -6  -5   0  -6  -6  -4  -2  -4   0  -6  -6    4   2  16   3   0   2   2  56   1   0   1   6   0   0   1   3   1   1   0   0  1.28 0.66
  171 I    -4  -7  -7  -6  -4  -6  -7  -7  -5   7   0  -6  -1  -2  -7  -5  -2  -7  -3   5    2   0   0   0   0   0   0   0   0  48   8   0   1   2   0   1   2   0   1  33  1.61 0.76
  172 R    -1   6  -1  -2  -4  -2  -4  -4   1  -1  -3   1  -2  -3  -3  -1   3  -7  -2  -2    4  41   3   3   0   2   1   2   3   3   3   8   1   1   2   4  16   0   1   2  0.80 0.53
  173 I     1  -7  -7  -8   3  -7  -7  -6  -8   2  -2  -7  -2   0  -7  -2  -1  -7  -4   6   12   0   0   0   6   0   0   1   0  10   4   0   1   4   0   3   3   0   0  56  1.34 0.71
  174 N    -4  -6   7  -5  -1   0  -3  -4   0  -2  -3  -5   0  -3  -7   1   1  -2   0   0    1   0  51   0   2   4   2   1   2   2   3   0   2   1   0   9   9   1   3   7  1.24 0.72
  175 T     4  -6  -2  -3   5  -5  -4   0  -6   0  -1  -5  -1  -5  -5   3   1  -6  -6   1   28   0   2   1  11   0   1   6   0   6   7   0   1   0   0  18   9   0   0   9  0.63 0.45
  176 V    -3  -7  -8  -8   1  -4  -7  -8  -5   5   1  -7   1  -3  -7  -7  -4  -7  -1   6    2   0   0   0   3   1   0   0   0  31  13   0   3   1   0   0   1   0   2  43  1.42 0.70
  177 S     3  -3   1  -1   5  -1  -1  -2   3  -2  -1  -4  -1  -2  -5   2  -2   1  -1  -2   24   1   7   3  12   2   4   2   8   2   5   0   1   2   0  16   2   2   2   2  0.49 0.38
  178 P    -1  -8  -8  -8  -1  -5  -6  -4  -6  -4  -2  -7  -4  -9   8  -2  -5  -9  -9  -5    5   0   0   0   1   0   0   1   0   1   5   0   1   0  80   3   1   0   0   1  2.57 1.21
  179 G    -3  -7  -3  -5  -3  -7  -6   7  -4  -5  -7  -7  -4  -2  -4  -3  -3   1   1  -5    3   0   1   0   1   0   0  77   0   1   1   0   1   2   1   2   2   2   5   1  1.94 0.92
  180 M     0  -2  -1  -3  -2  -2  -4   0  -1   1   1  -4   1   2   3  -2   0   3   2   0    7   2   3   1   1   1   1   7   1   8  13   0   4  10  13   3   5   4   8   7  0.24 0.21
  181 T    -2  -4  -7  -7  -2  -6  -7  -7  -7   5  -1  -5   1   1  -7  -5   2  -7  -3   5    3   1   0   0   1   0   0   0   0  33   4   1   3   5   0   1  11   0   1  36  1.23 0.63
  182 E     1   2   1   3  -5   1   1  -2  -1  -4  -1   2  -1  -4  -2  -1  -1   0  -2  -1   11  13   6  15   0   7   7   3   1   0   6  14   2   1   2   4   3   1   2   4  0.24 0.22
  183 T    -5  -7  -3  -6  -7  -5  -6  -4  -7  -7  -7  -5  -6  -4  -6   2   8  -3  -7  -5    1   0   1   0   0   0   0   2   0   0   0   0   0   1   0  14  77   1   0   1  2.26 1.11
  184 D    -1  -1   2   3  -6  -2   3   0  -4  -6  -3   0  -4  -5   4  -1  -2  -7  -6  -4    6   4   8  19   0   1  19   8   0   0   3   5   0   0  20   4   2   0   0   1  0.63 0.43
  185 L    -1  -5  -4  -3  -6  -3  -2  -1  -5   2   3  -4   8   1  -6  -3  -4   0  -4  -2    5   0   1   1   0   1   3   5   0   9  22   1  38   5   0   2   1   1   0   2  1.14 0.62
  186 V     0  -3  -1  -3  -3  -1  -2  -1  -2   0   1  -2   2   1  -3   1   2   2   1   1    9   1   3   1   0   3   1   6   1   3  11   1   6   7   1  11  16   3   4  11  0.18 0.20
  187 A     1   2   0   0  -4   1   1   1   1  -4  -3   2  -1  -3   0   1  -1  -3  -1  -2   11  13   4   6   0   7   9  10   3   1   2  11   2   1   5   8   3   0   2   2  0.21 0.20
  188 D     0  -1   3   2  -5   1   2   0   2  -3  -4   1  -3  -3   0   1  -1   0  -2  -3    7   3  12  13   0   5  13   8   4   2   1   9   0   1   5   9   3   1   1   2  0.29 0.24
  189 V     0   0   0  -1  -1   0   0  -1  -1   1   1   0   1   0   0   0   0  -1  -1   1   10   4   4   2   1   3   6   3   1  10  13   6   3   6   3   6   5   1   1  10  0.02 0.04
  190 I     0   0  -1   0  -2   0  -1  -1  -2   1   1   0   2   1   0  -1  -1   1   0   1    8   6   3   5   0   3   3   4   1   8  13   7   7   6   4   5   3   2   3   9  0.03 0.06
  191 P     1   1  -1   1  -5   1   2  -1  -1  -2  -3   1  -2  -2   4  -1  -1   0  -4  -3   11   9   2   7   0   6  14   4   1   3   3   9   1   2  18   3   4   2   0   2  0.33 0.27
  192 R    -1   2   1   0  -5   1   3  -1  -1  -2  -3   3  -1  -3  -1  -1  -1   0  -3  -4    6  11   6   6   0   6  22   5   1   2   2  18   1   1   2   4   4   1   1   1  0.37 0.30
  193 F     0  -1  -1  -1  -2   0   2   0   1  -1   0   1   1   2  -1  -1  -1   1   1  -1    9   3   2   3   1   4  15   7   3   3   8   8   4  10   3   4   4   2   4   5  0.07 0.10
  194 D     0  -1   0   1  -3   0   0   0  -1   0   0   0   2  -1  -1   0   0   4   1   0    9   4   3   9   0   2   7   6   2   7   6   6   8   3   2   5   4   5   4   5  0.07 0.10
  195 F     1   0  -2  -1  -4  -2   0  -3  -1   1   1   1   2   2  -3  -2   0   2   1   0   12   5   1   3   0   1   8   1   2   7  16   8   7   9   1   2   5   3   5   4  0.14 0.16
  196 S     1   1   0   2  -4   2   2  -1  -2  -4  -2   2  -3  -4  -1   2  -2  -2  -3  -2   13   6   4  10   0   9  13   5   1   1   3  12   0   0   4  14   2   1   1   2  0.28 0.25
  197 Q     0   2   1  -2  -3   2   1  -2   0  -2  -2   2   1  -1  -3   0   0   0  -1  -1    7  10   7   1   0  11  10   3   2   1   4  15   5   2   1   7   5   1   2   6  0.21 0.20
  198 I     0  -2  -1  -2  -1  -1  -2  -4   0   4   0  -3   1  -1  -3   0   2  -4  -1   2    8   2   3   2   1   3   2   1   2  24   9   1   3   2   1   6  14   0   2  13  0.30 0.23
  199 P    -1  -3  -2  -4  -5  -4  -3  -2  -5  -5   0  -2  -2  -2   7  -2  -3   1  -2  -3    6   1   2   1   0   1   2   3   0   0  10   3   1   2  57   3   1   2   1   2  1.40 0.69
  200 L     0  -3  -4  -3  -1  -2  -3  -4  -3   2   4  -1   5   0  -3  -3  -1  -1  -1   0    9   1   1   1   1   1   2   1   1   9  37   5  14   4   1   2   4   1   2   4  0.56 0.34
  201 G    -1   1   0  -2  -4   1  -2   4  -1  -3  -3   3  -2  -2  -1   0  -3  -4  -1  -4    5   7   4   2   0   6   2  34   2   1   3  18   1   2   3   6   1   0   2   1  0.52 0.33
  202 R    -3   7  -2  -4  -4  -2  -1  -2  -1  -4  -5   2  -4  -1  -3  -4   0   1  -1  -3    2  55   2   1   0   1   4   3   2   1   1   9   0   3   2   1   7   2   2   2  1.21 0.59
  203 I     0  -2  -1  -2  -1  -3  -2  -2  -2   1   2  -2   2   2   0  -1   0   0   1   2    8   1   4   2   1   0   3   4   1   8  19   2   6  10   4   3   5   2   4  13  0.15 0.13
  204 G     2  -3  -4  -3  -1  -2  -4   5  -4  -1   0  -2  -1  -4  -1  -1  -2  -5  -3   0   16   1   0   1   1   2   1  39   0   4  11   3   2   1   4   4   3   0   1   6  0.57 0.35
  205 Q    -2   1  -1   1  -5   2   2  -1  -1  -3  -2   1  -2  -3  -4   1   4  -5  -2  -2    2   7   2   8   0   9  16   4   2   1   3   8   1   1   0   9  23   0   1   3  0.39 0.34
  206 P     2  -6  -7  -6  -7  -3  -3  -5  -7  -1  -5  -4  -3  -7   7  -3  -2  -8  -5   0   19   0   0   0   0   2   2   1   0   3   1   1   1   0  59   2   3   0   0   6  1.73 0.88
  207 S    -1   0  -1   2  -7   1   5  -3  -3  -3  -4   1  -4  -7  -3  -1  -1  -3  -3  -1    6   5   2  12   0   5  44   2   0   1   2   7   0   0   1   4   4   0   1   4  0.78 0.52
  208 E    -5  -4  -1   5  -4   0   6  -3   1  -8  -6  -3  -4  -6  -4  -5  -2  -8  -3  -7    1   1   3  33   0   3  49   2   3   0   1   1   0   0   1   0   2   0   1   0  1.58 0.83
  209 V    -4  -7  -7  -7   2  -3  -7  -1  -4   4   0  -6   2  -2  -7  -4  -4  -6   0   5    1   0   0   0   4   1   0   6   0  25   7   0   5   2   0   1   0   0   3  45  1.16 0.61
  210 A     6  -5  -6  -6  -3  -4  -6   0  -6  -3  -3  -3  -1  -7  -5   0  -2  -7  -3   1   65   0   0   0   0   1   0   8   0   1   3   2   1   0   0   6   2   0   1   8  1.29 0.73
  211 A     0   1   3   2  -3   1   2   2   1  -4  -5   0  -3  -2   0   0  -2  -1  -4  -5    9   8  14  11   1   5  12  14   4   1   1   6   1   2   4   6   1   1   0   0  0.36 0.29
  212 A     4  -5  -3  -5   0  -2  -3  -3  -5   0   2  -4   0  -3  -1   0   3  -4  -4   2   31   0   1   0   2   2   1   1   0   4  17   0   2   1   2   5  16   0   0  14  0.53 0.40
  213 V     2  -6  -6  -7   0  -6  -6  -5  -6   3   0  -6  -1  -4  -2  -2  -3  -6   3   5   19   0   0   0   2   0   0   1   0  17   7   0   1   0   2   2   1   0   9  38  0.92 0.54
  214 V     2  -3  -3  -3   2  -2  -3  -2  -4   1   3  -3  -1  -2  -5  -1  -2  -3  -3   3   20   1   1   2   4   1   2   3   0   8  24   1   1   1   0   5   2   0   0  25  0.46 0.34
  215 W    -3  -5  -5  -8  -7  -4  -7  -3  -3  -4  -2  -3  -1   8  -8  -5  -4   6   6  -6    2   1   1   0   0   1   0   2   1   1   3   2   2  52   0   1   1   9  23   0  1.97 0.88
  216 L    -3  -7  -8  -8   0  -7  -8  -8  -8   0   6  -7   0  -1  -8  -7  -6  -6  -4  -1    3   0   0   0   2   0   0   0   0   4  84   0   2   2   0   0   0   0   1   3  1.89 0.87
  217 L     5  -6  -6  -7   6  -6  -6  -5  -6   0   2  -6   0  -2  -6  -2  -3  -6  -6   0   51   0   0   0  13   0   0   0   0   4  18   0   2   2   0   3   1   0   0   6  1.18 0.66
  218 S    -2  -3  -2   0  -2  -3   0  -1  -2  -3  -3  -3  -4  -4  -5   6   1  -6  -5  -5    2   1   2   4   1   1   5   4   1   2   3   1   0   1   0  64   9   0   0   0  1.20 0.71
  219 P    -3  -1   0   6  -4  -1   3  -3  -2  -6  -6  -2  -5  -6   4  -1  -2  -6  -4  -6    1   4   4  38   0   2  16   1   1   0   0   1   0   0  23   4   2   0   1   0  1.08 0.57
  220 D     2   0  -1   3  -5   0   3  -2   0  -4   0   1  -2  -2  -3  -2  -2   0  -3  -4   17   4   3  19   0   3  23   2   2   0  11   8   1   1   1   2   1   1   1   0  0.42 0.33
  221 A     5  -5   1  -4  -2  -3  -2  -1  -2  -5  -4  -4  -2  -4  -5   5  -1  -6  -5  -3   40   0   5   1   1   1   2   5   1   0   2   0   1   1   0  37   3   0   0   2  0.99 0.61
  222 S     1   1  -1   0   0  -2   0   0  -4  -4  -4   1  -4  -5   0   4   0  -5  -3  -2   11   9   2   4   2   0   7   6   0   1   1   7   0   0   5  37   5   0   1   3  0.45 0.36
  223 Y    -1  -3  -5  -5  -5  -4  -3   1   0  -3  -2  -2   0   4  -1  -3  -4   5   7  -3    5   1   0   0   0   1   2  10   2   1   3   2   2  14   4   2   1   9  40   2  1.14 0.57
  224 V    -2  -6  -6  -5   1  -5  -5  -6  -6   5   1  -5   2  -4  -3  -4   1  -6  -3   5    2   0   0   0   2   0   1   0   0  35   9   0   5   0   1   1   9   0   1  33  1.03 0.52
  225 A    -3  -4   4  -5  -6  -4  -5  -6  -2  -6  -6  -5  -5  -3  -6   2   7  -7  -3  -4    1   1  16   0   0   1   0   0   1   0   0   0   0   2   0  13  64   0   1   1  1.69 0.86
  226 G    -2  -6  -4  -6  -8  -7  -5   8  -7  -9  -7  -7  -5  -8  -7  -4  -7  -8  -8  -8    3   0   0   0   0   0   1  95   0   0   1   0   0   0   0   0   0   0   0   0  2.66 1.06
  227 A     2  -1  -1  -2  -2   5   2  -3   2   0  -3   0  -2  -4  -4   1   1  -5  -3  -1   15   3   2   1   1  25  11   1   5   5   2   4   0   1   0  11   9   0   0   4  0.42 0.35
  228 N    -1  -4   3   0   0  -1  -1  -4  -3   3  -2  -2   0  -2  -3   0   3  -5  -3   3    4   0  13   5   2   2   4   0   0  15   3   1   2   1   1   5  21   0   1  21  0.41 0.33
  229 I    -5  -6  -5  -7  -5  -5  -6  -7   0   5   4  -6   2   1  -6  -6  -4  -1   0   2    0   0   0   0   0   0   0   0   3  37  32   0   5   6   0   0   1   1   3  10  1.10 0.53
  230 R    -1   0   2   0   1  -1   0  -2   3   0  -1  -1  -1   0   2   0   0  -1   2   1    5   7  10   6   4   1   4   2   8   6   5   2   1   3   9   5   4   1   8  11  0.10 0.13
  231 V     1  -6  -5  -7  -3  -6  -6  -6  -2   3   0  -6  -1  -2  -4  -3  -2  -6  -3   6   11   0   0   0   0   0   0   0   1  16   6   0   1   2   1   1   2   0   1  57  1.19 0.59
  232 A    -2  -6   2   8  -2  -4  -2  -1  -4  -7  -7  -5  -7  -8  -6  -3   0  -8  -7  -7    3   0  10  72   1   1   1   5   0   0   0   0   0   0   0   1   5   0   0   0  1.92 0.83
  233 G     0  -5  -2  -4  -2  -6  -6   7  -4  -8  -8  -3  -7  -8  -4  -3  -6  -7  -7  -7    9   1   2   1   1   0   0  83   0   0   0   2   0   0   1   2   0   0   0   0  2.09 0.84
  234 G    -1  -7  -5  -6   0  -7  -7   7  -7  -8  -8  -6  -7  -8  -7  -3  -6  -7  -8  -8    4   0   0   0   2   0   0  92   0   0   0   0   0   0   0   2   0   0   0   0  2.53 0.96
  235 R    -1   1  -2  -5  -1   2  -2  -5  -3   0  -1  -2   6   0  -5  -2   0   6   5  -2    4   8   2   0   1   9   2   0   0   4   5   1  20   3   0   2   5  10  21   2  0.69 0.41
  236 P    -1   1  -1  -3  -4  -3  -2  -2   5  -3  -2  -2  -3  -3   3   1   4  -5  -3  -3    2   9   1   0   0   0   1   2  17   1   3   2   0   1  14  12  34   0   0   1  0.69 0.40
  237 P    -1  -2  -4  -5  -3  -2  -4  -5  -1   0   3  -3   4  -2   2  -3  -1  -4  -3   3    5   2   0   0   0   1   0   0   2   1  36   1  11   0  12   1   3   0   0  24  0.54 0.29
  238 G     1  -1  -2  -3  -4   0  -3   5  -3  -4  -4  -3   0  -3  -4  -1  -1  -3   2  -4   11   3   0   0   0   6   0  59   0   0   0   0   4   0   0   3   4   0  11   0  0.85 0.29
  239 T    -2  -3  -2  -3  -3  -2  -3  -1  -3   0  -2  -2  -2   3   5   1   4  -3  -2  -2    0   0   0   0   0   0   0   5   0   6   0   0   0  16  28   9  36   0   0   0  0.65 0.21
  240 T    -1  -2  -1  -2  -2   2  -1  -2   5  -2  -1  -1  -1  -2  -2   3   2  -3   1   1    0   0   0   0   0  10   0   0  19   0   5   0   0   0   0  31  18   0   4  12  0.33 0.15
  241 L    -3  -3  -4  -4  -3  -3  -4  -4  -3   1   2  -4   2   6  -4  -3  -2  -1   1   0    0   0   0   0   0   0   0   0   0   8  22   0   8  57   0   0   0   0   0   6  0.72 0.14
  242 G     0  -3  -1  -2  -3  -2  -3   6  -3  -5  -4  -2  -3  -4  -3  -1  -2  -3  -4  -4    0   0   0   0   0   0   0 100   0   0   0   0   0   0   0   0   0   0   0   0  1.34 0.12

                      K         Lambda
Standard Ungapped    0.1314     0.3155
Standard Gapped      0.0510     0.2670
PSI Ungapped         0.1668     0.3170
PSI Gapped           0.0510     0.2670
