
Last position-specific scoring matrix computed, weighted observed percentages rounded down, information per position, and relative weight of gapless real matches to pseudocounts
            A   R   N   D   C   Q   E   G   H   I   L   K   M   F   P   S   T   W   Y   V   A   R   N   D   C   Q   E   G   H   I   L   K   M   F   P   S   T   W   Y   V
    1 M    -1  -1  -2  -3  -1   0  -2  -3  -2   1   2  -1   5   0  -2  -1  -1  -1  -1   1    0   0   0   0   0   0   0   0   0   0   0   0   0   0   0   0   0   0   0   0  0.00     0.00
    2 R    -1   5   0  -2  -3   1   0  -2   0  -3  -2   2  -1  -3  -2  -1  -1  -3  -2  -2    0   0   0   0   0   0   0   0   0   0   0   0   0   0   0   0   0   0   0   0  0.00     0.00
    3 L    -1  -2  -3  -4  -1  -2  -3  -4  -3   2   4  -2   2   0  -3  -2  -1  -2  -1   1    0   0   0   0   0   0   0   0   0   0   0   0   0   0   0   0   0   0   0   0  0.00     0.00
    4 L    -1  -2  -3  -4  -1  -2  -3  -4  -3   2   4  -2   2   0  -3  -2  -1  -2  -1   1    0   0   0   0   0   0   0   0   0   0   0   0   0   0   0   0   0   0   0   0  0.00     0.00
    5 L    -1  -2  -3  -4  -1  -2  -3  -4  -3   2   4  -2   2   0  -3  -2  -1  -2  -1   1    0   0   0   0   0   0   0   0   0   0   0   0   0   0   0   0   0   0   0   0  0.00     0.00
    6 D    -2  -2   1   6  -3   0   1  -1  -1  -3  -4  -1  -3  -3  -1   0  -1  -4  -3  -3    0   0   0   0   0   0   0   0   0   0   0   0   0   0   0   0   0   0   0   0  0.00     0.00
    7 G     0  -2   0  -1  -2  -2  -2   6  -2  -4  -4  -2  -3  -3  -2   0  -2  -2  -3  -3    0   0   0   0   0   0   0   0   0   0   0   0   0   0   0   0   0   0   0   0  0.00     0.00
    8 L    -1  -2  -3  -4  -1  -2  -3  -4  -3   2   4  -2   2   0  -3  -2  -1  -2  -1   1    0   0   0   0   0   0   0   0   0   0   0   0   0   0   0   0   0   0   0   0  0.00     0.00
    9 E    -2  -1   1   5  -4   1   3  -2  -1  -3  -4   0  -3  -4  -2   0  -1  -4  -3  -3    0   0   0  67   0   0  33   0   0   0   0   0   0   0   0   0   0   0   0   0  0.76 0.01
   10 E    -1   0   0   3  -4   2   5  -2   0  -3  -3   0  -2  -4  -1   0  -1  -3  -2  -3    0   0   0  22   0   0  78   0   0   0   0   0   0   0   0   0   0   0   0   0  0.70 0.01
   11 R    -1   3   3   3  -3   0   0  -1   0  -3  -3   1  -2  -3  -2   2   0  -3  -2  -3    0  33  22  22   0   0   0   0   0   0   0   0   0   0   0  23   0   0   0   0  0.38 0.01
   12 W    -3  -3  -4  -5  -3  -2  -3  -3  -3  -3  -2  -3  -2   1  -4  -3  -3  11   2  -3    0   0   0   0   0   0   0   0   0   0   0   0   0   0   0   0   0 100   0   0  2.45 0.04
   13 L    -2  -2  -4  -4  -1  -2  -3  -4  -3   2   4  -3   2   0  -3  -3  -1  -2  -1   1    0   0   0   0   0   0   0   0   0   0 100   0   0   0   0   0   0   0   0   0  0.49 0.01
   14 Q    -1   1   0  -1  -3   5   2  -2   0  -3  -2   3  -1  -3  -1   0  -1  -2  -2  -2    0   0   0   0   0  78   0   0   0   0   0  22   0   0   0   0   0   0   0   0  0.60 0.02
   15 Q    -1   2   0  -1  -3   4   1  -2   0  -3  -3   4  -1  -3  -1   0  -1  -3  -2  -2    0   0   0   0   0  33   0   0   0   0   0  67   0   0   0   0   0   0   0   0  0.50 0.01
   16 G     0  -1   0  -1  -2  -1  -1   4   4  -3  -2  -1  -2  -2  -1   0  -1  -2  -1  -2    2   1   1   1   0   1   1  57  22   1   2   1   1   1   1   2   1   0   1   1  0.47 0.01
   17 A     3  -1  -1  -2  -1  -1  -1  -1   0  -2  -2  -1  -1   0  -1   2   0  -1   3  -1   55   0   0   0   0   0   0   0   0   0   0   0   0   0   0  22   0   0  23   0  0.27 0.01
   18 G     2  -2  -1  -2  -2  -2  -2   5  -2  -3  -3  -1  -2  -3  -2   0  -1  -3  -3  -2   22   0   0   0   0   0   0  78   0   0   0   0   0   0   0   0   0   0   0   0  0.78 0.01
   19 G     1  -2   2  -1  -2  -1  -1   3  -1  -3  -3  -1  -2  -3   4   0  -1  -3  -3  -2   22   0  23   0   0   0   0  33   0   0   0   0   0   0  22   0   0   0   0   0  0.50 0.01
   20 L    -1  -2  -4  -4  -1  -2  -3  -4  -3   2   4  -3   2   0  -3  -3  -1  -2  -1   2    0   0   0   0   0   0   0   0   0   0  83   0   0   0   0   0   0   0   0  17  0.44 0.02
   21 Q    -1   1   0   0  -4   5   4  -2   0  -3  -3   1  -1  -4  -1   0  -1  -3  -2  -3    0   0   0   0   0  67  33   0   0   0   0   0   0   0   0   0   0   0   0   0  0.67 0.04
   22 W    -2  -2  -2   1  -2  -1  -1  -2  -1  -2  -2  -2  -2   1   2  -2  -2   8   4  -2    1   1   1  14   0   1   1   1   0   1   1   1   0   0  14   1   1  35  26   1  0.81 0.03
   23 G     1  -2  -1  -1  -1  -1   1   2  -2   1  -1  -1  -1  -2  -2   0   0  -2  -2   2   14   1   1   1   0   1  14  23   0   1   1   1   0   0   1   1   1   0   0  40  0.12 0.01
   24 G     0  -2   0   2  -3  -1   1   5  -2  -4  -4  -1  -3  -4  -2   0  -2  -3  -3  -3    0   0   0  13   0   0  13  73   0   0   0   0   0   0   0   0   0   0   0   0  0.76 0.03
   25 D    -1   1   0   4  -3   1   3  -2  -1  -3  -3   0  -2  -3  -1   2   0  -4  -2  -3    0  13   0  35   0   0  26   0   0   0   0   0   0   0   0  25   0   0   0   0  0.45 0.02
   26 K    -1   2  -1  -1  -3   0   1  -2  -1  -1  -2   3  -1  -3   2  -1  -1  -3  -2   1    0  12   0   0   0   0  11   0   0   0   0  42   0   0  11   0   0   0   0  24  0.27 0.03
   27 L    -1  -1  -1  -1  -2   2   2  -2  -1   0   2   0   1  -1  -1  -1  -1  -2  -1   0    2   1   1   1   0  12  25   2   0   1  45   1   0   1   1   2   1   0   1   1  0.15 0.02
   28 Q    -1   2   0   2  -3   3   3  -2   0  -3  -2   1  -1  -3  -1   1  -1  -2  -2  -2    1  19   1  10   0  17  30   1   0   1   2   1   0   1   1  11   1   0   1   1  0.33 0.02
   29 R    -1   3   0   3  -2   0   0  -1  -1  -1  -2   1  -1  -2  -1  -1  -1  -2  -2   0    2  35   1  31   1   1   2   2   1   1   2   2   1   1   1   2   2   0   1  12  0.25 0.02
   30 W    -1  -2  -2  -2  -2  -1   0  -2  -2  -1  -1  -1   3   0  -2   0  -1   9   1  -1    1   1   1   1   0   1  10   1   0   1   2   1  20   1   1  11   1  43   1   1  0.81 0.06
   31 Q    -1   0  -1  -1  -2   3   1  -2  -1   0   0   1   0  -2  -1   0   2  -2  -2   1    1   0   0   0   0  26   9   1   0   0  10  10   0   0   0   1  18   0   0  21  0.15 0.03
   32 P    -1   0   0   3  -2   2   1  -1  -1  -2  -2   1  -2  -2   4   0  -1  -2  -2  -2    2   1   1  21   1  11  11   2   1   1   2  11   1   1  26   2   2   0   1   2  0.43 0.02
   33 G     0   1   1   1  -2  -1  -1   4  -1  -2  -2   0  -2  -2  -1   1  -1  -2  -2  -2    2   9   9   9   0   1   2  45   1   1   2   1   1   1   1  10   1   0   1   2  0.34 0.02
   34 Y    -2  -1   0  -2  -3  -1  -2  -3   4   0  -1   0  -1   4  -3  -2  -2   0   5  -1    0   0   7   0   0   0   0   0  15   6   1   7   0  25   0   0   0   0  35   0  0.43 0.06
   35 R     0   4  -1  -2  -2   1  -1   0  -1  -2  -2   1  -1  -3   3   1   0  -3  -2  -1    7  36   0   0   0   7   0   7   0   0   1   0   0   0  18  10   6   0   0   7  0.33 0.04
   36 Q     0   0   1  -1  -2   2   1  -1   0  -3  -2   2  -2  -1  -1   2   0  -1   3  -2    0   0   6   0   0  13   6   0   0   0   1  24   0   0   0  30   0   0  17   0  0.26 0.05
   37 R    -1   3   0   0  -3   1   3   1  -1  -3  -3   1  -2  -3  -2   0   0  -3  -2  -2    1  31   1   1   0   0  32  16   0   1   1   1   0   0   1   7   6   0   0   1  0.33 0.05
   38 A     2  -2   0  -2  -1  -1   0   0  -2   1  -1  -1  -1  -2  -2   0   0  -3  -2   1   38   0   5   0   0   0   5   6   0  18   0   0   0   0   0   5   5   0   0  15  0.14 0.04
   39 P     2  -2  -2  -2  -2  -2  -2   0   1  -3  -2  -2  -2  -3   6   0   0  -4  -3  -2   24   0   0   0   0   0   0   5   4   0   5   0   0   0  54   4   4   0   0   0  0.98 0.10
   40 S     0   0   1   0  -2   0   2  -2  -1  -1  -1   0   1  -2  -2   3   1  -3  -2  -1    0   4   9   0   0   0  21   0   0   0   5   0   6   0   0  36  11   0   0   6  0.23 0.07
   41 R    -1   4  -1   0   0   0   2  -2   3  -2  -2   2  -2  -1  -2  -1  -1  -3  -1  -1    6  34   0   3   3   0  15   0  10   0   1  16   0   4   0   0   0   0   0   5  0.32 0.08
   42 V     0  -1   1  -1  -2  -1   0  -2  -1   1   1   0   0   1  -2   0   1  -1   2   1    5   3   9   0   0   0   8   0   0   7  13   5   0   7   0   4  10   0  11  16  0.06 0.04
   43 I     0  -2  -2   1  -2  -1   1  -3  -2   2   2  -2   0   1  -2  -1  -1  -2  -1   2    7   0   0   9   0   0  11   1   0  20  24   0   0   6   0   5   0   0   0  14  0.13 0.06
   44 L     0  -2  -2  -3  -2  -1  -1  -3  -2   1   2  -2   0   1  -2  -1   1  -2   1   1   11   0   0   0   0   4   3   1   0   9  35   0   0   7   0   1   9   0   6  13  0.17 0.07
   45 A     2  -1   0   0   4   0   0   1  -2  -2  -2   0   0  -2  -1   2   0  -3  -2  -2   23   2   2   4  15   2   3  12   0   0   0   9   3   2   2  18   3   0   0   0  0.24 0.09
   46 A     2   1  -2  -2  -2  -1  -2   1  -2   0   1  -1  -1  -1  -2   1   0  -3  -2   0   31  10   0   0   0   0   0  12   0   3  21   2   0   2   0  11   3   0   0   5  0.15 0.08
   47 A     3   1  -1  -2   1  -1  -1   0  -2  -2  -1   1  -1  -3  -2   1   0  -3  -1  -1   37   8   2   0   4   0   2   3   0   0   4  13   1   0   0  15   4   0   2   4  0.22 0.10
   48 F     1  -3  -3  -2  -2  -2  -2  -1  -2   0   1  -3   1   5  -3  -1  -1  -1   0   1   19   0   0   2   0   0   2   3   0   4  15   0   3  36   0   2   4   0   0   9  0.30 0.12
   49 L    -1   0  -2  -3  -2  -2  -2  -3  -3   1   3  -2   2   0   0  -2   0  -3  -2   2    4   6   1   0   0   0   1   0   0   5  41   0   5   4   4   2   5   0   0  20  0.24 0.10
   50 S     1   1   0   0  -3   1   1  -2  -2  -2  -1   0  -2  -2  -1   3   0  -4  -3   0    9   9   2   5   0   6  12   0   0   0   5   2   0   2   1  37   3   0   0   7  0.26 0.16
   51 D     0  -2   0   4  -3   0   2  -1  -2  -1  -3  -2  -3   0   2   0  -1  -4  -3  -1    7   0   2  34   0   3  14   5   0   5   0   0   0   5   9   7   3   0   0   6  0.38 0.17
   52 A     3  -1  -1  -1  -3   0   3  -2   0  -2  -3  -1   1  -3   0   0   2  -3   0  -2   31   3   2   1   0   2  22   1   2   1   0   0   5   0   3   6  16   0   4   0  0.31 0.19
   53 A     2  -1  -1   0  -3   0   2   1  -2  -3  -2   3  -1  -4  -1   1  -1  -4  -3  -2   24   0   2   5   0   2  15  11   0   0   2  22   2   0   1  10   2   0   0   1  0.28 0.16
   54 L     0  -1  -1  -1  -2  -1  -1  -2   1   0   2   0   3   1   0  -1   0  -2   1   0    7   3   2   3   0   2   1   2   5   2  24   5  13   5   4   4   4   0   6   8  0.09 0.09
   55 V     1   0   0   0  -2   0   2   0  -2  -1   0   1   1  -3   1   0   0  -3  -2  -1   13   5   3   5   0   4  16   7   0   2   8   7   7   0   7   7   4   0   0   3  0.12 0.07
   56 L     0  -2  -2  -3  -3  -2  -1  -2  -3  -1   1   2   2   1   4  -1  -2  -3  -2   1    8   0   1   0   0   0   3   3   0   2  19  15   7   7  21   2   1   0   0  11  0.29 0.16
   57 A     2   1   0  -2  -3   1   0  -1   2  -1  -2   4   0  -3  -1   0   0  -4  -3   0   18   4   3   1   0   4   4   2   6   3   1  32   3   0   2   7   4   0   0   6  0.27 0.17
   58 A     1   0  -1   0  -3   0  -1   1  -2  -1  -2   1  -2   0   0   1   2  -3  -1   0   10   3   1   6   0   2   1  13   0   3   0  14   0   6   4  11  14   0   1   8  0.13 0.11
   59 N    -2   0   5   0  -3  -1  -1   0  -1  -2  -1   1  -1  -2  -3   1   3  -4  -3  -3    0   4  32   3   0   2   1   6   1   2   6   9   1   1   0  10  22   0   0   0  0.44 0.23
   60 P     2  -1  -1   3  -4  -3  -2   1  -1  -3  -4  -2  -4  -5   5  -1  -1  -5  -4  -3   19   3   1  17   0   0   1  10   2   1   1   2   0   0  35   4   4   0   0   0  0.75 0.28
   61 V    -2   2   0  -2  -3   0  -1  -3   1   1  -1   2   0   0  -1  -1   1  -2   3   0    0  12   5   0   0   4   2   0   3  10   4  20   3   3   2   3  10   0  12   7  0.18 0.15
   62 A     2  -4  -5  -5   2  -3  -2  -4  -5   0  -2  -3  -2  -4  -4  -1  -1  -5  -4   6   19   1   0   0   3   1   2   0   0   2   0   1   0   0   0   4   2   0   0  66  0.99 0.42
   63 V    -1   0  -3  -2  -3  -2   0  -4  -2   2   0  -2  -1   3  -3  -1   1  -2   3   1    3   7   0   3   0   1   6   0   0  19   9   0   1  16   0   4  13   0  11   7  0.24 0.17
   64 M    -3  -4  -2   0  -4  -4  -4  -2  -4   2   3  -4   4   5  -5  -4  -3  -3  -1  -1    0   0   2   6   0   0   0   4   0  13  31   0  15  25   0   0   0   0   0   2  0.66 0.29
   65 D    -2  -2   1   5  -4   0   2  -1   4  -2  -3   1  -1  -4  -3   0   0  -5  -2  -2    2   1   4  36   0   4  12   3  11   3   1   7   2   0   0   5   4   0   1   4  0.52 0.25
   66 T    -2  -4  -1  -3  -3  -2  -1  -4  -4   3  -1  -1   0  -4  -4  -1   6  -5  -3   1    1   0   3   0   0   1   5   0   0  16   3   3   2   0   0   1  56   0   1   8  0.83 0.38
   67 S    -1  -2   4  -1   1  -1  -1  -2  -3  -4  -4   0  -3  -5   3   3   3  -5  -4  -2    2   2  20   2   3   3   2   2   0   0   0   4   0   0  13  27  19   0   0   2  0.57 0.29
   68 M     0  -1  -3  -2  -3   0  -2  -2   1   2   2   1   2   0  -3  -1  -2  -3   0   1   11   3   0   3   0   4   0   2   4  15  21  12   8   4   0   3   0   0   4   8  0.14 0.13
   69 G    -2  -5  -4  -5  -6  -2  -5   7  -5  -7  -7  -5  -6  -2  -5  -3  -5  -6  -6  -6    1   0   0   0   0   2   0  94   0   0   0   0   0   2   0   0   0   0   0   0  2.19 0.60
   70 K    -3   5   2   4  -5  -2   0  -4  -3  -4  -3   0  -4  -5   2  -1  -1  -6  -4  -4    1  36   8  27   0   0   3   0   0   1   2   5   0   0   9   4   3   0   0   0  0.79 0.33
   71 V    -4  -6  -6  -6  -4  -5  -6  -7  -6   7   2  -5   1   0  -6  -5  -4  -5  -4   2    0   0   0   0   0   0   0   0   0  67  14   0   3   4   0   0   0   0   0  13  1.42 0.46
   72 K     0  -1   1  -1  -3   0   1  -1   0   1  -2   1  -1  -3  -3  -1   2  -4  -2   3    5   1   7   2   0   3  12   3   3   7   1  10   1   0   0   2  16   0   1  27  0.22 0.18
   73 A    -2  -5  -5  -6   0  -5  -5  -6  -5   5   3  -5   4   4  -5  -4  -3  -4  -2   2    3   0   0   0   2   0   0   0   0  35  23   0  11  17   0   0   0   0   0  10  0.85 0.32
   74 E    -2  -1  -2   2  -5   0   6   1  -3  -5  -3   1  -1  -5  -4  -1  -3  -5  -5  -3    2   2   1  10   0   2  52  13   0   0   2   9   2   0   0   2   1   0   0   2  0.83 0.36
   75 L    -4  -5  -6  -7  -4  -5  -6  -3  -6   0   6  -5   0   1  -6  -5  -3  -4  -4   0    0   0   0   0   0   0   0   2   0   2  85   0   1   4   0   0   1   0   0   4  1.44 0.48
   76 F    -3   0  -2  -1  -5  -3  -3  -5   2  -4  -1  -4  -3   6  -6  -4  -4   4   6  -3    2   5   2   5   0   1   1   0   5   0   4   1   0  39   0   0   0   6  29   1  1.22 0.42
   77 L     1  -1   1   1   3  -2  -2   2  -2  -3  -2   0  -3  -2   3   1   0  -1  -1  -1   11   2  10   7   7   1   1  16   0   0   2   5   0   1  13   9   6   1   2   5  0.23 0.14
   78 D    -2  -1   1   5  -5   0   2  -3  -1  -4  -4   2  -4  -5  -3  -1   0  -5  -2  -3    3   1   7  42   0   2  15   1   1   0   1  15   0   0   1   1   6   0   2   1  0.75 0.30
   79 Q     0  -1  -1   0  -1   0   2  -2   2   0  -1   1   0  -2  -3   0   0  -3   0   1    5   2   1   4   1   4  16   2   8   6   6  11   2   1   0   4   8   0   3  17  0.11 0.11
   80 M     4  -2  -4  -4   3  -3  -4  -3  -4  -1  -3  -2   0  -2  -4   0   0  -5  -4   4   39   2   0   0   7   0   0   0   0   1   0   1   2   1   0   7   6   0   0  34  0.69 0.34
   81 P    -5  -6  -6  -6  -7  -5  -5  -6  -6  -7  -7  -5  -7  -8   9  -5  -5  -8  -7  -7    0   0   0   0   0   0   0   0   0   0   0   0   0   0 100   0   0   0   0   0  3.36 0.85
   82 I    -2   2   0  -2   1   0   0  -3  -1   0  -1   6  -2  -5  -4  -3  -3  -5  -4  -1    3  12   4   1   3   3   4   1   1   6   5  51   1   0   0   0   0   0   0   4  0.71 0.33
   83 T     1  -4  -1  -4   0  -4  -4  -2   0  -2  -3  -4  -2  -5  -4   0   7  -6  -4  -1   13   0   2   0   1   0   0   3   3   2   1   0   1   0   0   4  67   0   0   3  1.20 0.48
   84 V     3  -5  -5  -5   7  -4  -5  -4  -5  -2  -3  -4  -3  -4  -4  -1   0  -5  -4   5   29   0   0   0  21   0   0   0   0   0   0   0   0   0   0   3   7   0   0  40  1.06 0.42
   85 S     0   1   1   1  -2   0   4  -1  -1  -4  -3   1  -1  -3  -3  -1  -1   1  -2  -4    8   9   5   7   1   1  38   5   1   0   3   9   2   1   0   4   2   2   1   0  0.45 0.24
   86 N    -5  -1   8  -2  -6   0  -3  -4   1  -6  -7  -2  -5  -6  -5  -1  -1  -7  -5  -3    0   3  80   0   0   4   0   0   3   0   0   2   0   0   0   3   3   0   0   2  1.96 0.62
   87 F    -6  -7  -7  -7  -6  -7  -7  -7  -5   1  -3  -7  -4   9  -8  -6  -6  -3  -1  -4    0   0   0   0   0   0   0   0   0   6   0   0   0  94   0   0   0   0   0   0  2.82 0.74
   88 V    -1   4  -3  -4   0  -1  -2  -4  -3   1   2   0   0   0  -4  -2  -2  -4   0   2    4  24   0   0   2   1   1   0   0   9  23   6   1   3   0   2   1   0   3  18  0.34 0.20
   89 D     2   0  -1   2  -2   3   0  -1  -1  -3  -4   3   0  -4  -3   1   0  -5  -4  -2   19   3   1  11   1  18   3   3   1   0   0  22   3   0   0   9   5   0   0   1  0.39 0.27
   90 L    -4  -5  -3  -6  -4  -4  -5  -6   1   0   6  -5   0   1  -5  -5  -4  -4   2  -2    0   0   1   0   0   0   0   0   4   4  76   0   2   5   0   0   0   0   6   0  1.19 0.50
   91 A     2  -5  -5  -5   9  -5  -5  -5  -5  -3  -4  -5  -4  -4  -5  -1  -1  -5  -5   3   18   0   0   0  52   0   0   0   0   0   0   0   0   1   0   4   4   0   0  20  1.72 0.61
   92 E     0   1  -1   0  -4   2   3  -2  -2  -3  -1   3  -1  -4  -3   0   1  -4  -3  -3    6   7   2   5   0  10  21   2   0   0   8  22   1   0   0   5  10   0   0   0  0.35 0.23
   93 K    -1   2   0   1  -1   1   1   0  -1  -2  -1   2  -1  -3  -1   1  -1  -3  -1  -1    3  11   4   8   1   6   7   8   1   3   5  20   1   0   2  13   1   0   2   5  0.17 0.13
   94 G    -2  -2  -1  -1  -4   0  -1   5   2  -4  -3   3  -3  -4  -3  -2  -2  -4  -4  -2    2   0   3   2   0   3   3  52   5   0   3  20   0   0   1   2   1   0   0   3  0.82 0.37
   95 Y     0  -3  -3  -4  -3  -3  -4  -1   4  -2  -3  -1  -3   5  -4  -2  -3   0   7  -3   10   0   0   0   0   1   0   6  12   2   1   5   0  22   0   3   1   1  36   1  0.96 0.42
   96 Y    -5  -5  -5  -2  -5  -5  -5  -6  -2  -4  -4  -5  -4   3  -6  -5  -5  -1   9  -4    0   0   0   3   0   0   0   0   0   0   1   0   0   9   0   0   0   0  83   0  2.54 0.80
   97 N    -2   1   5   4  -5  -1   0  -3  -2  -3  -4   4  -4  -5  -3  -2  -2  -5  -4  -3    4   6  27  22   0   2   3   0   0   2   0  29   0   0   0   0   1   0   0   1  0.77 0.37
   98 G    -2  -1   3   0  -4  -3  -3   5  -3  -4  -1  -2  -4   1  -4  -2  -2  -4  -2  -4    1   3  17   4   0   1   1  53   0   0   6   1   0   6   0   2   2   0   1   0  0.84 0.37
   99 L     0  -3   1  -3   3  -2  -2  -3  -2  -2   0  -1   1  -1  -3   3   3  -4  -3   0    6   0   7   0   7   0   0   0   1   1   8   4   5   2   0  29  21   0   0   7  0.37 0.27
  100 H     0  -1  -1  -1  -1  -1   0  -2   1   2   0   1  -2  -2   3   0   2  -4  -2   0    5   1   1   3   1   1   4   1   3  18   6  10   0   1  17   6  14   0   0   4  0.22 0.17
  101 F    -5  -2  -5  -6   0  -5  -5  -6  -4   0  -2  -5  -3   8  -6  -5  -4  -1   0  -1    0   3   0   0   2   0   0   0   0   6   2   0   0  78   0   0   0   1   0   5  1.96 0.65
  102 H    -5  -4   0  -3  -6   0  -3  -5  10  -3  -5  -4  -4   0  -5  -2  -5  -5   1  -2    0   0   3   1   0   5   0   0  75   2   0   0   0   5   0   2   0   0   3   3  2.34 0.77
  103 R    -4   7   1  -4  -6  -2  -3  -2  -1  -6  -5   1  -4  -6  -5   0  -1  -5  -5  -5    0  73   6   0   0   0   0   3   1   0   0   6   0   0   0   8   3   0   0   0  1.58 0.61
  104 V    -3  -4  -1  -5  -2  -4  -4  -5  -4   4   0  -4   0  -3  -4  -1  -2  -4  -1   6    0   0   4   0   0   0   0   0   0  21   7   0   1   0   0   5   0   0   2  56  0.93 0.42
  105 I    -3  -2  -4  -2  -3   1  -1  -4  -4   6   0  -1   1   0  -4  -1  -1  -4  -3   2    0   2   0   2   0   8   4   0   0  49   3   3   4   3   0   4   3   0   0  14  0.62 0.33
  106 P    -1   0  -2   1  -5  -1  -2  -4   1  -5  -5   4  -4  -5   6  -2  -1  -5  -4  -4    5   4   1   8   0   2   1   0   3   0   0  31   0   0  38   2   3   0   0   0  1.00 0.42
  107 D    -2  -2   4   3  -4  -1   0   4   0  -5  -5  -1  -4  -2  -3   0  -2  -4  -4  -4    1   2  20  18   0   3   5  35   2   0   1   4   0   2   0   6   0   0   0   0  0.67 0.31
  108 F    -4  -5  -2  -5  -4  -5  -3  -3  -3  -3  -2  -5  -3   8  -3  -4  -4  -2   3  -3    1   0   2   1   0   0   2   2   0   0   3   1   0  76   2   1   1   0   8   1  1.86 0.60
  109 M    -3  -4  -5  -5  -4  -4  -5  -5  -4   2   1  -4   8  -3  -5  -2  -1   0  -1   3    0   0   0   0   0   0   0   0   0   8   8   0  52   0   0   4   4   1   2  19  1.31 0.55
  110 D     1  -4  -4  -3   4  -1  -4  -4  -4   5   1  -4  -1   0  -4  -2  -1  -1  -3   2   14   0   0   2   8   3   0   0   0  37  10   0   0   4   0   1   2   1   0  16  0.52 0.29
  111 Q    -4  -3  -3  -4  -2   9   0  -5   1  -6  -5  -2  -4  -6  -5  -1  -4  -5  -5  -3    0   0   0   0   1  85   3   0   3   0   0   0   0   0   0   3   0   0   0   2  2.19 0.81
  112 F     0  -4  -3  -1   1  -3  -3   5  -4  -4  -4  -3  -4  -2  -4  -1   3  -4  -4  -2    7   0   0   3   3   0   0  54   0   0   1   0   0   2   0   4  20   0   0   2  0.94 0.40
  113 G    -3  -2  -3  -4  -5  -4  -4   7  -4  -6  -6  -2  -5  -5  -5  -3  -4  -5  -5  -5    1   3   0   0   0   0   0  89   0   0   1   3   0   0   0   0   0   0   0   0  1.98 0.63
  114 C    -3  -4  -2   7   2  -2  -2   0  -1  -2  -5  -3  -5  -5  -4  -3  -1  -6  -5  -5    2   0   0  75   4   1   0   6   2   3   1   0   0   0   0   0   3   0   0   0  1.60 0.58
  115 P    -3  -1  -4  -4  -4  -2  -3  -4  -4   1  -3  -3  -2   5   6  -2  -3  -3  -1  -2    1   4   0   1   0   1   1   1   0   9   1   1   1  30  43   2   1   0   1   2  1.22 0.45
  116 F    -1  -2   0  -1  -2  -1   0  -3  -1   0   0   0  -2  -1   0   1   4  -3   0   0    2   1   4   3   1   1   7   1   1   4   8   5   0   2   4  10  37   0   3   6  0.29 0.21
  117 S     0   0   2   0  -3  -1  -1   4   0  -3  -2   0  -2  -2  -1   0  -1  -2   0  -3    6   6  14   4   0   2   4  31   3   1   3   6   1   2   2   7   2   0   4   1  0.29 0.14
  118 A     0  -1   0  -1  -2  -1  -1   3  -1   0  -1  -1  -1  -2   2   0   0  -2  -2  -1    8   2   5   2   1   3   4  29   2   7   5   3   1   2   9   6   7   1   1   3  0.20 0.08
  119 D    -1  -1   1   3  -1   0   0   0   1  -1  -1  -1   0  -1   0   0   0  -1  -1   0    4   3   7  23   1   4   6   9   4   4   7   3   2   2   4   4   4   1   2   6  0.13 0.05
  120 P     0   0   0   0  -1   0   0   0   0  -1  -1   0  -1   0   3   0   0  -1  -1  -1    8   4   5   6   1   4   4   9   2   3   5   3   1   5  15   8   7   1   2   6  0.12 0.03
  121 N     1   0   1   0  -1   0   0   1  -1  -1  -1   0  -1  -1   1   1   0  -1   0   0   12   3   6   5   1   4   6   9   1   3   5   6   1   2   7  10   6   1   4   7  0.05 0.01
  122 S     0   0   0   0  -1   0   1   2  -1  -1  -1   0  -1  -1   0   1   0  -1  -1  -1    7   4   3   4   1   3  15  15   1   5   5   4   1   2   4  13   5   1   2   4  0.09 0.03
  123 P     0   1   0   0  -1   0   1   1  -1  -1  -1   0  -1  -1   1   0   0  -1   0  -1    9   7   5   3   2   2   9  11   1   3   8   5   1   2   7   9   6   1   4   4  0.06 0.02
  124 R     0   1   0   0  -1   0   0   0   1  -1  -1   0   0   0   0   0   0   1   0  -1    9  11   3   5   1   3   6   7   4   5   6   7   2   6   4   8   4   2   2   5  0.03 0.01
  125 A    -1  -1   3   1   1  -1   0  -1  -1   0  -2   0  -2  -2  -2   0   3  -2  -1  -1    4   2  16   8   3   2   4   4   1   6   3   5   1   1   2   7  28   0   2   3  0.24 0.14
  126 G     1  -1  -2   0  -3  -2  -2   6  -3  -2  -3  -2  -3  -3  -2  -1   0  -3  -1  -2    9   3   1   5   0   1   1  57   1   3   2   1   1   1   2   2   5   0   2   3  0.76 0.27
  127 T     0   1  -1  -1  -2  -1  -1  -2  -2  -1  -2   1   0  -1   1   1   4   1  -1  -1    5   8   1   3   0   1   3   2   1   3   3  11   2   3   6   7  33   2   2   2  0.26 0.17
  128 G    -1  -3  -1  -2  -3  -1  -2   6  -3  -1  -2  -2   0  -3  -3   0  -2  -3  -3   0    2   1   2   1   0   3   1  58   0   4   4   2   2   1   1   5   2   0   1   8  0.76 0.28
  129 G    -1  -2   1  -1  -3  -2  -2   5  -2  -3  -3  -1  -2  -3   1  -1   0  -3  -3  -1    2   1   7   3   1   1   2  51   1   1   2   3   1   1   7   4   6   0   1   5  0.64 0.23
  130 P     0  -1  -1   0   0   0   1  -1   0  -1   0   0   1   0   2   0   0  -1   0   0    7   3   2   3   2   2  10   5   2   3  10   5   5   3  12  10   6   1   4   5  0.08 0.03
  131 E     0  -1   1   0  -1   0   1  -1  -1  -1   0   0  -1  -1  -1   2   0   0  -1  -1    4   3   6   5   1   2  13   4   1   3  10   5   1   3   3  21   6   2   2   5  0.08 0.05
  132 P     0   0   0   0  -1   1   0  -1   0   0   0   1  -1  -1   2   1   0  -1   0   0    4   3   3   4   1  10   4   5   2   9   8  10   1   2  11  11   3   1   4   5  0.08 0.03
  133 N     0   1   1   0  -1   0   0   1   0  -1  -1   0   0   0  -1   0   0   3   1   0    6  10   7   4   1   2   4  11   1   3   5   5   4   3   3   8   3   4   8   7  0.05 0.03
  134 S     0  -1   0   1  -1   0   0  -1  -1   0   0   0   0   0   0   1   0  -1   0   0    9   3   5   7   1   2   8   4   1   8   8   5   1   4   3  14   6   1   4   5  0.03 0.02
  135 E     0   0   0   1  -1   1   2   0  -1   0   0   0   0  -1  -1   0   0  -1   0   0    4   4   2   9   1   8  15   6   1   6   8   5   4   2   3   7   6   1   4   5  0.06 0.03
  136 Y     0   0  -1   0  -1   0   0   1  -1   0  -1   0  -1   1   2   0  -1   2   0   0    7   4   2   4   2   4   6  12   1   7   6   4   1  10  11   4   3   4   4   5  0.07 0.03
  137 K     0   0   0   1  -1   0   1   0  -1  -1   0   0  -1   0   1   0   0   2   0  -1    8   6   5   7   1   2  13   9   1   3  10   4   1   3   7   4   5   3   3   3  0.06 0.02
  138 N     0   1   1   0  -1   0   1   0  -1  -1  -1   1  -1  -1   1   0   0   1  -1   0    9   7   8   3   1   3  12   7   1   3   5  11   1   3   6   7   3   2   2   7  0.07 0.03
  139 L     0   0   0  -1  -1   0   0   0  -1   0   0   0   0  -1   0   0   1  -1  -1   1    6   4   5   3   1   3   7   7   1   6   9   6   4   3   4   6   9   1   2  14  0.02 0.01
  140 V     0  -1   0   0  -1   0   0   0   0   0   0   0   1   0   0   0   0  -1   1   0    6   3   4   5   1   2   5   7   2   7  12   9   7   2   4   8   3   1   7   5  0.01 0.02
  141 T     0   0  -1   0   0   0   0   0  -1   0  -1   0  -1   0   2   0   1   2   0   0    7   6   3   7   2   3   5   7   1   4   4   3   1   6  10   3  12   3   3  10  0.06 0.03
  142 G     0  -1   0   1  -1   0   0   3  -1  -1  -1   0  -1  -1   0   0   0   1   0  -1    4   3   2   9   1   3   5  30   1   3   5   5   1   2   5   7   5   2   3   5  0.18 0.06
  143 E     0   0   0   1  -1   0   2   1   0  -1  -1   0  -1  -1   1   0   0  -1  -1  -1    6   4   4   8   1   3  18  13   2   3   7   3   1   2   6   5   7   1   2   6  0.10 0.04
  144 T     0  -1   0   0  -1   1   1   0  -1   0   0   0   1  -1   1   1   0  -1  -1  -1    5   3   3   4   1   8   8   8   1   6   9   4   5   2   7  15   5   1   2   4  0.05 0.03
  145 I     0   0   0   0   1   0   0   0  -1   0  -1   0   0   0   1   0   0  -1   0   0    5   6   4   5   4   3   5   8   1  12   5   8   1   4   5   6   6   1   5   4  0.01 0.01
  146 K    -1   1   0   0  -2   1   3   0  -1  -2  -2   2  -1  -1   0   0  -1  -2   1  -2    3   8   5   3   1   6  23   7   1   1   4  14   1   4   5   6   2   0   5   3  0.19 0.11
  147 R     0  -1   0   0  -2  -1   0  -2   0  -2  -2   0  -2  -2   3   3   1  -3  -2  -1    4   3   3   5   1   1   5   2   3   1   3   6   1   1  14  35   7   0   1   6  0.33 0.18
  148 N    -1  -2   2  -1  -2  -1  -1  -3  -2   4   0  -2  -1   0   1  -2  -1  -3  -1   1    4   2  12   4   0   2   4   2   0  38   4   2   1   4   8   2   1   0   2   9  0.29 0.18
  149 S    -1  -2  -3  -3  -1  -2  -2  -3   1  -1  -1  -1  -2   1  -1   0   0   5   7  -2    4   2   1   1   1   1   2   1   3   3   5   4   0   4   3   8   5   8  42   1  0.73 0.31
  150 G     0   0  -1  -1  -3  -2  -1   5  -2  -3  -2  -1  -3  -3  -1  -1  -1  -3  -1  -3    9   6   2   3   0   1   3  51   0   1   5   4   0   1   3   3   3   0   3   1  0.60 0.25
  151 G     0   0   0   0  -2  -1   1   1  -1  -1  -1   1   0  -2   2   0   0  -3  -1  -1    8   6   2   6   0   1  13  10   1   2   6   9   2   1  12   5   8   0   3   4  0.12 0.08
  152 S    -1   0   1  -2  -3  -1   0  -2  -2  -3  -2   3  -2   0   3   0   1  -3   2  -1    2   4   7   1   0   2   6   1   0   0   2  27   0   4  13   8  11   0   7   5  0.30 0.21
  153 I    -2  -4  -2  -4  -4  -2  -3  -4  -3   1   1  -2  -2   7  -2  -2  -2  -2   0  -1    3   0   2   1   0   3   1   1   0   7  14   2   0  54   2   2   2   0   1   4  0.93 0.38
  154 P     1   0  -1   2  -4   0   3  -1  -2  -4  -4   2  -3  -4   3   0  -2  -4  -2  -3   11   3   2  12   0   2  24   3   0   0   1  16   0   0  18   4   0   0   2   0  0.50 0.26
  155 D    -2  -2   1   6  -1  -1   1  -2   0   0  -4  -1  -4  -4   0  -2  -3  -5  -4  -3    3   1   4  56   2   2   9   3   2   6   1   2   0   0   6   1   1   0   0   1  0.94 0.39
  156 E    -1  -2  -3  -2  -5  -1   7  -4   0  -3  -3   1  -4  -3  -3  -3  -3  -5  -4  -1    4   0   0   0   0   0  70   1   2   2   2   9   0   1   0   1   0   0   0   5  1.24 0.52
  157 L     0  -3   5  -1  -2  -1  -1  -3  -2   1   0  -2  -2   3  -1  -1  -2  -3  -1   0    7   0  33   2   1   2   4   1   0   7  12   2   0  15   3   2   1   0   1   6  0.37 0.25
  158 T    -3   1   0  -1  -4  -3  -2  -3   5  -2  -1  -2  -3   5   2  -2  -1  -3  -1  -3    0   8   5   4   0   0   2   2  17   2   6   2   0  34  11   3   4   0   0   0  0.63 0.34
  159 A     0   0   1   0  -3   0   0  -1  -2  -1  -2   1  -2  -3   3   2   0  -4  -1   0    8   4   6   6   0   4   5   4   0   3   3  11   0   0  14  18   5   0   3   7  0.19 0.14
  160 K    -2   2  -1  -1  -3  -2  -1  -1  -2   0   3   1   0  -2   1  -2  -2  -3  -2   0    2  12   3   3   0   0   4   5   1   5  41   8   2   0   7   1   2   0   1   4  0.25 0.20
  161 I    -1   1  -1  -3  -3  -1  -2  -3  -2   0   2   4   0  -2   2  -1  -2  -4  -3   0    3   8   3   0   0   1   1   0   0   5  24  31   1   1   9   4   1   0   0   6  0.34 0.24
  162 S    -4   1  -3  -4  -6  -2  -3  -5   9  -3  -2   3  -4   2  -3  -2  -4  -5  -1  -5    1   8   0   0   0   0   0   0  54   1   4  18   0  11   1   2   0   0   0   0  1.56 0.60
  163 N    -2  -3   5   3  -4  -2  -1  -3   4  -2  -3  -2  -3  -3  -1   0   1  -5   0  -2    2   0  31  21   0   0   3   0  10   2   3   2   0   0   3   5  11   0   4   3  0.61 0.33
  164 E     0   3  -2  -2  -4   0   1   2   0  -3  -3   2  -2  -4   1   0   0  -4  -3  -1    8  22   0   1   0   2  12  15   2   0   2  16   0   0   5   4   5   0   0   4  0.33 0.22
  165 P     0   5  -3  -1  -5  -1  -2  -4  -3  -4  -4   1  -1   0   5  -2  -1  -5   1  -4    7  35   1   3   0   2   1   0   0   0   0   7   1   4  31   1   3   0   5   0  0.92 0.43
  166 G    -3  -5  -4  -4  -6  -5  -2   7  -5  -6  -6  -1  -3   0  -5  -3  -5  -5   0  -6    0   0   0   0   0   0   3  84   0   0   0   4   1   5   0   0   0   0   3   0  1.83 0.65
  167 T     0   0  -3  -4  -2  -3  -3  -4  -1   2   2  -3   1  -2  -4  -1   4   0  -1   1    7   6   0   0   1   0   0   0   1  11  26   0   3   0   0   2  29   2   2  10  0.40 0.28
  168 F    -3  -4  -5  -5  -3  -4  -3  -6  -5   2   5  -2   1  -1  -5  -4  -3  -4  -3   4    0   0   0   0   0   0   2   0   0   7  55   3   3   1   0   0   0   0   0  28  0.93 0.42
  169 S     3  -4  -3  -3  -4  -3  -3   2  -4  -5  -3  -3  -4  -5  -4   6  -2  -3  -4  -4   24   0   0   0   0   0   0  13   0   0   3   0   0   0   0  58   0   0   0   0  1.07 0.53
  170 M    -3  -5  -6  -7  -3  -4  -6  -6  -5  -2   0  -5  10  -1  -6  -3  -4   2  -4  -1    1   0   0   0   1   0   0   0   0   0   5   0  83   2   0   1   0   3   0   3  2.56 0.88
  171 A     6  -4  -4  -2   0  -3  -3  -2  -4  -3  -3  -3  -3  -5  -3  -1  -3  -5  -4   0   81   0   0   3   2   0   0   2   0   0   2   0   0   0   0   3   0   0   0   6  1.25 0.54
  172 N    -3   3   6  -2   0  -2  -2  -2   2  -3  -3  -1  -3  -4  -2  -1   0  -5  -1  -3    1  19  50   0   2   0   0   2   5   1   2   2   0   0   2   2   5   0   2   2  0.88 0.40
  173 T     3   1   0  -1  -1  -1   0  -2  -2  -3  -3   0  -2  -1  -2   2   1  -3   0  -1   31   8   5   2   1   0   7   0   0   0   1   5   0   3   0  18  10   0   4   3  0.27 0.21
  174 G    -1   0  -1   0  -4   0   0   5  -3  -4  -4  -2  -4  -4   1  -1   0  -4  -4  -4    2   5   2   4   0   4   7  56   0   0   1   0   0   0   9   4   5   0   0   0  0.83 0.34
  175 Q     0   1   1   2  -2   1   1  -1  -1  -1  -1   2  -1  -2  -1   0  -1  -2  -1  -1    6   7   8  11   1   5  10   3   1   5   3  15   2   1   2   8   2   0   1   6  0.11 0.05
  176 P    -2  -1   1   0  -3  -2  -1  -3  -1  -3  -3   0  -3  -3   7   0  -2  -3  -3  -1    2   3   7   5   0   1   4   2   2   1   2   7   1   1  51   6   1   0   1   5  0.99 0.30
  177 N    -3  -2   6   4  -5  -2  -1   1   3  -5  -6  -1  -5  -5  -3  -1  -3  -6  -4  -4    0   1  43  28   0   0   3   9   8   0   0   2   0   0   1   4   0   0   0   1  1.06 0.44
  178 S    -2  -3  -2   1  -3  -1  -1   0  -3  -3  -3  -2  -2  -4  -1   3   5  -5  -4  -1    0   0   0   8   0   3   2   7   0   0   1   1   1   0   3  24  46   0   0   4  0.71 0.40
  179 G     1  -3   7  -1   0  -2  -3   1  -1  -5  -4  -1  -4  -3  -3  -2  -3  -5   0  -4   14   0  60   2   2   0   0   9   1   0   1   2   0   1   1   1   0   0   4   0  1.10 0.47
  180 G    -1  -3   1  -1  -4  -2  -3   6  -4  -5  -5  -2  -4  -5  -4   2   1  -5  -5  -4    3   1   8   2   0   2   1  59   0   0   0   1   0   0   0  13   9   0   0   0  1.03 0.41
  181 S    -1  -4  -2  -2   1  -3  -3  -3  -4  -5  -3  -2  -4  -2  -4   6   0  -5  -4  -3    3   0   0   1   3   0   0   0   0   0   2   2   0   2   0  80   4   0   0   2  1.32 0.59
  182 Q    -4  -2  -3  -1  -6   8   2  -5  -1  -6  -5  -1  -4  -6  -4  -1  -2  -5  -4  -5    0   0   0   2   0  79   9   0   1   0   0   2   0   0   0   3   2   0   0   0  1.90 0.71
  183 F    -5  -6  -7  -7  -4  -7  -7  -7  -5  -2  -2  -7  -3   9  -7  -6  -5   2   0  -2    0   0   0   0   0   0   0   0   0   1   2   0   0  92   0   0   0   3   0   2  2.58 0.78
  184 F    -5  -5  -6  -6  -5  -3  -3  -6  -2   1  -1  -6   0   8  -6  -3  -5  -2   2  -1    0   0   0   0   0   1   2   0   1   9   2   0   2  75   0   2   0   0   4   3  1.81 0.61
  185 I    -4  -5  -6  -6  -4  -5  -6  -6  -6   7   0  -5   1   2  -5  -5  -3   2  -3   1    0   0   0   0   0   0   0   0   0  73   4   0   3  10   0   0   0   3   0   6  1.45 0.54
  186 N    -2  -4   1  -4   3  -3  -2  -4  -4  -3   0  -3  -1  -2  -4  -2   6  -4  -1   0    2   0   6   0   6   0   2   0   0   0   8   0   1   2   0   0  63   0   2   5  0.99 0.48
  187 V    -1  -3  -3  -4   1  -2  -3  -4  -1   0   3  -2  -1   2  -3  -1   3  -3   1   1    3   0   1   0   2   1   0   0   2   2  33   2   0   9   0   2  27   0   5  10  0.40 0.26
  188 A     2   0  -2   1  -2  -1   0   2  -2  -1  -2   1  -1  -1  -2   0   0  -3   0   1   19   5   0   8   0   2   4  14   0   1   1  11   1   2   0   6   5   0   3  18  0.14 0.14
  189 H     1  -1   0   4  -4   0   2  -2  -1  -3  -3   2  -3  -4   4  -1  -1  -4  -3  -3   11   3   3  24   0   2  11   2   1   1   1  15   0   0  19   1   4   0   0   2  0.49 0.24
  190 N     2  -3   3  -1   2   0  -2  -1  -2  -1  -2  -2  -2  -4  -3   1   4  -4  -3  -2   17   0  17   3   5   4   1   3   1   5   2   0   0   0   1   6  32   0   0   1  0.41 0.27
  191 S     0  -1  -1   1  -3  -1   1  -2  -2  -3  -3  -1  -3  -4   6   1  -1  -3  -3  -3    6   3   1  10   0   3   9   2   0   1   2   4   0   1  43  10   3   0   1   1  0.82 0.28
  192 F    -2  -2  -2  -1  -3  -1   1  -2   6  -1  -1  -2  -2   3  -1  -2  -2   8   1  -2    2   1   1   3   0   2  10   4  21   3   7   1   0  14   3   3   1  20   3   1  0.69 0.26
  193 L    -3  -3  -4  -4  -2  -3  -4  -4  -4   0   5  -3   1  -1  -2  -2   0  -3  -3  -1    1   1   1   1   1   1   1   1   0   2  75   1   2   2   3   3   6   0   0   1  0.93 0.37
  194 D    -3  -3   4   6  -4  -2   1  -3  -2  -4  -4  -1  -3  -4   1  -2  -2  -4  -4  -3    1   1  19  54   0   1   5   1   0   1   2   2   0   1   6   1   1   0   1   2  1.04 0.36
  195 F     0   0   0   0  -1   0   0   0   1  -1   0   0   0   1   0   0   0   0   2   0    5   4   4   7   1   3   6   8   4   3   8   4   2   5   5   8   4   1  13   6  0.04 0.02
  196 F     0   0   1   0  -1   0   0   1   0   0   1   0   0   0   0   0   0  -1   0   0    5   5  10   4   1   3   4  11   3   4  17   4   1   4   3   8   5   1   3   5  0.02 0.01
  197 D     0  -1   1   3  -1   0   0   0  -1  -1  -1   0  -1   0   0   0   0  -1  -1   0    7   3   6  20   1   3   6   7   1   3   8   4   1   4   3   9   4   1   2   7  0.08 0.02
  198 K     0   0   1   0  -1   1   1   0   0  -1   0   0   0  -1   1   1   0  -1  -1  -1    5   5   8   5   1   5  10   7   2   4  10   7   2   3   5  10   4   1   2   4  0.05 0.01
  199 Q     0   0   0   0  -1   1   1  -1   0   0   0   0   0   0   0   0   0   0   0   0    6   4   3   4   1  10   9   5   2   7  14   5   2   5   4   6   5   1   2   5  0.02 0.01
  200 T     0   0   0   0  -1   0   0  -1  -1   0   1   0   1   0   0   0   0   0   0   0    8   6   3   8   1   3   4   5   2   5  20   4   4   3   4   5   6   2   2   6  0.01 0.01
  201 P     0   0   1   2  -1   0   1   0   0  -1  -1   0  -1  -1   1   0   0  -1  -1  -1    5   5   6  19   1   4   8   5   2   4   6   4   2   3   7   5   6   1   2   4  0.10 0.02
  202 S    -1   0   1  -1  -4  -2  -3   6  -3  -4  -4  -1  -3  -1  -1   0  -3  -3  -3  -4    2   5   6   3   0   1   1  64   0   1   1   3   0   3   3   5   1   0   0   1  0.96 0.34
  203 A    -1   3  -2  -1  -4   2   0   0  -2  -4  -3   5  -3  -4  -3  -1  -2  -4  -3  -2    3  12   1   3   0  11   5   7   1   0   2  49   0   0   0   2   0   0   0   3  0.70 0.34
  204 H    -1  -3   0  -4  -1  -2  -3  -3   9  -4  -3  -3  -3   0  -4   0  -3  -3   5  -4    4   0   5   0   2   1   0   2  50   0   2   0   0   3   0   6   0   0  23   0  1.44 0.51
  205 P     2  -4  -3  -4   0  -3  -3  -4  -4   0  -2  -3  -2  -4  -1   0   4  -4  -3   4   15   0   0   0   1   0   0   0   0   2   0   0   0   0   3   5  35   0   0  36  0.70 0.38
  206 V    -2  -5  -6  -6  -4  -5  -5  -6  -6   3   0  -5   0  -3  -3  -4  -2  -5  -4   6    2   0   0   0   0   0   0   0   0  15   5   0   2   0   1   0   1   0   0  74  1.36 0.54
  207 F    -6  -6  -6  -7  -6  -7  -7  -7  -5   1  -2  -6  -2   9  -7  -6  -5  -2   1  -2    0   0   0   0   0   0   0   0   0   7   1   0   1  89   0   0   0   0   1   1  2.48 0.76
  208 G    -2  -6  -4  -5  -6  -5  -5   7  -5  -7  -7  -5  -6  -7  -5  -3  -5  -6  -6  -6    2   0   0   0   0   0   0  98   0   0   0   0   0   0   0   0   0   0   0   0  2.40 0.73
  209 K    -3   3  -2  -3  -5   3   2  -4   1  -5  -4   5  -2  -3  -4  -2  -1  -4   2  -4    0  17   0   0   0  16  11   0   3   0   0  38   1   1   0   0   4   0   8   0  0.80 0.40
  210 V    -3  -5  -6  -6  -4  -5  -5  -6  -6   3   0  -5  -2  -3  -5  -4  -1  -5  -4   7    1   0   0   0   0   0   0   0   0  15   5   0   0   0   0   0   3   0   0  76  1.44 0.55
  211 I     0  -3  -3  -4  -1  -3  -3  -4  -4   3   1  -2   0  -2  -4  -1   3  -4  -1   3    8   0   0   0   1   0   1   0   0  20  14   2   1   0   0   2  19   0   2  29  0.44 0.26
  212 E    -1  -1  -1   3  -4   1   5   1  -1  -5  -4   2  -4  -5  -3   0  -2  -4  -3  -4    5   1   1  18   0   4  38  10   1   0   0  11   0   0   0   8   0   0   0   0  0.63 0.31
  213 G    -3  -4   0  -2  -5  -4  -4   7  -4  -6  -6  -4  -5  -6  -5  -1  -4  -5  -5  -6    0   1   4   2   0   0   0  86   0   0   0   0   0   0   0   5   0   0   0   0  1.83 0.59
  214 Y    -2  -1  -2   0  -3   1   0  -3  -1  -1   2   1   5   2  -4  -2  -2  -1   1  -1    1   1   1   5   0   7   5   2   1   2  22  12  24   9   0   1   1   0   5   1  0.34 0.25
  215 D    -2  -2   1   6  -5  -1   2  -1  -3  -5  -4  -1  -5  -5  -3   1  -1  -6  -5  -5    3   2   5  53   0   1  14   5   0   0   2   2   0   0   1  10   2   0   0   0  0.97 0.41
  216 V    -2  -4  -3  -5  -3  -2  -4  -5  -5   3   0  -4  -1  -3  -4  -3   3  -5  -4   5    2   0   1   0   0   2   0   0   0  14   5   0   1   1   0   0  24   0   0  50  0.87 0.42
  217 I    -2  -4  -5  -5  -3  -4  -5  -2  -5   1   4  -4   2  -2  -5  -4  -3  -4   0   5    2   0   0   0   0   0   0   3   0   6  36   0   5   0   0   0   0   0   3  44  0.82 0.38
  218 V    -2   2  -1   4  -4   1   2  -1   0  -3  -2   1  -3  -3  -3   0   0  -4   0  -2    1  14   1  27   0   5  12   4   3   0   5  11   0   1   0   4   5   0   5   3  0.35 0.22
  219 A     1   1   1  -1  -4   2   1  -3  -1  -2  -2   5  -1  -4  -3  -1  -1  -5  -2  -1   13   4   7   2   0   7   8   0   1   1   3  44   2   0   0   3   2   0   1   3  0.50 0.30
  220 I    -3  -5  -6  -6  -4  -5  -6  -6  -6   7   2  -5   4  -2  -5  -4  -2  -5  -4   1    1   0   0   0   0   0   0   0   0  63  17   0  13   0   0   1   1   0   0   4  1.29 0.50
  221 S     1   0   2  -1  -5   1   5  -2  -2  -4  -5   1  -4  -5  -3   1  -3  -5  -4  -4   13   3  12   1   0   4  51   2   0   0   0   6   0   0   0   8   0   0   0   0  0.83 0.41
  222 K     0   0   3   1  -4   1   2  -1   0  -4  -2   2  -2  -4  -2   1  -1  -4  -1  -2    8   2  16   5   0   6  16   4   2   0   4  18   0   0   1  12   1   0   2   1  0.30 0.20
  223 V     1  -3  -2  -3   0  -1  -2  -2  -3   2   0  -3   0  -1  -3   0   1  -4  -2   4   12   0   1   1   1   2   2   2   0  13   8   0   1   2   0   7   9   0   1  36  0.32 0.22
  224 K     0   0  -1   0   0   1   2   1  -2  -1  -3   2  -3  -1   3  -1  -1  -4  -2  -2    5   2   2   5   2   6  15  14   0   6   1  17   0   3  14   3   2   0   1   2  0.26 0.17
  225 T    -1  -1  -2   2  -3  -2   0  -2  -3  -2  -2  -2  -3  -4  -1   1   5  -5  -3   1    3   3   0  12   0   0   6   2   0   1   2   0   0   0   3   9  45   0   1  13  0.55 0.34
  226 R    -1   0   0   4  -4   0   2   1   1  -3  -4   0  -3  -4  -2  -1   0  -4  -1  -1    4   6   3  33   0   4  12  10   4   0   0   5   0   0   2   3   5   0   3   6  0.39 0.22
  227 Q    -1   1   3   1  -4   3   2  -1  -2  -4  -4   1  -3  -4  -3   2   1  -4  -3  -3    4   9  15   5   0  15  13   4   0   0   0   8   0   0   0  16   9   0   0   0  0.39 0.23
  228 D    -3  -2   2   5  -5  -2   1   4   0  -5  -5  -2  -4  -4  -4  -1  -3  -5   0  -5    0   1  10  33   0   1  10  33   2   0   0   1   0   0   0   3   0   0   4   0  0.83 0.36
  229 R    -2   6   0  -3  -4   1  -2  -4   0  -3  -3   3   0  -4  -2  -2  -1  -5  -2   0    3  43   3   1   0   6   0   0   2   0   1  22   3   0   1   1   4   0   1   8  0.75 0.36
  230 P    -4  -5  -5  -5  -4  -4  -4  -5  -5  -4  -3  -2  -5  -1   8  -4   0  -6  -4  -1    0   0   0   0   0   0   0   0   0   1   2   2   0   3  80   0   7   0   0   4  2.21 0.68
  231 E     0   0  -1  -2  -2   0   0  -3  -2   0   1   2   2  -1  -3   1   1  -3   1   0    4   3   2   0   0   2   5   0   0   3  16  16   6   2   0  16   9   0   6   8  0.12 0.14
  232 V    -1   1   0   0  -2   2   2  -3   1  -2  -1   2  -1  -2  -1   1   0  -3   2  -1    4   6   5   3   0  10  14   0   4   1   5  16   1   1   3   9   4   0  10   5  0.19 0.15
  233 P    -2  -1   1   4  -5  -2   2  -3  -3  -4  -4   1  -4  -5   6  -1  -1  -5  -5  -3    2   3   6  23   0   1  12   1   0   1   1   7   0   0  37   2   3   0   0   2  0.92 0.37
  234 I    -1  -4  -5  -3   0  -2  -4  -5  -1   5   0  -4  -1  -1  -2  -4  -2  -2  -3   5    5   0   0   2   2   2   0   0   2  37   4   0   0   2   2   0   1   0   0  41  0.78 0.36
  235 K    -2   4  -2  -3  -3   0   0  -2  -1   0  -2   3  -2  -4  -3  -1   1  -4  -3   2    1  22   0   0   0   3   4   3   1   5   2  24   0   0   0   3  12   0   0  21  0.40 0.27
  236 M    -4  -6  -6  -6  -4  -6  -6  -7  -6   8   0  -6   1  -3  -6  -5  -3  -6  -4   1    0   0   0   0   0   0   0   0   0  88   5   0   3   0   0   0   0   0   0   4  1.87 0.62
  237 I     1   1   0  -1  -1   0   1  -1  -1   1   0   1   0  -2  -2   0   1  -3  -2   0   11   6   3   2   1   3  10   2   1   9  10  13   2   0   0   5  13   0   0   8  0.08 0.09
  238 S    -2   1   1   4  -3   0   1  -1   4  -5  -5   1  -4  -4  -3   3  -1  -5  -3  -4    1  10   7  23   0   3   5   4  13   0   0  10   0   0   0  25   1   0   0   0  0.54 0.28
  239 V     0  -4  -4  -5   8  -4  -4  -4  -5   2  -2  -4  -2  -4  -4  -2   2  -5  -4   3    9   1   0   0  32   0   0   0   0  13   2   0   0   0   0   2  15   0   0  26  0.95 0.39
  240 A    -1  -1  -2  -2  -3  -1   2   4  -1  -1  -2   0  -2  -3  -3   0   2  -4  -1   0    2   3   0   1   0   1  15  32   1   4   2   7   0   0   0   4  16   0   2  10  0.32 0.21
  241 I    -1  -4  -2  -2  -3  -2   1  -4  -4   5   1  -3   0  -2  -4  -3  -2  -4  -1   3    4   0   3   1   0   1  11   0   0  39  10   0   1   0   0   0   1   0   2  27  0.53 0.27
  242 E    -2  -2  -3  -1  -3  -2   0  -3   2   1   3  -1   0   1  -3  -2   0  -3   1   0    1   0   0   3   0   0   9   1   8   5  44   4   0   5   1   3   4   0   5   5  0.26 0.18
  243 G     1  -2  -1   3  -2   0   1   0  -1   0   0  -1  -1  -1  -1   0   0  -2  -2   0   15   0   0  20   0   4  13   7   1   8  10   2   0   2   1   4   3   1   0   9  0.12 0.10
  244 S    -3  -2   4   5  -4   0   0   0  -2  -4  -4  -1  -4  -4   0   0   0  -5  -4  -3    0   0  22  47   0   2   3   5   0   1   1   3   0   0   4   5   5   0   0   1  0.78 0.28
  245 P    -2  -2  -2  -1  -4  -2  -1  -3  -3  -4  -2   0  -3   0   7  -1  -3  -4   0  -4    0   2   1   3   0   1   3   1   0   0   4   5   0   5  66   4   0   0   4   0  1.42 0.34
  246 G    -2  -3  -3  -2  -4  -3  -3  -1   1   0   0  -2   1   7  -3  -1  -2  -1   3  -1    2   0   0   2   0   0   1   5   4   3   4   2   4  55   1   4   1   0  10   3  0.77 0.27
  247 A     3  -2  -1   3  -3   1   3  -2  -2  -3  -3  -1  -3  -4   0   0   0  -4  -1  -1   33   0   0  22   0   4  24   0   0   0   0   2   0   0   3   2   4   0   2   4  0.44 0.20
  248 C     1  -2   0   5   3   0   2   0  -2  -3  -3  -1  -3  -4  -1   0  -2  -4  -3  -2   14   0   1  44   7   4  13   5   0   0   1   1   0   0   2   4   0   0   0   2  0.56 0.20
  249 G     0  -1  -1  -1   1   1  -1   1  -1   0   0   0   1   0   0   0   0   0   2  -1    7   0   2   3   5   8   0  10   0   9  11   6   5   4   5   8   3   1  11   0  0.04 0.05
  250 R     0   2  -1   0  -3   2   2  -1  -1  -1  -1   2  -1  -3   0  -1   0  -3  -2   0   11  10   0   4   0  14  13   3   0   2   6  16   0   0   3   0   8   0   0   9  0.16 0.08
  251 R     0   2  -1   1  -3   0   2  -1  -2  -2  -1   3  -2  -3   3  -1  -1  -3  -2  -2    8  13   0   7   0   0  15   5   0   1   6  24   0   0  15   0   4   0   1   0  0.30 0.11
  252 R    -1   5  -1   0  -4   3   1  -2  -1  -3  -2   2   0  -2  -1   0  -1  -3  -2  -2    3  39   1   4   0  16   9   1   0   0   1  12   4   1   1   4   1   0   0   1  0.47 0.16
  253 L    -1   2  -2  -2  -2   0   1  -3  -2   1   1   1   0  -1   1   0  -1  -3  -1   0    1  14   0   0   0   4  12   0   0   9  18  12   0   2   7   7   0   0   2   8  0.12 0.07
  254 Q    -1   1  -1   1  -3   3   4  -3  -1  -2  -2   2  -2  -3  -2   0   0  -3  -3  -1    4   6   0   5   0  18  34   0   0   2   2  11   0   0   0   5   6   0   0   7  0.38 0.14
  255 S     1  -1   1   1  -2   1   1  -2   1  -1  -2   1  -1  -3   1   0   0  -1  -2   0   16   0   7   9   0  10  11   0   4   2   2  11   0   0   7   5   5   1   0  10  0.15 0.07
  256 A     1   1   1   1  -2   0   1  -1  -1   0   0   1   0  -2   0   1   0  -3  -2   0   13   7   8   6   0   0  10   3   0   7   8  10   3   0   4  10   2   0   0   9  0.07 0.04
  257 I     2   1   0   0  -2   0   1  -2  -2   0  -1   1   1  -2   0   0   0  -3  -2  -1   28   7   6   3   0   2  13   0   0  10   5   9   5   0   4   4   3   0   0   1  0.12 0.08
  258 T     1   1  -1  -1  -2   0  -1   1  -2  -2  -2   2  -2  -3   2   0   2  -3  -2  -1   12   6   0   1   0   2   2  10   0   0   1  23   0   0  12   6  19   0   1   6  0.25 0.10
  259 T     0   2   0   1  -3   0   1   1  -2  -3  -2   2  -2  -3  -2   0   2  -3  -2  -2    9  15   2   9   0   3   6  12   0   0   2  13   0   0   0   3  23   0   1   0  0.23 0.09
  260 E     0  -1   0   3  -3   2   4  -2  -1  -3  -1   2  -2  -3  -2   0  -1  -4  -3  -3    8   0   4  17   0  13  32   0   0   0   7  12   0   0   0   6   0   0   0   0  0.42 0.12
  261 E    -1   2  -1   1  -4   4   3  -2   1  -3  -2   1  -2  -4   2   1  -1  -4  -2  -3    2  13   0   8   0  25  22   0   4   0   2   5   0   0   9  10   0   0   0   0  0.44 0.12
  262 A     2   0  -1  -2  -3   1  -1  -2  -1  -2  -2   2  -2   2   2  -1  -1  -1   3  -2   23   4   2   0   0   8   0   0   0   0   2  17   0  14  13   2   0   0  15   0  0.28 0.10
  263 W    -1  -1   0   0  -3   0   3  -2  -2  -1   0   0  -1  -2  -1   1   0   4  -2   0    3   0   5   2   0   0  38   2   0   0  10   6   0   0   2  11   3   8   0  11  0.26 0.10
  264 Y    -1  -2   2   4  -4  -1   1   0   1  -3  -3   0  -2   3  -3  -1  -2  -2   2  -3    3   0  13  35   0   0  10   6   3   0   0   5   0  17   0   0   0   0   8   0  0.39 0.11
  265 S    -1  -1   0   0  -3  -1   0  -2   1  -2  -1   1  -1   2   4   0  -1  -2   2   0    3   0   3   6   0   0   3   0   5   0   3  16   0  12  21   8   0   0  10   9  0.26 0.07
  266 S     0  -2  -1  -1  -3   0   3  -2  -2  -4  -4   0  -3  -4   5   1   0  -4  -3  -3    9   0   2   0   0   0  33   0   0   0   0   5   0   0  38   8   3   0   0   0  0.81 0.14
  267 W    -1  -1  -1   4  -3  -1   2  -3  -2  -2  -1  -1   1  -2  -2  -1  -1   5   0   0    4   4   0  37   0   0  18   0   0   0   4   0   6   0   0   0   4  10   4  10  0.38 0.09
  268 Q    -2  -1   1   5  -4   2   3  -2  -1  -2  -3   1  -2  -4   0  -1  -1  -4  -3  -2    0   0   4  41   0  14  20   0   0   4   0  12   0   0   3   0   0   0   0   3  0.55 0.10
  269 N    -2   3   3   0  -3   0   1  -2   2  -1  -2   0  -1   1  -3  -1   0  -3   0   0    0  23  22   4   0   0  10   0   8   0   0   0   0   8   0   0   6   0   3  16  0.20 0.07
  270 S     0   4   1   0  -3   2   1  -2  -1  -3  -2   2  -2  -3  -2   2  -1  -3  -2  -3    3  38   4   3   0   8   5   0   0   0   4  12   0   0   0  22   0   0   0   0  0.39 0.08
  271 L     0  -2  -2  -1  -2  -1  -2   0  -3   2   2  -2   3  -1  -3  -1   0  -3  -2   2    5   0   0   5   0   3   0   8   0  19  18   0  20   0   0   5   3   0   0  14  0.15 0.05
  272 E    -1   1  -1   1  -3   1   4  -1  -1  -1   0   1  -1  -3  -2   0  -1  -3  -2  -2    0   5   0   4   0   0  44   5   0   5  15  12   0   0   0  10   0   0   0   0  0.28 0.06
  273 C    -1   0   1   1   6   1  -1   2  -2  -2  -3  -1  -2  -3  -2   0   2  -3  -3  -2    0   6   6   9  25  11   0  19   0   0   0   0   0   0   0   6  19   0   0   0  0.33 0.06
  274 W     0  -2  -2   1  -2  -2  -2  -2  -2  -2  -2  -2  -2   2   2   0   1   8   0  -2   13   0   0  10   0   0   0   0   0   0   0   0   0  13  12   7  13  32   0   0  0.67 0.08
  275 W    -2  -2  -3  -4  -3   1  -2  -3  -2   1  -1  -2  -1   0  -4  -3  -2  10   2   1    0   0   0   0   0  14   0   0   0  15   0   0   0   0   0   0   0  49   8  15  1.10 0.10
  276 S     0   0  -1  -1  -2   0   1  -1  -1  -1   0   1  -1  -2   1   2   1  -2  -2  -1    8   1   1   1   0   0  16   1   0   1  16  16   0   0   7  23   8   0   0   1  0.15 0.02
  277 G     2  -2   1  -1  -2  -1  -2   5  -2  -3  -3  -1  -2  -3  -2   0  -1  -3  -2  -2   31   1   8   1   0   0   1  52   0   1   1   1   0   0   1   1   1   0   0   1  0.52 0.05
  278 L     1   0   0  -1  -1  -1  -1  -1  -2   0   0  -1   0  -2   1   1   1  -2  -2   1   16   8   7   1   0   0   1   1   0   1  15   1   0   0   8   8  16   0   0  16  0.10 0.02
  279 P    -1   0   0   1  -3   2   1   2  -1  -3  -3   2  -2  -3   3   0  -1  -3  -2  -2    1   1   1   8   0  14   8  24   0   1   1  23   0   0  15   1   1   0   0   1  0.35 0.03
  280 M     0  -2  -2  -2  -2  -1   0   1  -2   1   3  -2   3  -1  -3  -1  -1  -2  -2   1    8   0   0   0   0   0   8  15   0   0  42   0  15   0   0   0   0   0   0  12  0.17 0.04
  281 P    -1  -3  -2  -2  -3  -2  -2  -3  -3   1  -2  -2  -2  -3   7   0  -1  -4  -3  -1    0   0   0   0   0   0   0   0   0  18   0   0   0   0  72  10   0   0   0   0  1.38 0.08
  282 T     0  -2  -1  -2  -1  -1  -1   2  -2   0   0  -1   2   1  -2   0   3  -2  -1   0    1   1   1   1   0   1   1  19   0   1   1   1  14  10   1   1  36   0   1  10  0.15 0.03
  283 Q    -1  -1   2   3   3   2   0  -1  -1  -2  -2   0  -1  -2  -1   0   2  -2  -2  -1    1   1  10  24   9  16   1   1   0   1   1   1   0   1   1   1  28   0   1   1  0.26 0.03
  284 Q     0   0   0  -1  -3   4   2  -2   4  -3  -3   1  -1  -3  -2   1  -1  -3  -1  -2    9   0   0   0   0  32  13   0  19   0   0   9   0   0   0  18   0   0   0   0  0.39 0.05
  285 Q     0   0   0   0  -2   4   2  -2  -1  -3  -3   0  -1  -3  -1   2   2  -3  -2  -2    0   0   0   0   0  36  15   0   0   0   0   0   0   0   0  31  19   0   0   0  0.40 0.05
  286 F    -2  -3  -4  -4  -2  -3  -3  -4  -2   0   2  -3   1   6  -4  -3  -2   0   3   0    0   0   0   0   0   0   0   0   0   0  36   0   0  55   0   0   0   0   9   0  0.58 0.05
  287 G    -1   2   2  -1  -3   2   0   3  -1  -3  -3   0  -2  -3  -2   0  -1  -2  -2  -2    1  22  14   1   0  15   1  36   0   1   1   1   0   1   1   1   1   0   0   1  0.34 0.02
  288 A     4  -1  -1  -1  -1   2   0   0  -1  -2  -2   0  -1  -2  -1   1   0  -2  -2  -1   64   1   1   1   0  22   1   1   0   1   1   1   0   1   1   1   1   0   0   1  0.30 0.03
  289 C     0  -2  -1  -2   7  -2  -2   3  -2  -2  -2  -2  -2  -2  -2   1   0  -2  -2  -1    1   1   1   1  41   1   1  27   0   1   2   1   0   1   1  17   1   0   1   1  0.47 0.02
  290 V     0  -2  -2  -3  -1  -2  -2  -3  -3   2   1  -2   0  -1  -2  -1   0  -2  -1   4    1   1   1   1   0   1   1   1   0   1   2   1   0   1   1   1   1   0   1  84  0.29 0.03
  291 G     0  -2   0  -1  -2  -1  -2   5  -2  -3  -3  -1  -2  -2  -1   0  -1  -2  -2  -2    2   1   1   1   0   1   1  79   0   1   2   1   1   1   1   2   1   0   1   1  0.72 0.02
  292 A     2   1  -1  -1  -2   1   0  -1  -1  -2  -2   3  -1  -2  -1   0   0  -2  -1  -1   28   1   1   1   0   1   1   2   0   1   2  52   1   1   1   2   1   0   1   1  0.23 0.01
  293 F    -2  -2  -2  -2  -2  -1  -2  -2   1  -1  -1  -2  -1   4  -2  -1  -1   1   6  -1    2   1   1   1   0   1   1   2   0   1   2   1   1  27   1   2   1   0  52   1  0.49 0.02
  294 G     0  -1   0  -1  -1  -1  -1   4  -1  -2  -2  -1  -1  -1  -1   0  -1  -1  -1  -1    4   3   2   3   1   2   3  54   1   3   5   3   1   2   3   4   3   1   2   3  0.33 0.00
  295 L    -1  -1  -1  -1  -1  -1  -1  -1  -1   1   3  -1   1   0  -1  -1   0  -1  -1   0    4   3   2   3   1   2   3   4   1   3  55   3   1   2   3   4   3   1   2   3  0.09 0.00
  296 H    -1   0   0   0  -1   0   0  -1   6  -2  -1   0  -1  -1  -1   0  -1  -1   1  -1    4   3   2   3   1   2   3   4  51   3   5   3   1   2   3   4   3   1   2   3  0.28 0.00
  297 L    -1  -1  -1  -1  -1  -1  -1  -1  -1   1   3  -1   1   0  -1  -1   0  -1  -1   0    4   3   2   3   1   2   3   4   1   3  55   3   1   2   3   4   3   1   2   3  0.09 0.00
  298 G     0  -1   0  -1  -1  -1  -1   4  -1  -2  -2  -1  -1  -1  -1   0  -1  -1  -1  -1    4   3   2   3   1   2   3  54   1   3   5   3   1   2   3   4   3   1   2   3  0.33 0.00
  299 S     3  -1   0  -1  -1   0  -1   0  -1  -2  -2   0  -1  -2  -1   3   1  -3  -2  -1   50   0   0   0   0   0   0   0   0   0   0   0   0   0   0  50   0   0   0   0  0.35 0.00
  300 R    -2   6   0  -2  -4   1   0  -3   0  -3  -2   2  -1  -3  -2  -1  -1  -3  -2  -3    0 100   0   0   0   0   0   0   0   0   0   0   0   0   0   0   0   0   0   0  0.75 0.00
  301 F    -2  -3  -3  -4  -3  -3  -3  -3  -1   0   0  -3   0   7  -4  -3  -2   1   3  -1    0   0   0   0   0   0   0   0   0   0   0   0   0 100   0   0   0   0   0   0  0.74 0.01
  302 D    -2  -2   1   6  -4   0   2  -1  -1  -3  -4  -1  -3  -4  -2   0  -1  -5  -3  -3    0   0   0 100   0   0   0   0   0   0   0   0   0   0   0   0   0   0   0   0  0.93 0.00
  303 S     1  -2  -1  -1  -1  -1  -1  -1  -2   1   0  -1   0  -2  -2   2   1  -3  -2   2    0   0   0   0   0   0   0   0   0   0   0   0   0   0   0  50   0   0   0  50  0.18 0.00
  304 A     4  -2  -2  -2   0  -1  -1   0  -2  -1  -2  -1  -1  -2  -1   1   0  -3  -2   0  100   0   0   0   0   0   0   0   0   0   0   0   0   0   0   0   0   0   0   0  0.41 0.00
  305 L    -1  -3  -3  -4  -1  -2  -3  -4  -3   2   3  -3   2   0  -3  -2  -1  -2  -1   3    0   0   0   0   0   0   0   0   0   0  50   0   0   0   0   0   0   0   0  50  0.32 0.00
  306 G     0   0   0  -1  -3   4   1   4  -1  -3  -3   0  -1  -3  -2   0  -1  -2  -2  -3    0   0   0   0   0  50   0  50   0   0   0   0   0   0   0   0   0   0   0   0  0.54 0.00
  307 K    -1   2   0  -1  -3   1   1  -2  -1  -3  -3   5  -1  -3  -1   0  -1  -3  -2  -2    0   0   0   0   0   0   0   0   0   0   0 100   0   0   0   0   0   0   0   0  0.52 0.00
  308 A     3  -2  -2  -3  -1  -1  -2  -1   1  -1  -1  -1  -1   1  -2   0  -1   1   5  -1   50   0   0   0   0   0   0   0   0   0   0   0   0   0   0   0   0   0  50   0  0.36 0.00
  309 P     3  -2  -2  -2  -1  -1  -1  -1  -2  -2  -2  -1  -2  -3   6   0  -1  -3  -2  -1   50   0   0   0   0   0   0   0   0   0   0   0   0   0  50   0   0   0   0   0  0.89 0.00
  310 A     3   1  -1  -1  -2   0   0  -1  -1  -2  -2   3  -1  -3  -1   1   0  -3  -2  -1   50   0   0   0   0   0   0   0   0   0   0  50   0   0   0   0   0   0   0   0  0.29 0.00
  311 A     4  -2  -2  -2   0  -1  -1   0  -2  -1  -2  -1  -1  -2  -1   1   0  -3  -2   0  100   0   0   0   0   0   0   0   0   0   0   0   0   0   0   0   0   0   0   0  0.41 0.00
  312 H    -2   0   1  -1  -3   0   0  -2   7  -3  -3  -1  -2  -1  -2  -1  -2  -2   2  -3    0   0   0   0   0   0   0   0   0   0   0   0   0   0   0   0   0   0   0   0  0.00     0.00
  313 R    -1   5   0  -2  -3   1   0  -2   0  -3  -2   2  -1  -3  -2  -1  -1  -3  -2  -2    0   0   0   0   0   0   0   0   0   0   0   0   0   0   0   0   0   0   0   0  0.00     0.00
  314 A     4  -1  -2  -2   0  -1  -1   0  -2  -1  -1  -1  -1  -2  -1   1   0  -2  -2   0    0   0   0   0   0   0   0   0   0   0   0   0   0   0   0   0   0   0   0   0  0.00     0.00
  315 A     4  -1  -2  -2   0  -1  -1   0  -2  -1  -1  -1  -1  -2  -1   1   0  -2  -2   0    0   0   0   0   0   0   0   0   0   0   0   0   0   0   0   0   0   0   0   0  0.00     0.00
  316 D    -2  -2   1   6  -3   0   1  -1  -1  -3  -4  -1  -3  -3  -1   0  -1  -4  -3  -3    0   0   0   0   0   0   0   0   0   0   0   0   0   0   0   0   0   0   0   0  0.00     0.00
  317 S     1  -1   1   0  -1   0   0   0  -1  -2  -2   0  -1  -2  -1   4   1  -3  -2  -2    0   0   0   0   0   0   0   0   0   0   0   0   0   0   0   0   0   0   0   0  0.00     0.00
  318 S     1  -1   1   0  -1   0   0   0  -1  -2  -2   0  -1  -2  -1   4   1  -3  -2  -2    0   0   0   0   0   0   0   0   0   0   0   0   0   0   0   0   0   0   0   0  0.00     0.00
  319 C     0  -3  -3  -3   8  -3  -4  -2  -3  -1  -1  -3  -1  -2  -3  -1  -1  -2  -2  -1    0   0   0   0   0   0   0   0   0   0   0   0   0   0   0   0   0   0   0   0  0.00     0.00
  320 D    -2  -2   1   6  -3   0   1  -1  -1  -3  -4  -1  -3  -3  -1   0  -1  -4  -3  -3    0   0   0   0   0   0   0   0   0   0   0   0   0   0   0   0   0   0   0   0  0.00     0.00
  321 W    -2  -3  -4  -4  -2  -2  -3  -2  -2  -3  -2  -3  -1   1  -4  -3  -2  10   2  -3    0   0   0   0   0   0   0   0   0   0   0   0   0   0   0   0   0   0   0   0  0.00     0.00
  322 V     0  -2  -3  -3  -1  -2  -2  -3  -3   3   1  -2   1  -1  -2  -2   0  -3  -1   4    0   0   0   0   0   0   0   0   0   0   0   0   0   0   0   0   0   0   0   0  0.00     0.00
  323 G     0  -2   0  -1  -2  -2  -2   6  -2  -4  -4  -2  -3  -3  -2   0  -2  -2  -3  -3    0   0   0   0   0   0   0   0   0   0   0   0   0   0   0   0   0   0   0   0  0.00     0.00
  324 T     0  -1   0  -1  -1  -1  -1  -2  -2  -1  -1  -1  -1  -2  -1   1   4  -2  -2   0    0   0   0   0   0   0   0   0   0   0   0   0   0   0   0   0   0   0   0   0  0.00     0.00
  325 R    -1   5   0  -2  -3   1   0  -2   0  -3  -2   2  -1  -3  -2  -1  -1  -3  -2  -2    0   0   0   0   0   0   0   0   0   0   0   0   0   0   0   0   0   0   0   0  0.00     0.00
  326 A     4  -1  -2  -2   0  -1  -1   0  -2  -1  -1  -1  -1  -2  -1   1   0  -2  -2   0    0   0   0   0   0   0   0   0   0   0   0   0   0   0   0   0   0   0   0   0  0.00     0.00
  327 E    -1   0   0   1  -4   2   5  -2   0  -3  -3   1  -2  -3  -1   0  -1  -3  -2  -2    0   0   0   0   0   0   0   0   0   0   0   0   0   0   0   0   0   0   0   0  0.00     0.00
  328 E    -1   0   0   1  -4   2   5  -2   0  -3  -3   1  -2  -3  -1   0  -1  -3  -2  -2    0   0   0   0   0   0   0   0   0   0   0   0   0   0   0   0   0   0   0   0  0.00     0.00
  329 L    -1  -2  -3  -4  -1  -2  -3  -4  -3   2   4  -2   2   0  -3  -2  -1  -2  -1   1    0   0   0   0   0   0   0   0   0   0   0   0   0   0   0   0   0   0   0   0  0.00     0.00
  330 N    -2   0   6   1  -3   0   0   0   1  -3  -3   0  -2  -3  -2   1   0  -4  -2  -3    0   0   0   0   0   0   0   0   0   0   0   0   0   0   0   0   0   0   0   0  0.00     0.00
  331 M    -1  -1  -2  -3  -1   0  -2  -3  -2   1   2  -1   5   0  -2  -1  -1  -1  -1   1    0   0   0   0   0   0   0   0   0   0   0   0   0   0   0   0   0   0   0   0  0.00     0.00
  332 P    -1  -2  -2  -1  -3  -1  -1  -2  -2  -3  -3  -1  -2  -4   7  -1  -1  -4  -3  -2    0   0   0   0   0   0   0   0   0   0   0   0   0   0   0   0   0   0   0   0  0.00     0.00
  333 A     4  -1  -2  -2   0  -1  -1   0  -2  -1  -1  -1  -1  -2  -1   1   0  -2  -2   0    0   0   0   0   0   0   0   0   0   0   0   0   0   0   0   0   0   0   0   0  0.00     0.00
  334 F    -2  -3  -3  -3  -2  -3  -3  -3  -1   0   0  -3   0   6  -4  -2  -2   1   3  -1    0   0   0   0   0   0   0   0   0   0   0   0   0   0   0   0   0   0   0   0  0.00     0.00
  335 P    -1  -2  -2  -1  -3  -1  -1  -2  -2  -3  -3  -1  -2  -4   7  -1  -1  -4  -3  -2    0   0   0   0   0   0   0   0   0   0   0   0   0   0   0   0   0   0   0   0  0.00     0.00
  336 D    -2  -2   1   6  -3   0   1  -1  -1  -3  -4  -1  -3  -3  -1   0  -1  -4  -3  -3    0   0   0   0   0   0   0   0   0   0   0   0   0   0   0   0   0   0   0   0  0.00     0.00
  337 M    -1  -1  -2  -3  -1   0  -2  -3  -2   1   2  -1   5   0  -2  -1  -1  -1  -1   1    0   0   0   0   0   0   0   0   0   0   0   0   0   0   0   0   0   0   0   0  0.00     0.00
  338 G     0  -2   0  -1  -2  -2  -2   6  -2  -4  -4  -2  -3  -3  -2   0  -2  -2  -3  -3    0   0   0   0   0   0   0   0   0   0   0   0   0   0   0   0   0   0   0   0  0.00     0.00
  339 Q    -1   1   0   0  -3   5   2  -2   0  -3  -2   1   0  -3  -1   0  -1  -2  -1  -2    0   0   0   0   0   0   0   0   0   0   0   0   0   0   0   0   0   0   0   0  0.00     0.00
  340 I    -1  -3  -3  -3  -1  -3  -3  -4  -3   4   2  -3   1   0  -3  -2  -1  -3  -1   3    0   0   0   0   0   0   0   0   0   0   0   0   0   0   0   0   0   0   0   0  0.00     0.00
  341 K    -1   2   0  -1  -3   1   1  -2  -1  -3  -2   4  -1  -3  -1   0  -1  -3  -2  -2    0   0   0   0   0   0   0   0   0   0   0   0   0   0   0   0   0   0   0   0  0.00     0.00
  342 F    -2  -3  -3  -3  -2  -3  -3  -3  -1   0   0  -3   0   6  -4  -2  -2   1   3  -1    0   0   0   0   0   0   0   0   0   0   0   0   0   0   0   0   0   0   0   0  0.00     0.00
  343 N    -2   0   6   1  -3   0   0   0   1  -3  -3   0  -2  -3  -2   1   0  -4  -2  -3    0   0   0   0   0   0   0   0   0   0   0   0   0   0   0   0   0   0   0   0  0.00     0.00
  344 L    -1  -2  -3  -4  -1  -2  -3  -4  -3   2   4  -2   2   0  -3  -2  -1  -2  -1   1    0   0   0   0   0   0   0   0   0   0   0   0   0   0   0   0   0   0   0   0  0.00     0.00
  345 P    -1  -2  -2  -1  -3  -1  -1  -2  -2  -3  -3  -1  -2  -4   7  -1  -1  -4  -3  -2    0   0   0   0   0   0   0   0   0   0   0   0   0   0   0   0   0   0   0   0  0.00     0.00
  346 P    -1  -2  -2  -1  -3  -1  -1  -2  -2  -3  -3  -1  -2  -4   7  -1  -1  -4  -3  -2    0   0   0   0   0   0   0   0   0   0   0   0   0   0   0   0   0   0   0   0  0.00     0.00
  347 L    -1  -2  -3  -4  -1  -2  -3  -4  -3   2   4  -2   2   0  -3  -2  -1  -2  -1   1    0   0   0   0   0   0   0   0   0   0   0   0   0   0   0   0   0   0   0   0  0.00     0.00
  348 P    -1  -2  -2  -1  -3  -1  -1  -2  -2  -3  -3  -1  -2  -4   7  -1  -1  -4  -3  -2    0   0   0   0   0   0   0   0   0   0   0   0   0   0   0   0   0   0   0   0  0.00     0.00
  349 R    -1   5   0  -2  -3   1   0  -2   0  -3  -2   2  -1  -3  -2  -1  -1  -3  -2  -2    0   0   0   0   0   0   0   0   0   0   0   0   0   0   0   0   0   0   0   0  0.00     0.00
  350 L    -1  -2  -3  -4  -1  -2  -3  -4  -3   2   4  -2   2   0  -3  -2  -1  -2  -1   1    0   0   0   0   0   0   0   0   0   0   0   0   0   0   0   0   0   0   0   0  0.00     0.00
  351 L    -1  -2  -3  -4  -1  -2  -3  -4  -3   2   4  -2   2   0  -3  -2  -1  -2  -1   1    0   0   0   0   0   0   0   0   0   0   0   0   0   0   0   0   0   0   0   0  0.00     0.00
  352 P    -1  -2  -2  -1  -3  -1  -1  -2  -2  -3  -3  -1  -2  -4   7  -1  -1  -4  -3  -2    0   0   0   0   0   0   0   0   0   0   0   0   0   0   0   0   0   0   0   0  0.00     0.00
  353 S     1  -1   1   0  -1   0   0   0  -1  -2  -2   0  -1  -2  -1   4   1  -3  -2  -2    0   0   0   0   0   0   0   0   0   0   0   0   0   0   0   0   0   0   0   0  0.00     0.00
  354 W    -2  -3  -4  -4  -2  -2  -3  -2  -2  -3  -2  -3  -1   1  -4  -3  -2  10   2  -3    0   0   0   0   0   0   0   0   0   0   0   0   0   0   0   0   0   0   0   0  0.00     0.00
  355 Q    -1   1   0   0  -3   5   2  -2   0  -3  -2   1   0  -3  -1   0  -1  -2  -1  -2    0   0   0   0   0   0   0   0   0   0   0   0   0   0   0   0   0   0   0   0  0.00     0.00
  356 Q    -1   1   0   0  -3   5   2  -2   0  -3  -2   1   0  -3  -1   0  -1  -2  -1  -2    0   0   0   0   0   0   0   0   0   0   0   0   0   0   0   0   0   0   0   0  0.00     0.00
  357 L    -1  -2  -3  -4  -1  -2  -3  -4  -3   2   4  -2   2   0  -3  -2  -1  -2  -1   1    0   0   0   0   0   0   0   0   0   0   0   0   0   0   0   0   0   0   0   0  0.00     0.00
  358 Q    -1   1   0   0  -3   5   2  -2   0  -3  -2   1   0  -3  -1   0  -1  -2  -1  -2    0   0   0   0   0   0   0   0   0   0   0   0   0   0   0   0   0   0   0   0  0.00     0.00
  359 W    -2  -3  -4  -4  -2  -2  -3  -2  -2  -3  -2  -3  -1   1  -4  -3  -2  10   2  -3    0   0   0   0   0   0   0   0   0   0   0   0   0   0   0   0   0   0   0   0  0.00     0.00
  360 S     1  -1   1   0  -1   0   0   0  -1  -2  -2   0  -1  -2  -1   4   1  -3  -2  -2    0   0   0   0   0   0   0   0   0   0   0   0   0   0   0   0   0   0   0   0  0.00     0.00
  361 Q    -1   1   0   0  -3   5   2  -2   0  -3  -2   1   0  -3  -1   0  -1  -2  -1  -2    0   0   0   0   0   0   0   0   0   0   0   0   0   0   0   0   0   0   0   0  0.00     0.00
  362 A     4  -1  -2  -2   0  -1  -1   0  -2  -1  -1  -1  -1  -2  -1   1   0  -2  -2   0    0   0   0   0   0   0   0   0   0   0   0   0   0   0   0   0   0   0   0   0  0.00     0.00
  363 S     1  -1   1   0  -1   0   0   0  -1  -2  -2   0  -1  -2  -1   4   1  -3  -2  -2    0   0   0   0   0   0   0   0   0   0   0   0   0   0   0   0   0   0   0   0  0.00     0.00
  364 A     4  -1  -2  -2   0  -1  -1   0  -2  -1  -1  -1  -1  -2  -1   1   0  -2  -2   0    0   0   0   0   0   0   0   0   0   0   0   0   0   0   0   0   0   0   0   0  0.00     0.00
  365 D    -2  -2   1   6  -3   0   1  -1  -1  -3  -4  -1  -3  -3  -1   0  -1  -4  -3  -3    0   0   0   0   0   0   0   0   0   0   0   0   0   0   0   0   0   0   0   0  0.00     0.00
  366 P    -1  -2  -2  -1  -3  -1  -1  -2  -2  -3  -3  -1  -2  -4   7  -1  -1  -4  -3  -2    0   0   0   0   0   0   0   0   0   0   0   0   0   0   0   0   0   0   0   0  0.00     0.00
  367 E    -1   0   0   1  -4   2   5  -2   0  -3  -3   1  -2  -3  -1   0  -1  -3  -2  -2    0   0   0   0   0   0   0   0   0   0   0   0   0   0   0   0   0   0   0   0  0.00     0.00
  368 P    -1  -2  -2  -1  -3  -1  -1  -2  -2  -3  -3  -1  -2  -4   7  -1  -1  -4  -3  -2    0   0   0   0   0   0   0   0   0   0   0   0   0   0   0   0   0   0   0   0  0.00     0.00
  369 D    -2  -2   1   6  -3   0   1  -1  -1  -3  -4  -1  -3  -3  -1   0  -1  -4  -3  -3    0   0   0   0   0   0   0   0   0   0   0   0   0   0   0   0   0   0   0   0  0.00     0.00
  370 D    -2  -2   1   6  -3   0   1  -1  -1  -3  -4  -1  -3  -3  -1   0  -1  -4  -3  -3    0   0   0   0   0   0   0   0   0   0   0   0   0   0   0   0   0   0   0   0  0.00     0.00
  371 T     0  -1   0  -1  -1  -1  -1  -2  -2  -1  -1  -1  -1  -2  -1   1   4  -2  -2   0    0   0   0   0   0   0   0   0   0   0   0   0   0   0   0   0   0   0   0   0  0.00     0.00
  372 E    -1   0   0   1  -4   2   5  -2   0  -3  -3   1  -2  -3  -1   0  -1  -3  -2  -2    0   0   0   0   0   0   0   0   0   0   0   0   0   0   0   0   0   0   0   0  0.00     0.00
  373 N    -2   0   6   1  -3   0   0   0   1  -3  -3   0  -2  -3  -2   1   0  -4  -2  -3    0   0   0   0   0   0   0   0   0   0   0   0   0   0   0   0   0   0   0   0  0.00     0.00
  374 T     0  -1   0  -1  -1  -1  -1  -2  -2  -1  -1  -1  -1  -2  -1   1   4  -2  -2   0    0   0   0   0   0   0   0   0   0   0   0   0   0   0   0   0   0   0   0   0  0.00     0.00
  375 R    -1   5   0  -2  -3   1   0  -2   0  -3  -2   2  -1  -3  -2  -1  -1  -3  -2  -2    0   0   0   0   0   0   0   0   0   0   0   0   0   0   0   0   0   0   0   0  0.00     0.00
  376 W    -2  -3  -4  -4  -2  -2  -3  -2  -2  -3  -2  -3  -1   1  -4  -3  -2  10   2  -3    0   0   0   0   0   0   0   0   0   0   0   0   0   0   0   0   0   0   0   0  0.00     0.00
  377 V     0  -2  -3  -3  -1  -2  -2  -3  -3   3   1  -2   1  -1  -2  -2   0  -3  -1   4    0   0   0   0   0   0   0   0   0   0   0   0   0   0   0   0   0   0   0   0  0.00     0.00
  378 P    -1  -2  -2  -1  -3  -1  -1  -2  -2  -3  -3  -1  -2  -4   7  -1  -1  -4  -3  -2    0   0   0   0   0   0   0   0   0   0   0   0   0   0   0   0   0   0   0   0  0.00     0.00
  379 I    -1  -3  -3  -3  -1  -3  -3  -4  -3   4   2  -3   1   0  -3  -2  -1  -3  -1   3    0   0   0   0   0   0   0   0   0   0   0   0   0   0   0   0   0   0   0   0  0.00     0.00
  380 A     4  -1  -2  -2   0  -1  -1   0  -2  -1  -1  -1  -1  -2  -1   1   0  -2  -2   0    0   0   0   0   0   0   0   0   0   0   0   0   0   0   0   0   0   0   0   0  0.00     0.00
  381 K    -1   2   0  -1  -3   1   1  -2  -1  -3  -2   4  -1  -3  -1   0  -1  -3  -2  -2    0   0   0   0   0   0   0   0   0   0   0   0   0   0   0   0   0   0   0   0  0.00     0.00
  382 E    -1   0   0   1  -4   2   5  -2   0  -3  -3   1  -2  -3  -1   0  -1  -3  -2  -2    0   0   0   0   0   0   0   0   0   0   0   0   0   0   0   0   0   0   0   0  0.00     0.00
  383 Q    -1   1   0   0  -3   5   2  -2   0  -3  -2   1   0  -3  -1   0  -1  -2  -1  -2    0   0   0   0   0   0   0   0   0   0   0   0   0   0   0   0   0   0   0   0  0.00     0.00
  384 A     4  -1  -2  -2   0  -1  -1   0  -2  -1  -1  -1  -1  -2  -1   1   0  -2  -2   0    0   0   0   0   0   0   0   0   0   0   0   0   0   0   0   0   0   0   0   0  0.00     0.00
  385 R    -1   5   0  -2  -3   1   0  -2   0  -3  -2   2  -1  -3  -2  -1  -1  -3  -2  -2    0   0   0   0   0   0   0   0   0   0   0   0   0   0   0   0   0   0   0   0  0.00     0.00
  386 P    -1  -2  -2  -1  -3  -1  -1  -2  -2  -3  -3  -1  -2  -4   7  -1  -1  -4  -3  -2    0   0   0   0   0   0   0   0   0   0   0   0   0   0   0   0   0   0   0   0  0.00     0.00
  387 Q    -1   1   0   0  -3   5   2  -2   0  -3  -2   1   0  -3  -1   0  -1  -2  -1  -2    0   0   0   0   0   0   0   0   0   0   0   0   0   0   0   0   0   0   0   0  0.00     0.00
  388 P    -1  -2  -2  -1  -3  -1  -1  -2  -2  -3  -3  -1  -2  -4   7  -1  -1  -4  -3  -2    0   0   0   0   0   0   0   0   0   0   0   0   0   0   0   0   0   0   0   0  0.00     0.00
  389 Q    -1   1   0   0  -3   5   2  -2   0  -3  -2   1   0  -3  -1   0  -1  -2  -1  -2    0   0   0   0   0   0   0   0   0   0   0   0   0   0   0   0   0   0   0   0  0.00     0.00
  390 A     4  -1  -2  -2   0  -1  -1   0  -2  -1  -1  -1  -1  -2  -1   1   0  -2  -2   0    0   0   0   0   0   0   0   0   0   0   0   0   0   0   0   0   0   0   0   0  0.00     0.00
  391 T     0  -1   0  -1  -1  -1  -1  -2  -2  -1  -1  -1  -1  -2  -1   1   4  -2  -2   0    0   0   0   0   0   0   0   0   0   0   0   0   0   0   0   0   0   0   0   0  0.00     0.00
  392 V     0  -2  -3  -3  -1  -2  -2  -3  -3   3   1  -2   1  -1  -2  -2   0  -3  -1   4    0   0   0   0   0   0   0   0   0   0   0   0   0   0   0   0   0   0   0   0  0.00     0.00
  393 V     0  -2  -3  -3  -1  -2  -2  -3  -3   3   1  -2   1  -1  -2  -2   0  -3  -1   4    0   0   0   0   0   0   0   0   0   0   0   0   0   0   0   0   0   0   0   0  0.00     0.00
  394 E    -1   0   0   1  -4   2   5  -2   0  -3  -3   1  -2  -3  -1   0  -1  -3  -2  -2    0   0   0   0   0   0   0   0   0   0   0   0   0   0   0   0   0   0   0   0  0.00     0.00
  395 E    -1   0   0   1  -4   2   5  -2   0  -3  -3   1  -2  -3  -1   0  -1  -3  -2  -2    0   0   0   0   0   0   0   0   0   0   0   0   0   0   0   0   0   0   0   0  0.00     0.00
  396 E    -1   0   0   1  -4   2   5  -2   0  -3  -3   1  -2  -3  -1   0  -1  -3  -2  -2    0   0   0   0   0   0   0   0   0   0   0   0   0   0   0   0   0   0   0   0  0.00     0.00
  397 S     1  -1   1   0  -1   0   0   0  -1  -2  -2   0  -1  -2  -1   4   1  -3  -2  -2    0   0   0   0   0   0   0   0   0   0   0   0   0   0   0   0   0   0   0   0  0.00     0.00
  398 V     0  -2  -3  -3  -1  -2  -2  -3  -3   3   1  -2   1  -1  -2  -2   0  -3  -1   4    0   0   0   0   0   0   0   0   0   0   0   0   0   0   0   0   0   0   0   0  0.00     0.00
  399 W    -2  -3  -4  -4  -2  -2  -3  -2  -2  -3  -2  -3  -1   1  -4  -3  -2  10   2  -3    0   0   0   0   0   0   0   0   0   0   0   0   0   0   0   0   0   0   0   0  0.00     0.00
  400 T     0  -1   0  -1  -1  -1  -1  -2  -2  -1  -1  -1  -1  -2  -1   1   4  -2  -2   0    0   0   0   0   0   0   0   0   0   0   0   0   0   0   0   0   0   0   0   0  0.00     0.00
  401 P    -1  -2  -2  -1  -3  -1  -1  -2  -2  -3  -3  -1  -2  -4   7  -1  -1  -4  -3  -2    0   0   0   0   0   0   0   0   0   0   0   0   0   0   0   0   0   0   0   0  0.00     0.00
  402 I    -1  -3  -3  -3  -1  -3  -3  -4  -3   4   2  -3   1   0  -3  -2  -1  -3  -1   3    0   0   0   0   0   0   0   0   0   0   0   0   0   0   0   0   0   0   0   0  0.00     0.00
  403 A     4  -1  -2  -2   0  -1  -1   0  -2  -1  -1  -1  -1  -2  -1   1   0  -2  -2   0    0   0   0   0   0   0   0   0   0   0   0   0   0   0   0   0   0   0   0   0  0.00     0.00
  404 A     4  -1  -2  -2   0  -1  -1   0  -2  -1  -1  -1  -1  -2  -1   1   0  -2  -2   0    0   0   0   0   0   0   0   0   0   0   0   0   0   0   0   0   0   0   0   0  0.00     0.00
  405 G     0  -2   0  -1  -2  -2  -2   6  -2  -4  -4  -2  -3  -3  -2   0  -2  -2  -3  -3    0   0   0   0   0   0   0   0   0   0   0   0   0   0   0   0   0   0   0   0  0.00     0.00
  406 T     0  -1   0  -1  -1  -1  -1  -2  -2  -1  -1  -1  -1  -2  -1   1   4  -2  -2   0    0   0   0   0   0   0   0   0   0   0   0   0   0   0   0   0   0   0   0   0  0.00     0.00
  407 G     0  -2   0  -1  -2  -2  -2   6  -2  -4  -4  -2  -3  -3  -2   0  -2  -2  -3  -3    0   0   0   0   0   0   0   0   0   0   0   0   0   0   0   0   0   0   0   0  0.00     0.00
  408 A     4  -1  -2  -2   0  -1  -1   0  -2  -1  -1  -1  -1  -2  -1   1   0  -2  -2   0    0   0   0   0   0   0   0   0   0   0   0   0   0   0   0   0   0   0   0   0  0.00     0.00
  409 G     0  -2   0  -1  -2  -2  -2   6  -2  -4  -4  -2  -3  -3  -2   0  -2  -2  -3  -3    0   0   0   0   0   0   0   0   0   0   0   0   0   0   0   0   0   0   0   0  0.00     0.00
  410 F    -2  -3  -3  -3  -2  -3  -3  -3  -1   0   0  -3   0   6  -4  -2  -2   1   3  -1    0   0   0   0   0   0   0   0   0   0   0   0   0   0   0   0   0   0   0   0  0.00     0.00
  411 A     4  -1  -2  -2   0  -1  -1   0  -2  -1  -1  -1  -1  -2  -1   1   0  -2  -2   0    0   0   0   0   0   0   0   0   0   0   0   0   0   0   0   0   0   0   0   0  0.00     0.00
  412 A     4  -1  -2  -2   0  -1  -1   0  -2  -1  -1  -1  -1  -2  -1   1   0  -2  -2   0    0   0   0   0   0   0   0   0   0   0   0   0   0   0   0   0   0   0   0   0  0.00     0.00
  413 G     0  -2   0  -1  -2  -2  -2   6  -2  -4  -4  -2  -3  -3  -2   0  -2  -2  -3  -3    0   0   0   0   0   0   0   0   0   0   0   0   0   0   0   0   0   0   0   0  0.00     0.00
  414 A     4  -1  -2  -2   0  -1  -1   0  -2  -1  -1  -1  -1  -2  -1   1   0  -2  -2   0    0   0   0   0   0   0   0   0   0   0   0   0   0   0   0   0   0   0   0   0  0.00     0.00
  415 V     0  -2  -3  -3  -1  -2  -2  -3  -3   3   1  -2   1  -1  -2  -2   0  -3  -1   4    0   0   0   0   0   0   0   0   0   0   0   0   0   0   0   0   0   0   0   0  0.00     0.00
  416 V     0  -2  -3  -3  -1  -2  -2  -3  -3   3   1  -2   1  -1  -2  -2   0  -3  -1   4    0   0   0   0   0   0   0   0   0   0   0   0   0   0   0   0   0   0   0   0  0.00     0.00
  417 A     4  -1  -2  -2   0  -1  -1   0  -2  -1  -1  -1  -1  -2  -1   1   0  -2  -2   0    0   0   0   0   0   0   0   0   0   0   0   0   0   0   0   0   0   0   0   0  0.00     0.00
  418 L    -1  -2  -3  -4  -1  -2  -3  -4  -3   2   4  -2   2   0  -3  -2  -1  -2  -1   1    0   0   0   0   0   0   0   0   0   0   0   0   0   0   0   0   0   0   0   0  0.00     0.00
  419 A     4  -1  -2  -2   0  -1  -1   0  -2  -1  -1  -1  -1  -2  -1   1   0  -2  -2   0    0   0   0   0   0   0   0   0   0   0   0   0   0   0   0   0   0   0   0   0  0.00     0.00
  420 F    -2  -3  -3  -3  -2  -3  -3  -3  -1   0   0  -3   0   6  -4  -2  -2   1   3  -1    0   0   0   0   0   0   0   0   0   0   0   0   0   0   0   0   0   0   0   0  0.00     0.00
  421 L    -1  -2  -3  -4  -1  -2  -3  -4  -3   2   4  -2   2   0  -3  -2  -1  -2  -1   1    0   0   0   0   0   0   0   0   0   0   0   0   0   0   0   0   0   0   0   0  0.00     0.00
  422 R    -1   5   0  -2  -3   1   0  -2   0  -3  -2   2  -1  -3  -2  -1  -1  -3  -2  -2    0   0   0   0   0   0   0   0   0   0   0   0   0   0   0   0   0   0   0   0  0.00     0.00
  423 F    -2  -3  -3  -3  -2  -3  -3  -3  -1   0   0  -3   0   6  -4  -2  -2   1   3  -1    0   0   0   0   0   0   0   0   0   0   0   0   0   0   0   0   0   0   0   0  0.00     0.00
  424 R    -1   5   0  -2  -3   1   0  -2   0  -3  -2   2  -1  -3  -2  -1  -1  -3  -2  -2    0   0   0   0   0   0   0   0   0   0   0   0   0   0   0   0   0   0   0   0  0.00     0.00
  425 K    -1   2   0  -1  -3   1   1  -2  -1  -3  -2   4  -1  -3  -1   0  -1  -3  -2  -2    0   0   0   0   0   0   0   0   0   0   0   0   0   0   0   0   0   0   0   0  0.00     0.00
  426 G     0  -2   0  -1  -2  -2  -2   6  -2  -4  -4  -2  -3  -3  -2   0  -2  -2  -3  -3    0   0   0   0   0   0   0   0   0   0   0   0   0   0   0   0   0   0   0   0  0.00     0.00
  427 G     0  -2   0  -1  -2  -2  -2   6  -2  -4  -4  -2  -3  -3  -2   0  -2  -2  -3  -3    0   0   0   0   0   0   0   0   0   0   0   0   0   0   0   0   0   0   0   0  0.00     0.00
  428 R    -1   5   0  -2  -3   1   0  -2   0  -3  -2   2  -1  -3  -2  -1  -1  -3  -2  -2    0   0   0   0   0   0   0   0   0   0   0   0   0   0   0   0   0   0   0   0  0.00     0.00
  429 P    -1  -2  -2  -1  -3  -1  -1  -2  -2  -3  -3  -1  -2  -4   7  -1  -1  -4  -3  -2    0   0   0   0   0   0   0   0   0   0   0   0   0   0   0   0   0   0   0   0  0.00     0.00
  430 E    -1   0   0   1  -4   2   5  -2   0  -3  -3   1  -2  -3  -1   0  -1  -3  -2  -2    0   0   0   0   0   0   0   0   0   0   0   0   0   0   0   0   0   0   0   0  0.00     0.00
  431 V     0  -2  -3  -3  -1  -2  -2  -3  -3   3   1  -2   1  -1  -2  -2   0  -3  -1   4    0   0   0   0   0   0   0   0   0   0   0   0   0   0   0   0   0   0   0   0  0.00     0.00
  432 R    -1   5   0  -2  -3   1   0  -2   0  -3  -2   2  -1  -3  -2  -1  -1  -3  -2  -2    0   0   0   0   0   0   0   0   0   0   0   0   0   0   0   0   0   0   0   0  0.00     0.00
  433 Q    -1   1   0   0  -3   5   2  -2   0  -3  -2   1   0  -3  -1   0  -1  -2  -1  -2    0   0   0   0   0   0   0   0   0   0   0   0   0   0   0   0   0   0   0   0  0.00     0.00
  434 A     4  -1  -2  -2   0  -1  -1   0  -2  -1  -1  -1  -1  -2  -1   1   0  -2  -2   0    0   0   0   0   0   0   0   0   0   0   0   0   0   0   0   0   0   0   0   0  0.00     0.00
  435 N    -2   0   6   1  -3   0   0   0   1  -3  -3   0  -2  -3  -2   1   0  -4  -2  -3    0   0   0   0   0   0   0   0   0   0   0   0   0   0   0   0   0   0   0   0  0.00     0.00
  436 K    -1   2   0  -1  -3   1   1  -2  -1  -3  -2   4  -1  -3  -1   0  -1  -3  -2  -2    0   0   0   0   0   0   0   0   0   0   0   0   0   0   0   0   0   0   0   0  0.00     0.00
  437 A     4  -1  -2  -2   0  -1  -1   0  -2  -1  -1  -1  -1  -2  -1   1   0  -2  -2   0    0   0   0   0   0   0   0   0   0   0   0   0   0   0   0   0   0   0   0   0  0.00     0.00
  438 P    -1  -2  -2  -1  -3  -1  -1  -2  -2  -3  -3  -1  -2  -4   7  -1  -1  -4  -3  -2    0   0   0   0   0   0   0   0   0   0   0   0   0   0   0   0   0   0   0   0  0.00     0.00
  439 S     1  -1   1   0  -1   0   0   0  -1  -2  -2   0  -1  -2  -1   4   1  -3  -2  -2    0   0   0   0   0   0   0   0   0   0   0   0   0   0   0   0   0   0   0   0  0.00     0.00
  440 T     0  -1   0  -1  -1  -1  -1  -2  -2  -1  -1  -1  -1  -2  -1   1   4  -2  -2   0    0   0   0   0   0   0   0   0   0   0   0   0   0   0   0   0   0   0   0   0  0.00     0.00
  441 V     0  -2  -3  -3  -1  -2  -2  -3  -3   3   1  -2   1  -1  -2  -2   0  -3  -1   4    0   0   0   0   0   0   0   0   0   0   0   0   0   0   0   0   0   0   0   0  0.00     0.00
  442 S     1  -1   1   0  -1   0   0   0  -1  -2  -2   0  -1  -2  -1   4   1  -3  -2  -2    0   0   0   0   0   0   0   0   0   0   0   0   0   0   0   0   0   0   0   0  0.00     0.00
  443 A     4  -1  -2  -2   0  -1  -1   0  -2  -1  -1  -1  -1  -2  -1   1   0  -2  -2   0    0   0   0   0   0   0   0   0   0   0   0   0   0   0   0   0   0   0   0   0  0.00     0.00
  444 A     4  -1  -2  -2   0  -1  -1   0  -2  -1  -1  -1  -1  -2  -1   1   0  -2  -2   0    0   0   0   0   0   0   0   0   0   0   0   0   0   0   0   0   0   0   0   0  0.00     0.00
  445 S     1  -1   1   0  -1   0   0   0  -1  -2  -2   0  -1  -2  -1   4   1  -3  -2  -2    0   0   0   0   0   0   0   0   0   0   0   0   0   0   0   0   0   0   0   0  0.00     0.00
  446 S     1  -1   1   0  -1   0   0   0  -1  -2  -2   0  -1  -2  -1   4   1  -3  -2  -2    0   0   0   0   0   0   0   0   0   0   0   0   0   0   0   0   0   0   0   0  0.00     0.00
  447 T     0  -1   0  -1  -1  -1  -1  -2  -2  -1  -1  -1  -1  -2  -1   1   4  -2  -2   0    0   0   0   0   0   0   0   0   0   0   0   0   0   0   0   0   0   0   0   0  0.00     0.00
  448 T     0  -1   0  -1  -1  -1  -1  -2  -2  -1  -1  -1  -1  -2  -1   1   4  -2  -2   0    0   0   0   0   0   0   0   0   0   0   0   0   0   0   0   0   0   0   0   0  0.00     0.00
  449 G     0  -2   0  -1  -2  -2  -2   6  -2  -4  -4  -2  -3  -3  -2   0  -2  -2  -3  -3    0   0   0   0   0   0   0   0   0   0   0   0   0   0   0   0   0   0   0   0  0.00     0.00
  450 V     0  -2  -3  -3  -1  -2  -2  -3  -3   3   1  -2   1  -1  -2  -2   0  -3  -1   4    0   0   0   0   0   0   0   0   0   0   0   0   0   0   0   0   0   0   0   0  0.00     0.00
  451 A     4  -1  -2  -2   0  -1  -1   0  -2  -1  -1  -1  -1  -2  -1   1   0  -2  -2   0    0   0   0   0   0   0   0   0   0   0   0   0   0   0   0   0   0   0   0   0  0.00     0.00
  452 M    -1  -1  -2  -3  -1   0  -2  -3  -2   1   2  -1   5   0  -2  -1  -1  -1  -1   1    0   0   0   0   0   0   0   0   0   0   0   0   0   0   0   0   0   0   0   0  0.00     0.00
  453 S     1  -1   1   0  -1   0   0   0  -1  -2  -2   0  -1  -2  -1   4   1  -3  -2  -2    0   0   0   0   0   0   0   0   0   0   0   0   0   0   0   0   0   0   0   0  0.00     0.00
  454 A     4  -1  -2  -2   0  -1  -1   0  -2  -1  -1  -1  -1  -2  -1   1   0  -2  -2   0    0   0   0   0   0   0   0   0   0   0   0   0   0   0   0   0   0   0   0   0  0.00     0.00

                      K         Lambda
Standard Ungapped    0.1321     0.3165
Standard Gapped      0.0410     0.2670
PSI Ungapped         0.1341     0.3167
PSI Gapped           0.0410     0.2670
