
Last position-specific scoring matrix computed, weighted observed percentages rounded down, information per position, and relative weight of gapless real matches to pseudocounts
            A   R   N   D   C   Q   E   G   H   I   L   K   M   F   P   S   T   W   Y   V   A   R   N   D   C   Q   E   G   H   I   L   K   M   F   P   S   T   W   Y   V
    1 P    -1  -2  -2  -1  -3  -1  -1  -2  -2  -3  -3  -1  -2  -4   7  -1  -1  -4  -3  -2    0   0   0   0   0   0   0   0   0   0   0   0   0   0   0   0   0   0   0   0  0.00     0.00
    2 W    -2  -3  -4  -4  -2  -2  -3  -2  -2  -3  -2  -3  -1   1  -4  -3  -2  10   2  -3    0   0   0   0   0   0   0   0   0   0   0   0   0   0   0   0   0   0   0   0  0.00     0.00
    3 S     1  -1   1   0  -1   0   0   0  -1  -2  -2   0  -1  -2  -1   4   1  -3  -2  -2    0   0   0   0   0   0   0   0   0   0   0   0   0   0   0   0   0   0   0   0  0.00     0.00
    4 T     0  -1   0  -1  -1  -1  -1  -2  -2  -1  -1  -1  -1  -2  -1   1   4  -2  -2   0    0   0   0   0   0   0   0   0   0   0   0   0   0   0   0   0   0   0   0   0  0.00     0.00
    5 W    -2  -3  -4  -4  -2  -2  -3  -2  -2  -3  -2  -3  -1   1  -4  -3  -2  10   2  -3    0   0   0   0   0   0   0   0   0   0   0   0   0   0   0   0   0   0   0   0  0.00     0.00
    6 P    -1  -2  -2  -2  -3  -1  -1  -2  -2  -3  -3  -1  -3  -4   8  -1  -1  -4  -3  -3    0   0   0   0   0   0   0   0   0   0   0   0   0   0 100   0   0   0   0   0  2.07 0.02
    7 M     0  -1  -1  -1  -2   0  -1  -2   4  -1  -1  -1   3  -2   4   1   0  -3  -1  -1    0   0   0   0   0   0   0   0  22   0   0   0  28   0  22  28   0   0   0   0  0.33 0.01
    8 V     0  -2  -1  -2  -1  -1  -1  -2  -2   2   0  -1   0  -2  -2   1   3  -3  -2   2    0   0   0   0   0   0   0   0   0  19   0   0   0   0   0  20  39   0   0  23  0.20 0.01
    9 L    -2  -3  -4  -4  -1  -2  -3  -4  -3   2   4  -3   2   0  -3  -3  -1  -2  -1   1    0   0   0   0   0   0   0   0   0  20  80   0   0   0   0   0   0   0   0   0  0.42 0.01
   10 F    -2   0  -1  -2  -3   3   0  -3   4  -2  -1   0   0   4  -2  -1  -2  -1   2  -2    0   0   0   0   0  40   0   0  19   0   0   0   0  41   0   0   0   0   0   0  0.34 0.01
   11 L     1  -2  -2  -3  -1  -2  -2  -2  -3   1   3  -2   1   0  -2  -1   1  -2  -1   0   19   0   0   0   0   0   0   0   0   0  63   0   0   0   0   0  19   0   0   0  0.22 0.01
   12 A     2   1   0  -1  -1   0   0  -1   3  -2  -2   0  -1  -2  -1   2   2  -3  -1  -1   20  14   0   0   0   0   0   0  14   0   0   0   0   0   0  37  14   0   0   0  0.25 0.01
   13 R    -1   3   0   0  -3   1   3  -2  -1  -3  -3   1  -2  -3   3   1  -1  -3  -2  -3    0  34   0   0   0   0  37   0   0   0   0   0   0   0  14  14   0   0   0   0  0.46 0.01
   14 E     0  -1   0   1  -2   1   4  -2  -1  -2  -2   0  -2  -3   2   1   2  -3  -2  -2    0   0   0   0   0   0  51   0   0   0   0   0   0   0   9  10  29   0   0   0  0.42 0.01
   15 M    -1  -1  -1  -2  -2   2  -1  -3  -1   0   1  -1   4  -1   3  -1   1  -2  -2   0    0   0   0   0   0  21   0   0   0   0  13   0  35   0  16   0  15   0   0   0  0.26 0.02
   16 L     0   1   0  -1  -1  -1  -1   1  -1  -2   0   0  -1  -2  -1   3   1  -3  -2  -1    0   8   0   0   0   0   0  13   0   0  13   0   0   0   0  59   7   0   0   0  0.24 0.02
   17 A     3  -2  -1  -1   4  -1  -1  -1  -2  -2  -2  -1  -1  -3  -1   2   2  -3  -2  -1   43   0   0   0  13   0   0   0   0   0   0   0   0   0   0  28  15   0   0   0  0.32 0.02
   18 L     1  -2   0  -2  -1  -1  -1  -2  -2   0   1  -1   0  -1   1   1   3  -3  -2   0   19   0   6   0   0   0   0   0   0   0  27   0   0   0   5   5  38   0   0   0  0.18 0.02
   19 Q     2   0  -1  -1  -2   3   0  -1  -1  -2  -2   0  -1  -3   4   1   1  -3  -2  -1   33   6   0   0   0  24   0   0   0   0   0   0   0   0  22   5  11   0   0   0  0.40 0.03
   20 T     2  -2  -1  -2  -1  -1  -1   2  -2  -2  -2  -1  -1  -3   1   1   3  -3  -2  -1   30   0   0   0   0   0   0  18   0   0   0   0   0   0   6   5  41   0   0   0  0.32 0.03
   21 C    -1   0   2  -1   3  -1  -1  -2   1  -2  -1  -1  -1  -2   4   1   1  -3  -2  -2    0   5  19   0   9   0   0   0   5   0  10   0   0   0  27  14  10   0   0   0  0.39 0.02
   22 R    -1   3  -1  -2  -2  -1  -1  -3   1   0   1   0   2   1  -2   0   1  -2  -1   0    0  27   0   0   0   0   0   0   4   0  18   0  14   8   0   5  14   0   0  10  0.13 0.02
   23 R    -1   5  -1  -2  -4   1   0  -3  -1  -3  -3   2  -2  -3   3   0  -1  -3  -2  -3    0  72   0   0   0   0   0   0   0   0   0  10   0   0  14   5   0   0   0   0  0.71 0.06
   24 A     2   0  -1  -1  -1  -1  -1  -1   1  -2  -2   0  -1  -2   2   2   2  -2  -1  -1   27   7   1   1   0   1   1   1   6   1   1   1   0   1  11  19  21   0   0   1  0.24 0.04
   25 A     1  -2  -1  -2  -1  -2  -2  -2  -2   1   0  -2   0   3  -2   0   2  -1   0   1   11   1   1   1   0   0   1   1   0   6   7   1   0  20   1   6  29   0   0  14  0.15 0.04
   26 L    -1  -1  -1  -2  -2   0  -1  -2  -2   0   1   2   2  -2  -2   1   3  -3  -2   0    0   0   0   0   0   4   0   0   0   8  14  20  10   0   0  14  31   0   0   0  0.19 0.06
   27 A     3  -1  -2  -2  -1  -1  -1  -1  -2   0  -1  -1  -1  -2  -2   2   1  -3  -2   2   39   4   0   0   0   0   2   0   0   0   0   0   0   0   0  23   4   0   0  28  0.27 0.09
   28 S    -1   2   1  -1  -3   3   2   0  -1  -3  -3   1  -2  -3   1   0   0  -3  -2  -2    0  19   7   0   0  19  18   9   0   0   0   4   0   0   8   4   8   0   0   3  0.31 0.06
   29 A     3  -1  -2  -2  -2   0  -1  -2  -2   0   1   0   0  -2  -2   0   1  -3  -2   0   42   0   0   0   0   5   0   0   0   3  24   8   0   0   0   3  11   0   0   4  0.21 0.09
   30 L     1  -2  -3  -2  -2  -2  -1  -3  -3   3   2   0   0   1  -3  -1  -1  -3  -1   1   20   0   0   2   0   0   6   0   0  30  23   6   0   6   0   0   0   0   0   6  0.18 0.08
   31 R     1   3  -1  -1  -3   2   3  -2  -1  -3  -3   2  -2  -4   2   0  -1  -3  -3  -2   18  19   0   0   0   7  22   0   0   0   0  16   0   0  10   3   3   0   0   0  0.40 0.11
   32 T     1  -1  -1  -2  -2   1   0  -1  -2   1   1   0   0  -1  -1   1   1  -2  -2   1   12   1   0   1   0   8   6   2   0  11  13   6   0   2   2  10  16   0   0  10  0.08 0.04
   33 S     0   0   1   4  -3   1   1   0  -1  -3  -2   1  -2  -3   0   1   1  -3  -2  -2    8   2   7  29   0   6   4   5   0   0   3  13   0   0   3   9   9   0   0   1  0.28 0.08
   34 S     0  -2  -2  -1   0   1   2  -3  -2   3  -1  -1  -1  -2   1   0   0  -3  -2   1    5   0   0   2   2   6  23   1   0  34   1   0   0   0   5   9   4   0   0   6  0.20 0.10
   35 R    -1   1   0   2  -3   1   2   0   2   0  -1   0  -1  -2  -2   0  -1  -3  -2   0    1   8   1  16   0   8  19   8   8   6   7   2   0   0   0   4   2   0   0   7  0.16 0.06
   36 G     4  -3   0   0  -2  -2  -1   2  -3  -2  -3  -1  -2  -4  -3   2  -1  -4  -3   0   45   0   5   4   0   0   3  18   0   0   0   2   0   0   0  13   0   0   0   9  0.46 0.20
   37 L    -2  -1  -3  -3  -4  -1   0  -4  -2   1  -2   5   2  -1  -2  -2  -2  -3   4   1    0   0   0   0   0   0   4   0   0  11   1  50   5   1   2   0   0   0  16   9  0.63 0.29
   38 A     2  -2  -2   0  -3   1   4  -2  -2  -3   0   0  -2  -4  -1   1  -1  -4  -3  -1   19   0   0   2   0   4  40   3   0   0  13   5   0   0   2   9   1   0   0   3  0.42 0.23
   39 A     2   1  -1   0  -4   0   0  -1  -1  -3  -3   5  -3  -4  -3   0  -1  -5  -3  -3   20   7   2   4   0   3   3   3   1   1   2  47   0   0   0   4   4   0   0   1  0.54 0.26
   40 W    -3  -2  -4  -5  -4   1  -3  -2  -3  -2   0  -2   4   6  -3  -3  -4   3   4  -2    1   2   0   0   0   7   1   3   0   0   7   2  14  44   1   1   0   4  13   1  0.92 0.36
   41 N    -1  -1   1   2  -4   1   4  -3   3  -3  -1   0  -1  -2   0  -1  -2  -4  -3  -1    6   3   6  13   0   4  32   0   8   0   6   6   1   2   4   2   1   0   0   6  0.36 0.21
   42 R    -3   6  -2  -1  -6   1   1  -2   2  -4  -4   3  -1  -5  -3  -2  -3  -5  -4  -4    0  49   1   3   0   5   9   2   5   1   1  21   2   0   1   1   0   0   0   0  0.96 0.38
   43 T    -1   1   2   0  -4   3   2  -2  -1  -3  -3   1  -2  -4  -2   1   2  -4  -3  -2    4   7  11   4   0  16  12   1   1   1   0  10   1   0   1  11  16   0   0   2  0.35 0.21
   44 K    -3   0  -3  -4  -6   4  -1  -5  -4  -6  -5   7  -5  -7  -4  -3  -3  -6  -5  -6    1   2   0   0   0  16   2   0   0   0   0  76   0   0   0   1   0   0   0   0  1.78 0.64
   45 P    -2  -1   0   0  -5   1   0  -4   0  -3  -4  -1  -4  -4   7   0   0  -5  -1  -3    2   3   4   6   0   6   6   0   2   2   1   3   0   1  49   5   6   0   2   2  1.02 0.39
   46 H    -5  -3  -3  -4  -3  -3   1  -6   9   2   0  -4   0  -4  -5  -4  -3  -6  -2  -1    0   1   0   0   1   0  10   0  59  14   8   0   2   0   0   1   1   0   0   4  1.68 0.59
   47 V    -3   2  -5  -5   0  -3  -4  -6  -5   3   3  -3   2  -3  -5  -4  -3  -5  -4   4    1  15   0   0   2   1   0   0   0  13  26   0   5   0   0   0   0   0   0  38  0.76 0.35
   48 N    -5   3   8  -3  -7  -3  -4  -4  -1  -7  -7  -3  -6  -7  -6  -1  -4  -7  -6  -7    0  14  81   0   0   0   0   0   1   0   0   0   0   0   0   4   0   0   0   0  2.22 0.73
   49 I    -3  -6  -6  -6  -4  -5  -6  -6  -5   5   1  -5  -1   5  -6  -5  -4  -4  -2   3    1   0   0   0   0   0   0   0   0  41  13   0   1  25   0   0   0   0   0  19  1.15 0.44
   50 G     1  -4  -3  -4   1  -4  -4   5  -5   1   0  -4  -3  -4  -4   1  -3  -5  -4   2   10   0   0   0   3   0   0  44   0  10   8   0   0   0   0  10   0   0   0  15  0.70 0.34
   51 T    -3  -5  -4  -5  -4  -4  -5  -5  -5   3  -1  -4   2   2  -5  -3   6  -5  -4   2    0   0   0   0   0   0   0   0   0  16   5   0   5   8   0   0  50   0   0  17  1.01 0.47
   52 I    -2  -6  -6  -6   5  -6  -6  -6  -6   7  -1  -6   1  -2  -6  -4  -2  -6  -4   2    3   0   0   0  13   0   0   0   0  62   2   0   3   1   0   1   1   0   0  14  1.42 0.52
   53 G     2  -6  -4  -5  -6  -5  -6   7  -6  -7  -7  -5  -6  -7  -6  -4  -5  -6  -7  -6   15   0   0   0   0   0   0  85   0   0   0   0   0   0   0   0   0   0   0   0  2.11 0.67
   54 H    -5  -5  -3  -5  -7  -3  -4  -6  11  -8  -7  -5  -6  -6  -6   2  -5  -7  -3  -7    0   0   0   0   0   0   0   0  86   0   0   0   0   0   0  14   0   0   0   0  3.23 0.94
   55 V    -4  -6  -7  -7  -4  -6  -6  -7  -7   4  -2  -6  -3  -2  -6  -5  -4  -6  -5   7    0   0   0   0   0   0   0   0   0  19   0   0   0   2   0   0   0   0   0  79  1.86 0.65
   56 D    -6  -6  -2   8  -8  -4  -2  -5  -5  -7  -8  -5  -7  -8  -6  -3  -5  -9  -7  -6    0   0   1  98   0   0   0   0   0   0   0   0   0   0   0   1   0   0   0   0  2.82 0.86
   57 H     0  -4  -2   3  -6  -3  -4  -5  10  -7  -7  -4  -6  -5  -6   0  -5  -7  -3  -7    8   0   1  14   0   0   0   0  69   0   0   0   0   0   0   8   0   0   0   0  2.33 0.76
   58 G    -4  -6  -4  -5  -7  -6  -6   8  -6  -8  -8  -5  -7  -7  -6  -4  -6  -7  -7  -7    0   0   0   0   0   0   0 100   0   0   0   0   0   0   0   0   0   0   0   0  2.66 0.80
   59 K    -5  -2  -4  -5  -7  -3  -3  -6  -5  -7  -7   8  -5  -7  -5  -4  -5  -7  -6  -6    0   0   0   0   0   0   0   0   0   0   0  99   0   0   0   0   0   0   0   0  2.59 0.85
   60 T    -3  -4  -3  -4  -4  -4  -4  -4  -5  -5  -5  -3  -5  -6  -4   5   6  -6  -5  -4    0   0   0   0   0   0   0   0   0   0   0   0   0   0   0  51  48   0   0   0  1.66 0.69
   61 T    -3  -5  -4  -5  -5  -3  -5  -5  -5  -5  -5  -4  -5  -6  -5   0   8  -6  -5  -3    1   0   0   0   0   1   0   0   0   0   0   0   0   0   0   4  92   0   0   1  2.25 0.82
   62 L    -4  -5  -6  -6  -5  -5  -6  -7  -6  -1   6  -5   0  -2  -6  -4   2  -5  -4  -2    0   0   0   0   0   0   0   0   0   1  83   0   2   1   0   1  12   0   0   0  1.56 0.60
   63 T     1  -4  -4  -4  -3  -4  -4  -4  -5   3  -1  -4   1  -4  -4  -1   5  -5  -4   2   13   0   0   0   0   0   0   1   0  15   3   0   3   0   0   2  47   0   0  15  0.87 0.43
   64 A     3  -1  -3   2  -4   0  -2   4  -4  -5  -3   0  -4  -4  -4  -2  -2  -5  -5  -4   30   2   0  13   0   5   1  37   0   0   2   7   0   0   0   1   1   0   0   0  0.72 0.36
   65 A     5   5  -3  -4  -4  -1  -3  -4   4  -5  -4  -1  -1  -5  -4  -1  -2  -5  -4  -4   46  31   1   0   0   2   0   0  10   0   0   2   2   0   0   3   1   0   0   0  1.04 0.48
   66 I    -3  -6  -6  -6  -4  -5  -6  -7  -6   6   4  -6   0  -2  -6  -5  -4  -5  -4   0    2   0   0   0   0   0   0   0   0  50  43   0   1   1   0   0   0   0   0   4  1.39 0.52
   67 T    -1  -2  -2   1  -2  -1   1  -3  -3  -1   0  -2  -2  -3  -2   2   5  -4  -3  -2    4   2   1   7   1   2  10   1   0   3   9   1   0   0   1  15  42   0   0   1  0.54 0.30
   68 K    -1   1  -2  -2  -3   0  -1   2  -2  -2  -2   4   2  -2  -2  -1   0  -3   1  -3    5   7   1   1   0   3   2  17   1   3   2  33   6   1   1   2   7   0   7   1  0.37 0.23
   69 V     0   0  -2  -1  -2   1  -1  -3  -1   1   0  -1   0   1  -3  -1   1  -2   0   3    6   5   1   3   1   7   4   1   1   5   8   3   3   7   1   2   9   0   4  30  0.16 0.14
   70 L    -2  -3  -4  -3   0  -2   0  -3   0   2   4  -1   0  -1  -4  -1   0   5  -2  -1    3   0   0   1   2   1   7   1   3  11  42   4   1   2   0   4   5  10   0   3  0.46 0.26
   71 S     2  -1  -1  -1  -3   0   2  -1   0  -2  -2   1  -2  -1  -3   2   2  -3   1  -1   16   2   2   1   0   3  15   3   2   3   2  10   0   3   0  14  15   0   6   2  0.21 0.18
   72 E     0  -1  -1   3  -4   1   4  -3  -2  -4  -1   2  -1  -2  -3  -1  -1  -4  -3  -3    6   1   2  17   0   5  36   1   0   0   5  14   1   2   1   3   3   0   0   1  0.54 0.29
   73 A     2   1  -2   0  -3   1  -1  -2  -1  -2  -2   3  -1  -3  -3   1   3  -4  -3  -1   17   7   1   5   0   7   2   1   2   2   4  18   1   1   0   8  21   0   0   3  0.28 0.20
   74 E    -1  -1  -1   0  -3   1   2   2   4  -3  -2   1  -2   0  -3  -1  -2  -1   2  -2    5   2   2   3   0   7  15  18  15   1   3   8   1   4   1   3   2   1   9   2  0.30 0.18
   75 G     0   2   0  -1  -3  -1   0   2  -2  -2  -1   0   2  -2  -1   0   1  -2  -2  -2    8  15   3   2   0   2   8  21   0   1   6   6   6   1   3   3  12   1   1   2  0.19 0.14
   76 C     0  -1   0  -1  -2  -2  -1   4  -3  -1  -1   0  -1  -1  -2   0   1  -3  -3   0    7   3   4   2   1   1   3  39   0   3   7   5   2   2   1   4   9   0   1   6  0.34 0.19
   77 S     0  -1  -1  -1  -2   1   2   1  -2   1   0   2   0  -2  -2   1   1  -2  -2  -1    6   1   2   2   0   7  13  10   0   9   8  16   2   1   0   8  11   0   1   1  0.13 0.13
   78 A     3  -1   0  -1  -2   0   0   2  -2  -2  -3   1  -2  -4  -2   1   1  -3  -3  -2   26   2   5   2   0   3   7  18   1   2   2  10   0   0   1  11   8   0   0   1  0.28 0.18
   79 N    -1   3   0   0  -3   1   2  -1  -1   1  -3   2  -2  -3  -2   1   0  -3  -2  -2    2  17   3   4   0   5  18   4   1  11   1  12   0   1   1  13   4   0   1   1  0.25 0.17
   80 Y     0   2  -2   0  -3   0   2  -2   0  -1  -2   2  -2   4  -2   0  -2  -2   0  -1    7  11   1   6   0   2  16   2   2   2   3  13   0  20   2   5   1   0   2   3  0.23 0.16
   81 K    -1   0  -2   0  -3  -1   0  -3  -2   0   1   3   3   0  -1  -2  -1  -2  -1   0    4   4   0   6   0   2   5   1   0   5  16  25  12   4   2   1   3   0   1   6  0.21 0.17
   82 G     0  -1   0   3  -3   0  -1   2  -2  -3  -2   2  -3   0  -1   0  -1  -3   2  -3    9   1   3  17   0   5   1  17   0   0   3  15   0   5   2   7   3   0  10   0  0.25 0.18
   83 Y     2  -1  -1  -1  -4  -3   0  -4  -2  -3  -1  -2  -2   3  -4  -2  -3   0   6  -3   22   3   3   3   0   0   6   0   0   0   7   2   0  14   0   1   0   1  34   0  0.71 0.36
   84 A     3  -1  -2   3  -4   3  -1  -3  -3  -4  -1  -2  -3  -1  -3  -1  -3   7   0  -3   28   3   1  19   0  13   3   1   0   0   5   2   0   2   0   3   0  15   3   0  0.64 0.34
   85 D    -1  -2   0   3  -3   1   1  -3  -3   1   2  -2   0  -2  -3  -1  -2   2  -3   2    3   1   3  17   0   9   8   1   0   6  21   0   1   1   0   4   1   3   0  20  0.24 0.20
   86 I    -2  -5  -5  -5   0  -4  -5  -4  -5   5   4  -4   4  -1  -5  -4  -1  -4  -3   1    3   0   0   0   2   0   0   1   0  34  38   0  12   2   0   0   3   0   0   5  0.88 0.37
   87 D    -3   0  -1   8  -6  -4  -1  -5  -4  -6  -7  -2  -6  -7  -4  -3  -3  -7  -6  -6    2   5   1  85   0   0   2   0   0   0   0   1   0   0   1   1   1   0   0   0  2.14 0.70
   88 K     0   2   3  -1  -3  -1  -1   2  -3  -3  -4   3  -3  -5  -3   2   0  -5  -4  -3    5  10  15   2   0   1   1  18   0   1   0  25   0   0   0  14   6   0   0   1  0.46 0.26
   89 A     3  -4   1  -4   3  -3  -3  -3  -4  -2   3  -3   4  -1  -3  -2   1  -4  -4  -2   27   0   7   0   7   0   0   0   0   0  33   1  12   2   1   1   8   0   0   0  0.54 0.34
   90 P    -2  -2  -2   2  -6   3   0  -3  -4  -5  -4   3  -5  -6   6  -2  -3  -6  -5  -5    3   0   1  12   0  12   6   2   0   0   1  21   0   0  41   2   1   0   0   0  1.11 0.46
   91 E     2  -3  -2  -1  -5  -1   6  -4  -2  -2   1  -3  -3  -4  -3  -1  -3  -5  -5  -3   20   0   1   1   0   1  55   0   0   2  14   0   0   1   1   3   0   0   0   1  0.93 0.47
   92 E    -3  -2  -4  -2   2  -2   8  -6  -4  -7  -7  -3  -6  -7  -3  -3  -5  -7  -3  -5    1   1   0   0   5   0  88   0   0   0   0   0   0   0   1   1   0   0   1   0  2.08 0.76
   93 K    -4   7  -3  -3  -6   0  -1  -3  -3  -5  -5   4  -5  -4  -4  -4  -4  -6  -1  -6    1  62   0   1   0   3   2   2   0   0   0  25   0   1   1   0   0   0   2   0  1.54 0.58
   94 A     2  -2  -1  -1   0   0   6  -4  -3  -4  -5   0  -4  -6  -3  -2  -1  -6  -5  -3   18   1   2   2   2   2  59   1   0   1   0   6   0   0   1   1   3   0   0   1  1.05 0.48
   95 R    -5   7  -4  -2  -7   3  -2  -6  -3  -6  -5   0  -5  -5  -2  -4  -3  -5   1  -4    0  69   0   2   0  15   1   0   0   0   0   3   0   0   2   0   1   0   5   1  1.66 0.63
   96 G    -3  -4  -3  -2  -4  -5  -2   7  -5  -7  -7  -5  -4  -7  -6  -2  -2  -6  -4  -6    1   0   1   2   0   0   2  88   0   0   0   0   1   0   0   3   2   0   1   0  2.02 0.66
   97 I    -4  -5  -6  -6  -3  -5  -6  -7  -6   7  -1  -1   1  -2  -3  -4  -2  -6  -1   2    1   0   0   0   1   0   0   0   0  72   1   5   3   1   1   1   2   0   2  12  1.45 0.55
   98 T    -4  -5  -4  -4  -5  -4  -3  -4  -5  -5  -5  -3  -5  -6  -5   0   8  -6  -5  -3    0   0   0   1   0   0   2   1   0   0   0   1   0   0   0   6  88   0   0   1  2.06 0.77
   99 I    -4  -6  -7  -6   1  -6  -3  -5  -7   8  -2  -4   0  -4  -2  -6  -4  -6  -5   1    1   0   0   0   3   0   2   1   0  84   0   1   1   0   3   0   0   0   0   5  1.87 0.66
  100 N    -1  -2   4   5  -5  -2   1  -3  -3  -4  -3   2  -4  -5  -4   0  -1  -6  -2  -3    5   0  23  35   0   0   9   0   0   1   3  12   0   0   0   7   2   0   1   1  0.76 0.36
  101 S     0  -4  -4  -4   3  -3  -2  -4  -4   3   1  -4  -1  -3  -3   0   3  -5  -4   3    6   0   0   0   6   1   2   0   0  16  15   0   0   0   1   6  24   0   0  23  0.51 0.29
  102 T     4  -2   0  -3   2  -1  -3   1   0  -4  -4  -1  -3  -4   0   1   0  -5  -2  -2   44   1   5   1   4   3   0   9   3   0   0   4   0   0   4  12   7   0   1   3  0.49 0.30
  103 H     0  -1   0  -4  -1  -2  -3  -2   8  -3   0  -2  -2   1  -2  -2  -2  -3   5  -4    7   4   4   0   1   1   1   2  36   1   9   2   1   5   2   2   2   0  21   0  0.93 0.42
  104 V     0   2  -4  -3   2  -1  -3  -3  -3   1  -1  -1   0  -2  -2  -1   0   5  -2   4    7  16   0   1   4   2   0   1   1   6   2   3   2   1   1   3   6   8   0  35  0.41 0.27
  105 E    -2   1  -2   0  -5   1   4  -1   0  -5  -4   2  -4  -1  -3  -1  -3  -3   4  -4    3   7   1   3   0   4  33   6   2   0   0  16   0   1   1   3   1   0  19   0  0.64 0.35
  106 Y    -3  -5  -5  -4  -5  -3  -2  -5   1  -1   0  -4  -3   6  -6  -3  -3   0   7  -2    1   0   0   1   0   1   3   1   3   4   9   0   0  38   0   1   1   1  35   1  1.32 0.50
  107 E    -1  -3   0   2  -5   2   5  -4   0  -5  -5   1  -4  -6  -1   2  -1  -6  -4  -5    3   0   3   9   0   7  47   0   2   0   0   7   0   0   3  14   4   0   0   0  0.84 0.41
  108 T    -1  -5  -3  -4  -2  -4  -4  -2  -5  -4  -3  -4  -4  -5   0   1   7   2   1  -3    4   0   0   0   1   0   0   3   0   0   2   0   0   0   4   8  70   3   5   1  1.34 0.59
  109 A     1  -2   0   3  -5   1   4  -3  -1  -5  -3   1  -4  -5   2  -1  -1  -5  -4  -4   11   1   5  16   0   4  33   0   1   0   2   9   0   0   9   4   4   0   0   0  0.56 0.30
  110 N    -1   1   3   1  -5  -1   1  -2   0  -4  -2   5  -3  -1  -3  -1   1  -5  -3  -3    3   5  13   7   0   1   8   3   2   1   4  40   0   3   0   2   9   0   0   1  0.52 0.30
  111 R    -4   7  -4  -5  -6  -3  -4  -4  -3  -6  -4   0  -5  -1  -6  -4  -5  -3   6  -4    1  61   0   0   0   0   0   1   0   0   1   5   0   2   0   1   0   0  27   1  1.72 0.64
  112 H    -3   2  -1  -3  -5  -1  -1  -5   7   1  -4   2  -2   0  -4  -1   0  -4   2   0    0  10   2   1   0   1   3   0  33   8   0  17   0   3   0   3   6   0   7   6  0.74 0.37
  113 Y    -4  -5  -6  -6  -2  -5  -6  -6  -3   2   0  -5  -2   6  -4  -5  -4  -2   7   2    0   0   0   0   1   0   0   0   0  11   8   0   0  30   1   0   0   0  35  14  1.28 0.49
  114 A     3  -4   1  -3  -3  -3  -3  -1   3   2  -3  -3  -3  -4  -4   2   3  -5  -4  -2   29   0   8   0   0   0   1   4   8  14   0   0   0   0   0  14  23   0   0   0  0.56 0.35
  115 H    -4  -5  -4  -5  -5  -4  -5  -6   7   5   2  -5  -2   3  -6  -5  -4  -4  -1   1    0   0   0   0   0   0   0   0  30  31  17   0   0  12   0   0   0   0   1  10  1.14 0.47
  116 V     1  -5  -5  -6  -4  -5  -5  -4  -6   5   0  -5   0  -3  -5  -3  -2  -5  -4   5   14   0   0   0   0   0   0   1   0  34   6   0   1   0   0   1   1   0   0  43  1.03 0.44
  117 D    -6  -6  -3   9  -8  -4  -2  -5  -5  -7  -8  -5  -7  -8  -6  -4  -5  -9  -7  -7    0   0   0 100   0   0   0   0   0   0   0   0   0   0   0   0   0   0   0   0  2.92 0.89
  118 C     4  -5  -4  -5   8  -5  -5  -4  -5  -4  -3  -5  -3  -5  -5  -2   4  -6  -5  -1   31   0   0   0  34   0   0   0   0   0   1   0   1   0   0   2  28   0   0   4  1.45 0.57
  119 P    -5  -7  -6  -6  -7  -6  -5  -7  -7  -7  -7  -5  -7  -8   9  -5  -5  -8  -7  -7    0   0   0   0   0   0   0   0   0   0   0   0   0   0 100   0   0   0   0   0  3.42 0.98
  120 G    -4  -6  -4  -5  -6  -6  -6   8  -6  -8  -8  -5  -7  -7  -6  -4  -5  -6  -7  -7    0   0   0   0   0   0   0 100   0   0   0   0   0   0   0   0   0   0   0   0  2.64 0.80
  121 H    -6  -5  -4  -6  -8  -4  -5  -7  11  -8  -7  -5  -6  -6  -7  -5  -6  -7  -3  -8    0   0   0   0   0   0   0   0 100   0   0   0   0   0   0   0   0   0   0   0  3.98 1.09
  122 A     3   3  -3  -3  -4  -2   4  -4  -3  -3  -4   1  -3  -4  -4  -2  -2  -5  -4   1   31  18   0   0   0   0  29   0   0   0   0   6   0   0   0   2   1   0   0  13  0.69 0.39
  123 D    -3  -2  -2   7  -6   3  -1  -4  -3  -3  -5  -2   0  -6  -5  -3   1  -7  -6  -4    1   1   1  65   0  13   2   0   0   1   1   2   2   0   0   1   8   0   0   1  1.42 0.56
  124 Y    -5  -6  -6  -7  -6  -6  -6  -7  -3  -4   1  -6  -3   7  -7  -6  -5  -2   8  -4    0   0   0   0   0   0   0   0   0   0  12   0   0  40   0   0   0   0  48   0  2.07 0.68
  125 V    -3  -5  -2  -5  -4  -4  -5  -2  -5   4  -1  -4   4  -3  -5  -1   3  -5  -4   4    0   0   2   0   0   0   0   3   0  25   2   0  11   0   0   4  21   0   0  32  0.80 0.40
  126 K    -1   4  -2  -4  -5  -2  -3  -2  -3  -5  -5   6  -4  -4  -1  -1  -2  -4   3  -5    6  18   1   0   0   0   0   3   0   0   0  49   0   0   3   5   2   0  12   0  0.99 0.47
  127 N    -5  -4   8  -2  -6  -2   3  -4  -3  -7  -7  -4  -6  -7  -5  -3   1  -7  -6  -6    0   0  73   0   0   1  18   1   0   0   0   0   0   0   0   0   8   0   0   0  1.96 0.72
  128 M    -3  -6  -7  -7  -6  -5  -6  -7  -6  -3  -2  -6  10  -4  -7  -6  -5  -6  -5   2    2   0   0   0   0   0   0   0   0   0   0   0  83   0   0   0   0   0   0  15  2.87 0.94
  129 I     1  -5  -5  -5  -4  -4  -2  -5  -5   6   1  -5  -2  -3  -5   1  -3  -5  -4   1   14   0   0   0   0   0   3   0   0  55  10   0   0   0   0  12   0   0   0   5  0.97 0.45
  130 T     0   3  -3  -4  -4  -4  -4  -1  -5  -2  -5  -3  -2  -5  -4   1   7  -6  -5  -3    6  15   0   0   0   0   0   4   0   2   0   0   1   0   0   7  64   0   0   1  1.25 0.57
  131 G    -3  -6  -4  -5  -6  -5  -5   7  -6  -7  -7  -5  -6  -7  -6   1  -5  -6  -6  -2    1   0   0   0   0   0   0  84   0   0   0   0   0   0   0  12   0   0   0   3  2.01 0.70
  132 A     6  -5  -5  -5  -4  -4  -4  -2  -5  -1   1  -4   0  -5  -4  -2   1  -6  -5  -1   67   0   0   0   0   0   0   2   0   3  13   0   2   0   0   1  10   0   0   2  1.09 0.53
  133 S     5  -4  -2  -4  -4  -3  -4  -1  -5  -5  -5  -3  -5  -6  -4   5  -2  -6  -5  -4   46   0   1   0   0   0   0   3   0   0   0   0   0   0   0  48   1   0   0   0  1.31 0.60
  134 C     1  -3  -3  -4  -4   7  -2  -2  -3  -1  -2  -3   1  -6  -3  -2   2  -5  -5  -4   12   0   1   0   0  54   1   4   0   4   4   0   3   0   1   1  16   0   0   0  1.13 0.57
  135 M     4  -5  -6  -6   7  -4  -5  -5  -5  -1  -2  -5   8  -4  -5  -3  -3  -5  -5   0   33   0   0   0  21   0   0   0   0   3   1   0  37   0   0   0   0   0   0   5  1.54 0.63
  136 D    -5  -5   0   8  -7  -4   2  -5  -1  -7  -8  -4  -7  -7  -5  -4  -5  -8  -7  -7    0   0   2  84   0   0  12   0   1   0   0   0   0   0   0   0   0   0   0   0  2.31 0.78
  137 G     1  -5  -3  -4   3  -4  -4   5  -2  -2   1  -4  -1  -2  -4  -1  -3  -5  -2   0   13   0   1   0   6   0   0  46   1   1  16   0   1   1   0   4   0   0   1   9  0.72 0.36
  138 A     7  -5  -5  -5  -2  -4  -5   0  -5  -5  -5  -4  -4  -6  -5  -2  -3  -6  -5  -1   87   0   0   0   1   0   0   5   0   0   0   0   0   0   0   1   1   0   0   4  1.73 0.70
  139 I    -4  -6  -7  -7  -4  -6  -6  -7  -7   7   1  -6   0  -3  -6  -6  -4  -6  -5   4    0   0   0   0   0   0   0   0   0  62  12   0   2   0   0   0   0   0   0  24  1.57 0.59
  140 L    -5  -6  -7  -7  -5  -6  -6  -7  -6   3   6  -6  -1  -2  -6  -6  -5  -5  -4  -1    0   0   0   0   0   0   0   0   0  12  84   0   0   1   0   0   0   0   0   3  1.70 0.64
  141 V    -3  -6  -6  -7  -2  -6  -6  -7  -7   2   2  -6  -2  -4  -6  -5  -3  -6  -5   6    0   0   0   0   1   0   0   0   0  11  18   0   0   0   0   0   0   0   0  70  1.51 0.60
  142 V    -4  -6  -7  -7   1  -6  -6  -7  -7   5  -2  -6  -1  -4  -6  -5  -4  -6  -5   6    0   0   0   0   3   0   0   0   0  29   1   0   1   0   0   0   0   0   0  67  1.72 0.65
  143 S     4  -4  -2   5  -5  -4  -3  -3  -4  -5  -6  -4  -5  -6  -2   4  -3  -6  -5  -5   30   0   1  37   0   0   0   1   0   0   0   0   0   0   2  29   0   0   0   0  1.15 0.55
  144 A     7  -5  -5  -5   0  -4  -5  -1  -5  -4  -5  -4  -5  -6  -5   0  -3  -6  -5  -3   84   0   0   0   2   0   0   5   0   1   0   0   0   0   0   7   0   0   0   1  1.67 0.70
  145 P     2   4   1   0  -4  -2  -2   0  -3  -3  -2   0  -3  -3   0   0   3  -5  -3  -2   20  23   6   6   0   0   1   6   0   1   2   4   0   1   4   6  18   0   0   2  0.37 0.27
  146 D    -3  -1  -2   5  -6   3   2  -3   1  -4  -5   2  -2  -5  -2  -2   0  -5  -1  -3    1   2   0  38   0  15  11   2   3   1   0  13   1   0   1   1   7   0   2   2  0.78 0.40
  147 G    -3  -6  -2  -5   2  -6  -6   7  -6  -7  -7  -5  -6  -7  -2  -3  -5  -6  -7  -5    1   0   1   0   4   0   0  90   0   0   0   0   0   0   2   1   0   0   0   1  2.25 0.76
  148 P    -1  -5  -4  -4  -5  -3   2  -4  -5   2  -1  -4  -3  -5   6  -3  -3  -6  -5   3    4   0   1   0   0   1  16   1   0  14   4   0   0   0  35   1   0   0   0  25  0.95 0.46
  149 M    -3  -2  -5  -5  -5   3   1  -3  -4  -2   1  -2   8   4  -5  -4  -2  -4   0  -3    1   1   0   0   0  14  10   2   0   1   9   1  39  15   0   1   2   0   3   0  1.04 0.52
  150 P     2  -2  -4   0  -5  -1   3  -2  -4  -5  -5  -3  -5  -6   6  -2   0  -6  -5  -3   18   2   0   6   0   2  22   2   0   0   0   0   0   0  40   1   7   0   0   2  1.08 0.49
  151 Q    -5  -3  -5  -5  -8   9  -3  -6  -4  -7  -7  -3  -1  -8  -6  -3  -5  -7  -6  -7    0   0   0   0   0  98   0   0   0   0   0   0   1   0   0   1   0   0   0   0  3.01 1.07
  152 T    -4  -5  -4  -5  -5  -5  -5  -4  -6  -5  -4  -5  -5  -6  -5  -2   8  -7  -6  -4    0   0   0   0   0   0   0   1   0   0   1   0   0   0   0   1  96   0   0   0  2.49 0.93
  153 R    -4   7  -4  -5  -6  -2  -2  -5  -4  -3   0   3  -3  -6  -5  -4  -4  -6  -3  -5    0  66   0   0   0   1   2   1   0   1  11  16   0   0   0   0   0   0   1   0  1.57 0.63
  154 E     1   3  -4  -2  -6  -2   7  -5  -4  -6  -5  -2  -5  -1  -5  -3  -3  -6  -5  -6   10  17   0   1   0   0  67   0   0   0   0   0   0   3   0   1   1   0   0   0  1.46 0.64
  155 H    -6  -5   3  -5  -7  -4  -5  -6  11  -7  -7  -5  -6  -6  -7  -5  -6  -7  -3  -3    0   0  12   0   0   0   0   0  85   0   0   0   0   0   0   0   0   0   0   3  3.30 1.02
  156 V     2  -4  -4  -4  -1  -4  -4  -3  -5   4   1  -4   0  -2  -4   1   0  -5  -4   3   19   0   0   0   1   0   0   1   0  27  15   0   1   1   0  14   4   0   0  18  0.52 0.31
  157 L    -2  -4  -5  -6  -4  -3  -4  -6  -4   0   4  -3   3   4  -5  -4  -2  -3   4  -1    2   1   0   0   0   1   1   0   0   3  46   2   7  18   0   0   2   0  16   2  0.90 0.42
  158 L     0  -5  -6  -7  -4  -5  -6  -6  -6   3   6  -2  -1  -3  -6  -5  -4  -5  -4  -2    7   0   0   0   0   0   0   0   0  19  70   3   0   0   0   0   0   0   0   1  1.31 0.55
  159 A     6  -5  -4  -5   0  -4  -4  -2  -5  -1   0  -4  -3  -5  -4   2  -3  -6  -5   0   64   0   0   0   2   0   0   2   0   3  11   0   0   0   0  13   0   0   0   5  1.03 0.52
  160 K    -2   4  -1   0  -4   0  -1  -2  -2  -2   0   3  -1   1  -4   1  -1  -3   0  -3    1  28   2   5   0   3   2   3   1   2   8  18   1   8   0  12   4   0   3   1  0.36 0.25
  161 Q    -2  -2  -3   1  -4   5   0  -5  -3   1   2  -1  -1  -4  -4  -2   3  -5  -4  -3    2   1   0   8   0  30   5   0   0   7  21   2   1   0   0   2  22   0   0   0  0.62 0.40
  162 V    -3  -4   1  -3  -4  -1  -4  -5   0   1   4  -4   2  -2  -5  -4  -2  -4  -1   4    1   0   8   1   0   3   0   0   3   7  40   0   5   0   0   0   1   0   2  29  0.67 0.36
  163 G    -4  -6   1   1  -6  -2  -4   7  -5  -7  -7  -5  -6  -7  -6  -4  -5  -6  -7  -7    0   0   6   8   0   2   1  83   0   0   0   0   0   0   0   0   0   0   0   0  1.99 0.70
  164 L    -4  -6  -3  -6  -1  -4  -6  -6  -6   5   2  -5  -2  -2  -6  -5  -3  -5  -4   5    0   0   1   0   1   1   0   0   0  36  16   0   0   1   0   0   1   0   0  43  1.21 0.50
  165 P    -3   2   2   0  -6  -1   2  -3   0  -6  -5   4  -4  -6   5  -2  -2  -6  -5  -5    0  11  10   3   0   2  16   1   2   0   0  26   0   0  26   2   1   0   0   0  0.86 0.41
  166 Q    -1  -1   2  -1  -4   4  -1  -3   5  -1  -3   1  -2  -2  -1  -1  -2  -3   3  -3    6   2  10   2   0  21   3   1  17   4   2   8   1   1   3   5   2   0  12   0  0.49 0.29
  167 L    -3  -5  -6  -6  -4  -5  -6  -4  -6   5   3  -5   3   1  -6  -5  -4  -5  -4   2    1   0   0   0   0   0   0   1   0  42  33   0   8   5   0   0   0   0   0  11  1.09 0.45
  168 V    -1  -6  -6  -6  -4  -5  -6  -6  -6   5  -1  -5  -2  -4   0  -5  -3  -6  -4   5    4   0   0   0   0   0   0   0   0  38   4   0   0   0   5   0   1   0   0  49  1.33 0.54
  169 V    -3  -6  -6  -7  -2  -6  -6  -7  -7   2   0  -6  -3  -4   1  -5  -3  -6  -5   7    0   0   0   0   1   0   0   0   0  11   6   0   0   0   7   0   0   0   0  75  1.57 0.63
  170 F     4  -4  -4  -4   1  -4  -4  -1  -4  -2  -2  -4  -3   5  -4  -2  -2   0   1   2   40   0   0   0   3   0   0   4   0   1   2   0   0  25   0   1   1   1   3  14  0.71 0.37
  171 M    -4  -5  -5  -6   0   1  -5  -6  -5   5   3  -5   3  -3  -5  -5  -3  -5  -4   3    0   0   0   0   2   7   0   0   0  34  26   0   6   0   0   0   0   0   0  24  0.95 0.43
  172 N    -6  -5   9  -3  -7  -4  -5  -5  -4  -8  -8  -5  -7  -7  -6  -4  -1  -8  -7  -7    0   0  97   0   0   0   0   0   0   0   0   0   0   0   0   0   3   0   0   0  2.93 0.98
  173 K    -5  -2  -4  -5  -7  -3  -3  -6  -5  -7  -7   8  -6  -8  -5  -4  -5  -7  -6  -7    0   0   0   0   0   0   0   0   0   0   0 100   0   0   0   0   0   0   0   0  2.69 0.94
  174 V     0  -5  -5  -6   4  -2  -1  -6  -5   4  -1  -4   8  -3  -5  -3  -2  -5  -4   2    8   0   0   0   8   1   4   0   0  23   1   0  40   0   0   1   2   0   0  11  1.18 0.53
  175 D    -6  -6  -3   9  -8  -5  -2  -6  -5  -8  -8  -5  -8  -8  -6  -5  -5  -9  -8  -8    0   0   0  99   0   0   1   0   0   0   0   0   0   0   0   0   0   0   0   0  2.94 0.95
  176 M    -1   0  -2   0  -3   1  -1  -4  -4   0   4  -2   5  -2  -4  -1   0  -4  -3   0    6   5   1   5   0   7   3   0   0   2  41   1  16   0   0   3   5   0   0   4  0.47 0.30
  177 V    -1  -5  -5  -5  -1  -4  -5  -5  -5   1  -1  -2   0  -4   3  -3   1  -6  -4   6    4   0   0   0   1   0   0   0   0   5   3   3   2   0  17   1   9   0   0  54  0.96 0.47
  178 D    -1  -3   2   5  -5  -2   1   0  -1  -5  -5   0  -4  -5  -2   2   0  -5  -3  -5    4   0  10  41   0   1  10   7   1   0   0   4   0   0   2  13   7   0   1   0  0.75 0.37
  179 D     1   0  -2   6  -5  -2   0  -3  -4  -5  -5  -1  -5  -5  -2   3  -3  -6  -4  -5   13   4   0  43   0   1   5   0   0   0   0   4   0   0   1  27   0   0   1   0  0.95 0.47
  180 E    -1   0  -1   2  -6   4   5  -5  -3  -5  -5   1  -4  -6   1  -2  -3  -6  -5  -4    5   5   2  10   0  18  45   0   0   0   0   6   0   0   7   1   0   0   0   1  0.95 0.46
  181 E     0  -1  -2   1  -5   1   5  -3  -3  -5  -5   1  -4  -5   3  -1  -3  -5  -5  -5   10   3   1   8   0   6  45   1   0   0   1  10   0   0  12   3   0   0   0   0  0.83 0.41
  182 L     0   4  -3  -2  -3  -2  -2  -3  -3   1   2   0   1  -2  -3  -2  -1   0  -1   0    8  29   1   2   0   1   2   2   0   7  24   3   4   1   1   1   4   2   2   8  0.33 0.21
  183 M    -3  -2  -3  -4  -3  -3  -2  -4  -2   1   3  -3   1   5  -3  -3  -2   0   4   0    1   2   1   1   0   1   3   1   0   8  26   1   3  24   1   1   2   1  18   6  0.60 0.27
  184 E    -3  -3   2   3  -6   1   6  -4  -3  -5  -5   0  -5  -5  -3  -2  -2  -6  -3  -5    1   0   8  17   0   5  56   0   0   0   0   6   0   0   1   2   1   0   1   0  1.17 0.52
  185 L    -2   2   0  -2  -4   1   4  -4  -1  -2   3   0   0  -2  -4  -1  -3   0  -3  -2    3  10   5   0   0   6  28   1   1   1  31   3   2   1   0   3   0   2   0   2  0.42 0.30
  186 V    -3  -6  -6  -6   2  -5  -6  -6  -5   5  -1  -4  -2  -2  -6  -5  -2  -5   2   6    2   0   0   0   4   0   0   0   0  33   2   1   0   1   0   0   2   0   7  51  1.25 0.52
  187 E    -2   2  -3  -1  -3   0   4  -4  -1  -2  -4   4  -3  -4  -4  -1  -1  -5  -4   1    3   9   0   2   0   3  32   0   1   3   0  27   0   0   0   4   4   0   0  12  0.61 0.36
  188 M     0  -1   0   1  -4   2   2  -2   0  -2   0   2   5  -3  -3   0  -1  -4  -3  -2    7   3   4   7   0  10  12   2   2   1  11  13  19   0   0   5   4   0   0   1  0.28 0.23
  189 E    -3  -3  -1   2  -6   2   6  -3  -3  -2  -5   0  -5  -4  -4  -2  -3  -6  -4  -3    1   0   2  10   0   8  64   1   0   3   1   5   0   1   0   1   1   0   1   1  1.26 0.56
  190 M    -3  -5  -5  -6  -4  -5  -5  -4  -4   4   1  -4   2   1  -5  -4  -1  -4   4   4    0   0   0   0   0   0   0   1   0  24  12   1   4   4   0   1   2   0  14  37  0.83 0.39
  191 R    -2   5  -1  -1  -5   1   2  -1  -2  -3   0   2  -1  -2  -4   1  -1  -5  -4  -2    1  32   1   2   0   6  13   4   0   0  11  10   1   2   0  13   2   0   0   2  0.45 0.29
  192 E     0  -1   0   4  -5   1   4  -2  -2  -4  -4   1  -2  -4  -1  -1  -1  -5  -4  -3    7   2   4  21   0   5  35   2   1   1   1   8   1   1   2   4   4   0   0   1  0.60 0.33
  193 L    -4  -5  -5  -5  -4  -4  -4  -6  -1   1   4  -5   0   6  -6  -5  -2  -3   2   1    0   0   0   0   0   0   1   0   1   5  40   0   2  32   0   0   2   0   8   8  0.98 0.42
  194 L     1  -4  -5  -5  -3  -4  -4  -5  -5   3   5  -4   1  -1  -5  -2  -2  -4  -3   1   13   0   0   0   0   0   1   0   0  15  52   0   2   2   0   4   1   0   0  10  0.77 0.37
  195 A     0   0   0   0  -4  -1   1   1  -3  -2  -3   4  -1  -2  -3   2   0  -4  -3  -2    6   3   5   3   0   1   8  11   0   2   2  30   1   2   0  17   5   0   0   3  0.33 0.23
  196 L    -1   0   0   0  -2   1   1  -1  -1  -1   0   3   1  -2  -1   1   0  -3  -2  -2    3   3   4   3   1   8  12   3   1   4   8  23   5   1   3  13   3   0   1   2  0.18 0.15
  197 H    -2  -2  -2   0  -2  -2  -2  -3   0   1   2  -2  -1   0  -3  -2  -1  -2   5   1    2   2   2   6   1   2   2   1   2  10  19   2   1   2   1   3   2   0  28  12  0.41 0.23
  198 D     0  -3   0   2  -3  -1   1   5   0  -5  -5  -2  -4  -4  -1  -2  -3  -3  -4  -5    7   1   5  13   0   2   8  53   2   0   1   1   0   1   3   1   0   0   0   0  0.89 0.38
  199 F    -2  -4  -3  -5  -4  -4  -3  -3  -3  -1   0  -3  -1   6  -5  -1   1   0   5  -2    2   0   1   0   0   0   1   2   0   3  10   2   1  40   0   6   8   1  20   2  0.90 0.39
  200 D    -2  -2   3   4  -3  -1   0  -2  -2  -3  -4   1  -4  -3   4  -1  -2  -1  -4  -1    3   1  17  22   0   3   4   2   1   1   1  10   0   1  24   2   2   1   0   6  0.64 0.32
  201 G     2  -2  -2  -1  -2  -1   0   4  -3  -2  -1   0  -1  -3   3  -1  -1  -3  -3  -1   17   1   1   3   1   2   5  30   0   2   6   6   1   0  14   3   4   0   0   3  0.37 0.20
  202 D    -1  -2   1   5  -4  -1   3  -2  -1  -4  -3   1  -3  -4  -2   1  -2  -4  -3  -3    6   1   5  39   0   2  17   2   1   1   3   8   0   1   1   9   2   0   1   1  0.65 0.29
  203 N    -2  -2   3   5  -2   0   2  -2  -2  -4  -4   1  -3  -4  -1  -1   0  -4  -3  -4    3   1  16  36   1   4  12   2   0   1   1  10   0   0   2   4   5   0   1   1  0.65 0.30
  204 I     2  -4  -4  -3  -1  -4  -4  -4  -4   5   0  -4  -1   0  -3  -2   1  -4  -3   3   16   0   0   1   1   0   0   1   0  34   4   0   0   4   1   2  11   0   0  23  0.60 0.32
  205 P    -1   0  -1  -2  -4  -1  -3  -4   2  -2  -3   0  -2  -5   7  -2  -1  -5  -3  -3    4   6   3   2   0   3   1   1   6   3   2   5   1   0  54   2   4   0   1   2  1.19 0.45
  206 F    -2  -4  -4  -4  -3  -4  -4  -5  -4   5   0  -4  -1   6  -3  -4  -3   0   1   2    4   0   1   1   0   1   1   0   0  33   5   1   1  32   1   0   0   1   3  15  0.87 0.37
  207 V    -3  -6  -6  -6  -3  -5  -6  -6  -6   6  -1  -5   1  -2  -5  -5  -3  -5  -4   5    2   0   0   0   0   0   0   0   0  47   3   0   3   1   0   0   1   0   0  42  1.40 0.54
  208 K    -1   2  -3  -3  -3  -1  -2  -4  -2  -4  -2   1  -2  -4   7  -1  -1  -5  -1  -2    4  10   1   1   1   3   1   0   1   1   4   7   1   0  52   4   4   0   3   3  1.15 0.46
  209 G     0  -4  -3  -4   0  -4  -4   4  -4   3   0  -4   1  -3  -4  -3   0  -4  -4   2    6   0   0   0   2   0   0  31   0  22   7   0   3   0   0   0   7   0   0  18  0.54 0.29
  210 S    -2  -4  -3  -3  -5  -4  -4  -4  -5  -3  -6  -2  -5  -6  -4   7  -2  -6  -5  -4    2   0   0   1   0   0   0   0   0   1   0   2   0   0   0  91   0   0   0   1  1.95 0.79
  211 A     6  -4  -3  -5  -4  -4  -4   3  -5  -5  -5  -4  -4  -5  -2  -1  -3  -6  -5  -4   74   0   1   0   0   0   0  18   0   0   0   0   0   0   1   3   1   0   0   0  1.44 0.61
  212 L    -3  -2  -4  -5  -4  -2  -3  -3  -1   0   4   1  -1   3  -4  -4  -3   5   1   0    1   1   1   0   0   2   1   2   1   3  48  11   0  11   1   0   1   7   4   4  0.61 0.32
  213 C     0  -1   1   0  -1   1   1  -1   2  -2  -1   3   0  -3  -2   0   1  -4  -2  -2    6   2   8   5   1   5   8   4   6   2   8  21   2   0   1   5  12   0   1   2  0.17 0.15
  214 A     4  -5  -3  -4  -4  -4  -4   6  -3  -5  -5  -3  -5  -5  -4  -2  -3  -5  -5  -2   34   0   1   1   0   0   0  57   0   0   0   1   0   0   0   2   1   0   0   2  1.35 0.53
  215 L    -2  -2  -3   2  -3  -2  -2  -4  -3   3   3  -2   1  -2  -2  -3  -1  -2  -3   1    3   1   0  16   0   1   1   1   0  17  38   2   2   0   1   1   4   0   0   8  0.43 0.25
  216 E     0  -1   4   0  -3   0   4  -2  -1  -2  -3   0  -2  -3  -2   1   0  -3  -2  -1    6   1  22   3   0   3  28   3   1   2   2   5   1   1   1  12   4   0   1   4  0.42 0.23
  217 G     0  -1   1   0  -2   0   2   3  -1  -2  -2   0  -1  -2  -1   0   0  -3  -2   0    9   2   6   5   0   2  14  26   1   1   4   8   2   1   2   7   4   0   1   7  0.20 0.12
  218 R     0   2   0   1  -2   0   0  -1   0  -1  -1   2  -1  -2   0   0   0   0  -2  -1    7  15   4   7   0   4   6   3   2   5   6  18   1   1   5   6   4   2   1   5  0.13 0.08
  219 E     0  -1   0   1  -2   0   1   0  -2  -2  -2   1   1  -2   0   3   0  -3  -2  -2    6   2   4   9   0   3  10   7   1   2   4   7   4   1   4  27   6   0   1   2  0.19 0.13
  220 D    -1  -1   0   3  -3   0   3  -2  -1  -3  -3   0  -3  -3   3   1   0  -3  -1  -3    5   2   2  20   0   3  21   2   2   1   2   5   0   1  15   8   6   0   2   1  0.41 0.20
  221 Q    -1   0   3   0  -1  -1   1  -1  -1  -3  -1   2  -2  -2   1  -1  -1   6  -1  -2    4   4  20   5   1   2   9   5   1   1   7  13   0   2   6   3   2  11   1   3  0.31 0.17
  222 I     0  -1  -1  -1   0   0   1  -2  -1   1   0   0   3  -1   0  -1   1  -2   2   0    6   2   2   4   2   4  11   2   1   8   5   6  13   2   4   3  10   0  11   4  0.11 0.12
  223 G     0  -2  -1  -1  -3   0  -1   2   0  -3  -2  -1  -1  -3   4  -1  -2   7  -1  -3    7   2   3   3   0   4   3  19   2   1   3   5   2   1  20   4   2  15   2   1  0.56 0.24
  224 K    -1  -2  -1  -3  -1  -1   1   1  -2  -1  -2   0  -1  -2  -3  -1  -1   9  -1   1    4   2   2   1   1   2   9  12   1   4   3   6   2   1   1   5   4  29   1  11  0.71 0.28
  225 D     0  -2  -1   2  -3   0   1  -2  -1  -3  -3   1  -2   0   2   0  -2  -1   5  -2   10   1   2  12   0   4   9   3   1   1   1   8   0   2   9   6   2   0  27   2  0.40 0.24
  226 Q     0  -1   3   0   0   0   0   0  -2  -3  -4   3  -3  -4  -1   1   2  -5  -3  -2    7   1  17   4   2   3   5   7   0   1   1  25   0   0   3  10  12   0   0   2  0.36 0.25
  227 V    -3  -5  -5  -4  -4  -5  -5   4  -5   5   2  -5   1  -3  -5  -4  -4  -5  -4   1    0   0   0   1   0   0   0  31   0  38  18   0   3   0   0   0   0   0   0   7  0.97 0.48
  228 L    -2  -1  -2   1  -4  -1   1  -4  -1   0   2   0   2  -1   3  -1  -1  -1   0  -1    2   3   1  10   0   2   8   0   2   5  22   6   6   2  17   3   2   1   4   4  0.24 0.19
  229 E     0  -2  -1   1   0   0   4  -3   0  -2  -3   0  -3  -5   1   1   3  -5  -4  -2    6   1   2   8   2   2  30   1   2   2   2   6   0   0   7   8  19   0   0   2  0.44 0.32
  230 L    -4  -5  -6  -6  -4  -5  -6  -5  -2   2   6  -5  -1  -1  -6  -5  -3  -4   1   1    1   0   0   0   0   0   0   1   1   9  73   0   1   2   0   0   1   0   4   7  1.27 0.57
  231 M    -2  -4  -6  -6  -3  -4  -4  -5  -5   2   4  -5   6  -1  -6  -3  -3  -4  -1   0    2   1   0   0   0   0   1   0   0  11  47   0  24   2   0   1   0   0   2   6  1.07 0.51
  232 K    -1  -2   1   3  -6   0   6  -3  -2  -6  -4   0  -5  -6  -2  -1  -3  -6  -5  -5    5   2   6  17   0   3  53   2   1   0   1   4   0   0   2   3   0   0   0   0  1.05 0.54
  233 Q     4  -2  -1  -2  -2   1  -1  -2  -1  -2  -2  -1  -2  -1  -2   0   2  -4   2  -2   41   1   3   2   0   7   3   1   1   1   3   3   0   3   1   5  15   0   7   2  0.42 0.32
  234 V    -3  -5  -6  -6  -1  -5  -6  -5  -6   4   4  -5   2  -2  -6  -5  -4  -5  -4   4    1   0   0   0   1   0   0   1   0  25  40   0   4   1   0   0   0   0   0  27  1.08 0.49
  235 D    -3  -4  -1   6  -5   0   3  -4  -4  -1  -2  -3  -4  -5  -4  -3  -3  -5  -3   1    1   0   2  53   0   3  16   1   0   4   3   1   0   0   0   1   1   0   1  11  1.08 0.50
  236 E     1  -1   2   1  -2   0   3  -2  -1  -2  -3   1  -2  -3  -3   2   2  -4  -3  -2   10   1  11   6   1   3  25   1   1   2   2   8   1   1   0  13  11   0   0   3  0.34 0.24
  237 W    -2  -1   0  -1  -2  -1  -1  -3   1   0   0   0   1   1  -3  -1   0   1   5  -1    2   2   4   3   1   2   4   2   3   4  10   8   5   6   1   5   6   2  27   5  0.30 0.20
  238 I    -1  -4  -4  -3  -3  -2  -2  -5  -3   6   1   0  -1  -1  -3  -2  -2  -4  -2   3    4   0   1   1   0   2   2   0   1  46   9   8   1   3   1   2   1   0   1  17  0.68 0.36
  239 P    -1  -3  -2   0  -5   0   1  -4   0  -3  -5  -1  -4  -5   7  -2  -2  -5  -5  -3    6   1   1   5   0   3  10   1   2   2   1   4   0   0  59   2   2   0   0   1  1.44 0.57
  240 T     1  -1   0  -1  -2   0   1  -2  -1   1  -1  -1  -1  -3   2  -1   3  -3  -2   0   13   2   4   3   1   3  11   2   1   8   6   2   1   0  10   2  23   0   1   7  0.19 0.18
  241 P    -3  -3  -4   1  -5  -2  -2  -3  -5  -5  -5  -2  -2  -2   8  -3  -2  -6  -5  -1    2   1   0   7   0   2   3   2   0   0   1   3   1   2  68   1   2   0   0   5  1.78 0.69
  242 V    -1   0   1   1  -4   2   4  -2  -1  -2  -3   2  -2  -4  -1   0   0  -4  -2   0    5   4   6   8   0   7  27   2   1   2   1  13   1   0   3   6   4   0   1   9  0.31 0.23
  243 R    -2   6  -1   0  -5  -2  -1   1   0  -4  -4   1  -2  -4  -3  -1  -4  -5  -3  -2    2  54   3   6   0   1   4  11   2   1   1   6   1   1   1   3   0   0   1   3  0.95 0.48
  244 D     0  -2   1   5  -5  -1   1  -4   0  -3  -3   1  -4  -3   3  -1  -2  -5  -3  -3   10   2   5  32   0   2  10   0   2   1   2   7   0   1  17   4   2   0   1   2  0.60 0.34
  245 T    -1  -1   0  -1  -3   0   0  -2  -2   2   0  -1  -1  -2   1   0   2  -2  -2   2    2   2   4   3   0   4   6   2   0  15  10   4   1   0   8   7  15   0   1  15  0.15 0.16
  246 E    -1  -3   2   6  -5   0   2  -2  -3  -4  -4  -2  -4  -4  -2   0  -1  -6  -3  -4    6   1  11  48   0   4  10   3   0   1   2   2   0   1   2   5   4   0   1   1  0.89 0.44
  247 K     2   0  -2  -1  -4   2   0   0  -1  -4  -1   5   0  -2  -3  -1  -2  -5  -4  -2   16   3   1   3   0  10   4   7   2   0   7  38   2   2   0   3   1   0   0   2  0.47 0.33
  248 A     0   0  -4   1  -5  -4  -2  -2  -2  -6  -5  -2  -5  -6   7  -1  -2  -6  -3  -5    7   6   0   7   0   0   2   3   1   0   1   2   0   0  64   3   2   0   1   0  1.65 0.66
  249 F    -3  -6  -7  -7  -6  -6  -7  -7  -5  -2   3  -6   0   8   0  -6  -5  -3  -2  -2    3   0   0   0   0   0   0   0   0   2  31   0   2  56   5   0   0   0   0   2  1.64 0.68
  250 L    -4   6  -4  -5  -2   1  -3  -6  -4  -1   3   1   2  -4   0  -4  -4  -5  -5  -2    0  43   0   0   1   6   1   0   0   2  28   8   4   0   4   1   0   0   0   2  0.92 0.50
  251 M     1  -3  -6  -5  -1  -4  -5  -6  -5   1   3  -5   7   3  -6  -4  -4  -4  -1   0   11   1   0   1   1   0   0   0   0   6  28   0  34  12   0   0   0   0   1   6  1.04 0.52
  252 P     0  -5  -5  -5  -3   1  -4  -4  -3  -5   1  -4  -1  -5   7  -1  -4  -2   1  -5    8   0   0   0   1   8   0   1   0   0  13   0   1   0  59   4   0   1   5   0  1.53 0.68
  253 I    -3  -6  -7  -7  -4  -6  -6  -7  -6   6   0  -6  -2  -2  -6  -5  -4  -5   1   5    2   0   0   0   0   0   0   0   0  46   7   0   0   1   0   0   0   0   5  40  1.43 0.61
  254 E     0  -3  -3   0  -5   5   4  -4  -3  -3  -3  -3  -4   3  -3  -1  -2  -5  -3   0    8   0   0   5   0  31  29   0   0   1   2   0   0  12   1   3   1   0   0   7  0.79 0.49
  255 D    -3   2   4   6  -6  -1  -1  -4  -2  -6  -4  -3  -3  -6  -5  -1  -3   1  -2  -6    1  13  16  54   0   2   2   1   1   0   2   1   1   0   0   3   1   2   2   0  1.25 0.58
  256 T    -1   3  -4  -5  -4  -4  -4  -5  -5  -1  -2  -1  -3  -5  -5   3  -2  -6  -5   5    3  16   0   0   0   0   0   0   0   1   2   2   0   0   0  23   1   0   0  50  0.97 0.55
  257 F    -4  -5  -2  -2  -1  -4  -3  -4  -2  -3  -2  -2   1   6   3  -3  -4  -1   5  -3    1   0   2   2   2   0   1   1   1   1   3   2   3  38  18   2   0   0  20   2  1.09 0.52
  258 S    -3   1   3   1  -5  -3  -3  -3  -1  -5  -4   2  -4   0  -4   3   2  -4   3  -4    0   7  16   8   0   0   0   0   1   0   0  14   0   3   0  26  11   0  13   0  0.59 0.41
  259 I    -3  -5  -1   3  -4  -5  -4  -6  -5   6   2  -5   1  -3   1  -4  -3  -6  -4   1    1   0   3  15   0   0   0   0   0  46  18   0   3   0   6   0   1   0   0   6  0.90 0.47
  260 A    -1  -3   3   3  -4  -1  -2   0  -3  -4  -4   1  -4  -4   0   2   3  -5  -4  -4    5   0  17  16   0   2   1   8   0   0   1   8   0   0   5  19  18   0   0   0  0.52 0.35
  261 G    -2   0  -1  -1  -5  -3  -2   5  -3  -5  -4   0  -4   3  -3  -1  -4  -3   4  -4    2   4   2   3   0   0   2  46   0   0   0   6   0  13   1   3   0   0  17   0  0.85 0.41
  262 R    -2   6  -3  -1  -5  -2  -2  -5  -2   1  -1   1   0  -3   2  -2  -3  -5  -4   0    2  52   0   3   0   1   1   0   1   9   4   5   3   1   9   3   0   0   0   6  0.86 0.44
  263 G    -4  -6  -4  -5  -6  -6  -6   7  -6  -7  -5  -5  -6   1  -6  -3  -5  -6  -6  -7    0   0   0   0   0   0   0  92   0   0   1   0   0   5   0   1   0   0   0   0  2.28 0.79
  264 T    -1   0  -3  -3  -3  -3  -3  -3  -4  -1  -2  -2  -3  -2  -2  -1   6  -4  -3   2    4   6   1   1   0   0   1   2   0   2   3   1   0   2   1   1  56   0   1  18  0.88 0.44
  265 V    -2  -4  -4  -4  -1  -4  -3  -1  -4   3  -1  -4  -2  -3  -3  -3  -1  -4  -3   6    1   1   1   1   1   0   1   6   0  13   3   1   0   0   1   1   4   0   0  64  1.00 0.43
  266 V     2  -4  -4  -4   0  -4  -4  -2  -4   1  -1  -4  -1   2   2  -1  -2   1   2   3   16   0   0   0   2   0   0   3   0   7   5   0   1  11  13   3   0   2   6  30  0.43 0.29
  267 T     0  -3  -2  -2   2   0  -1   0  -2  -1  -2  -3   0  -3  -3   1   4  -4   1   1    7   1   1   2   4   3   4   7   1   2   3   0   2   1   0   9  36   0   5  13  0.37 0.29
  268 G    -3  -6  -4  -3  -6  -5  -6   7  -6   0  -6  -5  -4  -3  -6  -4  -3  -6  -6  -1    0   0   0   1   0   0   0  83   0   7   0   0   0   1   0   0   1   0   0   6  1.84 0.68
  269 R    -3   7  -3  -4  -4  -1  -3  -4  -4  -4  -3   2  -3  -6  -5   0   3  -6  -5  -5    1  58   0   0   0   1   1   1   0   1   2  11   0   0   0   6  18   0   0   0  1.26 0.57
  270 V    -2  -6  -6  -6  -4  -5  -6  -6  -6   5   2  -5   0  -3  -6  -4  -3  -6  -4   5    2   0   0   0   0   0   0   0   0  38  14   0   1   0   0   1   0   0   0  44  1.26 0.52
  271 E     1  -3  -3  -1  -5  -2   6  -3  -2  -1  -3   0  -1  -1  -4  -1  -2  -2  -4   0   12   0   0   1   0   0  53   2   1   4   2   6   2   4   0   3   1   1   0   9  0.74 0.44
  272 S     0   4   0   0  -2   2   1  -1  -3  -5  -4  -1  -4  -5  -4   3   2  -5  -3  -4    6  25   4   5   1  10   7   3   0   0   0   2   0   0   0  24  13   0   1   0  0.53 0.34
  273 G    -4  -6  -4  -5  -6  -6  -6   8  -6  -8  -8  -5  -7  -7  -6  -4  -5  -6  -7  -4    0   0   0   0   0   0   0  99   0   0   0   0   0   0   0   0   0   0   0   1  2.58 0.85
  274 I    -1   0  -1  -3  -1   0   0  -3   2   2  -1   0  -1  -3  -3   1   2  -4  -1   2    2   4   1   0   1   3   6   0   5  15   3   7   1   0   0  13  16   0   1  20  0.23 0.22
  275 I    -3  -5  -6  -5  -2  -5  -6  -6  -6   5   3  -5   1  -1  -5  -5  -3  -5  -4   5    1   0   0   0   1   0   0   0   0  32  22   0   3   2   0   0   0   0   0  39  1.08 0.46
  276 K    -2   3   0  -3  -2   1  -1  -5   0  -6  -5   6  -4  -4  -4  -1  -3  -4  -4  -5    3  14   4   0   1   5   3   0   2   0   1  62   0   1   0   3   1   0   0   0  1.23 0.56
  277 P    -2  -3  -4  -5  -3  -4  -3  -5  -5   1  -1   2  -2  -4   4  -3   0  -6  -4   5    3   1   0   0   0   0   0   0   0   5   4  14   1   0  23   1   5   0   0  43  0.83 0.44
  278 G    -3  -6   2  -3  -6  -3  -5   7  -5  -7  -7  -5  -4  -7  -6  -3  -5  -6  -7  -6    0   0  11   1   0   1   0  86   0   0   0   0   0   0   0   1   0   0   0   0  2.12 0.75
  279 E    -4  -1  -1   6  -6   2   3  -4  -2  -5  -4  -3   3  -6  -4  -2  -1  -6  -5  -5    0   3   1  54   0  11  16   1   1   0   1   0   8   0   0   2   3   0   0   0  1.24 0.55
  280 E    -1   1   1  -1  -4   0   4  -3  -3  -3  -4   3  -3  -3  -1   0   1  -5  -4   0    3   7   5   1   0   3  33   1   0   1   0  19   0   1   3   8   8   0   0   7  0.47 0.31
  281 V    -3  -5  -6  -6  -2  -5  -5  -6  -6   5   1  -5  -1  -2  -5  -4  -2  -5  -4   5    1   0   0   0   1   0   0   0   0  35  10   0   0   1   0   0   2   0   0  49  1.23 0.50
  282 E    -2   1  -2   0  -4   1   4  -4  -1  -1  -2   2  -1  -3  -3  -1   2  -1  -1   0    1   7   1   4   0   4  35   0   1   3   4  13   1   1   0   2  12   1   3   8  0.42 0.28
  283 I    -3  -4  -5  -3  -3  -3  -2  -5  -4   5   2  -4   4   3  -4  -4  -3  -4  -2   2    0   1   0   1   0   1   3   0   0  41  14   0  10  14   0   0   0   0   0  14  0.80 0.36
  284 V     0   0  -3  -4  -3  -3  -3  -1  -3   2   1  -2   6  -2  -3  -2  -2  -3  -1   3    9   5   1   1   0   1   1   5   0  11   8   2  25   1   1   1   2   0   2  26  0.49 0.28
  285 G     1  -3   0  -2  -3  -1  -2   4  -3  -3  -3  -2  -3  -2   4   0  -2  -3  -2  -3   14   1   5   2   0   2   1  34   0   1   2   1   0   2  22   8   2   0   1   1  0.63 0.26
  286 L    -1  -2   1  -2  -2  -1  -2   0  -2   2   2  -1   1   0  -3   0   1  -3  -1   0    2   1   8   1   0   3   2   8   1  14  25   2   4   4   1   9  11   0   1   4  0.13 0.14
  287 T    -2   2   1  -1  -4  -1  -1   2  -1  -2  -3   3  -3  -5   4  -1  -1  -5  -4  -2    1  10   6   2   0   2   2  20   1   3   2  18   0   0  25   3   4   0   0   2  0.55 0.30
  288 K     0   0  -1   2  -4   0   2  -2   0  -3  -4   3  -3  -5   1   2   0  -5  -3  -4    9   2   2   9   0   2  15   2   2   1   1  25   0   0   8  18   4   0   0   0  0.42 0.28
  289 T    -1  -2   1   0  -4  -1   1   2  -1  -1  -3  -1  -3  -4   2   0   3  -5  -4  -1    2   1   8   5   0   1  10  20   2   3   0   4   0   0  10   5  24   0   0   5  0.35 0.25
  290 V    -1   1  -2  -3  -1   1  -1  -3  -1   1   0   2   0   2  -3  -2   0  -3   2   2    4   9   1   0   1   9   3   0   1   6   6  14   3   9   0   1   7   0   7  20  0.17 0.17
  291 K    -2   1  -1  -1  -3   0   3  -3  -1  -2  -3   3  -2  -3  -3   0   2  -4  -1   0    1   5   3   2   0   3  24   1   1   1   1  23   0   1   0   6  17   0   2   7  0.40 0.28
  292 T     0  -4  -3  -3  -1  -2  -3   1  -4  -1  -3  -3  -3  -4  -4   3   5  -5  -3   2    6   0   0   0   1   1   0  10   0   3   1   0   0   0   0  20  38   0   0  18  0.66 0.40
  293 T    -2   0   0  -1  -4  -1   2  -3  -2  -1  -3   1  -3  -4  -3   0   5  -5  -4   1    1   4   3   3   0   2  16   1   1   2   1  10   0   0   0   5  38   0   0  13  0.53 0.35
  294 V    -2  -3  -3  -4   3  -2   2  -5  -5   2  -2  -4  -2  -4  -5  -4  -2  -5  -4   6    2   1   1   0   6   1  15   0   0  12   2   0   0   0   0   0   1   0   0  57  0.97 0.48
  295 T    -1   1  -1  -3  -2  -1  -2  -4  -4   1  -1   3  -2  -4  -4  -1   4  -5  -4   1    4   9   3   0   0   2   1   0   0   8   5  20   0   0   0   4  32   0   0  12  0.46 0.33
  296 G    -1   1  -2  -3  -5  -2  -2   5  -4  -3  -5  -1  -4  -4  -4   3  -2  -5  -1  -3    4   8   1   0   0   1   2  47   0   1   0   3   0   1   0  29   1   0   2   1  0.90 0.45
  297 V    -3  -5  -2  -5  -4  -2  -5  -6  -5   5   2  -5  -1  -2  -5  -5  -3  -5  -1   4    1   0   2   0   0   2   0   0   0  41  17   0   0   1   0   0   0   0   2  33  1.03 0.46
  298 E    -3  -1   0  -2  -5   1   5  -3   0  -2  -1  -2  -1   1  -4  -1  -1  -4  -2   2    0   3   4   0   0   6  45   1   2   1   4   1   2   7   0   3   2   0   1  17  0.61 0.39
  299 M     1  -4   0  -4  -2  -3  -3  -3  -4  -2  -1  -2   8  -1  -4   0   4  -5  -4  -1    9   0   4   0   1   0   2   1   0   1   2   2  38   2   0   7  27   0   0   3  0.95 0.51
  300 F    -3  -4  -1  -2  -5  -2  -4   1   5  -4  -3  -3  -3   6   2  -2  -2  -3   2  -4    1   0   3   2   0   2   0  10  16   0   1   1   0  42  12   3   2   0   5   0  0.97 0.45
  301 H    -3   3   1   3  -5   1   0   0   5  -4  -5   2  -4  -5  -3  -2  -3  -5  -2  -4    1  19   6  21   0   6   5   9  18   1   0  12   0   0   0   2   0   0   1   1  0.68 0.36
  302 K    -1   0  -1  -1  -2   2   2   2  -3  -3  -2   4   0  -4   0  -2   0  -5  -2  -2    3   2   2   2   1   7  15  14   0   0   4  32   3   0   4   1   6   0   1   2  0.39 0.28
  303 Q    -1  -2   0   1  -3   1   3  -2  -2  -1   0   0  -1  -1   2   0   1  -4  -3  -1    4   0   4   9   0   5  21   1   0   4  13   5   1   3   9   8   8   0   0   3  0.19 0.17
  304 L    -2   0  -4  -5   0  -2  -4  -4  -4   1   4  -2   2  -1  -3  -2  -1  -3  -2   2    2   6   0   0   2   1   0   1   0   6  50   2   4   2   1   2   4   0   1  17  0.59 0.33
  305 E    -3  -2   0   6  -6   1   3  -4  -2  -5  -5   0  -3  -6   1  -1   0  -6  -5  -5    1   1   3  46   0   5  19   0   1   0   0   6   1   0   6   4   6   0   0   0  0.94 0.44
  306 S    -1   0  -2  -1  -4   3   4  -4  -2  -3  -3   0   0  -1  -4   0   0   1   0  -1    4   5   0   2   0  14  37   0   0   1   1   6   3   3   0   6   7   2   4   5  0.49 0.33
  307 G     5  -4  -4  -5  -3  -4  -3   3  -5  -1   0  -4  -3  -3  -4  -1  -2  -5  -4   0   55   0   0   0   0   0   1  22   0   2  11   0   0   1   0   2   1   0   0   5  0.85 0.46
  308 E    -1   1  -1  -1  -2   1   2  -2   0   0   0   0   1   0  -2  -1   0  -1   1   0    4   8   1   1   0   9  14   3   2   6   9   3   6   5   1   4   6   1   7   9  0.08 0.11
  309 A     5  -4  -5  -5   2  -4  -2  -4  -5  -3  -4  -2  -4  -5   5  -1  -2  -6  -5  -1   53   0   0   0   4   0   2   0   0   1   0   2   0   0  27   4   2   0   0   5  1.11 0.53
  310 G    -2  -6  -4  -4  -6  -4  -6   7  -6  -7  -3  -5  -6  -7  -2  -4  -3  -6  -7  -5    1   0   0   0   0   0   0  91   0   0   3   0   0   0   2   0   1   0   0   1  2.17 0.76
  311 D    -4  -4  -2   6  -6   2   3   1  -4  -6  -4  -3  -2  -5  -4  -3  -4  -6  -5  -6    0   0   0  53   0  10  19  13   0   0   2   0   1   0   0   0   0   0   0   0  1.29 0.56
  312 N     1   0   6   0  -3   0  -2  -2   0  -1  -1  -2  -3  -2  -3   0  -1  -1  -3  -1   16   4  44   4   0   5   1   1   1   3   7   1   0   2   1   4   2   1   0   4  0.60 0.32
  313 V    -2  -6  -6  -6   1  -5  -6  -2  -6   4  -1  -5  -2  -4  -6  -5  -2  -6  -4   6    3   0   0   0   3   0   0   3   0  23   3   0   0   0   0   0   1   0   0  63  1.33 0.57
  314 G     0  -1  -3  -4  -5  -4  -5   6  -5  -6  -6  -2  -5  -6  -5  -1   4  -6  -6  -5    7   3   0   0   0   0   0  61   0   0   0   2   0   0   0   2  25   0   0   0  1.36 0.58
  315 C    -1  -4  -5  -5  -1  -4  -5  -2  -4   2   3  -4   0   3  -5  -4  -2   2   3   2    7   0   0   0   2   0   0   3   0  14  32   0   1  13   0   0   2   2  12  13  0.55 0.30
  316 L    -2  -1   3  -4  -4  -2  -4  -4  -4   1   4  -1  -1  -1  -4  -2   2  -4  -3   1    2   3  15   0   0   1   0   0   0   6  41   4   0   2   0   2  13   0   0  10  0.47 0.32
  317 L    -1  -4  -4   1  -3  -4  -4  -5  -5   1   4  -4  -1  -2  -4  -3   0  -4  -3   2    5   0   0   9   0   0   0   0   0   8  53   0   0   1   0   1   7   0   0  15  0.68 0.36
  318 R     2   5  -1  -2  -3  -2   0  -3  -3  -4  -4   2  -2  -5   2  -2  -2  -5  -2  -3   20  38   2   2   0   0   6   1   0   0   0  14   1   0  10   1   1   0   1   1  0.71 0.39
  319 G    -1  -4   1   3  -5  -3  -3   5  -4  -5  -6  -2  -5  -3  -4   2  -2  -5  -3  -5    5   0   7  18   0   0   0  49   0   0   0   1   0   1   0  14   2   0   1   0  0.97 0.44
  320 L    -1  -3  -3  -3  -2  -3  -3  -3  -3   5   2  -3   1  -2  -3  -2   0  -3  -2   3    4   1   1   1   0   1   1   1   0  36  16   1   2   1   1   2   7   0   1  22  0.56 0.25
  321 R    -1   0   0   1  -3   2   2   0  -2  -3  -3   3  -2  -3  -2   0   1  -3  -1  -2    4   3   4   7   0   7  14   7   0   1   1  26   0   1   1   7  11   0   2   2  0.31 0.19
  322 R    -3   3  -2  -2  -5   0   3  -4  -2  -2  -4   4  -3  -5  -2  -3  -2  -5  -4   2    0  17   1   1   0   2  23   1   1   2   0  30   0   0   2   0   2   0   0  18  0.67 0.39
  323 D    -1  -1   1   1  -4  -1   3   0  -2   2  -2   2  -2  -4  -3  -1  -1  -4  -3   0    5   3   7   9   0   1  22   8   0  16   3  14   0   0   0   3   3   0   0   6  0.25 0.21
  324 E    -3  -4   0   7  -7   0   2  -4  -4  -7  -6  -2  -5  -7  -4  -3  -4  -7  -6  -6    2   0   3  73   0   4  13   1   0   0   0   2   0   0   1   1   0   0   0   0  1.80 0.68
  325 V     1  -4  -3  -5  -3  -4  -5  -5  -5   5   1  -4  -1  -2  -5  -1   0  -5  -4   4   10   1   1   0   0   0   0   0   0  42   9   0   1   0   0   4   6   0   0  26  0.81 0.40
  326 Q    -2   4   0  -2  -4   2   3  -3  -1  -4   0   1  -2  -2  -4   3  -2  -5  -4  -3    1  22   4   1   0   7  19   0   1   0  10   9   1   2   0  22   0   0   0   1  0.48 0.33
  327 R    -1   7  -2  -5  -5  -3  -3  -5  -3  -3  -4  -1  -4  -5   1  -2  -2  -6  -4   2    6  60   1   0   0   0   0   0   0   1   1   2   0   0   6   2   2   0   0  18  1.20 0.55
  328 G    -3  -6  -4  -5  -6  -5  -6   8  -6  -7  -7  -5  -6  -7  -6  -4  -5  -6  -6  -7    0   0   0   0   0   0   0  98   0   0   0   0   0   0   0   0   0   0   0   0  2.52 0.82
  329 Q    -3  -2   1   6   0   4  -1  -4   0  -4  -4  -3   4  -1  -5  -1  -4  -5   0  -5    1   1   5  42   2  21   2   0   2   0   1   0  11   3   0   4   0   0   4   0  0.96 0.49
  330 V    -3  -5  -5  -6  -2  -5  -5  -6  -6   2   0  -5   3  -3  -5  -3   3   1  -4   6    0   0   0   0   0   0   0   0   0   9   7   0   8   1   0   1  18   2   0  54  1.05 0.50
  331 L     1  -5  -5  -6   2  -5  -5  -5  -5   4   4  -5   0  -1  -5  -4  -3  -5  -4   2   14   0   0   0   4   0   0   0   0  28  40   0   1   2   0   0   0   0   0  11  0.81 0.40
  332 C     3  -4  -3  -4   4  -3  -4   2  -4  -2  -2  -3  -3  -4  -4   1   3  -5  -4   2   26   0   0   0   8   0   0  18   0   1   3   0   0   0   0   8  20   0   0  16  0.55 0.35
  333 K     1  -1  -1   1  -4   0   0  -2   4  -3  -1   4  -3  -4   0   1  -1  -5  -2  -3   11   2   2   9   0   2   5   2  13   1   6  31   0   0   4   9   4   0   1   1  0.40 0.28
  334 P     2  -4   0  -2  -4  -3  -2  -4  -3   0  -3  -1  -4  -5   7   0  -1  -5  -3  -2   18   0   5   2   0   0   3   0   1   5   2   3   0   0  50   6   2   0   1   3  1.13 0.49
  335 N    -1  -3   3   4  -5  -1  -1   4  -3  -5  -5   1  -5  -6  -4  -2  -2  -6  -5  -4    4   0  16  26   0   2   3  36   0   0   1   9   0   0   0   2   1   0   0   1  0.83 0.40
  336 T     0  -3   4  -1  -4  -1   0  -3  -2  -4  -5  -1  -4  -3   3   3   3  -5  -2  -3    5   0  21   2   0   1   5   0   0   0   0   3   0   1  15  26  17   0   1   1  0.63 0.37
  337 V    -1  -2  -3  -2  -3  -2  -3  -5  -4   4   2  -3  -1  -3   4  -2  -2  -4  -3   2    4   2   1   2   0   2   1   0   0  27  20   1   1   0  19   1   1   0   1  16  0.53 0.30
  338 K    -2  -1  -2  -3  -2   1  -1  -4   0  -3  -2   3  -2  -3   5  -1   3  -5  -4  -2    1   3   1   1   1   6   3   0   2   1   3  21   0   1  30   3  23   0   0   2  0.74 0.39
  339 P     0  -2  -2  -2  -4  -1  -1  -1  -2  -2  -3  -3  -3  -3   6   0   2  -6  -5  -1    7   2   2   2   0   2   4   4   1   2   2   1   1   1  49   6  12   0   0   4  1.00 0.44
  340 V     0  -3  -3  -4   1  -3  -4  -3   7  -1   0  -4  -2  -2  -4  -1   1   0   1   3    9   0   0   0   3   0   0   1  30   2   9   0   0   1   1   4   8   1   4  26  0.69 0.39
  341 T     1   2   0   1  -3   0   0  -3   0  -3  -2   0  -3  -4   0   1   4  -2  -2  -2   11  10   3  10   0   4   4   0   2   1   3   6   0   0   4   9  30   1   1   1  0.34 0.26
  342 K    -1   2   1   0  -3   2   2  -3   2  -4  -4   3  -3  -4  -3   2  -1  -5  -2  -3    3  10   5   5   0   8  16   1   6   0   0  24   0   0   0  15   3   0   1   1  0.46 0.28
  343 F    -1  -5  -5  -6  -5  -5  -4  -5  -3   0   0  -5   0   8  -4  -4  -4   0   0  -1    5   0   0   0   0   0   1   0   0   6   9   0   2  67   1   1   0   1   1   4  1.56 0.57
  344 T    -1   1  -1   1  -4   1   3  -3  -2  -1  -1   2  -2  -3  -3   0   2  -4  -3   0    3   7   2   7   0   4  22   1   0   4   5  15   0   0   0   4  18   0   0   7  0.29 0.22
  345 A     5  -4  -4  -4  -2  -4  -4   0  -4   0  -2  -4   2  -4  -1   0  -2  -5  -3   1   61   0   0   0   1   0   0   6   0   4   4   0   5   0   3   5   0   0   1   9  0.84 0.45
  346 S    -3   0  -1   2  -5   5   4  -4   2  -3  -4   0   1  -5  -3  -1  -1  -5  -4  -4    1   5   3  12   0  31  27   0   5   1   1   3   5   0   0   3   3   0   0   0  0.80 0.42
  347 V    -1  -5  -4  -5   0  -4  -4  -5  -3   4   0  -5   0  -2  -3  -3  -1  -5  -2   5    4   0   1   0   2   0   1   0   1  25   8   0   1   1   1   1   2   0   1  52  0.94 0.43
  348 Y    -1  -2  -2  -2  -4  -1  -3  -5   2   2  -2  -2  -2   1  -5  -4  -2  -2   6   3    5   2   2   3   0   3   1   0   4  10   2   2   0   4   0   0   1   0  37  23  0.76 0.39
  349 A    -1  -5  -5  -5   1  -4  -4  -5  -5   4   1  -5  -2  -3  -5  -4  -1   7  -3   4    4   0   0   0   3   0   1   0   0  25  14   0   0   0   0   0   3  16   0  32  0.95 0.41
  350 L    -4  -5  -6  -6  -4  -4  -6  -6  -5   0   6  -5   6   1  -6  -5  -4  -4  -3  -2    0   0   0   0   0   0   0   0   0   4  70   0  18   6   0   0   0   0   0   1  1.41 0.56
  351 T    -1  -1   2   1  -4   1   1  -2  -1  -4  -3   2  -3  -4  -3   2   2   3  -1  -3    4   1  12   9   0   6  11   1   1   0   1  14   0   0   0  18  15   4   2   0  0.37 0.25
  352 K    -1   2  -2  -2  -4  -1   2  -4   5  -1  -2   4   0  -4   0   0  -2  -4  -3  -3    4  12   0   1   0   1  15   0  17   4   3  30   2   0   4   6   1   0   0   1  0.58 0.32
  353 E    -1  -2  -2   3  -4   2   4  -3  -2  -1  -3   0  -3  -4   2  -2  -1  -4  -3   0    3   1   0  14   0  12  33   1   1   4   2   4   0   0  11   2   2   0   0   9  0.51 0.28
  354 E    -2  -2  -2   0  -3  -1   5  -3  -2   1  -1  -2  -1  -3   0   0  -1  -3  -3   1    2   1   1   4   0   1  45   2   0  10   4   1   1   1   5   7   4   0   1  11  0.50 0.28
  355 G     0  -2  -2  -2  -3  -2  -1   5  -2  -2  -2  -2  -1  -1   0   0  -1  -3  -3  -2    8   1   1   1   0   1   4  49   1   2   4   2   2   2   5   8   2   0   1   3  0.58 0.24
  356 G     1  -1   1   0  -2  -2  -1   4  -2   0  -2  -1  -1  -2  -2   0   0  -3  -3  -1   14   3   6   4   0   1   3  37   0   5   3   2   1   2   2   4   8   0   1   4  0.35 0.17
  357 R    -2   5  -2  -1  -3   0   0   3  -2  -1  -3   1   0  -3  -2  -2  -2  -3  -3  -2    2  38   1   3   0   2   6  23   0   4   2   7   2   1   1   2   1   0   1   3  0.56 0.26
  358 H    -3  -1   1  -2  -3  -1  -1  -2   7  -1  -3  -2  -2   1  -2  -2  -1  -2   5   0    1   2   6   1   0   2   4   4  30   4   2   2   0   6   2   2   3   0  21   7  0.69 0.30
  359 T     0  -1   1  -1  -2  -1   1  -2  -3  -3  -3   1   0  -2  -3   1   5  -4  -3  -2    6   2   6   3   1   1  11   2   0   1   1   7   3   2   1  11  41   0   0   2  0.47 0.29
  360 P    -2  -5  -2  -1   2  -4  -2  -2  -5  -5  -5  -3  -5  -2   8  -2  -3  -6  -5  -5    3   0   2   3   5   0   3   4   0   0   0   1   0   2  71   3   1   0   0   0  1.87 0.62
  361 F    -4  -5  -6  -6  -4  -5  -5  -6  -5   3   2  -5   1   6  -5  -5  -4  -3   0   3    0   0   0   0   0   0   0   0   0  17  21   0   3  36   0   0   0   0   1  22  1.02 0.42
  362 F    -1   0  -2  -4  -1  -1  -2  -3  -2  -1   1   0   3   5  -4   0  -1  -2   0   0    4   4   2   0   1   3   2   1   1   2  16   7   8  31   0   8   3   0   2   5  0.36 0.25
  363 T     0  -1   2   1  -4  -1  -1  -3   4  -2  -3   1  -2  -4   4   1   1  -5  -3  -1    6   2   9  10   0   2   2   1  14   1   2   7   1   0  20   8  11   0   0   4  0.43 0.25
  364 N    -1  -2   3  -3   4  -3  -4   5   0  -3  -3   0  -4  -5  -4  -2  -3  -1  -4  -2    4   2  18   0  10   0   0  47   2   2   2   5   0   0   0   2   1   1   0   3  0.84 0.39
  365 Y    -3   1  -3  -3  -5   1   2  -5   6  -3  -4   0  -2  -1  -5  -2   0  -2   7  -4    1   7   0   1   0   5  14   0  20   1   0   5   1   1   0   2   5   0  38   0  1.06 0.48
  366 R    -2   4  -1  -2   0   1  -1  -4  -3  -4  -3   0  -1  -5   2   0   4  -5  -4  -1    1  28   2   1   2   7   3   0   0   0   1   4   1   0  10   8  28   0   0   5  0.57 0.35
  367 P     2  -4  -4  -4  -3  -4  -4  -4  -3  -3   1  -4  -3  -1   6  -2  -3  -4   4  -1   21   0   0   1   0   0   0   0   0   0  15   0   0   2  41   2   1   0  14   4  1.02 0.45
  368 Q    -3  -3  -3   1  -5   6  -2  -4   5   0  -1  -2   4  -3  -4  -2  -3   0  -3   0    2   0   0   7   0  43   0   1  15   6   4   0  11   1   0   2   1   2   0   6  0.88 0.46
  369 F    -3  -5  -5  -5  -4  -5  -2  -6  -4   4   2  -5   0   6  -5  -4  -2  -3  -1   2    1   0   0   0   0   0   4   0   0  24  17   0   2  39   0   1   1   0   0  11  0.93 0.40
  370 F     2  -1   1  -2  -4  -2  -1  -4   2  -2  -3   2  -3   1  -2  -1   0  -2   6  -3   18   2   6   1   0   0   4   0   6   1   1  13   0   6   1   2   6   0  32   0  0.58 0.34
  371 F    -2  -3  -5  -5   6  -4  -5  -5   1   3   0  -3  -1   5  -5  -3  -2  -3  -2   3    2   1   0   0  16   0   0   0   3  16   6   1   1  27   0   1   2   0   0  24  0.78 0.36
  372 R     1   5  -2  -3  -4  -1  -1   2   2  -4  -3   2  -3  -5  -4  -1   0  -5  -3  -4   14  38   1   0   0   2   2  17   4   0   2  10   0   0   0   2   6   0   0   0  0.65 0.34
  373 T    -2  -4  -3  -4  -4  -4  -4  -1  -4   0  -2  -4  -3   4  -4  -1   6  -4  -3   0    2   0   0   0   0   0   0   6   0   5   3   0   0  16   0   4  58   0   0   5  0.99 0.48
  374 A     2  -1  -2  -1  -3  -1  -1  -3  -3   0  -2   1  -1  -4  -3   1   4  -2  -3  -1   21   2   0   3   0   2   3   0   0   6   4  11   1   0   0   9  34   1   0   3  0.42 0.29
  375 D    -2   0   0   5  -2   0   3  -4   0  -3  -4   1  -4  -4  -3   0   2  -3  -3  -2    1   4   2  36   1   4  18   0   2   1   1   9   0   1   0   6  13   0   1   2  0.62 0.32
  376 V    -2  -4  -4  -5  -3  -1  -4  -5  -5   3   2  -4  -1  -3  -4  -3   3  -5  -4   5    1   0   0   0   0   2   0   0   0  14  17   0   1   0   0   0  21   0   0  43  0.80 0.39
  377 T    -1   0  -1  -2  -3  -2  -2  -4  -2   0   1   0   0  -3   1  -1   5  -5  -3   2    2   5   2   1   0   1   1   0   1   4  12   7   1   0   6   2  41   0   0  14  0.45 0.30
  378 G     1  -4  -3  -3  -1  -2   0   6   2  -5  -5  -1  -4  -5  -4   0  -1  -5  -3  -3   11   0   0   0   1   1   5  61   5   0   0   4   0   0   0   4   5   0   1   1  1.03 0.42
  379 S     0   2  -2  -2  -3   0   0  -3  -1  -1  -2   4  -2  -3  -3   1   1  -4  -3   1    5  11   1   1   0   3   6   1   1   4   2  28   1   1   0  12   9   0   0  15  0.30 0.23
  380 V    -2  -4  -5  -4   1  -4  -5  -5  -5   5   1  -4   0  -2  -5  -4  -2  -5  -4   5    2   1   0   1   3   0   0   0   0  35  12   1   2   1   0   0   2   0   0  42  0.96 0.40
  381 D    -2  -2   1   4  -4  -1   3  -3  -2  -3  -4   1  -3  -3  -3   0   3  -5  -3  -2    1   1   6  27   0   2  19   1   1   1   0   8   0   1   0   7  23   0   1   2  0.58 0.31
  382 L    -1  -1  -2  -1  -3  -2  -2  -3  -3   0   3  -1   0   0   0   1   0  -4  -3   1    4   4   1   4   0   0   1   1   0   4  40   4   0   3   5  16   5   0   0   8  0.26 0.21
  383 K     0   1   0  -2  -4   0   3  -1   0  -2  -2   2  -3  -2   4  -2  -2  -4  -3  -2    8   7   3   1   0   4  21   4   2   3   5  14   0   2  23   0   1   0   0   2  0.44 0.25
  384 E    -1   2  -2   1  -5   1   5  -2  -2  -3  -3   2  -3  -5  -2   0   1  -5  -4  -4    4  11   1   7   0   5  38   2   1   1   2  15   0   0   1   4   8   0   0   0  0.58 0.31
  385 D     0  -1   3   2  -4  -1   0   3   0  -4  -4   1  -3  -3   1  -1  -1  -4  -4  -3    6   3  17  13   0   2   6  27   2   0   1  10   0   1   6   3   3   0   0   1  0.41 0.22
  386 R     0  -1  -1   0  -3  -2  -1  -3  -2   0  -3  -1  -1  -4   5  -1   2  -4  -4   2    8   2   3   6   0   1   2   0   1   4   1   4   1   0  31   2  13   0   0  19  0.56 0.28
  387 R     0   1   0   1  -4   2   5  -2  -1  -3  -3   2  -2  -4  -3  -1  -1   0  -3  -3    6   5   3   6   0   9  41   2   1   1   1  14   1   0   1   2   4   1   0   1  0.58 0.30
  388 M    -2  -2  -1  -3  -3  -2  -1  -3   1  -1   0  -2   7   4  -3   0  -1  -2  -1  -1    3   2   4   1   0   1   4   1   3   2   5   2  34  23   1   6   4   0   1   3  0.67 0.33
  389 V     1  -3  -4  -4   0  -3  -3  -3  -4   3   2  -3  -1  -2  -2  -3  -2  -3  -3   4   10   1   1   1   2   0   1   2   0  14  24   1   0   0   2   1   1   0   0  39  0.54 0.26
  390 M    -1  -1   0  -3  -3   1  -1  -2  -3  -2  -1   4   7  -3   0  -2  -1  -4  -3  -2    6   2   4   1   0   5   2   3   0   2   4  31  30   0   4   1   3   0   0   1  0.64 0.34
  391 P    -1  -2   1  -2  -3   1  -2  -2  -3  -3  -1   0   0  -4   6   1   0  -4  -3  -2    5   1   7   1   0   5   2   3   0   1   7   6   3   0  39  12   5   0   0   2  0.70 0.29
  392 G    -2  -2   3  -2  -4  -3  -3   6  -3  -4  -3  -2  -2  -4  -4  -2  -3  -4  -4  -4    2   2  13   2   0   0   1  69   0   1   2   2   1   0   1   1   1   0   0   1  1.32 0.45
  393 D    -3  -2  -1   7  -5   0   3  -1  -3  -4  -4  -1   1  -5  -3  -2  -3  -5  -4  -4    1   1   1  59   0   4  16   5   0   1   1   3   4   0   1   1   1   0   0   1  1.20 0.45
  394 N     1   1   4  -1  -2  -1  -2  -2   0   2  -2   1  -2  -3  -3   0  -1  -4  -3   0   17  10  27   2   1   1   1   1   2  14   1   7   1   0   0   6   3   0   0   6  0.30 0.22
  395 A     3  -3  -3  -2   1  -3  -3   2  -3   2  -1  -2  -1  -2  -3  -1   0  -4  -3   2   30   0   0   2   3   0   1  16   0  14   5   1   0   1   0   2   5   0   0  18  0.34 0.23
  396 E    -1  -1  -1   0  -3  -1   1  -3  -2   2   1   1   0  -1  -3  -1   1  -3  -1   0    2   2   3   5   0   2  13   1   0  20  15  12   2   2   0   4   9   0   2   6  0.14 0.14
  397 V     1  -5  -5  -5   5  -4  -5  -3  -5   3   0  -4   5   0  -5  -3  -3  -4  -3   4   12   0   0   0  12   0   0   1   0  15   6   0  17   4   0   0   0   0   0  33  0.79 0.38
  398 E    -2   1   0   1  -4   1   3  -3  -1   0  -3   2  -2  -4  -3  -1   2  -2  -3   0    1   6   5   6   0   5  27   1   1   7   1  15   0   0   0   3  17   1   0   6  0.38 0.26
  399 C    -2  -5  -5  -6  -2  -5  -5  -5  -5   3   3  -5   3   0  -5  -4  -3  -1  -3   5    1   0   0   0   1   0   0   1   0  18  27   0   6   3   0   0   0   1   0  42  0.90 0.39
  400 T    -1   0  -1  -1  -4   1   4  -3  -1   0  -2   2  -1  -4  -3   1   0  -5  -3   1    5   5   2   2   0   6  28   0   1   5   1  15   1   0   0  12   7   0   0  10  0.35 0.24
  401 L    -3  -5  -5  -6  -4  -5  -5  -6  -5  -1   5  -5   0   2   4  -4   1  -4  -3  -2    1   0   0   0   0   0   0   0   0   1  61   0   1   9  20   0   8   0   0   1  1.08 0.48
  402 I    -2  -1   0   1  -3   1   0  -2  -3   4  -1   1  -1  -3  -2   0   1  -4  -3   0    1   3   3  10   0   9   4   3   0  32   4   8   1   0   1   7  12   0   0   2  0.26 0.23
  403 V     1   3   0  -2  -2   2   2  -2   1  -2  -3   3  -2  -2  -3   0   0  -4   0  -2   11  14   3   1   1  10  11   1   4   1   1  23   0   2   0   5   5   0   4   2  0.31 0.21
  404 P    -2  -4  -5  -4  -6  -2  -3  -5  -6  -6  -6  -4  -6  -7   8  -1  -2  -7  -4  -5    3   1   0   0   0   2   1   0   0   0   0   0   0   0  84   4   2   0   1   1  2.47 0.79
  405 M    -2  -5  -5  -6  -4  -5  -5  -6  -5   5   2  -5   4  -2  -5  -4  -2  -5  -4   4    1   0   0   0   0   0   0   0   0  33  18   0  13   0   0   0   1   0   0  34  1.03 0.43
  406 A     4  -5  -4  -5   7  -4  -5  -3  -3  -2  -2  -4  -3  -3  -1  -2  -3  -1  -4   3   44   0   0   0  26   0   0   1   1   1   2   0   0   1   3   1   0   1   0  19  1.08 0.48
  407 V     1  -4  -5  -5   0  -4  -4  -3  -3   3   2  -4   5   1  -4  -3  -1  -4  -3   3   15   0   0   0   2   0   0   1   1  18  19   0  17   6   0   0   2   0   0  20  0.57 0.30
  408 Q    -1  -4  -2   5  -6  -1   6  -4  -3  -6  -6  -2  -5  -3  -2  -2  -3  -2  -5  -3    5   0   1  29   0   0  57   0   0   0   0   1   0   1   1   2   1   1   0   2  1.31 0.55
  409 E     0   0   0   0  -4   2   3  -3  -2  -2  -3   3  -3  -3   1   0   0  -4  -2  -2    6   4   3   5   0  11  21   0   0   2   1  22   0   1   8   7   6   0   1   2  0.39 0.24
  410 G    -3  -3  -1  -3  -5  -3  -2   5  -3  -4   1  -2   0   3  -5  -3  -4  -3   3  -4    0   1   3   1   0   1   3  47   0   0  13   2   2  15   0   0   0   0  11   0  0.78 0.37
  411 M    -1  -3  -2   1  -3   1  -2   3  -3  -2   2  -2   3  -3  -4   1   1  -4  -4  -2    4   1   1  10   0   6   1  24   0   0  21   0  12   0   0  11   9   0   0   1  0.34 0.26
  412 R    -4   7  -3  -4  -6  -1  -2  -2  -3  -2  -3   3  -3  -4  -4  -2  -3  -6  -5  -5    0  71   1   0   0   1   1   3   0   3   2  13   1   0   1   2   1   0   0   0  1.55 0.59
  413 F    -5  -6  -5  -7  -2  -6  -6  -6  -5   1  -1  -6  -3   9  -7  -6  -5  -3   0   1    0   0   1   0   1   0   0   0   0   8   3   0   0  79   0   0   0   0   0   8  2.10 0.68
  414 A     5  -4  -3  -4  -3  -4  -4  -3  -4   3  -1  -4  -1  -4  -4   0   1  -5  -4   0   58   0   0   0   0   0   0   0   0  18   4   0   1   0   0   5   8   0   0   5  0.84 0.43
  415 F    -4  -5  -5  -1  -3  -5  -5  -6  -6   6   2  -5   1  -3  -5  -5  -3  -5  -4   3    0   0   0   4   0   0   0   0   0  57  18   0   3   0   0   0   0   0   0  17  1.18 0.46
  416 R    -5   8  -1  -5  -7  -3  -4  -5  -4  -7  -6  -1  -2  -6  -6  -4  -5  -6  -5  -6    0  94   3   0   0   0   0   0   0   0   0   0   1   0   0   1   0   0   0   0  2.46 0.80
  417 E    -3  -1  -2   5  -5   0   5  -4  -2  -1   0  -1  -3  -4  -3  -1  -3  -5  -2  -2    0   3   0  31   0   3  36   0   1   4  11   3   0   0   0   4   0   0   2   2  0.72 0.35
  418 G    -2  -3  -3  -2  -4   0  -2   4  -3  -1  -3  -3   5  -2  -4   1   1  -4  -2  -2    0   0   0   2   0   5   1  38   0   2   1   0  20   1   0  13  11   0   1   3  0.68 0.36
  419 G    -2   1   4  -2  -5  -3  -4   6  -3  -6  -5  -1  -5  -5  -4  -1  -2  -5  -5  -5    2   9  18   1   0   0   0  59   0   0   0   3   0   0   0   4   2   0   0   0  1.16 0.44
  420 R    -1   6  -2  -1  -5   3  -1  -2  -1  -2  -3   2   0  -3  -4  -1  -1  -5  -4   0    5  44   1   3   0  13   1   2   1   2   0  10   3   1   0   3   4   0   0   8  0.69 0.35
  421 T    -4  -1  -2  -5  -4  -4  -4  -5  -5  -4   0  -4  -4  -5  -5  -2   7  -6  -5  -2    0   4   1   0   0   0   0   0   0   0   8   0   0   0   0   0  85   0   0   1  1.84 0.72
  422 V    -2  -6  -6  -6  -4  -5  -6  -6  -6   5  -1  -5  -2  -4  -5  -5  -2  -6  -4   6    2   0   0   0   0   0   0   0   0  27   2   0   0   0   0   0   1   0   0  68  1.51 0.56
  423 G     4  -5  -4  -5  -5  -4  -5   6  -5  -3  -4  -4  -5  -6  -5  -3  -4  -6  -6  -5   32   0   0   0   0   0   0  65   0   1   1   0   0   0   0   0   0   0   0   0  1.55 0.57
  424 A     5  -4  -4  -4  -3  -4  -4  -2  -1   1  -3  -4  -3  -3  -4   0  -2   0   1   2   62   0   0   0   0   0   0   2   1   7   1   0   0   1   0   5   1   1   5  13  0.84 0.43
  425 G    -3  -5  -4  -4  -5  -5  -5   7  -5  -6  -6  -5  -6  -6  -5  -3  -5  -5  -6  -6    0   0   0   0   0   0   0  97   0   0   0   0   0   0   0   0   0   0   0   0  2.36 0.70
  426 V    -1  -1  -2  -4  -3  -1  -3  -4  -4   3   0   0   5  -2  -4  -2  -1  -4  -3   4    3   4   2   0   0   2   0   0   0  15   6   7  19   1   0   2   3   0   0  36  0.55 0.30
  427 R    -2  -1  -5  -5   1  -4  -5  -5  -5   5  -1  -4  -2  -3  -5  -4  -3  -5  -4   5    1   3   0   0   2   0   0   0   0  42   2   0   0   0   0   0   0   0   0  47  1.18 0.45
  428 R     0   1  -1  -2  -3   1  -1  -3  -2   0  -2   3   0  -3  -2   2   3  -4  -3   0    6   9   1   0   0   6   1   1   0   6   2  20   3   0   0  15  20   0   0   9  0.27 0.19
  429 R    -1   0  -1   1  -2   1   4  -2  -2  -3  -2   3  -3  -4  -2   2  -1  -4  -3  -3    5   3   2   5   1   4  29   3   0   1   4  24   0   0   0  17   3   0   0   1  0.43 0.22
  430 R    -2  -3  -4  -4  -2  -1  -3  -4  -4   5   0  -3   0  -2  -1  -3  -2  -4  -3   4    2   1   0   1   0   3   2   1   0  42   6   1   1   0   4   1   1   0   0  35  0.69 0.27
  431 R    -1   2   1   0  -3   2   3  -2  -1  -2  -2   2  -2  -3   0   0   0  -3  -2  -1    1  11   9   4   0   7  21   1   1   2   4  19   0   0   4   5   7   0   0   5  0.26 0.11
  432 W     0   1  -2  -2  -3   0   1  -2  -1  -3  -3   4  -2  -1   1  -1   0   6   0  -2    8   4   0   0   0   3   9   1   1   0   1  39   0   3   7   1   4  13   2   3  0.45 0.16
  433 Q     0   4  -1  -1  -3   1   0  -1  -1  -1  -2   3  -2  -3  -2   0  -1  -3  -2  -2    8  29   0   1   0   5   4   3   0   4   1  31   0   0   0   7   3   0   0   2  0.40 0.14
  434 D     0  -1   2   5  -3   0   3  -2  -1  -3  -3   0  -3  -3  -2   0   0  -4  -3  -3    8   0   9  41   0   0  23   1   0   0   1   6   0   0   1   4   4   0   0   1  0.56 0.13
  435 P     1  -1   0  -1  -2   0   0   1  -1  -2  -2   1  -2  -3   5   1   0  -2  -2  -2   10   1   3   1   0   3   6  13   0   1   2  12   0   1  30  11   3   0   1   1  0.43 0.05
  436 R     0   2   0  -1  -2   1   1   0  -1  -1  -2   1  -1  -2   1   1   1  -2  -2  -1    9  13   1   1   0   8  10   4   0   6   2  10   0   1   6  14  11   0   1   3  0.14 0.02
  437 M     1  -1  -1  -1  -1   0  -1   2   1   1   0  -1   1  -1  -1   0  -1  -2  -1   1   11   2   1   2   1   6   2  20   6  11   3   4   8   1   2   4   2   0   1  12  0.06 0.02
  438 S     2  -1   1  -1  -1   0   0   0  -1  -1  -1   1   0  -2  -1   1   1  -2  -1  -1   24   1  11   2   1   1   2   7   1   1   3  10   3   1   1  15  14   0   1   2  0.14 0.03
  439 L     0  -1  -1  -1  -1  -1   0  -1  -2   0   1   0   0  -1   2   1   1  -2  -1   1    4   1   1   1   0   1   6   3   0   2  16   4   0   1  11  16   7   0   1  22  0.11 0.03
  440 P     1  -1  -1  -1  -2   0  -1  -1  -2  -2  -2   0  -2  -2   5   0   0  -2  -2  -1   19   1   1   3   0   3   1   3   0   1   2   6   0   1  38   7   8   0   1   5  0.56 0.06
  441 P    -1  -1  -1   0  -2  -1  -1   0  -2  -2  -2   2  -2  -3   6   0   0  -3  -2  -1    4   1   1   7   0   1   1   5   0   1   1  23   0   1  41   3   5   0   0   5  0.65 0.07
  442 G     2   1  -1  -2  -2   0  -1   3  -2  -3  -2   1  -2  -2  -2   0   1   4  -2  -2   21  11   0   0   0   0   2  24   0   0   0  15   0   0   0   5  12   7   0   0  0.27 0.05
  443 A     3  -1  -1  -2  -2  -1  -1   3   4  -3  -3  -1  -2  -3  -2   0  -1  -3  -1  -2   51   2   0   0   0   0   0  26  20   0   0   0   0   0   0   0   0   0   0   0  0.47 0.10
  444 R     0   4  -1  -1  -3   2   0  -2  -1  -3  -3   4  -2  -4  -2   1  -1  -3  -2  -3    5  27   0   0   0   9   0   0   0   0   0  45   0   0   0  13   0   0   0   0  0.51 0.09
  445 R    -1   4  -2  -2  -3   0   0  -3  -2   0  -1   1   0  -2  -3  -1  -1  -3  -2   3    2  39   0   0   0   0   7   0   0   0   0   9   3   0   0   0   0   0   0  40  0.32 0.08
  446 L     0  -1  -1  -2  -2  -1  -2  -2  -2  -1   0   0  -1   1  -2   1   4   5  -1  -1    5   0   0   0   0   0   0   0   0   0   9   8   0  10   0   7  53   9   0   0  0.35 0.09
  447 P     0   1  -1  -1  -3   3   0  -1  -1  -3  -3   4  -2  -4   3  -1  -1  -3  -2  -3    8   0   0   0   0  23   0   2   0   0   0  52   0   0  16   0   0   0   0   0  0.54 0.08
  448 S     3  -2  -1  -1  -1  -1  -1  -1  -2  -2  -2  -1  -2  -3  -1   4   1  -3  -2  -1   42   0   0   0   0   0   0   0   0   0   0   0   0   0   0  55   0   0   0   3  0.44 0.07
  449 S     4  -1  -1  -2  -1   1  -1   0  -2  -2  -2   0  -1  -3  -1   2   0  -3  -2  -1   66   0   0   0   0  11   0   4   0   0   0   4   0   0   0  15   0   0   0   0  0.36 0.05
  450 A     2  -1  -1   0  -2   2   3   0  -1  -1  -2   0  -1  -3  -1   0  -1  -3  -2   0   34   0   0   0   0  17  31   4   0   3   0   4   0   0   0   0   0   0   0   7  0.27 0.04
  451 S    -1   1  -1  -1  -3   0   0  -2  -1  -3  -3   4  -2  -4   4   1  -1  -4  -2  -3    0   0   0   0   0   0   0   0   0   0   0  62   0   0  22  15   0   0   0   0  0.59 0.06
  452 R     2   3  -1  -1  -2   1   0  -1  -1  -3  -2   4  -1  -3  -1   0  -1  -3  -2  -2   30  22   0   0   0   0   0   0   0   0   0  49   0   0   0   0   0   0   0   0  0.36 0.02
  453 R    -1   5   0  -1  -4   1   0  -2  -1  -3  -3   4  -2  -3  -2  -1  -1  -3  -2  -3    0  57   0   0   0   0   0   0   0   0   0  43   0   0   0   0   0   0   0   0  0.62 0.02

                      K         Lambda
Standard Ungapped    0.1348     0.3191
Standard Gapped      0.0518     0.2670
PSI Ungapped         0.1692     0.3176
PSI Gapped           0.0518     0.2670
