
Last position-specific scoring matrix computed, weighted observed percentages rounded down, information per position, and relative weight of gapless real matches to pseudocounts
            A   R   N   D   C   Q   E   G   H   I   L   K   M   F   P   S   T   W   Y   V   A   R   N   D   C   Q   E   G   H   I   L   K   M   F   P   S   T   W   Y   V
    1 G     0  -2   0  -1  -2  -2  -2   5  -2  -4  -4  -1  -3  -3  -2   0  -2  -2  -3  -3    0   0   0   0   0   0   0   0   0   0   0   0   0   0   0   0   0   0   0   0  0.00     0.00
    2 D    -2  -2   1   6  -3   0   1  -1  -1  -3  -4  -1  -3  -3  -1   0  -1  -4  -3  -3    0   0   0   0   0   0   0   0   0   0   0   0   0   0   0   0   0   0   0   0  0.00     0.00
    3 R    -1   5   0  -2  -3   1   0  -2   0  -3  -2   2  -1  -3  -2  -1  -1  -3  -2  -2    0   0   0   0   0   0   0   0   0   0   0   0   0   0   0   0   0   0   0   0  0.00     0.00
    4 C     0  -3  -3  -3   8  -3  -4  -2  -3  -1  -1  -3  -1  -2  -3  -1  -1  -2  -2  -1    0   0   0   0   0   0   0   0   0   0   0   0   0   0   0   0   0   0   0   0  0.00     0.00
    5 K    -1   2   0  -1  -3   1   1  -1  -1  -3  -2   4  -1  -3  -1   0  -1  -3  -2  -2    0   0   0   0   0   0   0   0   0   0   0   0   0   0   0   0   0   0   0   0  0.00     0.00
    6 T     0  -1   0  -1  -1  -1  -1  -2  -2  -1  -1  -1  -1  -2  -1   1   4  -2  -2   0    0   0   0   0   0   0   0   0   0   0   0   0   0   0   0   0   0   0   0   0  0.00     0.00
    7 P    -1  -2  -2  -1  -3  -1  -1  -2  -2  -3  -3  -1  -2  -4   7  -1  -1  -4  -3  -2    0   0   0   0   0   0   0   0   0   0   0   0   0   0   0   0   0   0   0   0  0.00     0.00
    8 T     0  -1   0  -1  -1  -1  -1  -2  -2  -1  -1  -1  -1  -2  -1   1   4  -2  -2   0    0   0   0   0   0   0   0   0   0   0   0   0   0   0   0   0   0   0   0   0  0.00     0.00
    9 V     0  -2  -3  -3  -1  -2  -2  -3  -3   2   1  -2   1  -1  -2  -2   0  -3  -1   4    0   0   0   0   0   0   0   0   0   0   0   0   0   0   0   0   0   0   0   0  0.00     0.00
   10 M    -1  -1  -2  -3  -1   0  -2  -3  -2   1   2  -1   5   0  -2  -1  -1  -1  -1   1    0   0   0   0   0   0   0   0   0   0   0   0   0   0   0   0   0   0   0   0  0.00     0.00
   11 R    -1   5   0  -2  -3   1   0  -2   0  -3  -2   2  -1  -3  -2  -1  -1  -3  -2  -2    0   0   0   0   0   0   0   0   0   0   0   0   0   0   0   0   0   0   0   0  0.00     0.00
   12 Q    -1   1   0   0  -3   5   2  -2   0  -3  -2   1   0  -3  -1   0  -1  -2  -1  -2    0   0   0   0   0   0   0   0   0   0   0   0   0   0   0   0   0   0   0   0  0.00     0.00
   13 R    -1   5   0  -2  -3   1   0  -2   0  -3  -2   2  -1  -3  -2  -1  -1  -3  -2  -2    0   0   0   0   0   0   0   0   0   0   0   0   0   0   0   0   0   0   0   0  0.00     0.00
   14 V     0  -2  -3  -3  -1  -2  -2  -3  -3   2   1  -2   1  -1  -2  -2   0  -3  -1   4    0   0   0   0   0   0   0   0   0   0   0   0   0   0   0   0   0   0   0   0  0.00     0.00
   15 L    -1  -2  -3  -4  -1  -2  -3  -4  -3   1   4  -2   2   0  -3  -2  -1  -2  -1   1    0   0   0   0   0   0   0   0   0   0   0   0   0   0   0   0   0   0   0   0  0.00     0.00
   16 T     0  -1   0  -1  -1  -1  -1  -2  -2  -1  -1  -1  -1  -2  -1   1   4  -2  -2   0    0   0   0   0   0   0   0   0   0   0   0   0   0   0   0   0   0   0   0   0  0.00     0.00
   17 L    -1  -2  -3  -4  -1  -2  -3  -4  -3   1   4  -2   2   0  -3  -2  -1  -2  -1   1    0   0   0   0   0   0   0   0   0   0   0   0   0   0   0   0   0   0   0   0  0.00     0.00
   18 V     0  -2  -3  -3  -1  -2  -2  -3  -3   2   1  -2   1  -1  -2  -2   0  -3  -1   4    0   0   0   0   0   0   0   0   0   0   0   0   0   0   0   0   0   0   0   0  0.00     0.00
   19 L    -1  -2  -3  -4  -1  -2  -3  -4  -3   1   4  -2   2   0  -3  -2  -1  -2  -1   1    0   0   0   0   0   0   0   0   0   0   0   0   0   0   0   0   0   0   0   0  0.00     0.00
   20 L    -1  -2  -3  -4  -1  -2  -3  -4  -3   1   4  -2   2   0  -3  -2  -1  -2  -1   1    0   0   0   0   0   0   0   0   0   0   0   0   0   0   0   0   0   0   0   0  0.00     0.00
   21 H    -2   0   1  -1  -3   0   0  -2   7  -3  -3  -1  -2  -1  -2  -1  -2  -2   2  -3    0   0   0   0   0   0   0   0   0   0   0   0   0   0   0   0   0   0   0   0  0.00     0.00
   22 A     4  -1  -1  -2   0  -1  -1   0  -2  -1  -1  -1  -1  -2  -1   1   0  -2  -2   0    0   0   0   0   0   0   0   0   0   0   0   0   0   0   0   0   0   0   0   0  0.00     0.00
   23 A     4  -1  -1  -2   0  -1  -1   0  -2  -1  -1  -1  -1  -2  -1   1   0  -2  -2   0    0   0   0   0   0   0   0   0   0   0   0   0   0   0   0   0   0   0   0   0  0.00     0.00
   24 A     4  -1  -1  -2   0  -1  -1   0  -2  -1  -1  -1  -1  -2  -1   1   0  -2  -2   0    0   0   0   0   0   0   0   0   0   0   0   0   0   0   0   0   0   0   0   0  0.00     0.00
   25 W    -2  -3  -4  -4  -2  -2  -3  -2  -2  -3  -2  -3  -1   1  -4  -3  -2  10   2  -3    0   0   0   0   0   0   0   0   0   0   0   0   0   0   0   0   0   0   0   0  0.00     0.00
   26 Q    -1   1   0   0  -3   5   2  -2   0  -3  -2   1   0  -3  -1   0  -1  -2  -1  -2    0   0   0   0   0   0   0   0   0   0   0   0   0   0   0   0   0   0   0   0  0.00     0.00
   27 P    -1  -2  -2  -1  -3  -1  -1  -2  -2  -3  -3  -1  -2  -4   7  -1  -1  -4  -3  -2    0   0   0   0   0   0   0   0   0   0   0   0   0   0   0   0   0   0   0   0  0.00     0.00
   28 C     0  -3  -3  -3   8  -3  -4  -2  -3  -1  -1  -3  -1  -2  -3  -1  -1  -2  -2  -1    0   0   0   0   0   0   0   0   0   0   0   0   0   0   0   0   0   0   0   0  0.00     0.00
   29 A     4  -1  -1  -2   0  -1  -1   0  -2  -1  -1  -1  -1  -2  -1   1   0  -2  -2   0    0   0   0   0   0   0   0   0   0   0   0   0   0   0   0   0   0   0   0   0  0.00     0.00
   30 A     4  -1  -1  -2   0  -1  -1   0  -2  -1  -1  -1  -1  -2  -1   1   0  -2  -2   0    0   0   0   0   0   0   0   0   0   0   0   0   0   0   0   0   0   0   0   0  0.00     0.00
   31 P    -1  -2  -2  -1  -3  -1  -1  -2  -2  -3  -3  -1  -2  -4   7  -1  -1  -4  -3  -2    0   0   0   0   0   0   0   0   0   0   0   0   0   0   0   0   0   0   0   0  0.00     0.00
   32 P    -1  -2  -2  -1  -3  -1  -1  -2  -2  -3  -3  -1  -2  -4   7  -1  -1  -4  -3  -2    0   0   0   0   0   0   0   0   0   0   0   0   0   0   0   0   0   0   0   0  0.00     0.00
   33 P    -1  -2  -2  -1  -3  -1  -1  -2  -2  -3  -3  -1  -2  -4   7  -1  -1  -4  -3  -2    0   0   0   0   0   0   0   0   0   0   0   0   0   0   0   0   0   0   0   0  0.00     0.00
   34 Q    -1   1   0   1  -3   4   4  -2   0  -3  -3   1  -1  -3  -1   0  -1  -3  -2  -2    0   0   0   0   0  50  50   0   0   0   0   0   0   0   0   0   0   0   0   0  0.60 0.00
   35 R    -1   4   0  -1  -3   4   1  -2   0  -3  -2   2  -1  -3  -2   0  -1  -2  -2  -3    0  50   0   0   0  50   0   0   0   0   0   0   0   0   0   0   0   0   0   0  0.57 0.00
   36 S     0   1   0  -1  -2   1   0  -1  -1  -3  -3   3  -2  -3  -1   3   1  -3  -2  -2    0   0   0   0   0   0   0   0   0   0   0  50   0   0   0  50   0   0   0   0  0.34 0.00
   37 R    -1   5   0  -1  -3   1   0  -2  -1  -3  -2   4  -1  -3  -2  -1  -1  -3  -2  -3    0  50   0   0   0   0   0   0   0   0   0  50   0   0   0   0   0   0   0   0  0.56 0.00
   38 P    -1   3  -2  -2  -3   0  -1  -2  -2  -3  -3   0  -2  -4   7  -1  -1  -4  -3  -3    0  33   0   0   0   0   0   0   0   0   0   0   0   0  67   0   0   0   0   0  1.28 0.02
   39 H    -2   0   0  -1  -3   0   0  -2   8  -4  -3  -1  -2  -1  -2  -1  -2  -3   2  -3    0   0   0   0   0   0   0   0 100   0   0   0   0   0   0   0   0   0   0   0  0.97 0.03
   40 A     4  -2  -2  -2  -1  -1  -1   0  -2  -1  -2  -1  -1  -2  -1   1   0  -3  -2   0  100   0   0   0   0   0   0   0   0   0   0   0   0   0   0   0   0   0   0   0  0.44 0.02
   41 P    -1   3  -2  -2  -3   0  -1  -3  -1  -1   0   0   3  -2   5  -1  -1  -3  -2  -1    0  33   0   0   0   0   0   0   0   0   0   0  35   0  32   0   0   0   0   0  0.51 0.01
   42 A     4  -2  -2  -2  -1  -1  -1   0  -2  -1  -2  -1  -1  -2  -1   1   0  -3  -2   0  100   0   0   0   0   0   0   0   0   0   0   0   0   0   0   0   0   0   0   0  0.44 0.02
   43 R    -1   3  -1  -1  -3   0   0  -2  -1  -3  -3   3  -2  -3   5  -1  -1  -3  -2  -3    0  32   0   0   0   0   0   0   0   0   0  33   0   0  35   0   0   0   0   0  0.71 0.01
   44 A     2  -2  -1   3  -2  -1   0  -1  -2   0   1  -1   0  -1  -2   0  -1  -3  -2  -1   32   0   0  35   0   0   0   0   0   0  33   0   0   0   0   0   0   0   0   0  0.19 0.01
   45 T    -1  -2  -2  -3  -1  -2  -2  -3  -3   2   2  -2   1  -1  -2  -1   2  -2  -1   2    0   0   0   0   0   0   0   0   0   0  33   0   0   0   0   0  32   0   0  35  0.22 0.01
   46 E    -1   1   4   1  -3   1   3  -1   0  -3  -3   3  -2  -3  -1   0  -1  -3  -2  -3    0   0  35   0   0   0  32   0   0   0   0  33   0   0   0   0   0   0   0   0  0.44 0.01
   47 P    -1   3  -1   0  -4   1   3  -2  -1  -3  -3   1  -2  -3   5  -1  -1  -3  -2  -3    0  35   0   0   0   0  33   0   0   0   0   0   0   0  32   0   0   0   0   0  0.68 0.01
   48 T     0   0   0  -1  -2   3   1  -1  -1  -2  -2   0  -1  -3  -1   2   3  -3  -2  -1    0   0   0   0   0  35   0   0   0   0   0   0   0   0   0  33  32   0   0   0  0.35 0.01
   49 R    -2   3   0   3  -3   0   0  -2  -1  -2  -1   0  -1   4  -2  -1  -2  -1   1  -2    0  32   0  33   0   0   0   0   0   0   0   0   0  35   0   0   0   0   0   0  0.31 0.01
   50 R     0   3   4   0  -2   0   0  -1   0  -3  -3   1  -2  -3  -2   2   0  -3  -2  -3    0  32  35   0   0   0   0   0   0   0   0   0   0   0   0  33   0   0   0   0  0.39 0.01
   51 S     0  -1   4   0  -2   0   0   0   0  -3  -3   0  -2  -3  -1   3   1  -3  -2  -2    0   0  33   0   0   0   0   0   0   0   0   0   0   0   0  67   0   0   0   0  0.44 0.02
   52 L    -2   3   0   3  -3   0   0  -2  -1  -1   1   0   0  -2  -2  -1  -1  -3  -2  -1    0  35   0  33   0   0   0   0   0   0  32   0   0   0   0   0   0   0   0   0  0.25 0.01
   53 Q    -2   3  -1  -2  -3   3   0  -3   0  -2  -1   1  -1   4  -2  -1  -1  -1   1  -2    0  33   0   0   0  32   0   0   0   0   0   0   0  35   0   0   0   0   0   0  0.33 0.01
   54 A     3  -2  -2  -2  -1  -1  -1  -1  -2   1  -1  -1   0  -2  -1   0   0  -3  -2   2   67   0   0   0   0   0   0   0   0   0   0   0   0   0   0   0   0   0   0  33  0.26 0.01
   55 E    -1   0   0   2  -4   2   5  -2   0  -3  -3   1  -2  -3  -1   0  -1  -3  -2  -3    0   0   0   0   0   0 100   0   0   0   0   0   0   0   0   0   0   0   0   0  0.78 0.02
   56 P    -1  -1  -1  -1  -3   3   0  -2  -1  -3  -3   0  -2  -4   7  -1  -1  -3  -3  -3    0   0   0   0   0  35   0   0   0   0   0   0   0   0  65   0   0   0   0   0  1.26 0.02
   57 V    -1   0  -2  -2  -2   0  -1  -2  -2   0  -1   2  -1  -2   5  -1  -1  -3  -2   1    0   0   0   0   0   0   0   0   0   0   0  33   0   0  35   0   0   0   0  32  0.49 0.01
   58 C    -1  -1  -2  -2   8   3  -1  -2  -1  -2  -2  -1  -1  -3  -2  -1  -1  -2  -2  -1    0   0   0   0  65  35   0   0   0   0   0   0   0   0   0   0   0   0   0   0  0.76 0.02
   59 A     3  -2  -2  -2  -1  -1  -1  -1  -2  -2  -2  -1  -2  -3   5   1   0  -3  -2  -1   67   0   0   0   0   0   0   0   0   0   0   0   0   0  33   0   0   0   0   0  0.64 0.01
   60 A     3  -1  -1  -2  -1   0  -1   0   5  -2  -2  -1  -1  -2  -1   1  -1  -3   0  -1   67   0   0   0   0   0   0   0  33   0   0   0   0   0   0   0   0   0   0   0  0.35 0.02
   61 L    -2  -2  -3  -4  -2  -2  -3  -4  -1   1   3  -2   1   2  -3  -2  -1   0   4   0    0   0   0   0   0   0   0   0   0   0  67   0   0   0   0   0   0   0  33   0  0.39 0.01
   62 Q    -1   1   0  -1  -3   5   2  -2   0  -3  -2   3  -1  -3  -1   0  -1  -2  -2  -2    0   0   0   0   0  65   0   0   0   0   0  35   0   0   0   0   0   0   0   0  0.55 0.02
   63 Q    -1   0  -1  -1  -3   5   1  -2   0  -1   0   1   4  -2  -2  -1  -1  -2  -1  -1    0   0   0   0   0  65   0   0   0   0   0   0  35   0   0   0   0   0   0   0  0.38 0.02
   64 R    -1   3  -2  -3   6  -1  -2  -3  -1  -1  -1   0  -1   4  -3  -1  -1  -1   1  -1    0  32   0   0  33   0   0   0   0   0   0   0   0  35   0   0   0   0   0   0  0.40 0.01
   65 L     0  -2  -1  -2  -2  -2  -2   3  -2   0   1  -2   0  -1  -2   0   2  -2  -2   0    0   0   0   0   0   0   0  33   0   0  32   0   0   0   0   0  35   0   0   0  0.23 0.01
   66 G     0  -3  -1  -1  -3  -2  -2   6  -2  -4  -4  -2  -3  -3  -2   0  -2  -3  -3  -3    0   0   0   0   0   0   0 100   0   0   0   0   0   0   0   0   0   0   0   0  1.08 0.02
   67 L    -1  -3  -3  -4   6  -3  -3  -3  -3   1   3  -3   1   0  -3  -2  -1  -2  -2   0    0   0   0   0  33   0   0   0   0   0  67   0   0   0   0   0   0   0   0   0  0.48 0.01
   68 D    -2  -1   1   5  -4   1   3  -2  -1  -3  -4   0  -3  -4  -2   0  -1  -4  -3  -3    0   0   0  65   0   0  35   0   0   0   0   0   0   0   0   0   0   0   0   0  0.76 0.01
   69 D    -2   3   0   3  -3   0   0  -2  -1  -1   1   0   0  -2  -2  -1  -1  -3  -2  -1    0  35   0  32   0   0   0   0   0   0  33   0   0   0   0   0   0   0   0   0  0.25 0.01
   70 A     3   0  -1  -1  -1   3   0   0  -1  -2  -2   0  -1  -3  -1   1   0  -3  -2  -1   67   0   0   0   0  33   0   0   0   0   0   0   0   0   0   0   0   0   0   0  0.33 0.01
   71 E    -1  -1  -1   0  -3   0   3  -3   5  -1   1  -1   0  -1  -2  -1  -1  -2   0  -1    0   0   0   0   0   0  32   0  33   0  35   0   0   0   0   0   0   0   0   0  0.27 0.01
   72 L    -2  -2  -4  -4  -1  -2  -3  -4  -3   2   4  -3   2   0  -3  -3  -1  -2  -1   1    0   0   0   0   0   0   0   0   0   0 100   0   0   0   0   0   0   0   0   0  0.49 0.02
   73 Q    -1   1   0  -1  -3   5   2  -2   0  -3  -2   3  -1  -3  -1   0  -1  -2  -2  -2    0   0   0   0   0  65   0   0   0   0   0  35   0   0   0   0   0   0   0   0  0.55 0.02
   74 E     0   0   0   0  -2   4   3  -1   0  -3  -3   1  -1  -3  -1   2   0  -3  -2  -2    0   0   0   0   0  35  32   0   0   0   0   0   0   0   0  33   0   0   0   0  0.44 0.01
   75 L     2  -2  -3  -3  -1  -2  -2  -2  -3   1   3  -2   1   0  -2  -1  -1  -2  -1   0   33   0   0   0   0   0   0   0   0   0  67   0   0   0   0   0   0   0   0   0  0.25 0.01
   76 M    -1   3  -2  -3  -2   0  -2  -3  -1   0   2   0   4  -1  -3  -2  -1  -2  -1   0    0  35   0   0   0   0   0   0   0   0  33   0  32   0   0   0   0   0   0   0  0.25 0.01
   77 I    -1  -2  -2  -2  -1  -2  -2  -3  -3   3   1  -2   0  -1  -2   0   3  -3  -2   3    0   0   0   0   0   0   0   0   0  32   0   0   0   0   0   0  35   0   0  33  0.24 0.01
   78 A     2   0   0   3  -2   3   1  -1  -1  -3  -2   0  -1  -3  -1   0  -1  -3  -2  -2   32   0   0  33   0  35   0   0   0   0   0   0   0   0   0   0   0   0   0   0  0.36 0.01
   79 W    -1  -3  -4  -4  -2  -2  -3  -3  -3   1   2  -3   1   0  -3  -2  -1   8   0   2    0   0   0   0   0   0   0   0   0   0  33   0   0   0   0   0   0  32   0  35  0.63 0.01
   80 P    -1  -2  -2  -2  -3  -1  -2  -3  -2  -1   0  -1   3  -2   7  -1  -1  -3  -2  -1    0   0   0   0   0   0   0   0   0   0   0   0  33   0  67   0   0   0   0   0  1.16 0.02
   81 A     3  -2   0   3  -1  -1   0   0  -2  -2  -2  -1  -2  -3  -1   1   0  -3  -2  -1   65   0   0  35   0   0   0   0   0   0   0   0   0   0   0   0   0   0   0   0  0.36 0.01
   82 L     2   0  -2  -2  -1   0  -1  -1  -2   0   1   2   0  -1  -2   0  -1  -3  -2   0   35   0   0   0   0   0   0   0   0   0  32  33   0   0   0   0   0   0   0   0  0.13 0.01
   83 V    -1  -3  -3  -4  -1  -3  -3  -4  -3   3   3  -3   1   0  -3  -2  -1  -2  -1   3    0   0   0   0   0   0   0   0   0  35  33   0   0   0   0   0   0   0   0  32  0.34 0.01
   84 G     0  -1   4   0  -2  -1  -1   3  -1  -3  -3  -1  -2  -3  -2   2   0  -3  -2  -3    0   0  35   0   0   0   0  32   0   0   0   0   0   0   0  33   0   0   0   0  0.45 0.01
   85 Y    -2  -1   0  -2  -3   0  -1  -3   7  -3  -2  -1  -2   1  -3  -1  -2   0   5  -3    0   0   0   0   0   0   0   0  68   0   0   0   0   0   0   0   0   0  32   0  0.74 0.02
   86 S     0  -1   4   0  -2   0   0  -1   0  -2  -3   0  -2  -3  -2   3   2  -3  -2  -2    0   0  40   0   0   0   0   0   0   0   0   0   0   0   0  38  22   0   0   0  0.42 0.03
   87 Y    -2  -2  -2  -2  -3  -1   2  -3   0  -2  -2  -2  -2   1  -3  -2  -2   9   5  -2    0   0   0   0   0   0  22   0   0   0   0   0   0   0   0   0   0  40  38   0  1.03 0.05
   88 A     3  -2  -2  -2  -1  -1  -1  -1   0  -2  -2  -1  -1   0  -2   0  -1   0   4  -1   67   0   0   0   0   0   0   0   0   0   0   0   0   0   0   0   0   0  33   0  0.37 0.04
   89 E    -1   0   0   4  -4   3   4  -2   0  -4  -3   0  -2  -4  -2   0  -1  -3  -2  -3    0   0   0  28   0  19  54   0   0   0   0   0   0   0   0   0   0   0   0   0  0.67 0.05
   90 A     4  -2  -1  -2  -1  -1  -1   0  -2  -2  -2  -1  -1  -3  -1   2   0  -3  -2  -1   82   0   0   0   0   0   0   0   0   0   0   0   0   0   0  18   0   0   0   0  0.46 0.06
   91 I    -1  -2  -3  -3  -2  -2  -3  -3  -3   2   3  -2   3   0  -3  -2   1  -2  -1   1    0   0   0   0   0   0   0   0   0  13  54   0  17   0   0   0  16   0   0   0  0.34 0.05
   92 A     3  -1  -2  -2  -2   1  -1  -1  -1  -1   1  -1   0   2  -2   0  -1  -1   2  -1   45   0   0   0   0  15   0   0   0   0  16   0   0  12   0   0   0   0  12   0  0.18 0.05
   93 P    -1  -1  -2  -1  -3  -1  -1  -2  -2  -3  -3   1  -2  -3   7  -1  -1  -3  -2  -2    1   1   1   1   0   1   1   1   0   1   1  17   0   1  69   1   1   0   0   1  1.30 0.07
   94 T     1   2  -1  -2  -2   1  -1  -2   3   0   1   0   0  -2  -2   0   1  -3  -1   1   15  16   0   0   0  12   0   0  12   0  15   0   0   0   0   0  13   0   0  17  0.11 0.03
   95 L     0  -3  -3  -4  -2  -2  -3  -3  -3   1   4  -3   1   2  -3  -2  -1  -2   0   0   14   0   0   0   0   0   0   0   0   0  72   0   0  14   0   0   0   0   0   0  0.40 0.08
   96 A     3  -2  -2  -2  -1  -2  -2  -1  -2   1   1  -2   0  -2  -2   1   0  -3  -2   1   56   0   0   0   0   0   0   0   0  13  13   0   0   0   0  10   0   0   0   8  0.26 0.07
   97 S     3   1   1   0  -2   0   2  -1  -1  -3  -3   0  -2  -3   2   1  -1  -3  -2  -2   39  11   8   0   0   0  24   0   0   0   0   0   0   0   8   9   0   0   0   0  0.31 0.07
   98 L    -2  -2  -3  -4  -2   1  -2  -4  -2   1   4  -2   3   2  -3  -2  -2  -2  -1   0    0   0   0   0   0  12   0   0   0   0  63   0  13  12   0   0   0   0   0   0  0.43 0.11
   99 Q     0  -1   0   3  -3   3   2   2  -1  -3  -3   0  -2  -4  -2   0  -1  -3  -3  -3   11   0   0  23   0  28  12  20   0   0   0   0   0   0   0   7   0   0   0   0  0.41 0.08
  100 H    -1  -1   3  -1  -3   2   0  -2   6  -3  -2  -1  -2  -1  -2   0   1  -2   3  -2    1   1  23   1   0  14   1   1  30   1   1   1   0   0   1   1  11   0  13   1  0.42 0.09
  101 H    -2   1  -1  -1  -3   0   1  -2   7  -3  -3  -1  -2  -1  -2  -1  -2   7   1  -3    1  11   1   1   0   0  14   1  44   1   1   1   0   0   1   1   1  21   0   1  0.79 0.13
  102 L     1   0  -2  -3  -2  -2  -2  -2  -2   0   3  -1   1   0  -2  -1  -1  -1   2   0   18   7   1   1   0   0   1   1   0   1  55   1   0   0   1   1   1   0  11   1  0.22 0.07
  103 S     2   1   2  -1  -2   1   1  -1  -1  -2  -2   0  -1  -2  -1   2   0   3  -1  -2   24  12  15   1   0   7   7   1   0   1   1   1   0   0   1  21   1   7   0   1  0.23 0.05
  104 L    -1  -1  -1  -2   2  -1  -1  -2  -2   1   2   1   2  -1  -1  -1   1  -2  -1   0    2   1   1   1   7   1   2   2   1  10  27  13  11   1   1   2  13   0   1   2  0.08 0.03
  105 D     0  -1  -1   1  -1   0   0   1  -1   0   1  -1   0  -1  -1   0   0  -1  -1   1    3   2   2  11   1   7   2  13   1   2  21   2   1   1   2  12   2   0   1  14  0.04 0.02
  106 D    -2  -2   2   5  -3  -1   0  -2   3  -3  -3  -1  -3  -3   3   0  -1  -3  -2  -3    1   1   9  48   0   1   1   1  11   1   1   1   0   1  16   6   1   0   0   1  0.60 0.11
  107 A     3  -1  -1  -1  -1  -1   1  -1  -2  -1  -2   1  -1  -3  -2   2   1  -3  -2   0   47   0   0   0   0   0  10   0   0   0   0   9   0   0   0  16   9   0   0   9  0.30 0.11
  108 E    -2   0  -1   0  -4   5   4  -3  -1  -3  -2   1  -2  -4  -2   0  -1  -3  -3  -3    0   0   0   0   0  35  46   0   0   0   4   8   0   0   0   7   0   0   0   0  0.71 0.19
  109 L    -2   0  -2  -3  -2   0  -2  -3  -2   1   3  -2   0   2  -3   0   0   4  -1   0    0   8   0   0   0   4   0   0   0   8  44   0   0   9   0  11   9   8   0   0  0.26 0.11
  110 K    -1   3   1   1  -3   2   0  -2   3  -3  -2   3  -2  -3  -2   1  -1  -3  -2  -3    0  15   9   8   0  14   0   0   9   0   4  29   0   0   0  12   0   0   0   0  0.37 0.12
  111 Q    -2   3  -1  -1  -3   5   1  -2   5  -3  -3   1  -2  -3  -2  -1  -2  -3  -1  -3    1  17   0   0   0  45   5   1  18   0   1   8   0   0   0   1   1   0   0   1  0.66 0.18
  112 I    -1  -2  -2  -2  -2  -2  -2  -2  -2   3   0  -2   0   1   1  -2  -1   6   0   2    2   1   1   1   0   1   2   2   1  29   6   1   1   8   8   2   1  13   1  20  0.30 0.08
  113 V     0  -2  -2  -2  -1   0  -2  -2  -2   1   2  -2   0  -1  -2  -1   2  -2  -1   2    9   1   1   1   0   5   1   1   0   1  37   1   0   1   1   1  19   0   1  21  0.19 0.09
  114 L    -2  -2  -2   0  -2  -1   0  -3   2   0   3  -2   0   1  -3  -2  -2   4   2   0    1   0   0   7   0   0   9   1   8   0  42   0   0   6   0   1   0   8   7   8  0.25 0.11
  115 R    -1   1  -1  -1  -2   1   0  -2   3  -1   0   1  -1   1  -2   1   1  -2  -1  -1    1  12   1   1   0   5   4   1  11   1  16   8   0   7   1  14  14   0   1   1  0.11 0.06
  116 R    -1   3  -1  -1  -2   0   2  -2  -1  -1   1   1   2  -1  -2  -1  -1  -2  -1  -1    2  24   1   1   0   1  16   2   1   1  24  11   7   1   1   2   1   0   1   2  0.19 0.08
  117 P     0  -1  -1  -1  -2  -1  -1  -2  -2  -2  -2   1  -2  -2   6   0  -1  -2  -2  -2    6   2   1   2   1   1   2   2   1   2   3   9   1   1  53   9   2   0   1   2  0.93 0.13
  118 E     1  -1   1   0  -2   2   4  -1  -1  -2  -2   0  -2  -3  -1   0  -1  -2  -2  -2   19   1   8   1   0  12  41   2   0   1   2   1   1   1   1   4   1   0   1   1  0.36 0.11
  119 L    -1  -2  -2  -2  -2  -1   0  -2  -2   1   3  -2   2   0  -2   0  -1   5  -1   0    2   1   1   1   0   1   8   2   0  10  40   1   8   1   1   8   1  11   1   1  0.26 0.09
  120 L    -2  -2  -2  -2  -2  -1   0  -3   4   2   3  -2   1  -1  -2  -2  -1  -2  -1   0    1   1   1   1   0   1   8   1  15  14  50   1   0   1   1   1   1   0   1   1  0.31 0.12
  121 G     1  -2  -1   0  -2  -2  -2   5  -2  -2  -1  -2  -2   0  -2   0  -1  -2  -2  -2    9   1   1   7   0   1   1  53   0   1   8   1   0   7   1   8   1   0   0   1  0.49 0.13
  122 Y     0  -1   0   0  -2   0  -1  -1   0  -1   0   0  -1   2  -1  -1  -1   4   3  -1   10   2   5   5   1   5   2   3   1   2  10  10   1  14   2   3   2   8  13   2  0.13 0.04
  123 E    -1   1  -1   0  -2   3   3  -2  -1  -2  -1   0   2   0  -1   1  -1  -2  -1  -1    2   7   1   1   0  16  27   2   1   1   5   1  10   5   1  16   1   0   1   2  0.22 0.09
  124 A     2   1  -1  -2  -1   1  -1  -1  -1  -1   1   0   0   0   0   0  -1  -2  -1  -1   33   9   1   1   0   8   1   2   1   1  22   5   1   4   4   2   1   0   1   2  0.12 0.07
  125 S     0  -1   0   1  -2   1   0   0   2  -2  -2   0  -1  -2  -1   2   1  -2  -1   0    6   1   1  10   0  10   4   4   7   1   2   4   0   1   1  30   8   0   1   7  0.18 0.08
  126 H     1  -2  -1  -2  -2  -1  -1  -2   6  -2  -2  -2  -2   1  -2   0  -1   5   2   0   16   1   1   1   0   1   1   1  36   1   1   1   0   8   1   8   1   9   7   7  0.50 0.17
  127 L     0   0  -2  -2  -2   1  -1  -1  -2   0   2   0   0  -1  -2   0  -1   3  -1   1    5   8   1   1   0   7   1   4   0   3  28   5   0   1   1  12   1   5   0  16  0.10 0.07
  128 E     0   0  -1   1   2   3   3   0   1  -2  -3   1  -2  -3   0   0  -1  -3  -2  -1    6   3   0  10   6  20  22   7   4   0   1   8   0   0   4   3   0   0   0   6  0.27 0.12
  129 P     0  -2   0   0  -3  -2  -2   1  -3  -3  -2   0  -3  -4   6  -1   1  -4  -3  -2    6   0   5   7   0   0   0  10   0   0   5   5   0   0  46   0  12   0   0   2  0.81 0.21
  130 F     0  -2  -2  -3   2  -1  -2  -3  -2   1   1  -2   0   3  -2  -1  -1   4   2   1    6   1   1   1   6   3   1   1   0   6  19   1   0  21   1   5   3   7   8  10  0.23 0.10
  131 L     1  -2  -2  -3  -2  -1  -1  -3   1   0   3  -2   1   1  -3  -2  -2   4  -1  -1   19   0   2   0   0   2   3   1   5   0  46   0   3   6   0   1   0   8   0   1  0.32 0.16
  132 A     4  -2  -1  -3  -2   0  -2   2  -3  -2  -3   0  -2  -4  -2   2  -1  -4  -3   1   49   0   2   0   0   4   0  14   0   0   0   6   0   0   0  15   0   0   0  10  0.46 0.24
  133 I    -2   0  -3  -3  -2  -2  -1  -4  -3   2   4  -1   2   0  -3  -3  -2  -3  -2   1    1   5   0   0   0   0   5   1   0   9  56   5   5   3   0   1   0   0   0   6  0.44 0.20
  134 P    -1   1  -1   1  -4   1   1  -3  -2  -4  -3   1  -3  -4   6  -2  -2  -4  -3  -3    4  10   3   8   0   6  11   1   0   0   2   7   0   0  47   1   0   0   0   1  0.95 0.27
  135 G     1   0   2  -1  -3   1   0   3   0  -2  -2   0  -2  -3  -2   0   0  -3  -2  -1   11   3  14   2   0   6   5  28   3   0   4   5   0   0   0   2   8   0   0   5  0.25 0.13
  136 M    -2  -1  -3  -3  -2  -2  -3  -4  -3   3   3  -1   3   0  -3   0  -1  -3  -1   1    1   4   0   0   0   0   0   0   0  18  40   4   9   3   0   9   2   0   1   6  0.35 0.19
  137 S    -1   0   0   2  -3   0   1   0   2  -3  -3   0  -2  -4   1   1   3  -4  -3  -1    1   4   3  15   0   4   7   6   7   0   1   3   0   0   8  11  26   0   0   4  0.30 0.19
  138 A     3  -1  -2  -2  -2  -1   0   0  -3  -3  -2  -2  -2  -3   3   1   1  -4  -1  -1   36   3   0   1   0   3   6   7   0   0   3   0   0   0  14  13   8   0   2   5  0.37 0.23
  139 A     3   0   0   1  -2   1   0   0  -2  -1  -2   1  -2  -3  -1   2   0  -4  -3  -2   28   3   3   7   0   8   2   6   0   4   2   8   0   0   2  21   6   0   0   1  0.24 0.17
  140 E     0   2   0  -1  -3   1   2  -1   5  -3  -2   0  -2   0  -1   1  -2  -3   1  -2    9  15   3   1   0   7  14   3  18   0   4   4   0   4   2   9   0   0   4   1  0.29 0.18
  141 V     0  -3  -3  -3   1   0  -2  -3  -3   3   1  -2   1  -1   2  -2   0  -3  -2   3    9   0   0   0   3   6   1   1   0  22  12   0   3   1   9   1   6   0   0  25  0.30 0.18
  142 K     0   2   0   2  -3   1   2  -2  -1  -1  -2   1  -2  -3   0   0  -1   2  -2  -1    9  11   4  14   0   5  16   1   0   3   3  11   0   0   5   3   3   3   0   6  0.19 0.12
  143 A     3  -2   0  -2   0   0  -1   0   1  -1   1   0   1  -2  -2   1   0  -3  -2  -1   31   1   5   1   2   4   2   7   4   1  17   5   3   1   1   8   3   0   0   3  0.14 0.13
  144 L     0  -2  -2  -2   1  -2  -1  -1  -2   2   2   0   0  -1  -2  -1  -1  -2  -2   2    6   1   2   1   4   1   4   4   0  12  29   6   0   1   1   6   1   0   1  21  0.18 0.13
  145 L     0  -1   1   2  -2   0   0   0  -1  -1   1  -1   1  -1  -1   1   0  -2  -1  -1    6   4   5  14   0   3   6   9   0   1  15   1   6   3   2  12   7   0   2   3  0.07 0.08
  146 L    -1   0  -3  -2  -3   0   0  -2  -3   1   3  -1   1   1   0  -1  -2  -3  -1  -1    3   5   0   2   0   3   8   2   0   6  46   4   3   5   5   5   1   0   1   1  0.26 0.19
  147 K     0   1   0  -1   0   1   0  -1  -1  -2  -1   4  -2  -3   0   0   0  -3  -3  -1    5   7   5   3   2   7   3   5   1   2   6  32   0   0   3   8   7   0   0   3  0.24 0.17
  148 R    -1   3   2   2  -4   0   2  -3   2  -3  -3   0   1  -3  -3   0  -1  -4  -1  -2    4  22  12  13   0   2  14   0   5   0   1   5   5   0   0   8   3   0   2   3  0.33 0.21
  149 P     0   1  -1  -1   0   0   0   0  -1  -2   0   1   0  -2   2   1   0   1  -2   0    9  11   1   1   2   3   6   6   1   0  11  11   2   0  11  10   6   2   0   7  0.11 0.10
  150 S    -1   0  -2   3   2  -2   0  -2   2  -1  -2  -2  -2  -1  -3   1   0  -4  -3   2    5   6   0  25   6   0   5   3   6   1   1   0   0   3   0  10   6   0   0  24  0.29 0.25
  151 V     2  -1   1  -1  -1   0   0  -1  -2   1  -1   0  -1  -2  -2   0   1  -3  -1   1   20   3   7   3   1   4   6   4   0  11   2   7   0   0   0   4  10   0   2  15  0.10 0.12
  152 I    -1  -3  -3  -3  -2  -1  -1  -4  -1   4   1  -2   0  -1  -2  -1   1  -3   0   3    4   0   0   0   0   2   5   0   2  26  12   2   2   1   1   3   9   0   3  26  0.32 0.21
  153 G     1  -1  -1  -1  -3  -2  -1   4  -1  -3  -2  -1  -3  -2  -1   1   1  -3  -3  -3   11   4   2   2   0   1   3  39   2   1   4   3   0   1   2  12  12   0   0   1  0.43 0.23
  154 R     0   3   0   0  -3   1   1  -1   0  -1   0   1  -2  -2  -2   1   0  -3  -2  -1   10  22   5   3   0   4   9   3   2   3   9  10   0   1   0   9   6   0   1   3  0.17 0.14
  155 A     3  -1   2   0   0  -1   0   1  -3  -2  -3  -1  -1  -2   0   1   0  -4  -3   1   30   2  10   5   2   1   4   8   0   0   0   3   2   2   4  11   3   0   0  13  0.22 0.20
  156 D    -1   0   0   4  -4   0   2  -1   0  -2  -2   0  -3  -2  -1   1  -1  -4  -1  -2    5   4   4  31   0   4  15   4   2   2   3   4   0   1   3   9   4   0   2   2  0.35 0.21
  157 E     0   1   1   1  -2   3   3  -2  -2  -2  -2   2  -1  -4   0   0  -1  -4  -3  -2    6   7   5   8   1  15  20   2   0   3   3  15   1   0   5   6   1   0   0   2  0.31 0.20
  158 A     2   0  -2   0   1  -1  -2  -1  -3   0   1   0  -1   0  -3   0  -1  -3  -1   2   19   4   0   5   3   3   0   3   0   3  15   5   1   3   0   7   2   0   1  23  0.13 0.17
  159 A     1  -1   0   1   0  -1   0   1   0   0  -2   0  -2  -3  -2   2   1  -4  -2   0   11   2   3   8   3   0   5   9   3   6   1   7   0   0   1  24   7   0   1  10  0.16 0.17
  160 D    -2  -1   0   5  -5   1   2  -2  -1  -4  -5  -1  -4  -5   1   0  -1   1  -1  -4    3   2   4  44   0   6  13   2   1   1   0   3   0   0   6   7   4   2   3   0  0.71 0.37
  161 E     0  -1   0  -1  -3   0   1   1  -1  -1  -1   0  -2  -2  -1   1   2  -3   0   1    8   2   2   2   0   3  12  10   1   4   5   5   0   0   2  15  14   0   5  12  0.11 0.14
  162 A     0   0  -1   2  -3   1   1  -1  -2   0   0   0  -2  -2  -1   1   1   0   1  -1    7   5   0  15   0   9   9   4   0   6  10   4   0   0   2  12   9   1   5   2  0.12 0.15
  163 A     1   3   1   1  -2   1   1   0  -1  -4  -3   0  -3  -3   1   1  -1  -4  -2  -3   15  22   7   7   1   7   8   6   1   0   2   5   0   0   7   8   2   0   1   0  0.29 0.21
  164 G     2  -1  -1  -1  -3   1   0   4  -1  -4  -3   1  -3  -4  -1   0   0   0  -4  -2   22   2   1   2   0   7   6  29   1   0   2   9   0   0   2   7   4   2   0   2  0.38 0.26
  165 E    -3   2  -1   0  -4   3   3  -2  -2  -2  -1   2   1   0  -3  -2  -1   0   1  -2    0  13   1   6   0  16  19   2   0   2   7  13   4   4   0   0   4   1   7   2  0.32 0.26
  166 A     0   1  -1  -1  -1   0  -1  -1   0   0   1   2   0  -2  -2   0   0  -1  -2   0   10   7   2   4   2   2   2   4   3   6  17  20   1   1   0   7   5   1   0   7  0.08 0.12
  167 A     1   1  -1   0  -4   0   4  -2   1   0  -3   1  -1  -4  -3   0   1  -4  -3  -1   12   7   2   5   0   3  30   2   4   7   0   7   2   0   0   6   9   0   0   5  0.31 0.25
  168 A     1   0   0  -1  -2   0   0   1   1  -1   0   0  -1   0  -2   0   0  -3  -2  -1   17   7   3   3   0   5   7  14   3   3  11   6   0   6   0   8   3   0   0   3  0.08 0.11
  169 A     1  -2  -2  -1  -2  -1  -1  -1   0   0   1  -2   1   2   0   0   0   0   1   0   16   0   1   2   0   3   2   4   2   4  19   1   3  12   3   8   6   1   5   7  0.10 0.13
  170 P    -1   0   0  -1  -3   0   1  -2  -1   0   2   0   1  -1   3  -1  -1  -3  -2  -1    6   5   4   3   0   4   8   2   2   4  24   8   5   3  16   2   3   0   0   2  0.19 0.17
  171 S     1   1   0  -1  -3   2   1   1   0  -2  -3   1  -1  -3   0   1   1  -4  -2  -1   11   9   3   1   0  11  10  11   2   1   1   9   2   1   3  10   9   0   1   3  0.19 0.16
  172 H     0  -1   1   1  -4   3   1   0   5  -2  -1  -1   0  -2  -3   0   0  -4  -1  -3    7   2   6   8   0  16   9   6  17   3   8   1   2   1   0   8   5   0   2   1  0.28 0.23
  173 L     0  -1  -3  -4   0  -3  -2  -1  -3   0   3  -1   2   3  -2  -1   0   0  -1   1    9   2   0   0   2   0   2   6   0   4  28   4   6  16   1   4   5   1   1   8  0.23 0.19
  174 G    -1   1   0   0  -1   2   0   2   1  -3  -2   0  -1  -1   0   1   0   0   0  -1    4   9   5   5   1  11   4  17   5   1   2   6   1   3   4  10   5   1   3   4  0.14 0.12
  175 D    -1  -1   1   3  -3   0   2  -1   0  -1  -1   1  -1   0   0   0  -1  -2   0  -2    5   3   7  19   0   2  15   4   3   3   4   9   1   5   3   7   3   0   3   3  0.17 0.12
  176 E     0   0   0   1  -3   2   3   0   0  -2  -2  -1  -1  -1   1   0   0   2   0  -2    5   3   5   7   0  10  20   6   2   1   4   2   2   3   7   7   7   3   3   1  0.18 0.13
  177 W    -1   0   0   1  -2   0   1   0   0  -1  -1   2  -1  -1   1   0   1   2  -1  -1    4   4   3   7   0   4   8   8   2   3   8  15   0   2   6   7  11   4   2   2  0.10 0.09
  178 G     1   0   1  -1  -2   0   0   1   0  -1  -1   0  -1  -1   0   0   0   0  -1   0   13   4   9   2   0   3   6  13   2   4   6   8   1   3   4   8   4   2   1   7  0.06 0.05
  179 V     0  -1  -2  -2  -2   0   0  -1  -1   1   0  -1   3  -1   0   0   2   1  -2   1    7   2   1   1   1   4   5   3   1   7   7   4  10   3   4   7  19   2   1  12  0.13 0.15
  180 P     0  -1   0  -1  -5   2   0  -3  -1  -5  -5  -3  -4  -6   6  -1   1  -6  -5  -2    9   3   6   3   0   8   6   2   1   0   0   1   0   0  45   3   9   0   0   3  1.00 0.52
  181 L     2  -5  -5  -4  -4  -4  -1  -1  -5   1   1  -4   0  -1  -5  -2  -2   9  -2   3   15   0   0   1   0   0   4   4   0   8  11   1   2   2   0   3   1  26   1  21  0.94 0.50
  182 K     0   5  -1   4  -6  -1   2  -5  -1  -5  -5   1  -5  -6  -2  -1  -1  -4  -5  -2    7  29   2  22   0   2  14   0   1   0   0   9   0   0   2   3   3   0   0   3  0.76 0.46
  183 K    -1   1   2   0  -6   2   0  -3   1  -5  -3   5  -4  -3   1  -1  -2  -6  -5  -4    6   6   8   5   0   7   6   2   3   0   2  41   0   1   6   3   2   0   0   1  0.68 0.45
  184 P     1  -2   1   0  -2   0   2   3  -1  -2  -4   0  -3  -3   2   0   0  -5  -3  -1   10   2   6   4   1   5  16  22   1   2   0   5   0   1  10   5   5   0   1   5  0.30 0.25
  185 Q    -4  -2  -1   2  -3   2   4  -3  -2  -6  -5   2  -5  -1   4  -3  -2  -2  -2  -4    1   2   3  11   1  10  25   2   1   0   1  12   0   3  23   1   3   1   1   1  0.74 0.48
  186 L    -1  -4  -4  -5  -4  -1  -2  -4   0   2   1  -1  -1   4   3  -4  -3  -3   4   1    6   1   0   0   0   3   2   1   2  10  12   4   1  17  14   0   1   0  14  10  0.50 0.33
  187 S     2   0   0   2  -5  -1   3  -1   4  -4  -3   0  -3  -3  -4   1   0  -2  -3  -3   17   5   4  10   0   2  17   4  11   1   2   6   1   1   0  12   6   1   0   1  0.36 0.30
  188 E    -3   2  -2   1  -5   0   2  -3   2   0   1   4   0  -2  -3  -2  -3  -5  -2  -1    1   9   1   9   0   4  15   2   5   6  12  24   2   2   1   2   1   0   1   4  0.37 0.30
  189 V    -5  -6  -3  -4  -3  -6  -6  -5   1   2  -1  -4   0   5  -3  -3  -3  -3   0   5    0   0   2   1   0   0   0   1   3  10   4   1   2  27   2   2   1   0   3  41  1.13 0.61
  190 Q     1   2   0   0  -4   2   2   2   2  -3  -3   0  -3  -2  -3   1  -1  -5  -1  -2   13  10   4   5   0   9  13  13   5   1   3   5   0   2   1   9   3   0   2   3  0.23 0.22
  191 S     1   1   1   2  -4   1   2  -1   0   1  -2   2  -3  -2  -2   0  -1  -4   0  -1   10   7   6  10   0   6  13   4   2   8   3  12   0   2   2   5   2   0   3   4  0.16 0.18
  192 L    -2  -3  -2  -3  -5  -3  -3  -3   3   2   2  -2   5   2  -3  -2  -2   1  -1   3    3   1   2   1   0   1   2   3   6  10  17   2  16   8   1   3   2   2   2  18  0.46 0.32
  193 F     1  -5  -5  -3  -6  -4  -5  -5  -5   2  -1  -3  -3   7  -4  -1  -4  -2   4  -1   14   0   0   2   0   1   1   1   0  11   5   1   0  43   1   4   1   1  11   3  1.18 0.62
  194 D    -1  -3   1   6  -7   0   2  -2   5  -5  -5  -2  -6  -5  -6   0  -3  -3   0  -7    5   1   6  39   0   3  13   3  12   1   1   3   0   1   0   8   2   0   4   0  0.99 0.58
  195 D    -1   3   1   2  -2  -1   0  -2  -2  -4  -5   2  -3  -4  -5   2   2   3  -3  -5    5  16   7  11   1   3   6   2   1   1   1  11   1   1   0  16  12   4   1   0  0.46 0.37
  196 W    -2  -6  -4  -5  -4  -4   2  -5  -3   2  -2  -5  -2  -1  -4  -5  -5   9   2   3    4   0   1   1   0   1  14   1   1  11   4   1   1   2   1   1   1  30   7  20  1.37 0.71
  197 A     4  -4   0   0  -4  -3  -3  -1  -7  -6  -4  -4  -7  -4  -5  -1  -3  10  -2  -4   33   1   4   5   0   1   2   5   0   0   2   1   0   1   1   5   1  34   2   1  1.60 0.84
  198 Q    -1   3   1   3  -6   1   1  -3   1  -5  -5   0  -5  -4   3   0  -2  -6  -4  -4    6  16   7  18   0   7   8   2   3   0   1   6   0   1  14   8   2   0   1   1  0.55 0.40
  199 S     1   1   1  -1  -2  -1   0  -3  -2  -3  -2   1  -2  -3   3   3  -1  -1  -4  -2   13   7   6   3   1   2   6   1   1   1   4  10   1   1  13  21   3   1   0   3  0.32 0.29
  200 G     0  -3   0   2  -5  -2  -1   1  -1  -4  -4  -3  -2   2  -4   0  -2  -4   6  -2    7   2   5  10   0   2   4  11   1   1   2   1   1   8   1   7   3   0  31   3  0.72 0.45
  201 R    -3   2   0   5  -3   0   1  -3   3  -1  -3   0  -3  -1  -3  -1  -2   5  -3  -3    2  11   4  29   1   4   7   2   6   4   3   6   1   3   1   4   3   8   1   2  0.60 0.39
  202 A    -1  -1  -3  -1  -2  -1  -2  -3   0   0   2   2   0   3  -4  -2  -2  -1   4   0    5   4   1   3   1   2   3   2   2   5  18  13   2  12   1   3   2   1  15   5  0.32 0.24
  203 E     0  -2  -2   3  -3   0   0  -1  -2  -1  -1   0   2  -1  -3   0   1   4  -1  -2    8   2   1  19   0   3   7   6   1   3   7   6   6   2   1   7   9   6   2   3  0.24 0.21
  204 Q    -1   1   3  -2  -4   2   0  -3  -1  -2  -1   0  -1   0   2   0   0  -4   1  -2    6   8  17   2   0   8   6   1   2   2   7   5   1   3  10   8   5   0   6   3  0.22 0.22
  205 M    -1   0  -2  -1  -4  -2  -3  -3  -2   2   3  -2   4   4  -3  -1  -2  -2   0   0    4   5   2   4   0   2   2   2   1  10  24   2  11  16   1   4   2   0   3   6  0.39 0.25
  206 E     0   1   0  -1  -4   0   2  -2   3  -2  -1   0  -2  -1  -2   2  -1   0   1   0    8   6   5   3   0   3  12   2   8   2   6   5   1   3   2  17   3   1   6   6  0.17 0.18
  207 R     0   2   0   2  -3   1   1  -2   0  -2   1   0   2  -1   0  -1  -1   0  -2  -1    8  11   4  11   0   5   9   2   2   1  13   6   5   3   6   4   2   2   1   3  0.12 0.14
  208 G     1   0  -2  -1  -2   1   0   3   1   0   0  -2   1  -1   0   0  -1  -4  -2  -1   10   4   1   3   1   5   6  22   3   6  11   2   3   2   5   8   2   0   1   4  0.14 0.14
  209 H    -2   1   1  -3  -3   3  -1  -1   7   2  -2  -2  -1  -1  -2  -2  -3  -5  -1  -1    3   8   6   1   1  11   4   6  26  11   5   2   1   3   2   2   2   0   2   4  0.66 0.39
  210 A     0   2  -1   2   1  -1   0  -2   3  -1  -1   1  -1  -1   1  -1   0   0  -2  -2    9  14   2  14   3   3   4   3   7   5   6   7   1   3   6   4   6   1   1   2  0.15 0.14
  211 E     0   4   0  -1  -4  -1   2  -2  -2   1   1   0   0   0  -2  -1  -2  -1  -3  -1    8  22   4   3   0   2  14   2   1   7  13   4   2   3   2   5   2   1   1   4  0.25 0.22
  212 N    -1   1   1  -2  -4  -2  -1  -3   2  -1   1   0   0  -1   1  -2   0   8  -1  -1    5   7   7   2   0   2   5   2   5   3  12   7   2   2   7   3   5  18   2   4  0.47 0.30
  213 A     0   1  -3  -4  -2  -2  -1  -3  -2   0   0   2  -2   1   0  -2   0   7   0   0    9   8   1   1   1   1   4   2   1   5   9  11   1   7   5   3   7  16   3   6  0.42 0.29
  214 R    -1   4   0   3  -2   1   0  -1   2  -3  -2   2  -1  -2  -2  -1  -2  -4  -2  -2    4  21   4  16   1   5   6   5   5   1   5  12   1   2   2   4   2   0   1   3  0.37 0.27
  215 R    -1   6  -1   2  -6  -1   1  -6   2  -4  -1  -1   0   0  -4  -3  -3   0   2  -3    5  38   3  10   0   2   8   0   4   1   7   3   3   4   1   2   1   1   7   2  0.72 0.46
  216 A     1  -3  -3  -1   0  -4  -3  -4  -3   2   3  -3   3   0  -4  -3   1  -3  -3   2   13   1   1   4   2   0   2   1   0  10  24   1   6   4   1   2  10   0   1  16  0.41 0.28
  217 F     1  -3  -3  -3   2  -3  -3  -3  -4   3   3  -3   3   0  -1  -3  -2  -3  -1   1   14   2   1   1   4   1   2   2   0  16  28   1   6   4   3   1   2   0   2  10  0.42 0.27
  218 S     2   0   0   3  -3   0   2  -2  -1  -2  -3   1  -4  -4   2   0  -1  -3  -2  -2   15   4   5  14   1   4  15   3   1   3   3   8   0   1   9   8   3   0   1   3  0.28 0.24
  219 R     0   3  -1  -3   0   2  -1  -3   5  -3  -1   2   1  -1  -5   0  -1   4   0  -3    9  14   2   1   2   9   4   2  14   1   7  10   3   3   0   6   4   5   3   1  0.41 0.30
  220 L     1  -3  -5  -4  -1  -3  -4  -3  -2   3   4  -2   3  -2  -2  -1  -2  -5  -2   1   11   2   0   1   1   1   1   2   1  13  35   3   8   1   2   6   2   0   1   9  0.52 0.33
  221 R     1   1   2   2  -2   1   1   2  -1  -3  -3   0  -3  -3   1   0  -2  -4  -2  -3   11   8  10  10   1   7   8  14   1   1   2   4   0   1   7   8   2   0   2   2  0.24 0.21
  222 V     0  -3  -2  -1  -1  -2  -1  -2  -2   1   2  -3  -2  -2   4  -1  -2  -1  -1   2    7   1   2   4   1   2   3   4   1   9  17   1   1   2  23   5   2   1   2  12  0.37 0.27
  223 A    -2   3  -1  -3  -1   1  -1  -2   0  -1   3   2  -3   0  -1  -1  -1  -5  -3  -2    4  15   3   1   1   7   3   3   2   3  25  15   0   5   4   4   4   0   1   2  0.30 0.26
  224 S     2   0  -2  -1  -2  -1   1  -3  -1  -5  -3   2  -5  -2   5   0  -1  -6  -4  -3   14   5   2   3   1   3  10   2   1   0   2  13   0   2  28   8   4   0   1   2  0.60 0.42
  225 G    -1  -5   2   1  -4  -4  -3   6  -2  -5  -6  -4  -6  -5   1  -2  -4  -7  -4  -5    4   0   9   6   0   1   2  60   1   1   1   1   0   1   6   3   1   0   1   1  1.37 0.69
  226 Q    -1   3  -2   2  -3   2   1  -1   0  -3   0   2   3  -3  -4   0  -1  -1  -2  -3    4  14   1  12   1  11   8   5   2   1   8  13   7   1   0   6   3   1   1   1  0.33 0.27
  227 R    -4   5  -2  -2   1   0  -3  -6   3  -3  -2   4  -3  -3  -3  -1   2  -3  -1  -2    1  30   1   3   3   3   1   0   6   1   4  21   0   1   1   5  12   0   2   4  0.74 0.47
  228 Y     0  -8  -8  -8  -1  -7  -8  -7  -5   4   1  -8  -1  -3  -8  -6  -4  -4  -4   6    7   0   0   0   1   0   0   0   0  23  11   0   1   1   0   0   1   0   1  53  1.54 0.73
  229 L    -1  -8  -9  -9  -4  -8  -9  -7  -3   0   6  -8  -2  -4  -9  -6  -7  -8  -3   0    5   0   0   0   0   0   0   0   1   4  80   0   1   0   0   0   0   0   1   6  1.91 0.89
  230 D    -8  -8  -6   8 -10  -7   2  -8  -8  -5 -10  -7 -10 -10  -8  -7  -8 -11 -10  -4    0   0   0  86   0   0  11   0   0   1   0   0   0   0   0   0   0   0   0   2  2.97 1.29
  231 V    -1  -8  -8  -8  -1  -7  -8  -7  -8   4   3  -7  -1  -2  -4  -6  -4  -7  -2   5    6   0   0   0   1   0   0   0   0  24  24   0   1   2   1   0   1   0   1  39  1.28 0.64
  232 G     2  -9  -7  -8   3  -8  -8   7  -8  -9  -9  -8  -9  -5  -8  -4  -6  -9  -9  -9   18   0   0   0   6   0   0  74   0   0   0   0   0   1   0   1   1   0   0   0  2.28 1.07
  233 C     1  -9  -8  -9  10  -9  -9   2  -9  -6  -8  -9  -4  -5  -9  -1   0  -9  -9  -4   11   0   0   0  61   0   0  13   0   0   0   0   1   1   0   5   6   0   0   2  2.71 1.17
  234 G    -4  -6  -1  -8  -9  -8  -9   8  -3 -11 -10  -8  -9 -10  -9  -4  -8  -9 -10 -10    2   0   3   0   0   0   0  92   1   0   0   0   0   0   0   1   0   0   0   0  2.85 1.26
  235 N    -3  -3   2  -4  -3  -4  -3   1  -2  -2  -4  -4  -4  -5   1   1   5   2  -2  -1    1   2  10   1   1   1   1  11   1   2   2   1   0   1   8  11  38   3   1   4  0.78 0.56
  236 G    -1  -9  -7  -8  -9  -8  -8   8  -8 -10 -10  -8  -9  -9  -8  -4  -8  -9  -9  -9    5   0   0   0   0   0   0  93   0   0   0   0   0   0   0   1   0   0   0   0  2.89 1.26
  237 Y    -1  -3   1   2  -5  -2  -2   1   0   1   1  -2  -2  -1  -3  -2  -1   3   5  -1    5   1   8  11   0   1   2  11   2   9  12   3   1   1   1   3   3   4  19   3  0.35 0.29
  238 S     0  -5  -3  -2  -1  -2  -4  -2   3   1   3  -4   0   2   0   1   1  -1   2  -1    6   0   1   2   1   1   0   3   7   8  25   0   2   8   5   9   8   1   7   4  0.31 0.27
  239 V     4  -5  -5  -4   1  -4  -5  -2  -6  -1   0  -4   4  -3  -4   2   3  -6  -4  -1   28   0   0   1   3   1   0   4   0   4  10   0   8   1   1  16  19   0   0   3  0.67 0.48
  240 R     0   3  -2  -1  -1   1   2  -2  -1   0   0   1  -2   2  -3  -2  -2  -4  -1  -1    9  15   2   2   1   6  15   3   1   7   8   8   1   9   1   2   2   0   2   5  0.19 0.18
  241 W     0   0  -2  -3  -4   0   1  -3   1   0   1   0  -1   1   2   0  -2   5   2  -2    7   6   1   1   0   3   8   2   3   5  15   5   1   6   9   7   2   8   7   2  0.21 0.19
  242 A     0   2  -4  -5  -2  -3  -4  -4  -3   2   3  -3   4   1  -5  -1  -4   0  -1  -1    9  13   1   0   1   1   1   1   0  10  31   1  11   6   0   5   0   1   2   4  0.58 0.37
  243 A     5   0  -3  -4  -1  -1  -1  -3  -2  -2   0   0   4  -3  -4  -1  -1  -5  -3  -2   43   5   1   1   2   2   5   2   1   2   9   5  11   1   1   3   4   0   1   3  0.65 0.44
  244 S     0   4  -1  -1  -3   2   1  -3   0  -1   1   2  -2  -2  -3   0  -2  -1  -2  -1   10  22   2   3   0   8   8   1   2   4  12  12   1   2   1   6   1   1   1   4  0.30 0.25
  245 V     0   2  -1  -2  -1  -1   0   1   0  -1   0   1   0   0  -2   0   0  -2  -1   1    9  13   2   1   1   3   5  10   2   2   9   8   2   4   1   7   6   1   2  14  0.09 0.12
  246 D     0  -3   0  -1  -3  -1   0   4  -2  -3  -1  -2  -2   2  -2  -1  -2   3   2  -2    8   1   4   4   0   3   8  31   1   1   6   2   1   7   2   5   2   3   7   2  0.37 0.28
  247 D     1   0  -1   0  -3  -1  -1   2   0  -3  -3   1  -4  -2   4  -1  -3  -2   0  -4   12   6   3   5   1   2   4  18   2   1   2   8   0   2  21   5   1   1   4   1  0.42 0.31
  248 S     2  -2   0   2  -2   0   0   1   0  -2  -3   0  -3  -2   1   0   0  -4  -1  -2   18   2   5  11   1   5   6  13   2   2   2   6   0   2   8   7   7   0   3   3  0.19 0.18
  249 V     3  -1  -2  -1   2  -1  -1   2  -1  -2  -2   1  -2   0  -3  -1  -2  -2  -4   1   25   4   2   4   4   2   3  16   1   1   4   9   1   4   1   4   2   0   0  12  0.26 0.24
  250 Q    -2   2   2  -1  -1   2   2  -3   4  -2  -2   1  -1  -1  -2   1   1   0  -1  -3    2  10   8   2   2  11  11   2  10   2   5   8   2   2   1   9   8   2   2   1  0.28 0.26
  251 A     0  -5  -5  -4   0  -6  -6  -3  -7   2   0  -6  -1  -1  -4  -3  -1  -1   1   6    7   0   0   1   2   0   0   2   0   9   8   0   1   3   1   2   3   1   5  54  1.09 0.63
  252 V    -4  -6  -4  -4  -3  -4  -3  -6  -2   4  -1  -3  -2  -3  -6  -3   4   1   1   4    1   0   1   1   1   1   2   1   1  19   6   2   1   1   0   2  27   2   4  29  0.91 0.58
  253 G     1  -7  -3  -3  -1  -6  -4   6  -4  -2   0  -5  -3  -4  -5  -2  -3  -7  -4  -2   13   0   1   2   2   0   1  57   1   2  10   0   1   1   1   3   1   0   1   3  1.20 0.69
  254 V     0  -6  -3  -7   2  -6  -6  -5  -6   5   3  -3  -1   0  -6  -3   0  -1  -2   3    7   0   1   0   5   0   0   1   0  29  22   1   1   4   0   2   6   1   1  19  0.80 0.47
  255 D    -5  -8  -1   8 -10  -7   1  -5  -8  -5 -10  -7  -9 -10  -8  -4   1 -11  -9  -9    1   0   3  78   0   0   8   1   0   1   0   0   0   0   0   1   7   0   0   0  2.49 1.24
  256 A     0  -4   0  -6  -3  -3  -6  -4  -4   4   2  -4   2   3   4  -2  -3  -6   0  -2    7   1   6   0   0   1   0   1   0  21  16   1   4  11  21   4   1   0   3   2  0.65 0.46
  257 S     0  -6   4   1   0  -3  -3  -1  -3  -5  -4  -4  -3  -2  -4   5   0  -7  -3  -2    8   0  17   6   2   1   1   5   1   1   1   1   1   2   1  44   4   0   1   3  0.91 0.65
  258 E     1  -1  -3   0  -2   1   3  -2  -1  -3  -2   0  -2  -4   4  -1  -1   0  -4  -1   11   3   1   6   1   5  22   3   2   1   5   6   1   1  19   4   4   1   0   4  0.41 0.36
  259 G     0   0   2   1  -4   0   2   1  -1  -2   0   1  -1  -3   0   0  -1  -5   0  -2    9   4  10   6   0   3  13  10   2   1  10   9   1   0   4   8   3   0   3   3  0.14 0.17
  260 M     0  -4   1  -3  -2   3  -1  -5  -2  -2  -1  -3   8   3  -1  -2  -3  -6  -3  -3    8   1   6   1   1  11   4   1   1   2   4   1  36  12   3   4   1   0   1   2  1.05 0.68
  261 V    -2  -2  -3  -5  -6  -4  -7  -7  -3   3   5  -4   2   0  -7  -6  -3  -2  -1   2    3   3   1   1   0   1   0   0   1  17  45   1   4   4   0   0   1   1   2  15  0.97 0.55
  262 N     1   1   0   0   2   1   3  -1   1  -3  -3   2  -1  -3  -2  -1  -1  -2  -3  -2   13   7   5   5   4   6  19   5   4   1   3  13   1   1   1   4   3   1   1   3  0.27 0.25
  263 H     0   2  -1  -3  -2   4  -1  -5   2   0  -2   0  -1  -1  -4  -2  -1  -1  -1   3    8  10   3   1   1  19   4   0   4   6   4   5   2   3   1   2   4   1   2  19  0.34 0.32
  264 A     5  -4  -4  -5   2  -3  -3   2  -6  -5  -1  -4  -3   3  -6  -2  -4  -6  -3  -2   49   1   1   1   4   1   1  15   0   0   5   1   1  13   0   3   1   0   1   3  1.00 0.64
  265 R    -2   5  -1  -3  -6   3   1  -4   1  -4  -1   3  -1  -5  -2  -2  -3  -6  -4  -4    4  32   3   2   0  13   8   1   3   1   6  18   1   1   2   2   2   0   1   1  0.79 0.53
  266 A     2   0   0   1  -2   2   2  -2  -1  -2  -1   1  -2   0  -3  -1  -1  -4  -1  -1   17   5   4   6   1   9  17   3   1   2   8  10   1   4   1   4   3   0   2   3  0.21 0.22
  267 I    -1   3   1  -3  -3  -1  -2  -4   5   1   0   2   1  -2  -2  -3  -1  -5   0   0    5  19   7   1   0   2   3   1  13   7   9  12   3   2   2   1   3   0   3   8  0.39 0.30
  268 S     2   1   1  -2  -2   1   0  -1   1  -2   0   1  -2   0  -4   0  -1  -4  -1  -1   23   7   7   2   1   7   6   4   4   2   9   8   1   5   0   5   3   0   2   5  0.15 0.18
  269 A     1   2  -1  -1  -2   1   1   0   2  -1   0   2  -1  -3   1   0  -1  -4  -2  -2   13  12   2   4   1   6   7   7   5   4   8  11   1   1   6   5   3   0   1   3  0.13 0.15
  270 E     0   1   0   1  -4   0   2   1   0  -3  -1   1  -3   1  -2  -1  -2   0   0  -3    8   9   5   7   0   4  16  11   2   1   7  10   0   7   2   4   1   1   3   2  0.17 0.19
  271 F     1  -1  -1  -1  -2   0  -1  -2  -1   1   2  -1   1   1  -3   0   0   0   1   0   11   3   4   4   1   4   4   2   1   7  23   3   3   5   1   7   5   1   4   7  0.09 0.12
  272 K    -1   1   0   1  -3   1   0   4   0  -3  -5   1  -1  -4   3   0  -2  -6  -4  -3    4   8   4   7   0   6   5  27   2   1   1   8   2   1  14   6   2   0   1   2  0.45 0.35
  273 N    -1  -1   4   1  -3   1   0   0   0  -1  -1   0  -1   0  -2  -1   0  -4  -2   1    4   3  20   9   1   7   5   8   2   3   6   5   2   5   2   3   5   0   1  10  0.19 0.20
  274 A     0  -2  -3   1   2   0  -1  -2  -2   3   1  -3   0  -3   0  -1  -2  -1  -3   3    9   2   1   8   4   4   3   3   1  16  13   1   2   1   5   3   2   1   1  20  0.25 0.23
  275 R    -1   2   1   2  -2   1   2  -3   2  -2  -3   1  -2  -3   1   0   0  -3   1  -2    4  10   6  13   1   7  11   1   4   2   3   8   1   1   7   8   6   0   4   4  0.23 0.22
  276 F    -1   1  -2  -3  -1  -3  -3  -3  -1   1   0  -3  -1   5  -2  -3  -2   3   4   1    5   8   2   2   2   1   2   2   1   8  10   2   1  21   2   1   2   4  11  11  0.47 0.33
  277 I    -1   0  -1   1  -3   0   0  -4   0   3   0  -2  -1  -2  -3  -3  -1   1  -2   4    6   5   2   8   0   4   7   1   2  15   9   2   1   2   1   2   3   2   2  27  0.34 0.29
  278 H    -1   0  -1  -2   3   3   1  -3   4  -1   0   0  -2  -2  -4  -3  -1  -5   3   1    6   4   3   2   5  13   9   2  11   3  11   5   1   1   1   1   3   0  10  10  0.33 0.30
  279 S     3   0  -4  -2   0  -2  -1   4  -4  -2   1  -2  -1  -4  -4  -2  -1  -2  -3  -2   25   6   0   3   2   2   4  28   0   2  12   2   1   1   0   3   4   1   1   3  0.48 0.38
  280 S    -1  -2   2   6  -2   0  -2  -2  -1  -2  -3  -3  -2  -4   1   0  -1  -3  -2  -3    5   3  10  37   1   5   3   3   1   3   3   1   1   1   7   7   3   1   2   2  0.67 0.47
  281 F     3  -4  -4  -2   1  -3   1  -1  -4   2   1  -5  -1   2  -3  -2  -2   0  -2   2   25   1   1   2   3   1   9   4   0  13  11   0   1  10   1   3   2   1   1  11  0.37 0.31
  282 P     0   0  -3  -2  -3   1   5  -2   0  -5  -2  -3   3  -3   1  -3   2  -6  -5  -3    7   5   1   2   1   7  32   4   2   0   5   1   8   1   8   2  12   0   0   1  0.60 0.48
  283 F     1   0   0   0  -2   1   0  -2   3   0   0   0  -1   0  -2  -1   0  -2  -1  -1   13   4   4   7   1   7   7   3   8   5  11   7   1   5   1   4   5   1   2   5  0.07 0.10
  284 P    -1  -3  -5  -2  -4  -2   2  -5  -2   0   4  -4   2  -2   2  -4  -4   4  -2  -1    6   1   0   2   0   2  15   1   1   4  36   1   5   2  11   1   1   5   1   4  0.60 0.44
  285 E     1  -4  -3   2  -7   1   3  -3  -3  -6  -4  -3  -4  -6   6  -1  -3  -4  -3  -3   11   1   1   9   0   5  17   2   1   0   2   2   0   0  39   4   2   0   1   2  1.04 0.67
  286 F    -2  -2  -3  -2  -3  -1  -1  -3  -3  -1   2  -3   0   6  -1  -2  -2  -2   1  -1    3   2   1   3   1   3   5   3   1   3  21   2   2  34   4   3   2   0   4   4  0.67 0.42
  287 F     2  -1  -2   1  -3   0   2  -3   0  -2  -2  -1  -2   0   4  -1  -1  -5   0  -2   17   3   2   6   1   3  12   2   3   2   3   3   1   4  24   5   3   0   4   2  0.43 0.34
  288 D     0  -3   1   6  -2  -1   2  -1  -2  -6  -4  -3  -6  -5   3  -1  -1  -6  -4  -4    9   1   6  39   1   2  11   4   1   0   2   1   0   1  12   4   4   0   1   1  0.87 0.54
  289 A     1  -1   4   1  -3   1   3   3  -1  -4  -4   1  -5  -6  -4  -1  -3  -6  -5  -4   13   4  17   6   1   6  18  18   2   1   1   7   0   0   1   3   1   0   0   1  0.56 0.40
  290 S     1   0  -3  -3   0   1  -1  -1  -1  -3  -3   1  -4  -3   1   3   3  -5   0  -3    9   4   1   1   2   7   4   5   2   2   2   9   0   1   6  26  15   0   4   2  0.38 0.36
  291 F    -3  -5  -7  -7  -2  -3  -7  -7  -4  -2  -3  -6  -2   8  -5  -6  -6  -5   4   0    3   1   0   0   1   1   0   0   1   2   2   1   1  64   1   1   1   0  13   8  2.20 0.99
  292 D    -8  -5  -2   9  -9  -5  -3  -6  -3  -9  -9  -6  -9  -9  -6  -6  -5 -10  -9  -9    0   1   2  91   0   0   2   1   1   0   0   1   0   0   1   1   1   0   0   0  3.10 1.40
  293 A     2   0  -6  -6   2  -4  -6  -3  -4   1   2  -2   0  -3  -6  -2   2  -6   0   4   15   5   0   0   4   0   0   2   0   8  18   2   2   1   0   2  11   0   3  26  0.54 0.39
  294 I    -1  -8  -8  -9   2  -8  -8  -9  -8   5  -2  -8  -5  -4  -8  -6  -4  -8   1   6    6   0   0   0   4   0   0   0   0  26   4   0   0   0   0   1   1   0   4  53  1.71 0.86
  295 F    -3  -6  -4  -7  -3  -7  -7  -7  -3   2   1  -7  -3   5  -7  -1   4   3   2   2    2   0   1   0   0   0   0   0   1  10  12   0   1  21   0   4  24   4   5  15  0.92 0.57
  296 S     2  -5  -1  -4   6  -5  -6  -5  -4   3  -4  -6   1  -5  -7   5  -2  -8  -7  -1   18   0   3   1  16   0   0   0   0  13   1   0   3   0   0  35   2   0   0   4  1.12 0.69
  297 M     1  -3   4  -4  -1  -1  -5  -1  -1   1   0  -4   6  -1  -5   1  -1  -6  -2  -1   10   1  17   1   1   2   0   6   1   8   8   1  19   2   0  12   3   0   1   5  0.54 0.41
  298 E     1  -3   0  -1  -1  -1   3   2  -3  -3  -1  -4  -1   4  -5  -2  -3  -3   2  -4   11   1   4   3   1   2  21  18   1   1   6   0   1  17   0   2   1   0   7   1  0.51 0.39
  299 V     2  -6  -4  -6   1  -5  -5   2  -6  -2  -3  -5   4  -4  -5   1   0  -6  -5   4   17   0   1   0   3   0   0  18   0   2   2   0   9   1   0   9   6   0   0  32  0.80 0.52
  300 L    -2  -5  -6  -6  -5  -6  -5  -5  -6   3   5  -5   0   3  -6  -3  -1  -3  -2   1    3   1   0   0   0   0   1   1   0  15  46   1   2  12   0   2   4   0   1   9  0.97 0.51
  301 Y    -5   4  -2  -3   1   4   3  -6   5  -3  -2  -2  -4  -4  -5  -3  -4  -3   4  -4    1  18   2   1   3  15  21   0  14   2   4   2   0   0   1   1   1   0  12   2  0.92 0.58
  302 Y    -1  -5   4  -4  -2  -6  -5  -7   9  -2  -5  -5  -7  -1  -5  -3  -6   8   0  -6    6   1  17   1   1   0   1   0  43   3   1   1   0   3   1   2   0  17   3   0  2.06 0.99
  303 L     0   2  -6  -6   2  -3  -3  -5  -2   1   1  -5   2   2  -5  -3  -1   0  -1   4    6  10   0   0   4   1   2   0   1   7  14   0   5   8   0   2   3   2   2  33  0.61 0.40
  304 E     0   1   0  -2  -4  -1   0  -2  -2  -5  -5   0  -3  -5   5   1   2  -1  -5  -3    9   9   4   3   0   3   7   3   1   0   1   6   1   0  30   9  10   1   0   2  0.61 0.45
  305 D    -4   1   3   6  -4  -2  -1  -4   2  -7  -6  -1  -2  -7  -2   2  -4  -7  -4  -4    1   7  11  44   0   2   4   1   4   0   1   3   1   0   2  14   1   0   1   1  1.12 0.66
  306 A    -3   1  -6  -5  -3  -1  -5  -4   3   1   2   1  -1   0   5  -5  -3  -3   1  -1    2   6   0   1   1   2   0   1   7   8  17   8   1   3  31   0   1   0   4   5  0.76 0.50
  307 T     1   0  -2   2  -2   2   2  -2   0   0   0  -1  -1  -3   1  -1  -1   0  -3  -1   10   5   2  12   1   9  12   3   2   7  11   4   2   1   7   4   2   2   1   4  0.13 0.16
  308 E     1   2  -2   2  -5   2   1  -1  -1  -3  -2   2  -3  -3  -4   1   0  -2  -4  -2   12  11   1  11   0   9   9   6   1   2   4  13   0   1   0  10   5   1   0   3  0.27 0.26
  309 A     3  -5  -5  -6  -3  -4  -6  -1   3   0   1  -5   1   3  -3  -3   0  -2  -1   2   27   0   0   0   0   1   0   5   7   4  12   0   3  14   2   1   6   1   2  16  0.57 0.41
  310 L    -4  -7  -8  -8  -4  -5  -6  -4  -7   3   5  -7   3   3  -7  -5  -5  -3   1   0    1   0   0   0   0   0   1   2   0  13  53   0   6  10   0   1   1   0   4   7  1.24 0.65
  311 R     2   3  -1  -1  -4   2   0  -2  -1  -4  -2   3  -3  -3  -1   0   0   0  -2  -3   15  18   3   3   0   9   7   3   2   1   4  17   0   1   3   7   5   1   1   1  0.37 0.32
  312 Q     1   1   1  -1  -3   2   5  -3   0  -6  -5   0  -5  -6  -4   0  -2   0  -5  -5   12   8   6   3   1   9  39   2   2   0   1   5   0   0   1   7   2   1   0   1  0.77 0.55
  313 V     1  -4  -7  -8   5  -6  -7  -6  -7   3   3  -7   5  -1  -7  -4  -3   0  -2   2   10   1   0   0  13   0   0   0   0  12  29   0  16   2   0   1   2   1   2  11  1.03 0.57
  314 H     2   1  -1  -3   0  -2  -3  -4   4  -3  -1   1  -1   2  -4   0  -2   0   4  -1   20   8   2   1   2   2   1   1   8   1   6  10   1   7   0   7   2   1  15   4  0.41 0.33
  315 R    -1   6   0   1  -7   1  -2  -1   1  -6  -5   1  -6  -7  -5   0  -1  -7  -3  -7    6  44   4   8   0   6   3   4   3   0   1   9   0   0   1   7   4   0   1   0  1.01 0.62
  316 L    -1  -3  -5  -7   0   2  -5  -3   0   0   2  -3   2  -3  -7  -2  -3   2  -4   5    6   2   1   0   2   8   0   3   2   4  20   2   5   1   0   3   1   2   1  39  0.76 0.49
  317 L    -4  -6  -9  -9  -2  -8  -8  -9  -8  -1   6  -8   1  -6  -6  -8   0  -8  -7   2    2   0   0   0   1   0   0   0   0   3  72   0   3   0   0   0   6   0   0  12  1.74 0.87
  318 K    -1   4   0  -3  -5  -2  -3  -6  -2  -6  -8   7  -5  -8  -2  -3  -4  -9  -7  -1    6  20   4   1   0   1   1   1   1   0   0  53   0   0   3   1   1   0   0   5  1.47 0.81
  319 P    -3  -3  -3  -1  -6  -4  -2  -6  -1  -4  -7   0  -5 -10   8  -1  -2 -10  -6  -4    3   2   1   4   0   1   3   0   2   1   1   5   0   0  68   4   2   0   0   1  2.00 1.06
  320 G    -6  -6   1   2  -9  -4  -3   7  -6  -7 -10  -3  -4  -7  -8  -4  -5  -9  -6  -9    0   0   6   9   0   1   2  75   0   0   0   2   0   0   0   1   1   0   0   0  2.06 1.01
  321 G    -4  -9  -7  -7  -9  -6  -6   8  -9  -6  -8  -6  -9 -10  -9  -3  -8  -9 -10  -8    2   0   0   0   0   0   1  93   0   1   0   1   0   0   0   2   0   0   0   0  2.80 1.26
  322 L    -3   3  -5  -4   1   0   1  -5  -2   0   1   1   2  -2  -4  -3   0  -1   0   2    2  19   0   1   3   3  11   1   1   5  12   9   5   1   1   2   5   1   3  17  0.38 0.31
  323 F    -2  -7  -8  -8  -4  -7  -8  -8  -7   1   5  -7   1   6  -8  -7  -5  -1  -3   1    3   0   0   0   0   0   0   0   0   7  44   0   4  28   0   0   0   1   1  10  1.41 0.70
  324 V     2  -6  -7  -7   0  -6  -6  -6  -6   3   2  -6   1   3  -6  -5  -4  -2   0   4   15   0   0   0   2   0   0   0   0  17  20   0   3  11   0   0   0   0   3  27  0.89 0.50
  325 S     1  -4  -3  -2   3  -3  -1  -2  -4   2   1  -4   1   2  -4   2  -1  -4  -2   2   10   0   1   2   7   1   4   3   0  11  13   0   3  10   0  15   3   0   1  15  0.33 0.27
  326 T    -1  -3  -4  -1  -4   1   1  -3   0  -1   0  -3   1  -3  -2   2   5  -5  -4  -1    4   1   0   3   0   7   8   1   2   3   8   1   4   1   2  13  38   0   0   3  0.62 0.44
  327 I    -2  -4  -2   0  -2  -3  -1  -2  -2   2   2  -2   4  -2  -4  -1   3  -1   1   0    2   0   1   5   1   1   5   3   1  14  22   2  11   2   0   3  17   1   4   4  0.40 0.31
  328 D    -2  -2   4   1  -1  -1   0  -2  -1  -1   0  -2  -3   1   3  -1  -1  -3   0   0    2   1  19   9   1   2   5   3   1   3   8   3   0   7  17   4   4   0   3   6  0.32 0.27
  329 F    -1  -1  -1  -1  -1  -2  -2  -1   0   3   0  -1   1   2   0  -1  -1   1   0   2    4   4   4   3   1   1   1   6   3  16   7   3   4   9   4   3   3   2   3  18  0.15 0.15
  330 Y    -1  -1   0   0  -3  -1  -1  -1   1   2  -1  -2  -1   2  -3  -1  -2   1   3   1    6   4   5   6   0   2   5   5   4  14   5   2   1  11   1   4   1   2  10  13  0.17 0.17
  331 A     0   1   0   2  -3  -1   1   3  -1  -2  -2   0  -1  -2   1   0   0  -3  -1  -3    8   8   3  11   0   2   7  20   1   2   4   6   2   2   7   7   6   0   2   2  0.19 0.18
  332 E     1  -2  -1   2  -3   1   1   1  -2  -3   0   0  -2  -2   2  -1   0  -3  -4  -2   15   2   2  14   0   6   9   9   1   1   9   6   1   1   9   4   7   0   0   3  0.20 0.21
  333 N     0  -1   1   2  -5   0   3  -1   0  -2  -1   0  -1   1   1   0  -1  -2  -2  -2    6   4   7  12   0   3  21   5   2   3   6   4   2   7   6   6   3   1   1   2  0.21 0.21
  334 T    -1   0   2   0  -3   0   2  -3   0  -2  -1   1  -3  -1   0   0  -1   1   4  -1    4   4  11   5   1   4  16   1   2   2   6   8   0   2   4   6   4   2  15   4  0.27 0.25
  335 A     0  -3   0   0  -3   0   2  -2  -1   1   0  -1  -1  -3   2   0  -1   1  -3   1    9   1   5   5   0   3  15   3   2   8  10   4   1   1  12   6   3   2   1  10  0.16 0.18
  336 S     0   0  -2  -2  -4  -1   1   0   2  -1   2  -2   0  -1   0   0   1   1   1   0    9   6   1   2   0   3   9   7   5   2  19   1   2   2   4   7   8   2   4   6  0.08 0.13
  337 H    -1   2  -1   1  -3   0  -1  -1   5  -1  -2   1  -1  -1  -1  -2  -3   0   3   0    6  14   3   7   1   5   4   5  13   3   5   8   1   3   3   2   1   1   9   7  0.26 0.23
  338 S     1  -1  -3  -1  -3   0   0  -3  -2   0   1   0   2   1  -1   0  -2   5   1   0   14   3   1   3   0   3   6   2   1   5  13   5   7   5   4   8   2   9   5   6  0.20 0.19
  339 W    -1  -2  -3  -4   0   0   0  -4  -2   1   2   1   2   1  -2  -3  -1   6   2   1    4   2   1   1   2   4   6   1   1   8  18   8   5   6   2   1   3  10   7  11  0.33 0.25
  340 P     0   0  -4  -2  -4  -3   0  -2  -6   2  -1  -2   3  -3   6  -3  -1  -4  -1  -1    7   5   0   2   0   1   6   3   0  10   7   3   7   1  35   2   3   0   3   5  0.68 0.45
  341 T    -1   2  -1   1  -5   1   2  -2   0   0  -2   2  -1  -2   1  -1  -1   0   2   0    4  13   3   8   0   6  11   2   2   5   4  12   1   1   6   4   2   1   7   6  0.19 0.19
  342 D    -2  -1   2   4  -4   0   2   3   2  -3  -3   0  -2  -3  -2   0  -2  -6  -2  -3    3   3  10  21   0   4  12  19   4   1   3   5   1   1   2   6   2   0   2   2  0.42 0.31
  343 V     0   2  -2  -1  -2  -2  -1  -1  -1   1   0  -1  -1  -1  -2  -1   3   0  -1   2    6  12   1   3   1   1   4   5   1   8   7   3   1   3   1   5  19   1   2  14  0.17 0.19
  344 G     0  -1  -2  -2  -5  -2   0   1   5   0  -2  -1  -4  -1   0  -2  -1  -4   5  -3   10   3   2   2   0   2   8  12  15   5   5   3   0   2   4   3   3   0  20   2  0.49 0.35
  345 L     1  -1  -1   2  -1   1   0  -2   2  -1   0  -1  -1   2  -2   1  -1   0   0  -1   13   3   1  13   1   5   6   3   5   4   7   2   1  11   2  10   3   1   3   5  0.11 0.14
  346 F    -1  -2  -4  -3  -4   0  -1   0   1   1   0  -1   0   3  -2  -1  -3   5   3   1    6   2   0   1   0   5   4   7   4  10   8   5   2  14   2   4   1   8  10   9  0.32 0.24
  347 M     0   1   1  -1  -3  -1   1   0   0  -1  -2   0   4  -2   2   0  -1  -4   0  -2    6   9   7   4   1   2   9   7   2   3   4   6  13   1  12   6   4   0   3   3  0.21 0.21
  348 N    -2   3   3  -1  -2   0  -1   1   1  -3  -3   3  -3  -4   1  -1   0  -5  -1  -2    3  15  12   3   1   3   4  10   3   1   3  20   0   1   6   5   5   0   2   3  0.35 0.27
  349 L    -2  -3  -4  -6   0  -3  -2  -3  -1   2   3  -3   1   6  -5  -4  -2   2   1   0    3   1   1   0   2   1   3   2   2  10  25   2   3  29   1   1   2   2   3   5  0.72 0.41
  350 L    -1  -2  -3  -3  -3  -4  -3  -3  -1   2   2  -4   0  -2   5  -1  -2  -6   1   1    5   3   1   2   0   1   1   2   2  12  16   1   2   2  32   4   2   0   4   8  0.65 0.42
  351 S     0   2   0   1  -4  -1   0  -2  -2  -1  -4   1  -3  -4  -2   3   2  -6  -5  -2    6  10   5   9   0   2   5   3   1   3   1  10   1   1   2  26  13   0   0   2  0.40 0.35
  352 A     0   1  -4  -4  -3   3  -1  -3  -4   0   0  -1   0   0   4  -3  -1  -4  -2   1   10   7   0   1   0  13   4   2   0   6  10   4   2   4  22   2   3   0   1   9  0.39 0.32
  353 D     0   0  -1   3  -5   1   3  -2  -1  -3  -3   1  -2  -4   0   2  -2  -3  -4  -4    9   6   3  19   0   6  20   3   1   2   3   7   1   1   5  13   1   0   0   1  0.42 0.34
  354 G     1  -1   0   1   0   0   4   1  -2  -4  -4  -1  -1  -3  -2   0   1  -5  -2  -2   13   3   4   7   2   4  29  10   1   1   1   3   2   1   2   5   8   0   1   4  0.39 0.33
  355 W    -2  -6  -6  -5  -1  -4  -4  -4  -3   1   4  -6   1   2  -7  -6  -4   8   2  -1    4   0   0   1   1   1   2   2   1   8  36   0   3   9   0   0   1  19   7   5  1.14 0.60
  356 K     1   1  -2  -1   2  -1   1  -1  -1   0  -1   3   0  -3  -1  -1   0  -4  -1   0   13   7   2   3   5   2  11   5   1   6   7  18   2   0   2   4   5   0   2   5  0.14 0.16
  357 A     2   1   0   1  -2   2   2   0   1  -3  -1   1  -2  -3  -3   0  -1  -3  -3  -2   19   6   4   9   1  10  11   6   3   1   6   7   1   1   0   8   3   0   0   3  0.21 0.21
  358 A     1   0  -6  -5  -2  -3  -4  -5  -1   1   2  -3   6   0  -4  -3  -2   7  -1  -1   14   5   0   1   1   1   1   1   2   9  17   1  18   3   1   2   2  17   2   3  0.86 0.50
  359 F     1  -4  -5  -5   0  -4  -4  -2  -4   2   4  -3   4   3  -6  -4  -4  -5  -3  -1   10   1   0   0   2   1   1   4   0   9  44   1   9  10   0   1   0   0   1   4  0.81 0.48
  360 E    -1   3  -1   1  -4   2   3  -2  -1  -3  -3   3  -4  -4  -2  -1  -1  -6  -1  -2    6  15   2   7   0   8  21   4   1   2   2  17   0   1   2   5   3   0   2   3  0.43 0.34
  361 S     0   2   1   3  -6   3   1  -1   1  -4  -4   3  -4  -2  -3   1  -2  -6  -5  -5    7  11   6  14   0  12  10   4   3   1   2  17   0   2   1   9   2   0   0   0  0.44 0.34
  362 A     5  -4  -1  -4   3  -3  -2  -3  -2  -1  -2  -3  -4  -4  -3   0   1  -2  -1   1   45   1   3   1   6   1   3   2   1   4   4   2   0   0   1   6   7   1   2  11  0.68 0.48
  363 G    -2  -5  -2   0  -7  -3  -2   7  -5  -7  -7  -4  -5  -8   0  -2  -5  -5  -3  -7    3   1   2   5   0   1   3  73   0   0   0   1   0   0   4   4   1   0   1   0  1.75 0.86
  364 F    -6  -6  -6  -8  -3  -8  -8  -4  -3  -2   2  -8  -1   8  -8  -7  -7  -1   0  -3    1   0   1   0   1   0   0   2   1   2  19   0   2  68   0   0   0   1   2   2  2.27 0.98
  365 E    -2   2   0   1  -5   1   4  -3  -1  -3  -4   2  -5  -5  -4   1   1  -6  -5   0    3   9   4   7   0   5  30   2   1   2   1  11   0   0   1   9   9   0   0   7  0.51 0.40
  366 V    -2  -1   2   2  -1   0   0  -1  -2   2   0  -1   0  -3  -2  -2  -1  -5  -1   2    3   4  12  14   1   4   6   5   1  10   8   4   2   1   1   2   2   0   2  18  0.19 0.20
  367 L    -1  -2  -6  -4  -1  -1  -1  -5  -3   3   2  -1  -2  -3  -3  -4  -1  -6  -4   5    4   2   0   1   1   3   4   1   1  15  19   4   1   1   2   1   4   0   0  39  0.70 0.44
  368 E    -1   2  -1   3  -4   0   3  -3   3  -4  -5   1  -3  -4  -4   0   1  -2  -1  -4    5  13   3  18   0   3  21   2   6   1   0   8   0   0   0   7   8   1   3   1  0.52 0.39
  369 Q     0   0  -2  -2   3   0   0  -4   1   2   0  -2   1  -1  -1   0   0  -2   3   1    6   5   1   2   7   4   6   0   4  11  10   2   4   2   2   6   6   0  11  10  0.16 0.17
  370 L     0   0  -2  -2   0  -1   1  -4  -2   1   0   2  -1   1  -3  -1   1  -2   0   2    6   4   2   2   2   1   9   0   1  10   8  13   1   8   1   4  10   1   3  16  0.15 0.17
  371 Q    -2  -3   3   5  -6   0   0   4   1  -4  -5  -4  -5  -6  -3  -1  -3  -6  -3  -4    3   1  12  32   0   4   6  27   3   1   1   0   0   0   2   5   1   0   1   1  0.89 0.51
  372 L    -3  -2  -3  -4  -1  -2  -3  -4  -2   2   4  -3   3   1  -4  -3  -1  -1   0   3    2   2   1   1   1   2   2   1   1  10  37   1   8   5   1   2   3   1   3  17  0.55 0.33
  373 K     1   1   0  -2  -2  -1   0  -2   2  -3  -3  -1  -2   0   0   1   3  -4   0   0    9   7   4   2   1   3   5   3   6   1   2   2   1   5   5  13  21   0   4   7  0.22 0.23
  374 H    -2  -3   0   4  -4  -1   1  -4   3  -3  -5  -1  -2   0  -1  -2   0  -4   6  -2    3   1   5  24   0   2   9   1   7   2   0   3   1   3   3   2   5   0  26   4  0.72 0.45
  375 E    -2   0   4   1  -1   1  -1  -2   3  -3  -1  -1  -3  -4   0  -1   2  -2  -2  -1    2   6  24   8   1   6   4   3   7   1   5   3   0   0   5   4  13   1   1   5  0.36 0.30
  376 L     0  -2   0   0  -1  -2  -2  -2  -2   1   2  -2   0   0   1   0   1  -3   0   0    6   2   5   6   1   1   2   2   1   8  25   1   2   4   8   7  12   0   3   6  0.15 0.16
  377 K     1   0   0   0  -3   0  -2  -1  -1  -1   0   0   0  -2  -1   2   3  -4  -1   0   12   4   5   5   0   3   1   3   1   3  12   7   2   1   2  15  19   0   2   5  0.15 0.18
  378 P     0  -2  -1   3  -3  -1   0  -2  -3  -3  -1  -2  -2  -2   5  -1   1  -3  -2  -1    6   2   3  17   1   2   6   3   0   1   5   2   1   2  30   4   8   0   1   4  0.54 0.35
  379 G     0   1  -1  -1  -4   1   2   2   1  -3  -3   1  -3  -2   0   1   0   2  -2  -2    9   6   3   2   0   6  14  17   4   1   2   9   0   1   5  10   5   3   1   2  0.22 0.20
  380 E    -2   1  -4  -5  -6   2   2  -4   0  -1  -2  -2  -2   1  -5  -3  -1   9   1  -2    3   8   0   0   0  10  13   1   3   3   4   2   1   5   0   2   3  33   4   3  1.18 0.58
  381 D    -3   2   1   0  -4   2   1  -2  -1  -3  -2   2  -1   0  -2   0  -2   2   4  -2    1  10   7   4   0  12   8   3   1   1   3  14   2   3   1   5   2   3  17   3  0.34 0.28
  382 R    -1   6  -1  -1  -5   0  -2  -4  -1  -3   1   3  -1  -2  -4  -2  -2  -1  -4  -2    4  43   2   4   0   3   2   0   1   1  13  16   2   2   0   3   2   1   0   3  0.74 0.43
  383 T     1  -2   1  -1  -3  -2   0  -2  -1  -2  -1  -1  -3  -2   1   3   3  -1   0  -1   11   1   8   3   0   0   6   1   1   2   7   2   0   1   7  23  18   1   4   4  0.25 0.25
  384 W    -1   1   0  -2  -3  -2  -3  -3  -2  -3   2  -1  -2  -1  -2   0   2   7   2  -3    4   9   4   3   0   1   0   1   1   0  22   4   0   1   2   8  15  17   8   0  0.52 0.35
  385 E     0  -2   1   5   0  -1   1   1  -3  -4  -2  -1  -2  -4  -1   0  -1   1  -1  -4    7   1   6  41   2   2   7  10   0   0   4   2   1   0   3   5   3   2   2   0  0.56 0.33
  386 H    -2   0  -1   2  -2  -1   0  -4   5   0  -1  -1   5   0  -1   0   0  -4  -2   0    2   4   2  12   1   2   7   0  18   4   4   3  18   4   4   6   5   0   0   5  0.32 0.26
  387 D     0  -1   1   5   1  -2   0  -1  -3   0  -2  -2  -3  -4  -3  -1   1   3  -3  -1    9   3   5  39   3   0   6   5   0   6   3   0   0   0   0   3  10   4   0   4  0.48 0.29
  388 V    -2  -4  -4   0  -3  -4  -3  -5  -4   3   1  -4  -1  -3  -4   0   0  -4  -1   5    2   0   0   5   0   0   1   0   0  16  13   0   0   0   0   7   7   0   2  47  0.63 0.36
  389 G    -1  -2   2  -1  -2   1   0   3  -2  -1  -2  -1  -2  -1  -2   1  -1  -3  -2   1    2   1  10   2   0   6   5  31   0   1   3   3   0   3   1  11   1   0   1  17  0.27 0.17
  390 S     0  -3   6  -1   1   0  -1  -2  -2   0  -2  -3  -3  -3  -4   1  -1  -4   2  -3    7   0  51   2   3   3   2   2   0   6   3   0   0   0   0   8   2   0   9   1  0.77 0.41
  391 L    -2  -4  -3  -4  -4  -3  -4  -2  -2  -1   0  -1   1   2  -4   0   2  -1   7  -1    2   0   1   0   0   0   0   3   0   2  11   3   4   5   0   7  13   0  46   3  0.83 0.41
  392 M    -1  -4  -1  -5  -4  -3  -4  -2  -4   2   2  -4   8   1  -5  -4  -3  -4  -2   1    5   0   3   0   0   0   0   4   0   9  21   0  46   5   0   0   0   0   1   6  0.97 0.44
  393 T     1  -2  -2  -1   1   0   0  -3   2   1   1  -1   2  -1  -1  -1   0  -3  -1   1   13   0   0   4   3   4   8   0   7   9  10   3  10   1   2   3   6   0   1  15  0.10 0.12
  394 L     2  -3  -3  -3  -1  -1  -3  -3   1   1   1  -2   2   0  -3  -1   1  -3   0   2   20   0   0   0   1   3   0   0   5   7  16   0   9   3   0   3   9   0   3  22  0.23 0.17
  395 G     3  -2  -2  -1   3   0   0   1  -3   0  -2  -2   0  -3  -3   0   1   3  -3  -1   37   1   0   4   6   4   5  13   0   7   2   0   3   0   0   2  11   4   0   1  0.30 0.22
  396 R    -1   4  -2   1  -4   2   4  -3  -1  -4  -2   2  -3  -3  -3  -1  -1  -2  -3  -2    4  25   0   7   0   7  32   0   1   0   3  13   0   1   0   1   3   1   0   3  0.54 0.26
  397 R    -1   6   1  -3  -5  -1  -1  -4  -2  -5  -4   3  -3  -5  -1   0  -1  -5  -4  -3    4  60   8   0   0   1   1   0   0   0   0  15   0   0   2   5   3   0   0   1  1.01 0.37
  398 A     4  -2  -2  -1  -2  -2   0  -1  -3  -2  -2  -1  -2  -3  -1   1   0  -4  -3   1   54   0   0   2   0   0   5   2   0   0   2   2   0   0   1  13   6   0   0  14  0.42 0.21
  399 E    -2   0  -1   3  -4   2   5  -3  -1  -4  -4   3  -3  -4  -2  -1  -2  -4  -3  -3    0   0   0  14   0   6  55   0   0   0   0  25   0   0   0   0   0   0   0   0  0.75 0.17

                      K         Lambda
Standard Ungapped    0.1320     0.3183
Standard Gapped      0.0413     0.2670
PSI Ungapped         0.1349     0.3171
PSI Gapped           0.0413     0.2670
