
Last position-specific scoring matrix computed, weighted observed percentages rounded down, information per position, and relative weight of gapless real matches to pseudocounts
           A  R  N  D  C  Q  E  G  H  I  L  K  M  F  P  S  T  W  Y  V   A   R   N   D   C   Q   E   G   H   I   L   K   M   F   P   S   T   W   Y   V
    1 R   -1  5  0 -2 -3  1  0 -2  0 -3 -2  2 -1 -3 -2 -1 -1 -3 -2 -2    0   0   0   0   0   0   0   0   0   0   0   0   0   0   0   0   0   0   0   0  0.00     0.00
    2 D   -2 -2  1  6 -3  0  1 -1 -1 -3 -4 -1 -3 -3 -1  0 -1 -4 -3 -3    0   0   0   0   0   0   0   0   0   0   0   0   0   0   0   0   0   0   0   0  0.00     0.00
    3 G    0 -2  0 -1 -2 -2 -2  5 -2 -4 -4 -1 -3 -3 -2  0 -2 -2 -3 -3    0   0   0   0   0   0   0   0   0   0   0   0   0   0   0   0   0   0   0   0  0.00     0.00
    4 V    0 -2 -3 -3 -1 -2 -2 -3 -3  2  1 -2  1 -1 -2 -2  0 -3 -1  4    0   0   0   0   0   0   0   0   0   0   0   0   0   0   0   0   0   0   0   0  0.00     0.00
    5 V    0 -2 -3 -3 -1 -2 -2 -3 -3  2  1 -2  1 -1 -2 -2  0 -3 -1  4    0   0   0   0   0   0   0   0   0   0   0   0   0   0   0   0   0   0   0   0  0.00     0.00
    6 V    0 -2 -3 -3 -1 -2 -2 -3 -3  2  1 -2  1 -1 -2 -2  0 -3 -1  4    0   0   0   0   0   0   0   0   0   0   0   0   0   0   0   0   0   0   0   0  0.00     0.00
    7 K   -1  2  0 -1 -3  1  1 -1 -1 -3 -2  4 -1 -3 -1  0 -1 -3 -2 -2    0   0   0   0   0   0   0   0   0   0   0   0   0   0   0   0   0   0   0   0  0.00     0.00
    8 N   -1  0  6  1 -3  0  0  0  1 -3 -3  0 -2 -3 -2  1  0 -4 -2 -3    0   0   0   0   0   0   0   0   0   0   0   0   0   0   0   0   0   0   0   0  0.00     0.00
    9 A    4 -1 -1 -2  0 -1 -1  0 -2 -1 -1 -1 -1 -2 -1  1  0 -2 -2  0    0   0   0   0   0   0   0   0   0   0   0   0   0   0   0   0   0   0   0   0  0.00     0.00
   10 L   -1 -2 -3 -4 -1 -2 -3 -4 -3  1  4 -2  2  0 -3 -2 -1 -2 -1  1    0   0   0   0   0   0   0   0   0   0   0   0   0   0   0   0   0   0   0   0  0.00     0.00
   11 R   -1  5  0 -2 -3  1  0 -2  0 -3 -2  2 -1 -3 -2 -1 -1 -3 -2 -2    0   0   0   0   0   0   0   0   0   0   0   0   0   0   0   0   0   0   0   0  0.00     0.00
   12 L   -1 -2 -3 -4 -1 -2 -3 -4 -3  1  4 -2  2  0 -3 -2 -1 -2 -1  1    0   0   0   0   0   0   0   0   0   0   0   0   0   0   0   0   0   0   0   0  0.00     0.00
   13 H   -2  0  1 -1 -3  0  0 -2  7 -3 -3 -1 -2 -1 -2 -1 -2 -2  2 -3    0   0   0   0   0   0   0   0   0   0   0   0   0   0   0   0   0   0   0   0  0.00     0.00
   14 M   -1 -1 -2 -3 -1  0 -2 -3 -2  1  2 -1  5  0 -2 -1 -1 -1 -1  1    0   0   0   0   0   0   0   0   0   0   0   0   0   0   0   0   0   0   0   0  0.00     0.00
   15 S    1 -1  1  0 -1  0  0  0 -1 -2 -2  0 -1 -2 -1  4  1 -3 -2 -2    0   0   0   0   0   0   0   0   0   0   0   0   0   0   0   0   0   0   0   0  0.00     0.00
   16 C    0 -3 -3 -3  8 -3 -4 -2 -3 -1 -1 -3 -1 -2 -3 -1 -1 -2 -2 -1    0   0   0   0   0   0   0   0   0   0   0   0   0   0   0   0   0   0   0   0  0.00     0.00
   17 R   -1  5  0 -2 -3  1  0 -2  0 -3 -2  2 -1 -3 -2 -1 -1 -3 -2 -2    0   0   0   0   0   0   0   0   0   0   0   0   0   0   0   0   0   0   0   0  0.00     0.00
   18 L   -1 -2 -3 -4 -1 -2 -3 -4 -3  1  4 -2  2  0 -3 -2 -1 -2 -1  1    0   0   0   0   0   0   0   0   0   0   0   0   0   0   0   0   0   0   0   0  0.00     0.00
   19 V    0 -2 -3 -3 -1 -2 -2 -3 -3  2  1 -2  1 -1 -2 -2  0 -3 -1  4    0   0   0   0   0   0   0   0   0   0   0   0   0   0   0   0   0   0   0   0  0.00     0.00
   20 R   -1  5  0 -2 -3  1  0 -2  0 -3 -2  2 -1 -3 -2 -1 -1 -3 -2 -2    0   0   0   0   0   0   0   0   0   0   0   0   0   0   0   0   0   0   0   0  0.00     0.00
   21 E   -1  0  0  1 -4  2  5 -2  0 -3 -3  1 -2 -3 -1  0 -1 -3 -2 -2    0   0   0   0   0   0   0   0   0   0   0   0   0   0   0   0   0   0   0   0  0.00     0.00
   22 L   -1 -2 -3 -4 -1 -2 -3 -4 -3  1  4 -2  2  0 -3 -2 -1 -2 -1  1    0   0   0   0   0   0   0   0   0   0   0   0   0   0   0   0   0   0   0   0  0.00     0.00
   23 A    4 -1 -1 -2  0 -1 -1  0 -2 -1 -1 -1 -1 -2 -1  1  0 -2 -2  0    0   0   0   0   0   0   0   0   0   0   0   0   0   0   0   0   0   0   0   0  0.00     0.00
   24 A    3 -1  0 -1 -1  0 -1  0 -1 -2 -2  0 -1 -2 -1  3  1 -3 -2 -1   50   0   0   0   0   0   0   0   0   0   0   0   0   0   0  50   0   0   0   0  0.35 0.00
   25 P   -1 -2 -2 -2 -3 -1 -1 -2 -2 -3 -3 -1 -3 -4  8 -1 -1 -4 -3 -3    0   0   0   0   0   0   0   0   0   0   0   0   0   0 100   0   0   0   0   0  2.05 0.01
   26 M    0 -1 -1 -1 -1  0 -1 -1 -1  0  1 -1  4 -1 -2  2  1 -2 -1  0    0   0   0   0   0   0   0   0   0   0   0   0  50   0   0  50   0   0   0   0  0.19 0.00
   27 S    1 -1  0 -1 -1  0 -1 -1 -1 -2 -2  0 -1 -2 -1  3  4 -3 -2 -1    0   0   0   0   0   0   0   0   0   0   0   0   0   0   0  50  50   0   0   0  0.39 0.00
   28 R    3  4 -1 -2 -2  0 -1 -1 -1 -2 -2  1 -1 -3 -1  0 -1 -3 -2 -1   50  50   0   0   0   0   0   0   0   0   0   0   0   0   0   0   0   0   0   0  0.35 0.00
   29 R   -1  4  0 -1 -2  0 -1 -2 -1 -2 -2  1 -1 -3 -2  1  3 -3 -2 -1    0  50   0   0   0   0   0   0   0   0   0   0   0   0   0   0  50   0   0   0  0.39 0.00
   30 A    3 -1  0 -1 -1  0 -1  0 -1 -2 -2  0 -1 -2 -1  3  1 -3 -2 -1   50   0   0   0   0   0   0   0   0   0   0   0   0   0   0  50   0   0   0   0  0.35 0.00
   31 T    0 -1  0 -1 -1 -1 -1 -2 -2 -1 -1 -1 -1 -2 -1  1  5 -3 -2  0    0   0   0   0   0   0   0   0   0   0   0   0   0   0   0   0 100   0   0   0  0.48 0.00
   32 L   -2 -1 -1 -2 -2 -1 -1 -3  6  0  2 -2  1  0 -3 -2 -2 -2  1 -1    0   0   0   0   0   0   0   0  50   0  50   0   0   0   0   0   0   0   0   0  0.34 0.00
   33 T    3 -1 -1 -1 -1 -1 -1 -1 -2 -1 -1 -1 -1 -2 -1  1  3 -3 -2  0   50   0   0   0   0   0   0   0   0   0   0   0   0   0   0   0  50   0   0   0  0.32 0.00
   34 A    4 -1 -1 -1 -1 -1 -1  0 -1 -2 -2 -1 -1 -2 -1  3  1 -3 -2 -1   66   0   0   0   0   0   0   0   0   0   0   0   0   0   0  34   0   0   0   0  0.36 0.01
   35 L   -2 -3 -4 -4 -1 -3 -3 -4 -3  3  4 -3  2  0 -3 -3 -1 -2 -1  2    0   0   0   0   0   0   0   0   0  34  66   0   0   0   0   0   0   0   0   0  0.39 0.01
   36 A    2  3 -1 -2 -2  0 -1 -1 -1 -2 -2  1 -2 -3  5  0 -1 -3 -2 -2   31  34   0   0   0   0   0   0   0   0   0   0   0   0  34   0   0   0   0   0  0.60 0.01
   37 V   -1 -3 -3 -4 -2 -3 -3 -4 -2  2  2 -3  1  4 -3 -2 -1 -1  1  2    0   0   0   0   0   0   0   0   0   0  34   0   0  34   0   0   0   0   0  31  0.32 0.01
   38 P    2 -2 -2 -2 -2 -1 -1 -1 -2 -2 -3 -1 -2 -3  7  0 -1 -3 -3 -2   34   0   0   0   0   0   0   0   0   0   0   0   0   0  66   0   0   0   0   0  1.20 0.01
   39 R   -1  5  0 -1 -4  1  0 -2  0 -3 -2  3 -2 -3 -2 -1 -1 -3 -2 -3    0  66   0   0   0   0   0   0   0   0   0  34   0   0   0   0   0   0   0   0  0.62 0.01
   40 R   -1  4  0 -1 -3  4  1 -2  0 -3 -2  3 -1 -3 -2  0 -1 -3 -2 -3    0  31   0   0   0  34   0   0   0   0   0  34   0   0   0   0   0   0   0   0  0.50 0.01
   41 A    2  0  0 -1 -1  3  0 -1 -1 -2 -2  0 -1 -3 -1  1  3 -2 -2 -1   31   0   0   0   0  34   0   0   0   0   0   0   0   0   0   0  34   0   0   0  0.28 0.01
   42 A    2 -2 -2 -3 -1 -1 -2 -2 -2  1  2 -2  4  0 -2 -1 -1 -2 -1  0   31   0   0   0   0   0   0   0   0   0  34   0  34   0   0   0   0   0   0   0  0.21 0.01
   43 A    2 -1 -1  0 -2  0  3 -1 -1 -3 -3  0 -2 -3  5  0 -1 -3 -2 -2   31   0   0   0   0   0  34   0   0   0   0   0   0   0  34   0   0   0   0   0  0.63 0.01
   44 S    1 -1  0  0 -1  0  0  0 -1 -2 -2  0 -1 -2  0  3  1 -2 -1 -1    3   2   2   2   1   1   2   3   1   2   3   2   1   1   2  68   2   0   1   2  0.25 0.01
   45 G    0 -1 -1 -1 -1 -1 -1  3 -2  1  0 -1  0 -1 -1 -1  0 -2 -1  2    3   2   2   2   1   1   2  34   1   2   3   2   1   1   2   2   2   0   1  37  0.14 0.00
   46 M    0 -1 -1 -2  6 -1 -1 -1 -1  0  0 -1  3 -1 -1 -1  0 -1 -1  0    3   2   2   2  35   1   2   3   1   2   3   2  32   1   2   2   2   0   1   2  0.26 0.01
   47 L    2 -2 -3 -3 -1 -2 -2 -2 -2  0  2 -2  1  4 -2 -1 -1 -1  1  0   34   0   0   0   0   0   0   0   0   0  31   0   0  34   0   0   0   0   0   0  0.22 0.01
   48 A    3 -2 -2 -2 -1 -1 -1 -1 -2 -2 -2 -1 -2 -3  5  1  0 -3 -2 -1   66   0   0   0   0   0   0   0   0   0   0   0   0   0  34   0   0   0   0   0  0.65 0.01
   49 P   -1  3 -2 -2 -3 -1 -1 -3 -2  1 -1  0 -1 -2  6 -1 -1 -3 -2  0    0  29   0   0   0   0   0   0   0  23   0   0   0   0  48   0   0   0   0   0  0.75 0.02
   50 R   -1  4  0 -1 -3  3  0 -2  0 -3 -2  2 -1 -3 -2  0  1 -3 -2 -2    0  52   0   0   0  28   0   0   0   0   0   0   0   0   0   0  20   0   0   0  0.47 0.02
   51 G    1 -2 -1 -2 -1 -1 -2  2 -2  0  1 -1  0 -1 -2  0  2 -2 -2  0   20   0   0   0   0   0   0  23   0   0  28   0   0   0   0   0  30   0   0   0  0.18 0.01
   52 A    1  2 -2 -2 -2 -1 -1 -2 -2  1 -1  0 -1 -2  4 -1 -1 -3 -2  0   23  28   0   0   0   0   0   0   0  20   0   0   0   0  30   0   0   0   0   0  0.41 0.01
   53 Q    0  1  0  0 -3  3  2 -1  0 -3 -3  3 -1 -3 -1  2  0 -3 -2 -2    0   0   0   0   0  23  20   0   0   0   0  30   0   0   0  28   0   0   0   0  0.37 0.01
   54 L   -1 -2 -2 -2 -1 -2 -2 -2 -2  1  3 -2  1  3 -2  1  0 -1  0  0    0   0   0   0   0   0   0   0   0   0  52   0   0  20   0  28   0   0   0   0  0.20 0.01
   55 A    1 -1  0 -1 -2  2  0 -1  3 -3 -2  0 -1 -3  3  2  0 -3 -1 -2   20   0   0   0   0  14   0   0  14   0   0   0   0   0  18  34   0   0   0   0  0.37 0.01
   56 H   -2 -1  2 -1 -3  0 -1 -2  7 -3 -2 -1 -1  2 -3 -1 -2 -2  2 -3    0   0  13   0   0   0   0   0  69   0   0   0   0  18   0   0   0   0   0   0  0.63 0.03
   57 R   -2  6 -1 -2 -4  2  0 -2  0 -3 -2  2 -1 -3 -2 -1 -1 -3 -2 -3    0  87   0   0   0  13   0   0   0   0   0   0   0   0   0   0   0   0   0   0  0.73 0.03
   58 H   -2  5 -1 -2 -3  0 -1 -3  4 -2  0  1 -1 -2 -2 -1 -1 -3 -1 -2    0  64   0   0   0   0   0   0  18   0  18   0   0   0   0   0   0   0   0   0  0.44 0.02
   59 G    3 -2 -1 -1  3 -1 -1  3 -2 -2 -2 -1 -2 -3 -1  2  0 -3 -2 -1   36   0   0   0  10   0   0  23   0   0   0   0   0   0   0  30   0   0   0   0  0.34 0.02
   60 A    1  2  0  0 -2  1  3 -1 -1 -2 -2  0 -2 -3 -1  2  2 -3 -2 -2   12  17   0   0   0   0  33   0   0   0   0   0   0   0   0  19  19   0   0   0  0.30 0.02
   61 L    2 -2 -1 -2 -1 -1 -1 -1 -2 -1  0 -1  0  2 -2  2  1 -2  0 -1   33   0   0   0   0   0   0   0   0   0  12   0   0  19   0  26   9   0   0   0  0.16 0.01
   62 L   -1 -2 -3 -3 -1 -2 -3 -3 -3  1  4 -2  2  0 -3 -1 -1 -2 -1  1    0   0   0   0   0   0   0   0   0   0  90   0   0   0   0  10   0   0   0   0  0.41 0.03
   63 T    2 -1 -1 -1 -1 -1 -1 -1 -2  0 -1 -1  0 -2 -1  1  3 -2 -1  1   26   1   1   1   0   1   1   1   0   1   2   1   0   1   1  11  31   0   1  18  0.16 0.01
   64 G    0 -1  2 -1 -2 -1 -1  4  4 -3 -3 -1 -2 -2 -2  0 -1 -2 -1 -2    1   1  17   1   0   1   1  47  20   1   2   1   0   1   1   1   1   0   1   1  0.42 0.02
   65 A    3  2 -1 -1 -1  0 -1 -1 -1 -1 -1  0 -1 -2 -1  1  1 -2 -1 -1   47  20   1   1   0   1   1   1   0   1   2   1   0   1   1   1  18   0   1   1  0.20 0.01
   66 S    1  2 -1 -1 -2  0 -1 -1 -1 -2 -2  0 -1 -2  5  1  0 -2 -2 -1   21  17   1   1   0   1   1   1   0   1   2   1   0   1  34  14   1   0   1   1  0.50 0.01
   67 R    0  3  0 -1 -1  0  0 -1 -1  0 -1  1 -1 -1 -1  1  1 -2 -1  0    3  33   1   2   1   1   2   2   1  11   3   2   1   1   2  19  11   0   1   2  0.14 0.01
   68 C   -1 -1  1 -1  3 -1 -1 -1  2 -1 -1 -1 -1  2  3 -1 -1 -1  0 -1    3   2  11   2  13   1   2   2  10   2   3   2   1  18  20   2   2   0   1   2  0.23 0.01
   69 C   -1  2 -1 -2  3 -1 -1 -2 -1  0  2  0  1 -1 -1 -1 -1 -1 -1  0    3  18   1   2  13   1   2   2   1   2  41   2   1   1   2   2   2   0   1   2  0.11 0.01
   70 S    2  2 -1 -2 -1 -1 -1 -1 -2  0  2  0  0 -1 -2  1  0 -2 -2  0   35  19   0   0   0   0   0   0   0   0  33   0   0   0   0  12   0   0   0   0  0.14 0.01
   71 S    2 -2  0  3 -2 -1  0 -1 -2 -2 -3 -1 -2 -3  3  1  0 -3 -3 -2   41   0   0  32   0   0   0   0   0   0   0   0   0   0  16  11   0   0   0   0  0.41 0.02
   72 S    1 -1  3  0 -1 -1 -1 -1 -1  1 -1 -1 -1 -2 -2  2  0 -3 -2  1   15   0  32   0   0   0   0   0   0  16   0   0   0   0   0  21   0   0   0  16  0.17 0.02
   73 S    3 -1  0 -1 -1  0  1 -1 -1 -2 -2  0 -1 -3 -1  3  1 -3 -2 -1   37   0   0   0   0   0  11   0   0   0   0   0   0   0   0  45   7   0   0   0  0.34 0.03
   74 A    3 -2 -2 -2 -1 -1 -1 -1 -2 -1 -2 -1 -1 -3  4  0  1 -3 -2  1   54   0   0   0   0   0   0   0   0   0   0   0   0   0  26   0   7   0   0  13  0.47 0.03
   75 Q   -1  0 -1 -2 -2  2  0 -2 -1  0 -1  2 -1 -2  2 -1  0 -3 -2  2    0   0   0   0   0  21   0   0   0   0   0  26   0   0  11   0   7   0   0  35  0.21 0.03
   76 E   -1  0  2  1 -4  1  5 -2  0 -3 -3  1 -2 -4 -2  0  0 -3 -2 -3    0   0  11   0   0   0  73   0   0   0   0  10   0   0   0   0   6   0   0   0  0.64 0.06
   77 F   -2 -3 -2 -4 -3 -2 -3 -4 -3 -1  0 -3  9  2 -4 -3 -1 -3  1 -1    2   0   2   0   0   0   1   0   0   0   0   0  77   7   0   0   3   0   5   0  1.35 0.38
   78 S    3 -2  1 -2  1 -2 -2 -1 -2 -3 -3 -2 -3 -4  2  4  0 -4 -3 -2   34   0   6   0   3   0   0   0   0   0   0   0   0   0  11  43   2   0   0   0  0.58 0.22
   79 P    2 -2 -2 -2 -1 -1 -1 -2 -2  2  1  0  0  0  1  0  0 -3 -1  1   23   0   0   0   1   0   5   0   0  19  15   7   0   4   7   8   6   0   1   5  0.13 0.10
   80 K   -1  0  1  4 -3  0  0 -2 -2 -3 -4  3 -3 -4 -2  1  3 -4 -3 -3    2   1   7  26   0   1   1   0   0   0   0  30   0   0   0   7  23   0   0   0  0.54 0.22
   81 I   -2 -1  0 -3 -2 -1 -2 -3 -3  3  2  3  0 -2 -3 -2  1 -3 -2  1    1   1   4   0   0   1   0   0   0  26  19  25   0   1   0   0  11   0   0   9  0.27 0.17
   82 N    0 -1  1  4 -4  1  4 -2 -2 -4 -3  1 -3 -4 -2 -1 -1 -4 -3 -2    7   0   8  24   0   6  37   1   0   0   2   8   0   0   0   2   1   0   0   2  0.59 0.22
   83 D    0 -1  0  3 -4  4  3 -2 -1 -4 -4  2 -3 -4 -2  0 -1 -4 -3 -3    7   1   3  17   0  22  26   1   0   0   0  13   0   0   0   4   3   0   0   1  0.55 0.21
   84 L   -3 -4 -5 -5 -3 -4 -5 -5 -4  5  3 -4  1  2 -4 -4 -2 -3 -2  1    0   0   0   0   0   0   0   0   0  51  29   0   2  11   0   0   0   0   0   6  0.85 0.28
   85 V    0 -3 -4 -4 -1 -3 -2 -1 -4  3  3 -3  1 -2 -4 -3 -1 -4 -2  3    6   0   0   0   1   0   2   6   0  26  30   1   1   0   0   0   1   0   0  27  0.45 0.19
   86 D   -1 -2  1  3 -4  1  5 -3 -2 -4 -4  0 -3 -5 -3  0  0 -5 -4 -4    5   0   7  20   0   6  48   0   0   0   0   2   0   0   0   7   6   0   0   0  0.77 0.27
   87 Q    3 -1  0  1 -3  2  1 -2 -2 -2 -2  0 -1 -1 -2  1 -1  0 -1 -2   34   2   3   8   0  15  11   0   0   1   2   6   1   4   0   9   1   2   1   1  0.26 0.16
   88 I   -3 -4 -5 -5 -3 -4 -5 -5 -5  5  3 -4  0  1 -4 -4 -2 -3 -2  2    0   0   0   0   0   0   0   0   0  46  36   0   0   6   0   0   0   0   0  12  0.84 0.28
   89 S    2  0 -1 -1  1 -1  1  0 -2 -3 -2  3  0 -4 -2  2 -1 -4 -3 -1   17   1   0   1   4   0   9   5   0   0   1  28   3   0   0  24   0   0   0   6  0.31 0.19
   90 S    0 -1  2  1 -3  0  3  1 -2 -4 -3  1 -3 -4 -2  2  0 -4 -3 -3    7   0  11   4   0   3  27  13   0   0   2   7   0   0   0  23   3   0   0   0  0.38 0.18
   91 L   -1 -3 -4 -5 -3 -3 -4 -5 -4  0  4 -1  7 -2 -4 -3 -3 -3 -3 -1    5   0   0   0   0   0   0   0   0   2  51   3  39   0   0   1   0   0   0   0  1.01 0.35
   92 T   -1 -3  0  0 -3 -2 -2 -3 -3 -3 -4  0 -3 -4 -2  3  5 -5 -4 -2    0   0   4   5   0   0   0   0   0   0   0   4   0   0   1  30  56   0   0   0  0.88 0.35
   93 L   -2 -4 -5 -5 -2 -4 -4 -5 -4  3  4 -4  1 -2 -4 -3 -1 -4 -3  4    2   0   0   0   0   0   0   0   0  15  41   0   1   0   0   0   1   0   0  40  0.72 0.25
   94 L   -2 -2 -1 -3  2 -1 -1 -4 -3  1  4 -1  4 -1 -3 -2 -1 -3 -2  0    2   0   3   0   5   3   5   0   0   5  48   5  15   0   0   2   3   0   0   3  0.39 0.20
   95 E   -3 -2  0  2 -5  2  6 -4 -2 -5 -5  0 -4 -5 -3 -1 -3 -5 -4 -4    0   0   3   9   0   7  76   0   0   0   0   3   0   0   0   2   0   0   0   0  1.31 0.40
   96 A    3 -3 -4 -4 -2 -3 -3 -3 -4  2  3 -3  0 -2 -3 -1 -1 -3 -3  2   31   0   0   0   0   0   0   0   0  15  35   0   1   0   0   2   2   0   0  14  0.43 0.20
   97 S    2  0  3 -1 -1  0 -1 -2 -1 -2 -2  0  0 -3 -2  2  0 -4 -2  1   23   5  18   2   1   3   0   0   0   0   1   4   4   0   0  24   1   0   1  13  0.27 0.17
   98 E   -1 -1 -1  3 -5  0  6 -3 -2 -2 -4  0 -3 -5 -3 -1 -2 -5 -4 -3    3   1   1  17   0   2  62   1   0   4   0   5   0   0   0   4   0   0   0   1  0.92 0.32
   99 L   -3 -4 -5 -6 -3 -4 -5 -6 -5  0  6 -4  1  2 -5 -4 -3 -3 -2  0    0   0   0   0   0   0   0   0   0   2  87   0   1   7   0   0   0   0   0   3  1.15 0.36
  100 T   -1 -3 -1 -4 -2 -3 -3 -4 -4  3  0 -1 -1 -2 -4 -1  0 -4 -3  5    4   0   3   0   0   0   0   0   0  23   1   5   0   0   0   3   6   0   0  55  0.62 0.26
  101 D   -1  0  1  2 -4  0  2 -2 -1 -4 -4  5 -3 -4 -2  1  0 -5 -3 -4    2   0   6  12   0   1  13   1   0   0   0  49   0   0   0  10   6   0   0   0  0.61 0.25
  102 A    3  0 -1 -1 -2  1  1 -1  0  0  0  1  1 -2 -2 -1 -1 -1  0 -1   34   3   1   1   0   8  12   3   2   6   9   9   6   0   0   1   1   1   3   0  0.16 0.14
  103 L   -2 -4 -4 -5 -1 -3 -4 -5 -4  3  4 -4  5  2 -4 -3 -2 -3 -2  1    1   0   0   0   1   0   0   0   0  25  41   0  18   9   0   0   0   0   0   4  0.69 0.25
  104 K   -1  0 -2 -1 -5  2  6 -4 -2 -5 -5  2 -4 -5 -3 -2 -3 -5 -4 -4    3   2   0   0   0   7  73   0   0   0   0  15   0   0   0   0   0   0   0   0  1.24 0.39
  105 E   -2 -2  0  3 -5  1  6 -3 -2 -5 -5  1 -4 -5 -3 -1 -1 -5 -4 -4    1   0   4  16   0   5  61   0   0   0   0  10   0   0   0   1   3   0   0   0  1.00 0.33
  106 K   -1  1 -2 -2 -4  1  3 -3 -1 -4 -4  5 -3 -4 -3 -1  2 -4 -3 -2    5   4   0   0   0   2  19   0   1   0   0  52   0   0   0   0  13   0   0   3  0.69 0.28
  107 L   -4 -4 -5 -5 -4 -5 -5 -5 -2  0  1 -5 -1  7 -5 -4 -4  6  2 -2    0   0   0   0   0   0   0   0   1   3  16   0   0  65   0   0   0  10   5   0  1.41 0.38
  108 G   -1 -2  1  1 -1  0 -1  6 -2 -4 -4 -1 -3 -4 -3 -1 -1 -3 -3 -3    1   1   6   7   2   4   3  63   0   1   1   4   0   1   1   1   4   0   0   1  0.83 0.23
  109 V   -1 -3 -3 -3 -2 -3 -3 -3 -3  3  0 -3  0  1 -3 -2 -1 -3 -2  5    1   1   1   1   0   1   1   1   0  22   1   1   0   5   1   1   1   0   1  59  0.65 0.22
  110 S   -1 -1  0  2 -2  0  0 -1 -2 -2 -3 -1 -2 -3  2  4  2 -3 -2 -2    1   1   3  11   0   4   6   2   0   1   2   3   0   1   9  40  14   0   1   2  0.38 0.16
  111 G    4 -1 -1  0 -2 -1 -1 -1 -2 -1 -2  0 -2 -2  1  1 -1 -3 -2 -1   51   2   1   6   0   1   3   2   0   2   2   5   0   1   8   9   2   0   1   3  0.36 0.15
  112 A    3 -2  0 -1 -1 -1 -1  0 -2  0 -1 -1 -1 -2 -1  1  0 -2 -2  0   45   1   6   2   0   2   2   5   0   8   4   1   1   1   1  10   4   0   1   5  0.24 0.12
  113 M    3 -2  0 -2 -1 -1 -1  1 -2 -1 -2 -1  0  0  0  1  0 -2 -2  0   43   1   6   1   0   1   2   8   0   4   2   1   3   5   4   9   2   0   1   5  0.23 0.12
  114 M    1 -1 -1 -1 -1 -1 -1 -1 -2  0  0 -1  1  0  4  0  0 -2 -1  0   13   2   2   2   1   1   2   5   1   5  13   2   4   5  24   8   3   0   1   6  0.25 0.07
  115 M    1 -1 -1 -2 -1 -1 -1 -1 -1  1  0 -1  1 -1  0  0  0 -2 -1  2   17   2   2   2   1   3   2   5   1   5   7   2   6   1   4   4   5   0   2  29  0.09 0.06
  116 P    2 -1 -1 -1 -1 -1 -1  0 -1  0 -1 -1  0 -1  3  0  0 -1 -1  0   24   2   3   2   1   2   3   8   1   5   4   2   4   2  14   6   5   1   1  10  0.14 0.04
  117 A    2 -1 -1 -1 -1  0 -1  1 -1  0 -1 -1  1 -1  0  0  0 -1 -1  1   23   2   2   3   1   4   3  11   1   3   4   2   6   2   5   7   2   1   1  18  0.08 0.04
  118 M    2 -1 -1 -1 -1 -1 -1  2 -1 -1 -1 -1  1 -1  0  0  0 -1 -1  0   27   3   3   2   1   2   3  16   1   2   4   3   5   2   3   4   7   1   1  11  0.10 0.05
  119 G    2 -1  0 -1 -1 -1 -1  2 -1 -1 -1  0  0 -1  0  0  0 -1 -1  0   25   2   3   2   1   2   3  19   1   3   4   4   5   3   4   6   3   1   1   9  0.11 0.05
  120 A    2 -1  0 -1 -1 -1 -1  1 -1  0  0 -1  2 -1  1  0  0 -2 -1  1   23   2   4   2   1   2   3  11   1   4   5   3   9   1   5   7   4   1   1  12  0.08 0.05
  121 M    2 -1 -1 -1 -1 -1 -1  2 -1 -1  0  0  1 -1  1  0  0 -2 -1  1   23   2   3   3   1   2   3  15   1   2   8   4   5   1   8   4   3   0   1  12  0.10 0.05
  122 P    1 -1 -1 -1 -1 -1 -1  0 -1  0 -1 -1  0 -1  2  0  1 -1 -1  0   18   3   2   3   1   2   3   9   1   3   5   3   3   2  13   6  10   1   2  12  0.12 0.03
  123 A    1 -1  0  0 -1  0  0  1 -1 -1 -1  0  0 -1  2  1  0 -1 -1  0   20   2   4   4   1   2   4   9   1   2   4   5   3   2   9   8   7   1   1  10  0.09 0.03
  124 A    2 -1  0 -1 -1  0 -1  0 -1 -1 -1 -1  0 -1  2  1  0 -1 -1  0   24   2   4   3   1   4   3   7   1   3   4   3   4   2  12   8   6   1   1   9  0.12 0.04
  125 A    2 -1  0  0  0 -1  0  0 -1  0  0 -1  0 -1  0  0  0 -1 -1  1   28   2   4   4   3   2   7   5   1   3   9   2   2   2   5   6   4   1   1  12  0.07 0.04
  126 A    2 -1 -1  0 -1  0 -1  0 -1 -1 -1 -1  0 -1  2  1  0 -2 -1  0   27   3   2   4   1   4   3   6   1   2   4   2   3   3   9  11   4   1   1  11  0.11 0.05
  127 A    2 -1  0 -1 -1 -1 -1  0 -1  0 -1 -1  0 -2  2  0  0 -2 -1  1   28   2   5   2   1   2   2   7   2   2   3   2   4   1   9   6   2   0   1  17  0.13 0.07
  128 A    2 -1 -1 -1 -1 -1 -1  1 -1  0 -1 -1  0 -2  2  0  0 -2 -1  1   30   2   3   2   1   1   4   9   1   7   3   3   2   1   9   5   2   0   1  14  0.14 0.07
  129 P    2 -1 -1 -1 -1 -1  0  2 -2  0 -1 -1 -1 -2  1  0  0 -2 -2  0   31   1   3   2   1   1   5  15   1   4   5   2   1   1   7   6   3   0   1  10  0.16 0.07
  130 A    3 -2  0 -1 -1 -1  0  2 -2 -2 -2 -1 -1 -2  1  1  0 -2 -2  0   32   1   3   1   0   1   5  20   1   1   2   1   1   1   8   9   4   0   1   6  0.24 0.10
  131 A    3 -1  0 -1 -2  0  0  2 -2 -2 -2 -1 -2 -2  1  0  0 -3 -2  0   36   2   4   1   0   5   4  16   0   1   2   1   0   1   6   5   5   0   1   9  0.23 0.11
  132 A    3 -2 -1 -1 -2  0  0  3 -2 -2 -2  0 -2 -3  1  0 -1 -3 -3 -1   39   1   2   2   0   4   4  23   0   1   1   5   0   0   7   3   2   0   0   5  0.34 0.15
  133 A    3 -2  0  0 -2  0  1  2 -1 -2 -3 -1 -2 -3  0  0  0 -3 -3 -1   39   1   3   5   0   3  10  21   1   1   1   1   0   0   4   2   3   0   0   3  0.32 0.15
  134 P    3 -2  0  0 -2  0  0  2 -2 -1 -2  0 -2 -3  1  0 -1 -3 -2 -1   37   1   3   5   0   3   7  17   0   3   1   4   0   0   7   5   2   0   0   3  0.26 0.12
  135 E    3 -2  0  0 -2  0  1  2 -2 -2 -2 -1 -2 -3  2  0  0 -3 -2 -1   36   1   4   4   0   2  11  16   0   1   1   1   0   0   9   2   4   0   0   5  0.28 0.13
  136 E    3 -2 -2  0 -2  0  2  2 -2 -2 -2  0 -2 -3  0  0 -1 -3 -3 -1   42   1   1   4   0   3  16  14   0   1   1   4   0   0   3   3   1   0   0   4  0.33 0.16
  137 E    2 -2  0  1 -2  0  3  0 -2 -1 -3 -1 -2 -3  2  0 -1 -3 -3 -1   30   1   3   9   0   1  27   5   0   4   1   2   0   0  10   3   2   0   0   2  0.32 0.15
  138 A    3 -1 -2 -1 -2  0  0 -1 -2 -1 -2  1 -2 -3  1  0  0 -3 -2  1   44   2   0   2   0   3   7   3   0   3   1   9   0   0   5   4   3   0   0  10  0.26 0.15
  139 A    3 -1 -2 -2 -2  0  1 -1 -2  0 -2 -1 -1 -3  0  0 -1 -3 -2  2   36   3   1   1   0   2  13   2   0   4   1   2   0   0   5   2   1   0   0  26  0.26 0.16
  140 P    1 -2 -2  1 -4  0  6 -3 -2 -2 -3  0 -3 -4 -2 -1 -2 -4 -3 -2   12   0   0   4   0   0  69   1   0   2   1   3   0   0   1   1   1   0   0   3  0.91 0.31
  141 E    0  0 -2  0 -4  0  6 -3 -2 -4 -4 -1 -3 -4 -3 -2 -2 -4 -3 -2    8   4   0   0   0   1  79   0   0   0   1   1   0   0   0   0   1   0   0   2  1.18 0.37
  142 K   -2  1 -2 -2 -5  4 -1 -3 -2 -4 -4  6 -3 -5 -1 -2 -2 -4 -3 -4    1   3   0   0   0  22   0   0   0   0   0  69   0   0   2   1   0   0   0   0  1.14 0.38
  143 T   -2 -3 -1  1 -3 -2 -1 -3 -3 -3 -2 -2 -3 -4 -3  1  6 -4 -3 -2    1   0   1   8   0   0   2   0   0   0   2   0   0   0   0   9  77   0   0   0  1.09 0.39
  144 S   -1 -2  0  1 -4  0  6 -3  1 -4 -3 -1 -3 -4 -3  0  0 -4 -3 -3    2   0   2   4   0   0  68   0   3   0   2   2   0   0   0   7   7   0   0   1  0.91 0.32
  145 F   -4 -5 -5 -5 -4 -5 -5 -5 -3 -2 -1 -5 -2  8 -5 -4 -4  2  1 -1    1   0   0   0   0   0   0   0   0   0   1   0   0  89   0   0   0   2   1   4  1.93 0.48
  146 T   -2 -3  2  6 -4 -1  1 -3 -2 -3 -4 -1 -4 -4 -3  0  2 -5 -4 -3    2   0  10  55   0   1   5   0   0   1   0   1   0   0   0   6  17   0   0   0  0.90 0.29
  147 V   -2 -4 -5 -5 -3 -4 -4 -5 -5  2  0 -4 -1 -2 -4 -3 -2 -4 -3  6    1   0   0   0   0   0   0   0   0   8   6   0   0   0   0   0   0   0   0  84  1.16 0.38
  148 K   -2 -1 -3 -4 -3 -3 -1 -4 -3  4  0 -1  2 -1 -4 -3 -1 -4 -2  4    0   3   0   0   0   0   6   0   0  37   2   5   5   2   0   1   3   0   0  36  0.51 0.23
  149 L   -3 -4 -5 -5 -3 -4 -5 -5 -4  1  5 -4  2  1 -5 -4 -3 -3 -2  0    0   0   0   0   0   0   0   0   0   7  81   0   4   4   0   0   0   0   0   4  1.02 0.33
  150 E    0 -1  0  1 -3  1  3 -2 -2 -2 -1  2 -1 -3 -2  0  3 -4 -3 -1    7   0   3   5   0   4  21   0   0   1   5  20   1   0   0   2  26   0   0   5  0.30 0.17
  151 G    1 -2  1  3 -3 -1  3  1 -2 -4 -4 -1 -3 -4 -2  3  0 -4 -3 -3    9   0   6  15   0   1  23   9   0   0   0   0   0   0   0  30   5   0   0   0  0.44 0.19
  152 F    3 -3 -2 -3 -1 -2 -3 -2  0  1 -1 -2 -1  3 -3 -1 -1 -2  1  2   38   0   1   0   0   0   0   1   3   8   1   0   0  17   0   0   0   0   4  23  0.35 0.19
  153 D    0 -1  0  2 -1  0  0  0 -1 -1 -1  0 -1 -2  4  0  0 -1 -1 -1   10   2   2  13   1   2   4   5   1   5   4   6   1   2  24   7   5   1   2   3  0.28 0.05
  154 A    2 -2 -1 -2 -3 -3 -3  5 -3 -4 -4 -2 -4 -4  0  1 -1 -4 -4 -4   16   1   1   2   0   0   0  60   0   0   0   0   0   0   4  12   3   0   0   0  0.90 0.28
  155 A    2 -2  0  4 -3  0  1  1 -2 -3 -3  0 -3 -4  0  1 -1 -4 -3 -2   22   0   3  30   0   2   6  11   0   0   0   4   0   0   3  13   1   0   0   3  0.39 0.17
  156 S    0  0  4  0 -4  1  0 -2 -2 -4 -4  4 -3 -4 -3  1 -1 -5 -3 -4    9   0  29   3   0   7   2   0   0   0   0  40   0   0   0  10   1   0   0   0  0.64 0.27
  157 K   -3  3 -2 -3 -5 -1 -1 -4 -3 -5 -5  7 -3 -5 -3 -2 -3 -5 -4 -4    0  14   0   0   0   0   0   0   0   0   0  86   0   0   0   0   0   0   0   0  1.53 0.46
  158 I   -2 -4 -5 -5 -3 -4 -5 -5 -5  6  1 -4  0 -2 -4 -4 -2 -4 -3  4    2   0   0   0   0   0   0   0   0  57   7   0   0   0   0   0   0   0   0  34  1.00 0.33
  159 K    3 -1  3 -1 -3  1  0  1 -1 -3 -3  2 -2 -4  1  1 -1 -4 -3 -2   33   0  16   0   0   6   5   9   0   0   0  15   0   0   5   8   1   0   0   0  0.36 0.18
  160 V   -1 -4 -5 -5 -3 -4 -4 -5 -5  3  0 -4 -1 -2 -4 -3 -1 -5 -3  6    2   0   0   0   0   0   0   0   0  10   5   0   0   0   0   1   2   0   0  80  1.08 0.37
  161 I   -3 -5 -5 -5 -3 -5 -5 -6 -5  7  2 -5  0 -2 -5 -4 -3 -4 -1  1    0   0   0   0   0   0   0   0   0  79  16   0   0   0   0   0   0   0   1   4  1.23 0.38
  162 K   -3  1 -2 -3 -5 -1 -1 -4 -3 -5 -5  7 -4 -5 -3 -2 -2 -5 -4 -5    0   2   0   0   0   0   0   0   0   0   0  97   0   0   0   0   1   0   0   0  1.72 0.51
  163 E    3 -3 -3 -2 -2 -2  2 -3 -3  0 -1 -2 -1 -3 -3 -1  0 -4 -3  3   35   0   0   0   0   0  18   0   0   3   5   0   1   0   0   1   6   0   0  31  0.38 0.22
  164 V   -2 -4 -5 -5 -3 -4 -4 -5 -5  3  0 -4 -1 -2 -4 -4 -2 -4 -1  6    1   0   0   0   0   0   0   0   0  16   3   0   0   0   0   0   0   0   2  78  1.12 0.37
  165 R   -3  7 -2 -4 -6 -1 -2 -4 -2 -5 -4  3 -3 -5 -4 -3 -3 -5 -4 -5    0  84   0   0   0   0   0   0   0   0   0  16   0   0   0   0   0   0   0   0  1.72 0.47
  166 A    2 -2  1  1 -3  0  4  1 -2 -4 -4 -1 -3 -4 -2  1 -1 -4 -3 -3   21   0   8   8   0   0  36  10   0   0   0   1   0   0   0  13   2   0   0   0  0.47 0.21
  167 I    1 -4 -4 -4  1 -3 -4 -4 -4  4  3 -3  1 -1 -4 -2 -1 -4 -3  2   13   0   0   0   3   0   0   0   0  41  27   0   2   0   0   0   3   0   0  12  0.52 0.21
  168 T   -1 -3 -2 -3 -2 -1 -3 -4 -4 -1 -1 -3 -2 -4 -3  0  7 -4 -4 -2    2   0   0   0   1   3   0   0   0   2   5   0   0   0   0   2  83   0   0   0  1.21 0.43
  169 G   -1 -3  1 -2 -4 -3 -3  6 -3 -5 -5 -2 -4 -5 -4  2 -2 -4 -4 -5    1   0   7   1   0   0   1  71   0   0   0   2   0   0   0  17   1   0   0   0  1.20 0.34
  170 L   -3 -4 -5 -5 -3 -4 -4 -5 -5  1  6 -4  1  0 -5 -3 -3 -3 -3  0    1   0   0   0   0   0   0   0   0   6  87   0   1   2   0   1   0   0   0   2  1.08 0.35
  171 G    0 -4  0 -1 -4 -3 -3  6 -4 -5 -5 -3 -4 -5 -4  0 -3 -4 -5 -5    6   0   3   4   0   0   0  82   0   0   0   0   0   0   0   6   0   0   0   0  1.43 0.37
  172 L   -3 -4 -5 -6 -3 -4 -5 -6 -5  0  6 -4  0 -1 -5 -4 -3 -4 -3 -1    0   0   0   0   0   0   0   0   0   1  98   0   0   0   0   0   0   0   0   1  1.38 0.42
  173 K   -2  0 -1 -3 -4 -1 -1 -1 -3 -2 -3  6  2 -4 -3 -1 -2 -4 -1 -1    2   0   1   0   0   0   0   3   0   2   1  74   7   0   0   1   1   0   2   5  0.94 0.37
  174 E   -3 -2 -2  3 -6  1  6 -2 -2 -5 -5 -1 -4 -5 -3 -2 -3 -5 -4 -5    0   0   0  14   0   5  78   2   0   0   0   0   0   0   0   0   0   0   0   0  1.39 0.43
  175 A    6 -3 -3 -4 -2 -3 -3 -2 -4 -2 -3 -3 -3 -4 -3  1 -2 -5 -4 -1   91   0   0   0   0   0   0   0   0   2   0   0   0   0   0   5   0   0   0   2  1.24 0.43
  176 K   -3  0 -2 -2 -5  0 -1 -4 -3 -5 -5  7 -4 -5 -3 -2 -3 -5 -4 -5    0   0   1   1   0   2   0   0   0   0   0  97   0   0   0   0   0   0   0   0  1.70 0.51
  177 E    0 -2 -1  5 -4 -1  3  0 -2 -4 -4  2 -4 -5 -3 -1 -1 -5 -4 -4   11   0   0  44   0   0  22   5   0   0   0  15   0   0   0   1   3   0   0   0  0.73 0.27
  178 L   -1 -3 -4 -5 -3 -3 -4 -4 -4  0  5 -3  3  2 -4 -2 -2 -3 -2  0    6   0   0   0   0   0   0   0   0   2  65   1   9  11   0   3   0   0   0   3  0.68 0.26
  179 V   -1 -4 -4 -5 -3 -4 -4 -5 -5  3  0 -4 -1 -3 -4 -3  0 -5 -3  6    2   0   0   0   0   0   0   0   0  14   2   0   0   0   0   1   5   0   0  77  1.03 0.36
  180 E   -2 -2  0  5 -5  0  6 -2 -2 -5 -5 -1 -4 -5 -3 -1 -2 -5 -4 -4    2   0   2  33   0   0  58   1   0   0   0   1   0   0   0   1   1   0   0   1  1.14 0.36
  181 G    1 -2  1  0 -3 -1  0  4 -2 -3 -4  0 -3 -4 -2  3  1 -4 -3 -2   13   0   5   4   0   1   4  33   0   0   0   5   0   0   0  27   7   0   0   1  0.46 0.19
  182 A    4 -3 -3 -4 -1 -3 -3 -1 -3 -1  2 -3 -1 -1  0 -1  0 -4 -3  0   58   0   0   0   1   0   0   3   0   0  22   0   0   2   3   1   6   0   0   5  0.52 0.26
  183 P   -3 -4 -3 -1 -5 -3 -3 -1 -4 -5 -5 -3 -5 -6  8 -3 -3 -6 -5 -5    0   0   0   4   0   0   0   4   0   0   1   0   0   0  90   0   0   0   0   0  2.48 0.53
  184 K    1  0 -1 -2  0  1 -1 -1 -2 -2 -3  5 -2 -3 -2  1  0 -4 -3 -1   10   0   1   0   2   6   0   4   0   2   0  54   0   1   0  11   4   0   0   6  0.52 0.25
  185 D    1 -2  0 -2 -2 -1 -1 -2 -3  0 -1  0 -1 -3  3  0  2 -4 -3  2   16   0   4   0   0   1   4   0   0   4   3   9   1   0  17   2  19   0   0  19  0.27 0.15
  186 L   -2 -4 -5 -5 -2 -4 -4 -5 -4  4  3 -4  0  0 -4 -4 -2 -4 -2  4    0   0   0   0   0   0   0   0   0  33  27   0   1   3   0   0   0   0   0  37  0.74 0.26
  187 K   -2  0 -2 -3 -2  1 -1 -4 -3 -4 -1  7 -3 -4 -3 -2 -3 -5 -1 -3    2   1   0   0   1   3   0   0   0   0   7  82   0   0   0   0   0   0   2   0  1.18 0.41
  188 V   -1 -2 -2  1 -5  1  7 -4 -2 -5 -5 -1 -4 -5 -2 -1 -1 -5 -4 -4    3   0   1   3   0   5  82   0   0   0   0   0   0   0   1   3   2   0   0   1  1.33 0.42
  189 D    1 -2  3  0 -4 -2 -2  5 -2 -5 -5  0 -4 -4 -3  0 -2 -4 -4 -4   11   1  18   4   0   1   0  54   1   0   0   6   0   0   0   5   1   0   0   0  0.82 0.26
  190 V    0 -4 -4 -4 -2 -3 -4 -4 -4  3  1 -4  1 -2 -4 -3 -1 -4 -3  5   10   0   0   0   0   0   0   0   0  21  11   0   2   0   0   0   2   0   0  54  0.67 0.26
  191 K    1 -2  2 -1 -3 -1 -1 -1 -2 -4 -3  1 -3 -4  0  5  1 -4 -3 -3   11   0   8   2   0   0   1   1   0   0   1  10   0   0   3  57   5   0   0   0  0.62 0.28
  192 K   -1  0 -2 -3 -5  0  0 -3 -3 -3 -3  7 -3 -5  0 -2 -2 -5 -4 -4    3   1   0   0   0   1   3   0   0   1   2  85   0   0   4   0   1   0   0   0  1.24 0.41
  193 E   -2 -2 -1  5 -5  1  5 -3 -2 -5 -5 -1 -4 -5 -3 -2 -3 -5 -4 -4    1   0   0  43   0   3  53   0   0   0   0   0   0   0   0   0   0   0   0   0  1.23 0.33
  194 T   -2 -1  1  5 -4  0  4 -2 -1 -4 -4  0 -3 -4 -2 -1  1 -4 -3 -3    0   0   3  39   0   0  46   0   0   0   0   1   0   0   0   0  10   0   0   0  0.77 0.15
  195 V    5 -2 -2 -3 -1 -2 -2 -1 -3 -2 -2 -2 -2 -3 -2  0 -1 -3 -3  0   95   0   0   0   0   0   0   0   0   0   2   0   0   0   0   0   0   0   0   3  0.76 0.18
  196 V    0 -1  0  0 -4  1  6 -3 -1 -3 -3  0 -1 -4 -2 -1 -2 -4 -3 -2    8   0   2   0   0   0  82   0   0   0   0   3   2   0   0   0   0   0   0   3  0.85 0.17
  197 A    5 -2 -2 -3 -1 -1 -1 -1 -2 -2 -2  1 -2 -3 -2  0 -1 -3 -3 -1   91   0   0   0   0   0   0   0   0   0   0   9   0   0   0   0   0   0   0   0  0.70 0.17
  198 R    2  0 -2 -3 -1 -1 -2 -2 -2  2  1 -1  1 -1 -2 -1 -1 -3 -2  1   33  10   0   0   0   0   0   0   0  36  15   0   7   0   0   0   0   0   0   0  0.15 0.03
  199 T    1  1 -1 -1 -2  0  0  0 -1 -2 -1  4 -1 -3 -1  0  1 -3 -2 -2   16   0   0   0   0   0   0   8   0   0   7  59   0   0   0   0  10   0   0   0  0.28 0.04
  200 S    1  1  0 -1 -2  0  1 -1 -1 -2 -2  3 -1 -3 -1  2  2 -3 -2 -2   15   0   0   0   0   0   8   0   0   0   0  38   0   0   0  21  17   0   0   0  0.28 0.03
  201 L    1 -1 -1  1 -2  2  1 -2 -1 -1  1  1  0 -2 -2  0 -1 -3 -2 -1   18   0   0   8   0  17   9   0   0   0  30   8   0   0   0   9   0   0   0   0  0.12 0.02
  202 I   -2 -3 -4 -4 -2 -3 -3 -4 -3  3  4 -3  2  0 -3 -3 -1 -2 -1  2    0   0   0   0   0   0   0   0   0  39  61   0   0   0   0   0   0   0   0   0  0.44 0.04
  203 T    0 -1  0 -1 -1 -1 -1 -2 -2 -1 -1 -1 -1 -2 -1  1  5 -3 -2  0    0   0   0   0   0   0   0   0   0   0   0   0   0   0   0   0 100   0   0   0  0.59 0.05
  204 L   -2 -2 -4 -4 -1 -2 -3 -4 -3  2  4 -3  2  0 -3 -3 -1 -2 -1  1    0   0   0   0   0   0   0   0   0   0 100   0   0   0   0   0   0   0   0   0  0.46 0.00
  205 I   -1 -3 -3 -3 -1 -3 -3 -4 -3  4  1 -3  1  0 -3 -2 -1 -3 -1  2    0   0   0   0   0   0   0   0   0   0   0   0   0   0   0   0   0   0   0   0  0.00     0.00
  206 L   -1 -2 -3 -4 -1 -2 -3 -4 -3  1  4 -2  2  0 -3 -2 -1 -2 -1  1    0   0   0   0   0   0   0   0   0   0   0   0   0   0   0   0   0   0   0   0  0.00     0.00
  207 E   -1  0  0  1 -4  2  5 -2  0 -3 -3  1 -2 -3 -1  0 -1 -3 -2 -2    0   0   0   0   0   0   0   0   0   0   0   0   0   0   0   0   0   0   0   0  0.00     0.00
  208 A    4 -1 -1 -2  0 -1 -1  0 -2 -1 -1 -1 -1 -2 -1  1  0 -2 -2  0    0   0   0   0   0   0   0   0   0   0   0   0   0   0   0   0   0   0   0   0  0.00     0.00
  209 A    4 -1 -1 -2  0 -1 -1  0 -2 -1 -1 -1 -1 -2 -1  1  0 -2 -2  0    0   0   0   0   0   0   0   0   0   0   0   0   0   0   0   0   0   0   0   0  0.00     0.00
  210 S    1 -1  1  0 -1  0  0  0 -1 -2 -2  0 -1 -2 -1  4  1 -3 -2 -2    0   0   0   0   0   0   0   0   0   0   0   0   0   0   0   0   0   0   0   0  0.00     0.00
  211 K   -1  2  0 -1 -3  1  1 -1 -1 -3 -2  4 -1 -3 -1  0 -1 -3 -2 -2    0   0   0   0   0   0   0   0   0   0   0   0   0   0   0   0   0   0   0   0  0.00     0.00
  212 P   -1 -2 -2 -1 -3 -1 -1 -2 -2 -3 -3 -1 -2 -4  7 -1 -1 -4 -3 -2    0   0   0   0   0   0   0   0   0   0   0   0   0   0   0   0   0   0   0   0  0.00     0.00
  213 S    1 -1  1  0 -1  0  0  0 -1 -2 -2  0 -1 -2 -1  4  1 -3 -2 -2    0   0   0   0   0   0   0   0   0   0   0   0   0   0   0   0   0   0   0   0  0.00     0.00
  214 S    1 -1  1  0 -1  0  0  0 -1 -2 -2  0 -1 -2 -1  4  1 -3 -2 -2    0   0   0   0   0   0   0   0   0   0   0   0   0   0   0   0   0   0   0   0  0.00     0.00
  215 F   -2 -3 -3 -3 -2 -3 -3 -3 -1  0  0 -3  0  6 -4 -2 -2  1  3 -1    0   0   0   0   0   0   0   0   0   0   0   0   0   0   0   0   0   0   0   0  0.00     0.00
  216 T    0 -1  0 -1 -1 -1 -1 -2 -2 -1 -1 -1 -1 -2 -1  1  4 -2 -2  0    0   0   0   0   0   0   0   0   0   0   0   0   0   0   0   0   0   0   0   0  0.00     0.00
  217 V    0 -2 -3 -3 -1 -2 -2 -3 -3  2  1 -2  1 -1 -2 -2  0 -3 -1  4    0   0   0   0   0   0   0   0   0   0   0   0   0   0   0   0   0   0   0   0  0.00     0.00
  218 K   -1  2  0 -1 -3  1  1 -1 -1 -3 -2  4 -1 -3 -1  0 -1 -3 -2 -2    0   0   0   0   0   0   0   0   0   0   0   0   0   0   0   0   0   0   0   0  0.00     0.00

                      K         Lambda
Standard Ungapped    0.1255     0.3141
Standard Gapped      0.0415     0.2670
PSI Ungapped         0.1355     0.3176
PSI Gapped           0.0415     0.2670
