
Last position-specific scoring matrix computed, weighted observed percentages rounded down, information per position, and relative weight of gapless real matches to pseudocounts
            A   R   N   D   C   Q   E   G   H   I   L   K   M   F   P   S   T   W   Y   V   A   R   N   D   C   Q   E   G   H   I   L   K   M   F   P   S   T   W   Y   V
    1 G     0  -2   0  -1  -2  -2  -2   5  -2  -4  -4  -2  -3  -3  -2   0  -2  -2  -3  -3    0   0   0   0   0   0   0   0   0   0   0   0   0   0   0   0   0   0   0   0  0.00     0.00
    2 T     0  -1   0  -1  -1  -1  -1  -2  -2  -1  -1  -1  -1  -2  -1   1   4  -2  -2   0    0   0   0   0   0   0   0   0   0   0   0   0   0   0   0   0   0   0   0   0  0.00     0.00
    3 A     4  -2  -2  -2   0  -1  -1   0  -2  -1  -2  -1  -1  -2  -1   1   0  -3  -2   0  100   0   0   0   0   0   0   0   0   0   0   0   0   0   0   0   0   0   0   0  0.41 0.00
    4 A     3  -2  -2  -3  -1  -2  -2  -1  -2   3   0  -2   0  -1  -2   0   0  -3  -2   2   50   0   0   0   0   0   0   0   0  50   0   0   0   0   0   0   0   0   0   0  0.19 0.00
    5 R    -2   6   0  -2  -4   1   0  -2   0  -3  -2   2  -1  -3  -2  -1  -1  -3  -2  -3    0 100   0   0   0   0   0   0   0   0   0   0   0   0   0   0   0   0   0   0  0.75 0.01
    6 T    -1   4   0  -1  -2   0  -1  -2  -1  -2  -2   1  -1  -3  -2   1   3  -3  -2  -1    0  50   0   0   0   0   0   0   0   0   0   0   0   0   0   0  50   0   0   0  0.39 0.00
    7 A     4  -2  -2  -2   0  -1  -1   0  -2  -1  -2  -1  -1  -2  -1   1   0  -3  -2   0  100   0   0   0   0   0   0   0   0   0   0   0   0   0   0   0   0   0   0   0  0.41 0.00
    8 S     0   0   0   0  -2   4   1  -1   0  -3  -2   1  -1  -3  -1   3   1  -3  -2  -2    0   0   0   0   0  50   0   0   0   0   0   0   0   0   0  50   0   0   0   0  0.40 0.00
    9 T     0  -1   0  -1  -1  -1  -1  -2  -2  -1  -1  -1  -1  -2  -1   1   5  -3  -2   0    0   0   0   0   0   0   0   0   0   0   0   0   0   0   0   0 100   0   0   0  0.48 0.01
   10 T    -1  -2  -1  -2  -1  -1  -2  -3  -2   1   2  -2   1  -1  -2   0   3  -2  -1   0    0   0   0   0   0   0   0   0   0   0  50   0   0   0   0   0  50   0   0   0  0.25 0.00
   11 M    -1  -2  -3  -4  -1  -1  -3  -3  -2   1   3  -2   5   0  -3  -2  -1  -2  -1   1    0   0   0   0   0   0   0   0   0   0  50   0  50   0   0   0   0   0   0   0  0.35 0.00
   12 S     0  -2   0  -1   6  -1  -1  -1  -2  -2  -2  -1  -1  -3  -2   2   3  -3  -2  -1    0   0   0   0  32   0   0   0   0   0   0   0   0   0   0  34  33   0   0   0  0.43 0.01
   13 L    -1  -2  -3  -4  -1  -2  -3  -4  -3   2   3  -3   2   0  -3  -2  -1  -2  -1   2    0   0   0   0   0   0   0   0   0   0  67   0   0   0   0   0   0   0   0  33  0.36 0.01
   14 S     3  -1   0  -1  -1   0   0   0  -1  -2  -2   0  -1  -3  -1   4   1  -3  -2  -1   33   0   0   0   0   0   0   0   0   0   0   0   0   0   0  67   0   0   0   0  0.38 0.01
   15 K    -1   4   0  -1  -3   1   0  -2  -1  -3  -3   4  -2  -3  -1   0  -1  -3  -2  -3    0  33   0   0   0   0   0   0   0   0   0  67   0   0   0   0   0   0   0   0  0.55 0.01
   16 A     2  -1  -1  -1  -1  -1  -1  -1  -1  -1  -1  -1  -1  -2   5   0   0  -2  -1  -1   37   2   1   2   1   1   2   2   1   2   3   2   1   1  35   2   2   0   1   2  0.49 0.01
   17 A     4  -1  -1  -1  -1  -1  -1   0  -1  -1  -1  -1  -1  -2  -1   1   0  -2  -2   0   82   1   1   1   0   1   1   1   0   1   2   1   0   1   1   1   1   0   1   1  0.32 0.02
   18 I     2  -1  -1  -1  -1  -1  -1  -1  -2   1   0  -1   0  -1  -1   0   2  -2  -1   1   34   1   1   1   0   1   1   1   0  26   2   1   0   1   1   1  25   0   1   1  0.12 0.01
   19 P     0  -1  -1  -1  -2  -1  -1  -1  -1  -2  -2  -1  -2  -2   6   2   0  -3  -2  -2    2   1   1   1   0   1   1   1   0   1   2   1   0   1  49  33   1   0   1   1  0.82 0.02
   20 V    -1  -3  -3  -4  -1  -3  -3  -4  -3   3   2  -3   1   3  -3  -2  -1  -1   0   2    0   0   0   0   0   0   0   0   0  24  32   0   0  20   0   0   0   0   0  25  0.30 0.01
   21 A     1   1   0   3  -2   0   0   2  -1  -3  -3   2  -2  -3  -2   0  -1  -3  -2  -2   25  11   0  24   0   0   0  21   0   0   0  20   0   0   0   0   0   0   0   0  0.28 0.01
   22 V    -1  -2  -2  -3  -1  -2  -2  -3  -2   1   1  -2   3   3  -3  -1   1  -1   0   2    0   0   0   0   0   0   0   0   0   0  11   0  24  21   0   0  20   0   0  25  0.20 0.02
   23 A     1   2   2  -1  -2   0  -1  -1  -1  -1   0   0  -1  -2  -2   0   2  -3  -2  -1   25  21  20   0   0   0   0   0   0   0  11   0   0   0   0   0  24   0   0   0  0.17 0.01
   24 A     2  -2  -1  -2  -2  -1  -2   3  -2  -2  -2  -1  -1   2  -2   2   0  -2   0  -2   25   0   0   0   0   0   0  32   0   0   0   0   0  20   0  24   0   0   0   0  0.28 0.01
   25 V     2  -2  -3  -3  -1  -2  -2  -2  -3   2   0  -2   0  -1  -2  -1   0  -3  -2   3   32   0   0   0   0   0   0   0   0   0   0   0   0   0   0   0   0   0   0  68  0.26 0.02
   26 A     3  -1  -1  -1  -1  -1  -1   0  -1  -2  -2  -1  -1  -3  -1   3   1  -3  -2  -1   57   0   0   0   0   0   0   0   0   0   0   0   0   0   0  43   0   0   0   0  0.38 0.02
   27 A     2  -1   3   0  -2  -1  -1   2  -1  -3  -3  -1  -2  -3  -1   2   0  -3  -2  -2   25   0  24   0   0   0   0  20   0   0   0   0   0   0   0  32   0   0   0   0  0.34 0.02
   28 A     3  -2  -1  -1  -1  -1  -1   3  -2  -2  -2  -1  -2  -3  -1   2   0  -3  -2  -1   48   0   0   0   0   0   0  32   0   0   0   0   0   0   0  20   0   0   0   0  0.41 0.02
   29 L    -2  -2  -4  -4  -2  -2  -3  -4  -3   2   4  -3   2   0  -3  -3  -1  -2  -1   1    0   0   0   0   0   0   0   0   0   0 100   0   0   0   0   0   0   0   0   0  0.52 0.03
   30 W    -2  -1  -2  -2  -2   2  -1  -2   0  -2  -2  -1  -1   1  -2  -2  -2   9   4  -2    1   1   1   1   0  21   1   1   0   1   1   1   0   1   1   1   1  47  18   1  0.99 0.04
   31 W     0  -2  -1  -2  -2  -1  -1  -1  -2  -2  -2  -1  -1   0  -2   2   0   9   1  -2    1   1   1   1   0   1   1   1   0   1   1   1   0   1   1  38   1  48   1   1  0.93 0.04
   32 R    -1   4   0  -1  -3   2   0  -2   3  -3  -3   1  -1  -3  -2   2   0  -3  -1  -3    0  42   0   0   0  16   0   0  16   0   0   0   0   0   0  26   0   0   0   0  0.41 0.03
   33 R    -1   4   3  -1  -3   0  -1   2  -1  -3  -3   1  -2  -3  -2   0   1  -3  -2  -2    0  46  21   0   0   0   0  17   0   0   0   0   0   0   0   0  16   0   0   0  0.38 0.03
   34 A     1   2  -2  -3  -2  -1  -2  -2  -2   1   1   0   0   2  -2  -1  -1  -2   0   0   21  26   0   0   0   0   0   0   0  21  16   0   0  16   0   0   0   0   0   0  0.12 0.02
   35 R    -1   4  -1  -2  -2   2   0  -2  -1  -1   0   1   0  -2  -2   1   0  -3  -2   0    0  38   0   0   0  21   0   0   0   0   9   0   0   0   0  16   0   0   0  16  0.24 0.02
   36 R    -1   5   0  -1  -2   1   0  -2   0  -2  -2   2  -1  -2  -1   1  -1  -2  -2  -2    1  69   1   1   0   1   1   1   0   1   2   1   0   1   1  15   1   0   1   1  0.49 0.04
   37 A     2  -1  -1  -1  -1  -1  -1  -1  -1  -2  -2  -1  -1  -1   4   1   0  -1   2  -1   35   1   1   1   0   1   1   1   0   1   2   1   0   1  23  15   1   0  13   1  0.34 0.02
   38 V     0  -1  -2  -2  -1  -1  -2  -2  -2   1   1  -1   4  -1  -2   0   0  -2  -1   2    8   1   1   1   0   1   1   1   0   1   2   1  38   1   1  13   1   0   1  28  0.16 0.04
   39 S     1  -1   2   0  -1   1   0   1  -1  -2  -2   0  -1  -2  -1   3   0  -2  -2  -2    8   1  11   1   0  11   1  13   0   1   1   1   0   1   1  46   1   0   1   1  0.27 0.03
   40 K     0   1   1  -1  -2   0   0  -1  -1  -2  -2   3  -1  -3  -1   2   2  -3  -2  -2    1   1   9   1   0   1   1   1   0   1   1  38   0   1   1  25  18   0   0   1  0.28 0.05
   41 L     0  -1  -1  -2  -2   1  -1  -2  -2   0   1   0   4  -1  -2   1   1  -2  -2   0    5   1   0   1   0   8   1   1   0   1  16   7  28   0   1  17   7   0   0   5  0.15 0.06
   42 G     3  -2   1  -1  -1  -1  -1   2  -2  -1  -2  -1  -2  -3  -2   2   1  -3  -2   0   36   0   6   0   0   0   0  19   0   4   0   0   0   0   0  22   8   0   0   5  0.30 0.07
   43 G     3  -2  -1  -2  -2   0  -1   2  -2  -2  -3  -1  -2  -3   0   3   0  -3  -3  -1   28   0   0   0   0   4   0  17   0   2   0   0   0   0   4  42   0   0   0   3  0.40 0.12
   44 D    -1   0   2   3  -3   2   2  -2  -1  -3  -2   3  -2  -1   0  -1   0  -3  -2  -3    4   2  12  17   0  11  10   0   0   0   2  31   0   3   4   0   3   0   0   0  0.33 0.09
   45 A     2   0  -1  -2  -2   1  -1   0  -1  -1  -1   1  -1   0  -2   0   2  -2   1  -1   23   2   0   0   0   9   0   5   0   0   7  12   0   4   0   3  24   0   6   3  0.15 0.09
   46 A     0   1   2   3  -3   1   0  -2   1  -3  -3   2  -2  -3   1   1   1  -4  -2  -2    8   6  10  21   0   8   3   0   4   0   0  15   0   0   6   7  11   0   0   2  0.27 0.08
   47 V    -2  -4  -5  -5  -3  -4  -4  -5  -4   5   1  -4   0   2  -4  -4  -2  -3  -2   3    0   0   0   0   0   0   0   0   0  57  11   0   0  10   0   0   0   0   0  22  0.82 0.24
   48 G     2  -4  -2  -3  -4  -3  -4   6  -4  -5  -5  -3  -4  -5  -4  -2  -3  -4  -5  -4   21   0   0   0   0   0   0  79   0   0   0   0   0   0   0   0   0   0   0   0  1.43 0.32
   49 V    -3  -4  -4  -5  -3  -4  -4  -5  -3   1   2  -4   0   6  -4  -4  -2   2   2   3    0   0   0   0   0   0   0   0   0   5  19   0   0  39   0   0   0   3   4  29  0.73 0.22
   50 V    -1  -4  -5  -5  -3  -4  -4  -5  -5   6   2  -4   0   0  -4  -3  -2  -4  -3   2    5   0   0   0   0   0   0   0   0  65  17   0   0   2   0   0   0   0   0  12  0.86 0.25
   51 G    -2  -4  -2  -3  -5  -4  -4   7  -4  -6  -6  -4  -5  -5  -4  -2  -4  -5  -5  -5    0   0   0   0   0   0   0 100   0   0   0   0   0   0   0   0   0   0   0   0  2.00 0.40
   52 L    -3  -4  -5  -5  -3  -4  -5  -5  -4   0   6  -4   3  -1  -5  -4  -1  -3  -3  -1    0   0   0   0   0   0   0   0   0   0  89   0   7   0   0   0   3   0   0   0  1.15 0.32
   53 G     3  -4  -2  -3  -3  -3  -3   6  -4  -5  -5  -3  -4  -5  -3  -1  -3  -4  -4  -4   30   0   0   0   0   0   0  70   0   0   0   0   0   0   0   0   0   0   0   0  1.28 0.31
   54 V    -1   0   3  -2  -2  -1  -2  -3  -1   1   0  -1   0  -2  -3   0  -1  -4  -2   4    4   5  19   0   0   2   0   0   2   8   5   3   2   0   0   7   1   0   0  43  0.29 0.16
   55 M    -4  -4  -5  -6  -4   0  -4  -5  -4  -2  -1  -4  10  -3  -5  -4  -3  -4  -4  -2    0   0   0   0   0   4   0   0   0   0   0   0  96   0   0   0   0   0   0   0  2.48 0.68
   56 G    -2  -5  -3  -4  -5  -4  -4   7  -4  -6  -6  -4  -5  -6  -4  -2  -4  -5  -5  -6    0   0   0   0   0   0   0 100   0   0   0   0   0   0   0   0   0   0   0   0  2.09 0.51
   57 A     1   1   0  -2   0   2   0   0  -2  -2  -2   1   0   1  -2   2   0  -3  -2  -2   12   9   4   0   2  14   4   7   0   3   0  11   4   7   0  19   3   0   0   0  0.17 0.13
   58 Q    -1  -1   5  -1  -4   0  -2   2   1  -4  -4  -2   1  -4   4   0  -1  -4  -3  -3    2   2  34   0   0   3   0  17   3   0   0   0   6   0  26   4   2   0   0   0  0.71 0.28
   59 L     0  -3  -4  -5  -3  -1  -4  -4  -4   3   3  -3   7  -2  -4  -3  -2  -3  -3   0    7   0   0   0   0   2   0   0   0  18  29   0  40   0   0   0   0   0   0   4  0.84 0.35
   60 V     5  -3  -3  -4   0  -3  -3  -1  -4   1  -2  -3  -2  -3  -3   0  -2  -4  -3   3   60   0   0   0   2   0   0   3   0   8   0   0   0   0   0   5   0   0   0  22  0.66 0.32
   61 M     0  -1  -1  -3  -2   0  -2  -1  -2   1   2   1   1   1  -3   0  -1   1  -1   1    7   2   2   0   0   6   0   3   0   7  28  14   5   5   0   9   2   2   0   8  0.11 0.11
   62 N    -1   0   7   1  -4   0  -2  -2   2  -5  -5  -2  -4  -5  -4   1  -2  -5  -4  -4    5   4  68   5   0   3   0   0   5   0   0   0   0   0   0   9   0   0   0   0  1.18 0.42
   63 L    -2  -1  -4  -5   3  -3  -4  -3  -4   2   4  -3   4   2  -4  -3  -2  -3  -2   0    1   3   0   0   7   0   0   1   0  13  51   0  12   8   0   0   0   0   0   3  0.59 0.25
   64 A     1  -3   0  -2  -2  -2   1  -3  -3   3   2  -2   1  -2  -3   0  -1  -3  -2   2   16   0   5   1   0   0  11   0   0  22  23   0   3   0   0   5   2   0   0  12  0.20 0.15
   65 E    -1   1   2   2  -2   0   2   0  -1  -2  -1   2  -2  -2  -1   1  -1  -2  -2  -2    2  10   9  17   1   3  15   5   1   1   6  14   1   1   1  11   2   0   1   2  0.22 0.08
   66 K     0   3   1   0  -4   1   0  -3   4  -1  -3   4  -1  -3  -3  -1  -2   1   0  -3    8  14   5   5   0   4   2   0  15   6   0  33   2   0   0   1   0   2   2   0  0.39 0.20
   67 L     2  -3   0  -3  -3  -1  -3   5  -3  -4  -2  -2   0  -4  -1  -1  -2  -4  -4  -3   23   0   4   0   0   2   0  57   0   0   4   2   3   0   2   2   1   0   0   0  0.79 0.31
   68 Q    -2  -2  -2  -3  -3   0  -1   4   3  -2   0  -2  -2   3  -3  -2  -2  -1   3  -2    1   0   0   0   0   4   3  35  10   0  10   1   0  18   0   1   1   0  11   3  0.43 0.21
   69 T    -1  -2   0   1   0   1  -1  -2   5  -2  -2  -1  -2   0  -1   0   2  -2   3  -1    2   0   2   8   2   7   1   1  19   0   3   3   0   4   2   8  22   0  13   4  0.29 0.19
   70 P    -1  -1   0  -1  -1   0  -1  -2  -3   0   0   0  -1  -2   2   0   1  -4  -2   3    0   2   5   2   1   4   3   3   0   0   8   7   0   0  13   9   9   0   0  35  0.20 0.17
   71 I    -1  -3  -3  -3   2  -2  -3  -3   1   2   2  -2   0  -1  -3   0   0  -2   1   3    2   0   0   0   5   0   0   1   5   9  18   0   0   0   0   9   6   0   7  35  0.26 0.17
   72 A     1  -1   0  -2   0  -1  -2  -2   1   2  -1  -2  -1  -2  -2   0   2   1  -2   2   19   4   5   1   1   1   1   1   5  12   1   1   0   1   1   6  14   3   0  24  0.15 0.13
   73 G     0  -2  -2  -2  -1  -2  -2   2  -2   1   0  -2  -1  -1  -2  -1   0   4  -1   3    7   1   1   2   1   1   2  16   1   5   5   2   1   1   2   2   7   7   1  37  0.21 0.12
   74 L    -1  -2  -2   0   1  -2  -2  -2   0  -1   0  -2  -1   4  -2  -1   0   5   4  -1    6   1   1   6   4   1   2   2   2   3   6   2   1  21   1   2   6  10  19   4  0.31 0.12
   75 D    -1  -2   3   5  -3  -1   0  -1  -1  -2  -3  -1  -2  -3  -2   1  -1  -3  -2  -1    4   1  20  42   0   1   1   4   1   1   2   1   1   1   1   9   1   0   1   6  0.53 0.19
   76 M    -2   3  -2  -3  -3  -1  -2  -3   0   1   1   0   1   1  -1  -2  -2  -1   3   1    1  21   0   0   0   0   0   0   2  10  16   5   5   4   3   0   0   0  17  14  0.25 0.17
   77 D    -1   0   4   1  -3   0  -1  -2  -1  -2  -3  -1   0   2  -3   0   2  -3   1  -2    3   6  31   8   0   2   0   0   0   0   0   0   3  11   0   7  19   0   6   2  0.36 0.22
   78 E     1   3   0  -1  -3   0   0  -3  -2  -1  -1   1  -2  -3   3  -1   0  -4  -1  -1   14  26   6   2   0   3   3   0   0   4   5  10   0   0  15   2   5   0   2   2  0.31 0.16
   79 K     0   1   1   2  -3   1   2  -2   0  -3  -3   0  -2  -4  -1   2   3  -4  -3  -2    6   9   5  10   0   4  15   0   2   0   0   3   0   0   2  17  24   0   0   2  0.32 0.17
   80 K     2  -1   0  -2  -3  -1  -1  -1  -2  -2  -2   4  -2  -3  -1   0   1  -4  -3   1   24   0   3   0   0   1   0   2   0   0   2  34   0   0   3   7   7   0   0  14  0.32 0.20
   81 A     1  -1  -2  -2   6   0   1  -3  -3   0   0  -2   1  -3  -3   1   1  -3  -3   2    9   3   0   0  22   4  10   0   0   2   7   1   5   0   0  10   7   0   0  18  0.31 0.17
   82 K     0   1   0   3  -4   2   1  -3  -2  -3  -2   3  -2  -4  -2   0  -2  -4  -3  -2    9   8   1  23   0  13   9   0   0   0   2  27   0   0   0   4   0   0   0   3  0.44 0.20
   83 T     0   0  -1   1  -2  -1   2  -1  -1  -1   0   1   0  -2   1  -1   1  -3  -2   1    8   5   0   7   0   0  16   3   2   2  10   9   2   0   8   0  12   0   0  13  0.12 0.09
   84 T    -1  -2  -2   1  -3  -2   0  -2  -3  -1   2  -2  -1   4  -3  -1   2  -2  -1  -1    4   1   1   9   0   0   6   2   0   0  26   1   0  24   0   2  20   0   0   3  0.28 0.19
   85 I     0   0  -2   1  -3   2   2  -3  -1   1  -1   1   0  -2  -2   0  -1  -3  -2   2    8   4   0   7   0  11  14   0   1  10   3  11   2   0   0   4   2   0   0  22  0.16 0.12
   86 E     0  -1  -1   2  -3   2   3  -1  -2  -2  -2   0  -2   2  -2   0   0   1  -1  -2    8   2   0  12   0  11  26   3   0   2   1   3   0  15   0   4   6   2   0   3  0.26 0.16
   87 L     2   0  -2  -2  -2   0   1  -1   0   0   2   0   2  -2  -2  -1  -1  -3  -1   1   20   6   0   0   0   2  12   3   3   4  21   8   7   0   0   0   0   0   2  11  0.12 0.12
   88 A     2  -3  -1  -2  -3  -1  -1   5  -3  -1  -3   0  -3  -2  -3  -1  -2  -4  -2  -2   17   0   2   0   0   3   4  56   0   4   0   6   0   1   0   0   0   0   1   3  0.73 0.26
   89 Q     4   0   2  -1   0   1   1   1  -2  -3  -2   1  -2  -3  -1   0  -1  -4  -3  -2   44   4  11   2   2   6   8   8   0   0   2   7   0   0   2   1   0   0   0   2  0.33 0.19
   90 S    -1   2   1  -1   1   2   3  -2   1  -3  -3   1  -2  -3  -2   0   1  -3   0  -1    4  11   5   0   4  11  24   2   3   0   1  10   0   0   0   8   8   0   3   4  0.26 0.13
   91 E     2  -2   0  -2  -2  -1   1   0  -1   0  -1  -1   0  -2   1   0   0  -3  -1   1   27   0   7   0   0   2   9   8   1   3   6   0   2   0   8   4   4   0   3  15  0.13 0.11
   92 G     3  -1  -1  -1   0   0  -1   2  -1  -2  -3   2  -2  -3   0  -1  -1  -3  -1  -1   32   2   1   3   2   4   2  17   1   2   1  18   0   0   5   1   0   0   3   5  0.25 0.15
   93 G     0   0   2   3  -3  -1   1   3  -1  -3  -3   0  -3  -2  -2   1  -1   0  -3  -2    9   6  10  18   0   0   7  24   1   0   1   6   0   2   0  11   0   2   0   2  0.30 0.13
   94 L     0   0   0  -1  -2   0  -1  -1   0  -2   0   2  -1  -3  -2   2   3  -3  -2  -2    5   4   2   2   0   2   1   4   2   1  12  18   0   0   0  19  25   0   0   1  0.24 0.16
   95 P     0  -1   2   0  -3  -1   0  -2  -2  -3  -2   1  -3  -3   6   0  -1  -4  -3  -1    6   3  14   3   0   2   4   1   0   1   3   9   0   1  42   5   2   0   0   4  0.74 0.21
   96 V     2  -1  -1  -2  -2  -1  -1  -1  -2   2   1  -1   0  -1  -2   0   0  -2  -1   2   21   3   2   1   0   1   3   3   0  16  13   2   2   1   1   7   2   0   2  19  0.12 0.09
   97 C     0  -1  -1   1   1   1   1  -2  -1   1   0   0  -1   0  -2   0   0  -2   0   1    8   1   1  10   3   7  10   1   1   7   8   6   0   3   1   5   6   0   5  17  0.05 0.05
   98 T     1  -2  -1  -2   0  -2  -1   3  -2   0  -1  -1  -1  -2   3   0   0  -3  -2   1   10   1   1   1   2   1   3  29   0   4   3   3   0   1  13   7   4   0   1  15  0.26 0.11
   99 F     3  -2  -1  -1   2  -1  -2  -2   0  -1  -1  -2   0   3  -2  -1   1  -2   1   0   35   1   2   2   5   2   1   1   2   3   2   1   2  16   1   1  12   0   5   5  0.23 0.15
  100 T     0   0   0   0   2   0   1  -2   2  -2  -1   1  -1   0  -2   0   1  -1   2  -1   10   3   3   6   6   3  12   1   8   1   3   9   0   4   1   4  11   0  11   3  0.11 0.08
  101 E     0  -2   0   2  -2   1   0  -1  -2  -1  -2  -1   1  -3  -2   3   2  -3  -2  -1    5   1   2  16   0   6   6   3   0   3   1   1   4   1   1  32  15   0   1   3  0.29 0.15
  102 T     0  -2  -2  -2   2  -1  -2  -1  -2   2   1   0   0  -1   2   0   0  -2  -1   1   10   1   1   1   5   1   1   3   0  16  17   7   2   1  10   6   6   0   2   9  0.11 0.07
  103 A     1   1  -1   2  -2   0   3  -2  -1  -2  -1   1  -2  -3   0   0   0  -3  -2  -1   14   5   1  10   0   2  28   2   0   1   5  12   0   1   3   4   7   0   1   3  0.25 0.11
  104 A     0  -1  -1   3  -2   0   3  -1  -1  -1  -1   0  -2   0  -2   0   0  -2  -2   0    8   1   1  25   0   1  21   2   0   3   4   5   0   6   1   7   4   0   1   8  0.23 0.11
  105 F     1  -2  -2  -2  -2  -2  -2  -2  -2   0   1  -2   2   5  -2  -1   1  -1   0   0   17   1   1   1   0   1   1   2   1   5  11   1   6  31   1   3  11   0   1   3  0.26 0.13
  106 V     1  -1  -2  -2   3  -2  -2  -1  -2   1  -1  -1  -1   1  -2  -1   0  -2   0   3   16   4   1   1   7   1   2   3   0   6   2   4   0   8   1   3   3   0   3  35  0.18 0.13
  107 A     1  -1   1   1  -2   2   1  -1   0  -1  -1   0  -1  -2  -1   2   0  -3  -2   0   13   1   6   7   0  13   9   2   2   1   6   5   0   1   1  17   5   0   1  11  0.13 0.09
  108 A     1  -1  -1  -1   2  -1  -1  -1  -2  -1   0   1   0  -2  -1   2   0  -2  -2   0    9   3   1   4   6   2   3   4   1   3  12   9   3   1   1  30   1   0   1   7  0.12 0.09
  109 L     0  -2  -2   0  -2  -1  -1  -2  -2   1   3  -2   0  -1  -2  -1  -1  -2  -2   1    7   1   1   7   0   3   5   3   1   7  41   1   1   1   1   2   3   0   1  14  0.18 0.10
  110 R     1   0  -1   0  -2   1   3  -1   0  -2  -2   2  -2  -3   1   0  -1  -2  -2  -2   12   4   1   5   0   6  24   5   2   3   3  20   0   1   7   5   1   0   1   1  0.24 0.11
  111 K     0   2   0   1  -2   0   1  -1  -1  -2  -2   3   0  -2  -1   0   0  -2  -1  -2   10  14   4  10   0   1  11   3   0   1   3  25   3   1   3   2   3   0   2   3  0.21 0.10
  112 P     2  -1  -2   0   2  -2  -2  -2   0  -3  -3  -2  -2  -3   6   0  -1  -3  -3  -2   17   3   1   6   4   1   1   2   3   1   2   1   0   1  44   8   1   0   1   1  0.81 0.21
  113 R     0   5  -1   4  -4   1   0  -3  -2  -3  -3   1  -3  -3  -2  -1  -2  -3  -3  -3    7  41   1  27   0   4   3   1   0   1   1   8   0   1   1   1   1   0   0   1  0.67 0.24
  114 V    -2   1  -2  -3   1  -1  -2  -3  -1   3  -1   2  -1   0  -3  -1  -1  -3  -1   3    1  10   0   1   4   0   1   1   2  22   1  21   0   4   1   3   1   0   2  26  0.26 0.17
  115 V     0  -4  -3   0  -1  -3  -3  -4  -4   5   0  -3  -1   0  -3  -3  -1  -4  -2   4    6   0   0   7   1   0   0   0   0  42   4   0   0   3   0   0   2   0   0  32  0.59 0.25
  116 L    -2  -3  -4  -4  -3  -3  -3  -4  -3   3   3  -1   3   3  -4  -2   0   3  -1   1    0   0   0   0   0   0   0   0   0  22  28   4  12  12   0   2   5   5   0   7  0.44 0.20
  117 L    -1  -3  -3  -2   0  -2  -2  -4  -3   2   2  -3   2   0  -1  -1   3  -3  -2   2    2   0   0   2   2   0   2   0   0  11  27   0   8   2   2   3  24   0   0  14  0.30 0.17
  118 L    -3  -4  -4  -3   3  -3  -4  -4  -4   0   3  -4   7  -2  -4  -1  -1  -4  -3  -1    0   0   0   2   6   0   0   0   0   3  35   0  44   0   0   6   2   0   0   0  0.96 0.37
  119 V    -2  -4  -4  -4  -3  -4  -4   0  -4   2   2  -4  -1  -2   1  -2  -2  -4  -3   5    0   0   0   0   0   0   0   7   0   8  20   0   0   0   7   2   0   0   0  55  0.62 0.28
  120 P    -1  -1  -2  -2  -4   1  -2   0  -3  -3  -3   3  -3   0   5   0   0  -4  -3  -1    3   2   0   0   0   6   0   8   0   0   0  23   0   6  31   7   5   0   0   7  0.56 0.23
  121 A     3  -2   3   2  -3  -2  -2   0   2  -4  -4  -2  -3  -4  -3   2  -1  -4  -1  -3   36   0  20  12   0   0   0   4   6   0   0   0   0   0   0  17   2   0   2   0  0.49 0.25
  122 G     0  -3   1   1  -3  -2  -2   5  -3  -3  -4  -2  -1  -2   0   0  -1  -4  -4  -2    8   0   6   7   0   0   2  55   0   1   0   0   2   2   5   7   2   0   0   2  0.70 0.25
  123 R     2   0   1   2   2   1   0   0   0  -3  -3   1  -2  -3   0   1   0  -3  -2  -2   21   3   7  13   6   7   4   4   2   0   1  11   0   0   5   9   5   0   0   2  0.19 0.10
  124 A     2  -2  -2   1  -2   2  -1   0   1   0  -1  -1  -2  -3   3   0  -1  -3  -2   0   24   0   0   9   0  11   1   7   6   8   4   1   0   0  17   4   1   0   0   6  0.26 0.14
  125 V     0  -3  -3  -4  -2  -3  -3  -4  -4   1  -1  -3   0  -2  -3  -2   2  -4  -3   5    8   0   0   0   0   0   1   1   0   5   3   1   2   0   0   1  14   0   0  63  0.71 0.29
  126 D    -2   2   0   5  -4   0   2  -2  -2  -3  -3   1  -1  -3  -2   0  -2  -4  -1  -3    1  11   3  43   0   2  16   1   0   1   3   7   2   0   1   6   1   0   2   1  0.61 0.22
  127 G     2  -1   0   1  -2   2   1   0   0  -2  -2  -1  -1  -3  -2   2   0  -3  -2   0   19   2   4   8   0  13  10   5   2   1   1   1   1   0   1  19   6   0   1   7  0.20 0.12
  128 A     0  -3  -3  -4   1  -3  -3  -2  -3   1   1  -3   1   1  -3  -1   2  -3   1   4    7   0   0   0   4   0   0   2   0   2  12   0   2   7   0   3  15   0   5  40  0.33 0.19
  129 C    -2  -3  -2  -3   1  -3  -2  -4  -3   4   3  -3   1  -1  -3  -1   0  -3   1   1    2   0   2   0   4   0   2   0   0  32  28   0   2   0   0   5   6   0   7   9  0.36 0.18
  130 T    -1  -1   3   3  -4   3   1   1   1  -3  -2   1  -2   0  -1  -1  -1  -3  -2  -3    4   2  16  22   0  16   5   9   3   0   2   7   0   6   2   2   3   0   0   0  0.32 0.16
  131 A     1  -2  -1   0  -3   2  -1   4  -3  -4  -3  -1   1  -3  -3   1  -1  -4  -3  -3   13   0   0   7   0  10   3  43   0   0   1   4   5   1   0   9   4   0   0   0  0.51 0.22
  132 L    -1  -3   1  -3  -3  -3  -2  -2  -3   3   3  -2   1  -1  -2  -2  -2  -3  -2   2    2   0   9   0   0   0   2   2   0  25  38   2   2   1   2   2   0   0   0  13  0.37 0.19
  133 G     1   0  -1  -2   2  -2  -2   1  -3   0   2   0   0   0  -3   0  -1  -3  -2   0   14   7   2   1   5   0   0  14   0   4  24   9   0   3   0   5   2   0   0   9  0.10 0.10
  134 E     1  -2  -1  -2  -4   0   2   1   0  -2  -3   0  -3  -4   5   0  -1  -4  -3  -3   14   0   2   0   0   3  14  12   2   3   1   7   0   0  35   6   2   0   0   0  0.62 0.23
  135 L    -1  -1  -1  -1   0  -2  -2   1   3   0   2  -1  -1   0  -3  -2   0  -2   3   0    4   3   2   4   2   0   0  13  12   3  24   3   0   4   0   0   5   0  12   7  0.13 0.12
  136 L     0  -3  -4  -4  -2  -3  -3  -4  -3   1   4  -3   3   1  -3  -3  -1  -3  -2   2    9   0   0   0   0   0   0   1   0   3  58   0   7   4   0   0   2   0   0  12  0.57 0.23
  137 E     0   1   0   1  -3   1   3   0   0  -3  -3   3  -2  -4  -2   1  -1  -4  -3  -3    6   5   3   9   0   6  25   6   2   0   1  22   0   0   0  11   2   0   0   0  0.37 0.16
  138 P     0   0  -2  -1  -3   0   2  -1  -2  -3  -2   3  -2  -4   4  -1  -1  -4  -3  -3    9   4   0   2   0   3  15   4   0   1   3  26   0   0  26   3   3   0   0   1  0.52 0.19
  139 G    -1  -3   0   0  -4  -2  -1   6  -3  -5  -5  -1  -4  -5  -4  -2  -3  -4  -5  -5    2   0   4   6   0   2   3  77   0   0   0   3   0   0   0   0   0   0   0   0  1.31 0.37
  140 D     0  -2  -1   5  -4  -2  -1   0  -3  -4  -4   2  -3  -4  -1   0   2  -5  -4  -3    9   0   0  43   0   0   0   8   0   0   0  15   0   0   2   3  18   0   0   0  0.63 0.27
  141 L    -1  -4  -4  -4   4  -3  -4  -1  -4   4   2  -3   1  -1  -4  -3  -1  -3  -1   2    4   0   0   0  11   0   0   4   0  33  23   0   3   0   0   0   3   0   2  15  0.46 0.20
  142 I    -2  -4  -4  -4   0  -3  -4  -5   0   4   2  -4   0   1  -4  -3  -1  -2   3   2    0   0   0   0   2   0   0   0   3  34  21   0   0   5   0   0   3   0  15  16  0.53 0.22
  143 V    -2  -4  -5  -5  -3  -4  -4  -5  -5   6   1  -4   3  -2  -4  -4  -2  -4  -3   4    2   0   0   0   0   0   0   0   0  53   5   0   8   0   0   0   0   0   0  31  0.94 0.33
  144 D    -2  -4  -1   7  -5  -2   1  -3  -3  -2  -5  -3  -4  -5  -4  -1  -3  -6  -5  -1    2   0   0  78   0   0   8   0   0   2   0   0   0   0   0   3   0   0   0   4  1.50 0.45
  145 M    -1  -3  -3  -3   2  -3  -3   4   1  -2  -2  -3   6  -3  -4   2  -1  -4  -3  -2    3   0   0   0   4   0   0  34   4   0   0   0  34   0   0  17   2   0   0   2  0.76 0.35
  146 G    -1  -3  -2  -3  -3  -3  -3   4  -3  -4  -5  -3  -4  -5  -3   4   2  -5  -4  -4    2   0   0   0   0   0   0  40   0   0   0   0   0   0   0  46  12   0   0   0  0.96 0.37
  147 N    -2  -3   6  -2  -4  -2  -3  -1  -3  -4  -4  -2  -3  -5  -4   1   5  -5  -4  -3    0   0  40   0   0   0   0   4   0   0   0   0   0   0   0   8  48   0   0   0  1.12 0.43
  148 E     0  -3  -2  -3  -3  -2   1  -3  -3   4  -1  -2   0  -3  -3   3   1  -4  -3   3    4   0   0   0   0   0   9   0   0  30   0   0   1   0   0  26  10   0   0  21  0.41 0.25
  149 H     0  -2   1   3  -4  -1   0  -2   4  -4  -2   0  -3   0  -1   1  -2   3   1  -3    9   0   6  25   0   0   5   2  16   0   2   5   0   4   2  13   0   5   5   0  0.38 0.20
  150 F     0  -4  -4  -2  -4  -2  -3  -4  -2  -3  -3  -2  -3   2   5  -2  -3  -2   5   0   10   0   0   2   0   2   0   0   0   0   0   2   0  10  36   1   0   0  29   7  0.97 0.34
  151 E     0   0  -1   1  -3   2   3  -1  -2  -1  -1   1  -2  -3   1   0   1  -4  -3  -2    6   4   0   9   0  12  21   5   0   4   6  10   0   0   6   7   9   0   0   0  0.23 0.13
  152 N    -1  -1   1   4  -3   0   0  -3  -2  -2  -1  -2  -2   0  -3   0   3  -4  -3   0    3   2   7  33   0   3   5   0   0   0   8   0   0   5   0   5  21   0   0   7  0.38 0.21
  153 T     3  -3  -2  -1  -2  -1  -2  -2  -3  -1  -3  -2  -2  -4  -3   3   4  -4  -3   0   24   0   0   2   0   2   0   0   0   2   0   0   0   0   0  29  34   0   0   7  0.61 0.30
  154 E    -1   2   1   0  -3   1   2  -2   0   1   0   1   0  -2  -2  -1   0  -3  -1   0    2  13   7   4   0   4  21   2   2  11   7  10   2   0   0   1   7   0   2   6  0.15 0.11
  155 R    -1   5   0   1  -5   0   3  -3  -2  -3  -3   2  -3  -4  -3  -1  -2  -4  -3  -4    4  37   3   8   0   2  26   0   0   1   2  13   0   0   0   2   0   0   0   0  0.67 0.27
  156 R    -3   5  -3  -4  -4  -2  -3  -5  -3   4   2  -1   0  -1  -4  -3  -3  -4  -3   1    0  40   0   0   0   0   0   0   0  26  24   0   2   2   0   0   0   0   0   6  0.68 0.30
  157 Q     3  -2   1  -2   2   0  -1   0   1   0  -2  -2  -1  -2  -3   1   0  -3   2  -1   35   0   9   0   4   5   4   5   4   6   1   0   1   0   0  12   3   0   8   2  0.24 0.18
  158 K     1   1   0   0  -3   3   3  -2  -1  -2  -3   3  -2  -4  -2   0  -1  -4  -2  -2   18   6   3   3   0  13  19   0   1   1   2  23   0   0   0   3   3   0   1   2  0.35 0.18
  159 H     2   0  -1   2  -3   2   3  -1   0  -1  -2   1  -2  -3  -2  -1  -1  -3  -1   0   25   4   2  11   0  10  21   2   1   4   2   6   0   0   0   1   1   0   2   9  0.23 0.15
  160 F     2  -3  -4  -4   0  -3  -3  -4   0   3   3  -3   2  -1  -3  -2  -2  -3  -2   1   19   0   0   0   2   0   0   0   3  20  39   0   6   2   0   0   0   0   0   8  0.45 0.21
  161 E     2   1  -1  -1  -3   1   2  -2  -1  -1  -2   2  -1  -3  -2   0   0  -4  -3  -1   24   6   2   1   0   4  20   0   1   4   1  19   1   0   0   7   6   0   0   5  0.26 0.16
  162 S     2   0  -1   0  -3   1   3  -1  -2  -3  -2   2  -2  -2   0   1  -1  -4  -3  -3   19   3   1   4   0   3  25   3   0   0   4  16   0   2   4  15   0   0   0   0  0.32 0.18
  163 R    -1   3  -1  -2   2   1  -1  -3   1  -1   0   4   0  -2  -3  -1  -1  -4  -1  -2    4  14   2   0   6   7   2   0   4   4   9  37   3   1   0   3   3   0   1   0  0.34 0.20
  164 G    -1  -4   2  -2  -5  -1  -3   6  -4  -6  -6  -1  -5  -5  -4  -1  -3  -5  -5  -5    2   0   9   2   0   3   1  79   0   0   0   3   0   0   0   2   0   0   0   0  1.41 0.41
  165 I     0  -3  -3  -4   2  -1  -3   2  -4   4   2  -3   0   1  -4  -2  -2  -3  -2   1   10   0   0   0   5   3   0  16   0  33  21   0   2   5   0   1   0   0   0   4  0.33 0.19
  166 H    -1   3   1   0  -3  -1  -1  -1   2  -1   1  -1   0   1  -3   0  -1   2  -1   0    5  21   7   5   0   0   3   3   7   1  21   0   1   6   0   8   3   3   0   6  0.12 0.12
  167 F    -1  -4  -4  -5  -4  -2  -4  -5  -2  -1  -1  -4   4   6  -5  -3  -3   2   5  -2    5   0   0   0   0   2   0   0   0   2   3   0  15  45   0   2   0   2  24   0  1.13 0.38
  168 M    -3  -4  -5  -5  -3  -4  -4  -5  -5   3   4  -4   3  -1  -4  -4  -2  -4  -3   3    0   0   0   0   0   0   0   0   0  19  52   0   9   0   0   0   0   0   0  20  0.83 0.30
  169 G    -1  -3  -1   6  -5  -2   2   4  -3  -5  -5  -2  -5  -5  -4  -2  -3  -5  -5  -5    3   0   0  46   0   0  17  34   0   0   0   0   0   0   0   0   0   0   0   0  1.10 0.37
  170 C     5  -3  -3  -4   2  -3  -3  -1  -3  -2  -1  -3   4  -3  -3   1   0  -4  -3   0   57   0   0   0   5   0   0   2   0   1   2   0  14   0   0   7   6   0   0   7  0.65 0.31
  171 G    -3  -4  -3  -4  -5   0  -3   4  -4  -5  -5  -3  -5  -6   7  -3  -3  -5  -5  -5    0   0   0   0   0   6   0  40   0   0   0   0   0   0  55   0   0   0   0   0  1.69 0.46
  172 T    -2  -5  -5  -5  -3  -4  -5  -5  -5   3  -1  -4  -1  -2  -4  -4   1  -5  -3   6    0   0   0   0   0   0   0   0   0  13   0   0   0   1   0   0   7   0   0  78  1.22 0.43
  173 S    -1  -3  -2  -3  -3   0  -2  -1   0  -5  -3  -3  -4  -5  -3   6   0  -5  -4  -4    0   0   0   0   0   4   0   3   2   0   3   0   0   0   0  86   2   0   0   0  1.29 0.50
  174 G    -2  -1  -3  -4  -5  -4  -5   7  -4  -6  -6  -4  -5  -6  -5  -3  -4  -5  -6  -6    0   3   0   0   0   0   0  97   0   0   0   0   0   0   0   0   0   0   0   0  2.04 0.53
  175 G    -2  -2   1  -3  -4  -3  -4   6  -4  -6  -5  -3  -4  -5  -4   1  -1  -5  -5  -5    0   3   5   0   0   0   0  77   0   0   0   0   0   0   0  12   3   0   0   0  1.39 0.41
  176 E     0  -1  -2   1  -4   2   4  -3  -2  -2  -3   1  -1  -3   0   0   0  -4  -1   1    9   2   0   8   0   9  35   0   0   0   0   8   2   0   4   3   4   0   2  13  0.36 0.20
  177 K     1  -1   0   1  -3   2   3   0  -2  -1  -1   1  -2  -3   0  -1  -1   1  -3  -1   17   0   4   6   0  11  23   6   0   5   5  11   0   0   3   0   2   2   0   5  0.20 0.14
  178 G     1  -1   0  -3  -4   0  -2   5  -3  -4  -1   0  -3  -4   0  -1  -3  -4  -4  -4   10   2   3   0   0   4   2  60   0   0   7   6   0   0   4   2   0   0   0   0  0.80 0.28
  179 A     6  -4  -4  -4  -3  -3  -3  -2  -4  -4  -3  -3  -3  -5  -3   1  -2  -5  -4  -2   91   0   0   0   0   0   0   0   0   0   2   0   0   0   0   7   0   0   0   0  1.38 0.49
  180 R     1   4   1  -2  -4   0   2  -3  -2   0   1   0  -2  -3  -3  -2  -2  -4  -3  -2   15  33   7   0   0   3  20   0   0   6  14   2   0   0   0   0   0   0   0   0  0.40 0.23
  181 L     0   1   3   2  -3   0   1  -2   2  -3  -1   1  -2  -1  -2   0   0  -3   0  -2   10   5  16  14   0   3   9   0   6   0   6  12   0   2   0   5   6   0   5   0  0.21 0.12
  182 G     0  -5  -3  -4  -5  -4  -4   7  -4  -6  -6  -4  -5  -6  -4  -2  -4  -5  -5  -5    8   0   0   0   0   0   0  92   0   0   0   0   0   0   0   0   0   0   0   0  1.91 0.50
  183 P     0  -3  -1  -2  -4   0   0  -3  -3  -3  -3  -1   2  -2   5  -1   3  -4  -1  -3    6   0   3   1   0   4   7   0   0   0   0   3   9   1  34   0  28   0   2   0  0.73 0.29
  184 C     0  -1  -2  -3   2  -2  -2  -2  -3   0   0  -2  -2  -3  -3   4   3  -4  -3   0    7   3   0   0   5   0   0   1   0   7   7   0   0   0   0  39  24   0   0   5  0.44 0.26
  185 L    -3  -4  -5  -5  -3  -4  -5  -5  -4   5   3  -4   3   3  -4  -4  -2  -3  -1   2    0   0   0   0   0   0   0   0   0  41  23   0   7  17   0   0   0   0   0  12  0.76 0.28
  186 M    -3  -4  -5  -6  -4  -3  -5  -5  -4   1   2  -4   9   2  -5  -2  -3  -4  -3  -2    0   0   0   0   0   0   0   0   0   6  16   0  67   9   0   2   0   0   0   0  1.56 0.51
  187 P     3  -4  -4  -4  -3  -3  -3  -3  -4  -1  -2  -3   0  -1   5  -2   0  -5  -3   3   25   0   0   0   0   0   0   0   0   0   0   0   2   2  34   0   7   0   0  29  0.83 0.32
  188 G     2  -4  -2  -3  -4  -4  -4   6  -4  -5  -5  -3  -4  -5  -4   1  -3  -5  -5  -4   15   0   0   0   0   0   0  76   0   0   0   0   0   0   0   8   0   0   0   0  1.44 0.42
  189 G    -1  -5  -3  -4  -5  -4  -5   7  -4  -6  -6  -4  -5  -6  -5  -3  -4  -5  -6  -5    4   0   0   0   0   0   0  96   0   0   0   0   0   0   0   0   0   0   0   0  2.03 0.52
  190 P    -2  -2   2   5  -4   1   0  -3   0  -4  -4  -2  -3  -4   2   1   1  -5  -4  -2    0   1  11  38   0   5   3   0   2   0   0   0   0   0  11  14  10   0   0   3  0.62 0.26
  191 P     1   2  -1   1  -4   2   2  -3   0  -1  -2   2  -2  -1   1   0  -2  -4  -2  -2   12  14   0   7   0   8  19   0   2   4   2  19   0   4   6   4   0   0   1   0  0.29 0.16
  192 E     1  -2  -1   1  -4   1   4   0  -2  -2  -2   0  -2  -4  -1   0   0   0  -3  -3   15   0   1   8   0   5  40   5   0   1   5   3   0   0   2   7   4   1   0   0  0.41 0.21
  193 G     4  -3  -3  -1  -2   0   0  -1  -1   0   0  -2  -1  -3  -3  -1   1  -4  -3   1   48   0   0   3   0   3   5   3   2   4  12   0   0   0   0   0   7   0   0  12  0.35 0.22
  194 W    -2  -4  -5  -5  -4  -4  -4  -5  -1  -2  -1  -2  -2   5  -5  -4  -4   7   6   0    2   0   0   0   0   0   0   0   1   0   5   3   0  32   0   0   0  17  31   8  1.26 0.38
  195 R    -1   0   1   2  -5   2   5  -3  -2  -4  -3   1  -3  -5   2  -1  -2  -5  -4  -4    5   3   8  11   0   6  46   0   0   0   1   8   0   0  10   2   0   0   0   0  0.69 0.27
  196 L     0   2   0   1  -3  -1   1  -3   2  -1   0   1  -1  -1  -3  -1  -1   2   1  -2   12  17   5   7   0   0  13   0   5   2  15  11   0   1   0   0   3   3   5   1  0.16 0.13
  197 L     2  -4  -4  -4   5  -3  -4  -3  -4   3   1  -3  -1  -2  -3  -1  -2  -4  -1   3   26   0   0   0  14   0   0   0   0  20  14   0   0   0   0   2   0   0   1  23  0.51 0.24
  198 Q     1   1  -1   0  -3   3   1  -2   0  -2  -2   3   0  -3  -2   1   0  -4  -1  -2   12   8   0   4   0  15   9   0   2   2   3  23   4   0   0  13   5   0   1   0  0.29 0.16
  199 P    -1  -4  -2   2  -4  -3   0  -4  -2  -5  -5  -3  -4  -5   7   1  -1  -6  -5  -4    5   0   1  10   0   0   6   0   1   0   0   0   0   0  62  12   3   0   0   0  1.48 0.41
  200 L    -2  -4  -5  -5   5  -4  -4  -5  -4   4   2  -4   1   0  -2  -3  -2  -4  -1   3    2   0   0   0  13   0   0   0   0  35  18   0   2   2   2   0   0   0   1  25  0.65 0.25
  201 L    -4  -4  -5  -6  -4  -4  -5  -5  -4   0   4  -5   2   6  -5  -4  -3  -2  -1   0    0   0   0   0   0   0   0   0   0   2  51   0   4  39   0   0   0   0   0   3  1.07 0.36
  202 T    -1   0  -1   2  -2   3   3  -2  -2  -3  -2   2   0  -4  -2   1   0  -4  -3  -3    2   2   0  13   1  19  25   2   0   0   3  11   3   0   0  13   5   0   0   0  0.42 0.21
  203 S     3  -1  -1  -1   2  -1  -2  -2  -3  -1   0   1  -2  -3  -1   1   0  -4  -3  -1   38   2   3   2   6   1   0   1   0   2  10  13   0   0   2  12   4   0   0   3  0.26 0.18
  204 I    -2  -4  -4  -5  -3  -3  -4  -5  -4   5   1  -4   6  -2  -4  -3  -1   1   1   2    3   0   0   0   0   0   0   0   0  36   9   0  33   0   0   0   3   2   4   9  0.83 0.33
  205 A     4  -3  -2  -3   0  -3  -3   4  -3  -4  -4  -3  -3  -4  -3   2  -2  -4  -4  -3   46   0   0   0   1   0   0  38   0   0   0   0   0   0   0  15   0   0   0   0  0.91 0.34
  206 A     3   1  -1  -2  -3   0   0   1  -2  -3  -3   3  -2  -4  -1   1   0  -4  -3  -2   32   8   2   0   0   3   3  11   0   0   0  23   0   0   2   9   3   0   0   2  0.34 0.18
  207 K    -2   1   3   0  -3   3   1  -2  -1  -3  -3   4  -2  -4  -2   0   1  -4  -3  -3    1   4  20   2   0  13   6   2   0   0   1  34   0   0   0   4   9   0   0   1  0.49 0.21
  208 V     1  -1   0  -1  -1  -1  -1  -1  -1   1   0   0   0   0   0   2   1  -2  -1   1   12   2   3   2   1   2   2   3   1   6   7   4   1   3   3  19   9   0   1  19  0.08 0.05
  209 P    -1   0   0   2  -1   1   1   0  -1  -1  -1   0  -1   1   1   0  -1  -1   0  -1    4   4   2  15   1   6  11   6   1   4   5   6   1   9   9   4   3   1   4   5  0.09 0.03
  210 S     0   0   1   2  -1   0   0   1   0  -1  -1   0  -1   0   0   0   0  -1   0  -1    5   5   6  14   1   5   4  11   1   3   6   5   1   7   3   7   4   1   4   4  0.05 0.01
  211 L     0   0   0   0  -1   0   0   0   0   0   0   0   0   0   0   0   0   0   0   0    8   8   3   4   1   3   5   6   3   7  15   4   2   3   5   5   6   1   2   8  0.01 0.00
  212 D     0   0   0   1  -1   0   0   1   0  -1  -1   0   0  -1   0   0   0   0   0  -1    8   4   4  11   2   4   5  15   2   4   7   5   2   3   4   6   5   1   3   5  0.04 0.00
  213 G     0   0   0   0  -1   0   1   0   0  -1  -1   0   0  -1   0   0   0   0   0   0   11   4   5   4   2   4  13   9   2   4   8   5   2   3   4   6   5   1   3   5  0.04 0.00
  214 A     1   0   0   0  -1   0   1   0   0   0   0   0   0  -1   1   0   0   0   0   0   12   4   4   4   2   3   9   8   2   4   7   7   2   3   6   7   5   1   3   8  0.03 0.00
  215 A     0   0   0   0  -1   0   0   1   1  -1  -1   0   0  -1   0   1   0   0   0   0    9   4   6   5   2   3   5  10   4   4   7   5   2   3   4  11   6   1   3   5  0.03 0.00
  216 D     0   0   0   1  -1   0   0   2   1  -1  -1   0  -1  -1   0   0   0  -1  -1  -1    5   3   5  11   1   3   4  23   4   3   6   6   1   3   3   6   4   1   2   4  0.10 0.02
  217 D     0   0   0   1  -1   1   2   1   0  -1  -1   0  -1  -1   0   0   0  -1  -1  -1    7   5   3   9   1   7  16  11   1   3   6   5   2   3   4   5   5   1   2   4  0.07 0.01
  218 A     0   0  -1  -1  -1   0   0  -1  -1  -1  -1   0  -1  -1   5   0   0  -1  -1  -1    7   5   3   3   1   3   4   5   1   3   6   4   1   2  34   7   4   1   2   4  0.43 0.06
  219 C    -1  -1  -1  -1   8  -1  -1   0  -1   0   0  -1  -1  -1  -1  -1  -1  -1  -1  -1    5   3   3   3  37   2   4   6   1   5   7   3   1   2   3   4   3   1   2   4  0.49 0.09
  220 V    -1  -2  -2  -2   5  -2  -2  -2  -2   2   0  -2   0  -1  -2  -1  -1  -2   0   3    4   2   1   2  15   1   2   2   1  16   5   2   1   1   2   2   3   0   3  35  0.32 0.12
  221 V    -1  -1  -1   1  -2  -1   0  -2  -2   0   0  -1  -1   3  -2   0   2  -1   2   1    2   2   3   8   0   1   6   1   0   6   5   1   0  16   1   6  21   0   7  13  0.13 0.10
  222 H    -3   0   0  -3  -3  -2  -3  -3   5  -3  -1  -2   0   3  -3  -3  -3   6   6  -3    1   6   4   1   0   1   1   1  20   1   5   1   2  10   1   1   1  13  32   1  0.88 0.28
  223 I     0  -3  -2  -3   4  -1  -3  -3  -3   3   2  -3   3  -1  -3  -2  -1  -3  -2   2    8   1   2   1  13   2   1   1   0  24  16   1   9   0   1   1   2   0   0  17  0.34 0.15
  224 G    -2  -4  -2  -3  -4  -3  -4   7  -4  -5  -5  -3  -4  -4  -4  -2  -3  -4  -4  -4    1   0   0   0   0   0   1  91   0   0   1   1   0   0   0   1   1   0   0   1  1.77 0.43
  225 P     0  -2   0   2  -3   0   2   1  -2  -3  -3   0  -3  -4   4   0   0  -4  -3  -2    9   0   3  14   0   2  19  10   0   0   1   4   0   0  24   5   5   0   0   2  0.46 0.16
  226 G     1  -2   1   1  -2  -1   0   2  -1  -1  -2   0  -1  -2   1   0   0  -3  -1   1   13   0   7   7   0   1   7  15   2   2   1   4   0   0   6   7   3   0   2  21  0.12 0.09
  227 G    -2  -4  -2  -3  -4  -3  -3   7  -3  -4  -4  -3  -4  -4  -3  -2  -3  -4  -4  -4    1   1   1   1   0   1   1  89   0   1   1   1   0   0   1   1   1   0   0   1  1.66 0.40
  228 S     3  -2   2  -1  -2  -2  -2  -2  -2  -2  -1  -1   1  -3  -2   3   1  -3  -3  -2   39   0  11   2   0   0   0   1   0   0   5   2   5   0   0  25   7   0   0   0  0.41 0.22
  229 G     0  -5  -3  -4  -5  -4  -4   7  -4  -6  -6  -4  -5  -6  -4  -2  -4  -5  -5  -5    6   0   0   0   0   0   0  94   0   0   0   0   0   0   0   0   0   0   0   0  1.96 0.51
  230 H     0  -2   3  -1   0   4  -1  -3   7  -2  -4  -2  -3  -4  -3   0   0  -4  -2  -4    8   0  19   2   2  22   0   0  33   3   0   0   0   0   0   7   4   0   0   0  0.80 0.34
  231 F     2   0  -3  -3   0  -2  -3  -3   0  -2  -1   0  -2   4  -3   0   0  -1   4   0   25   7   0   0   2   0   0   0   2   0   2   6   0  23   0   5   6   0  16   5  0.37 0.21
  232 V     2  -4  -4  -4   2  -3  -4  -4  -4   0  -1  -3   3  -3  -4  -2   1  -4  -3   5   24   0   0   0   5   0   0   0   0   0   2   0   8   0   0   0  10   0   0  52  0.68 0.32
  233 K    -3   0  -1  -3  -6  -1  -2  -4  -3  -5  -5   7  -1  -6  -4  -3  -3  -6  -4  -5    0   2   2   0   0   0   0   0   0   0   0  95   1   0   0   0   0   0   0   0  1.80 0.56
  234 M    -2  -4  -5  -5  -3  -3  -5  -5  -4   4   2  -4   8  -2  -5  -4  -3  -4  -3   1    2   0   0   0   0   0   0   0   0  22  19   0  50   0   0   0   0   0   0   6  1.18 0.41
  235 V     0  -4  -4  -5   5  -4  -4  -2  -4   4  -1  -4  -1  -3  -4  -2  -2  -4  -1   4    7   0   0   0  17   0   0   3   0  25   0   0   0   0   0   3   0   0   2  43  0.75 0.30
  236 H    -3  -1   5  -2  -4  -2  -2  -3   8  -1   0  -2  -3  -3  -4  -2  -3  -4  -1   0    0   2  31   0   0   0   0   0  44   3   9   0   0   0   0   0   0   0   0   8  1.10 0.38
  237 N    -4  -3   8  -1  -5   4  -2  -3  -2  -6  -6  -2  -4  -6  -4  -2  -3  -6  -4  -5    0   0  81   0   0  19   0   0   0   0   0   0   0   0   0   0   0   0   0   0  1.84 0.55
  238 G    -2  -3  -3  -4  -3   0  -3   4  -3   1   0  -3   6   0  -4  -2  -1  -3   0  -1    0   0   0   0   0   5   0  39   0  11   5   0  28   3   0   2   2   0   4   2  0.63 0.29
  239 I    -1  -4  -4  -5   1  -4  -4  -3  -4   5   2  -4   2  -2  -4  -3  -1  -4  -3   2    5   0   0   0   4   0   0   2   0  51  18   0   5   0   0   0   2   0   0  14  0.69 0.27
  240 E    -2  -2  -2  -1  -4   2   4  -3  -2   0   2  -1   2  -3  -3   0  -2  -4  -3   0    0   0   0   0   0   9  41   2   0   6  23   0   6   0   0   8   0   0   0   6  0.44 0.24
  241 Y     3  -4  -3  -4   0  -3  -3   3  -2  -1  -3  -3  -3  -1  -4  -2  -3  -1   6  -1   26   0   0   0   2   0   0  27   0   4   0   0   0   0   0   0   0   0  38   3  0.81 0.32
  242 G     1  -3  -2  -3   0  -3  -3   4  -3   1  -1  -3  -2  -3  -3   2  -2  -4  -3   0   12   0   0   0   2   0   0  41   0  12   4   0   0   0   0  20   0   0   0   9  0.50 0.22
  243 D    -2  -3   2   4  -3   0  -1  -2  -2   0   0  -2   4   1  -3   1   0  -4  -2   0    0   0   9  31   0   4   0   2   0   4   8   0  15   7   0  10   4   0   0   5  0.33 0.20
  244 M    -3  -4  -1  -5  -4  -1  -4  -5   2   1   2  -4   9  -2  -5  -4  -3  -4  -3  -1    0   0   4   0   0   2   0   0   5   6  15   0  66   0   0   0   0   0   0   2  1.38 0.46
  245 Q     3  -2  -1  -2  -3   5   0  -3  -2   2  -1  -1  -2  -3  -3  -1  -2  -4  -3   0   26   0   2   0   0  39   5   0   0  16   4   0   0   0   0   2   0   0   0   6  0.53 0.28
  246 L     2  -3  -3  -3  -2  -3  -3   3  -3   0   3  -3  -1  -2  -3   0   1  -3  -3  -1   22   0   0   0   0   0   0  25   0   5  34   0   0   0   0   5  10   0   0   0  0.37 0.20
  247 I    -1  -4  -4  -4  -2  -3  -4  -4  -4   5   2  -3   1   1  -4  -1   1   1  -1   2    5   0   0   0   0   0   0   0   0  44  17   0   2   6   0   4   8   2   2  11  0.47 0.21
  248 A     5  -3  -3  -3   4  -3  -3   0  -3  -3  -3  -3  -3  -4  -3   3  -1  -4  -4  -1   62   0   0   0  10   0   0   5   0   0   0   0   0   0   0  20   1   0   0   2  0.84 0.34
  249 E    -1  -3  -3  -1  -6   0   7  -4  -3  -6  -5  -2  -4  -6  -4  -2  -3  -5  -5  -5    5   0   0   0   0   0  95   0   0   0   0   0   0   0   0   0   0   0   0   0  1.82 0.54
  250 A     4  -3  -2  -3  -3  -2  -1   3  -3  -3  -4  -2  -3  -4  -3   1   0  -4  -4  -1   51   0   0   0   0   0   5  27   0   0   0   0   0   0   0  10   5   0   0   3  0.68 0.28
  251 S    -1  -3  -4  -4  -3  -3  -4  -4  -2   0   2  -3   4   3  -4  -2  -2   2   5  -1    5   0   0   0   0   0   0   0   0   5  25   0  16  12   0   2   0   3  30   0  0.65 0.25
  252 H     1  -1   1   2  -2   0   0  -1   2  -1  -2  -1   0   0  -2   0   1   0  -1  -1   19   1   9  16   0   4   6   2   7   3   1   1   3   6   1   4  11   1   0   5  0.13 0.09
  253 L    -1  -3  -3  -3  -2  -1  -3  -3  -3   3   3  -3   1   2  -3  -2  -2  -2   0   2    4   1   1   1   0   3   1   1   0  19  38   1   2  10   1   1   1   0   2  16  0.35 0.14
  254 C    -1  -3  -4  -4   0  -3  -4   1  -3   0   4  -3   4   0  -4  -3  -2  -3  -1  -1    4   0   0   0   2   0   0  14   0   0  59   0  14   2   0   0   0   0   2   0  0.62 0.26
  255 R     2   1  -1  -2   1   0  -1  -1   1   0  -2   3   0  -3  -2   0  -1  -4  -3   0   28   7   2   0   4   2   0   3   3   5   0  30   3   0   0   6   0   0   0   8  0.28 0.18
  256 S     0   1   1   2  -3   2   3  -2   1  -3  -2   1  -2  -3  -2   2   0  -3   0  -3    4  10   4  12   0  11  19   1   4   0   3   6   0   0   0  18   4   0   4   0  0.31 0.15
  257 V     0   2  -2  -2   0   1  -1   0  -2  -1  -1   3   1  -2  -2  -1  -1  -3  -1   1    9  11   0   0   2   8   1   8   0   1   6  23   4   1   0   3   1   0   1  19  0.14 0.11
  258 G     1  -1   0  -2  -2  -1  -1   1  -2   0   2  -1   0   0  -2   0   0  -2   0   0   14   3   6   1   0   1   4  10   0   1  33   1   0   5   1   5   7   0   4   5  0.09 0.08
  259 G    -2  -1   1  -1  -4  -3  -3   6  -3  -5  -4  -1  -4  -5  -4  -1  -3  -4  -5  -5    0   3   6   3   0   0   1  79   0   0   1   4   0   0   0   2   0   0   0   0  1.33 0.37
  260 L    -2  -2  -4  -4  -3   0  -3  -5  -4   1   5  -3   3   1  -4  -3  -2  -3  -2   0    2   2   0   0   0   6   0   0   0   6  63   0  10   4   0   0   0   0   0   5  0.68 0.26
  261 S    -1  -2   1   4  -3   0   1  -1  -2  -4  -4   0  -3  -4   0   4   0  -4  -2  -4    2   1   6  27   0   4   7   3   0   0   0   3   0   0   4  38   3   0   2   0  0.54 0.24
  262 P     1  -2   2   0  -2   2  -1  -1   2  -3  -2  -2  -2   0   5  -1  -2  -3   1  -3   12   0  15   4   1  14   0   2   5   1   5   0   0   4  28   2   0   0   7   0  0.47 0.20
  263 A    -1  -1   1   3  -4   2   3  -3  -2  -2  -2   2  -2  -4  -2   0  -1  -4  -3  -2    5   0   6  21   0   9  24   0   0   3   5  19   0   0   0   4   1   0   0   3  0.40 0.18
  264 Q     0   0  -1   1  -3   2   3  -3  -1  -1   0   1  -1  -3  -2   0   1  -3  -2   0    6   3   0   9   0   9  27   0   1   0  10   6   0   0   0   4  12   0   0  11  0.23 0.14
  265 L     0  -3  -4  -4  -2  -3  -4  -4  -4   3   3  -3   3   1  -4  -3  -2  -3  -2   3    6   0   0   0   0   0   0   0   0  17  42   0   9   5   0   0   0   0   0  20  0.54 0.21
  266 S     2  -1  -2  -2  -2   1   0  -1   1   0   1  -1  -1  -1  -2   1  -1  -2   1   0   29   3   0   0   0   6   4   3   5   7  17   3   0   2   0   9   2   0   5   4  0.11 0.11
  267 Q    -1   0   1   4  -4   2   3  -1  -1  -4  -4   2  -3  -4  -2   0  -1  -4  -3  -4    5   2   5  26   0  11  25   4   1   0   0  15   0   0   0   5   2   0   0   0  0.54 0.21
  268 L     0  -4  -4  -2  -2  -3  -2  -4  -4   4   0  -3  -1  -1  -4  -3   1  -4  -3   4    6   0   0   2   0   0   2   0   0  37   4   0   0   2   0   0   9   0   0  38  0.59 0.25
  269 L    -2  -2  -4  -5   0  -4  -4  -4  -3   2   3  -4   2   5  -4  -3  -3  -2   0   0    2   3   0   0   3   0   0   0   0  14  31   0   6  37   0   0   0   0   0   3  0.66 0.24
  270 G     0  -1   0   2  -2   0   2   1  -1  -2  -2   1   0   0  -2   1   1  -3  -2  -2    8   1   3  11   0   1  19  10   0   1   1  10   3   5   1  12  12   0   0   1  0.18 0.09
  271 K     0   0   0   1  -2   2   2  -1  -1  -1  -1   1  -1  -2  -1   1   1  -2  -2  -1    6   3   1   7   1   9  21   2   1   3   6  13   1   1   1  10  12   0   1   2  0.18 0.07
  272 F    -2  -2  -2  -2  -2  -2  -2  -2  -2   0  -1  -2  -1   0  -2  -2   0  10   0  -2    3   2   2   2   1   1   2   3   1   8   6   2   1   3   2   2   6  51   1   2  1.36 0.22
  273 N    -2  -1   7   0  -3  -1  -1  -2  -1  -3  -3  -1  -3  -3   0   1   0  -4  -3  -3    1   2  67   1   0   1   1   1   0   1   1   3   0   1   5  10   4   0   1   1  0.93 0.26
  274 E    -1   0   1  -1  -3   3   0  -1   2  -2  -1   3   2  -3  -2   0   2  -3  -2  -2    2   3   7   0   0  15   4   3   6   0   4  24  11   0   0   6  14   0   0   0  0.26 0.15
  275 G    -1  -3   0  -2  -3  -3  -2   6  -3  -4  -4  -3  -4  -4  -3   1   1  -4  -4  -4    1   0   2   0   0   0   1  70   0   0   1   0   0   0   0  12  12   0   0   0  1.07 0.28
  276 P     1  -1  -1   2  -3   2   3  -2  -2  -2  -3  -1  -2   0  -1   1  -1  -3  -2   0   17   1   0  11   0   9  29   0   0   0   0   1   0   6   2  14   0   0   0   9  0.28 0.14
  277 L     1  -3  -3  -4  -2  -3  -3   0  -3   1   4  -3   2  -1  -3  -2  -2  -3  -2   0   19   0   0   0   0   0   0   9   0   8  58   0   4   0   0   0   0   0   0   0  0.47 0.20
  278 G     0   2   2   2  -3   0   1   1   0  -3  -3   1  -2  -4  -2   1  -1  -4  -3  -3    8  15  15  15   0   3   9  12   1   0   2   8   0   0   0  11   0   0   0   0  0.30 0.11
  279 S     0  -3   0  -2   3  -2  -2  -2  -3  -4  -4  -2  -3  -4  -3   6   0  -5  -4  -3    4   0   3   0   7   0   0   0   0   0   0   0   0   0   0  86   0   0   0   0  1.15 0.39
  280 F    -4  -1  -4  -5  -4  -3  -4  -5  -2  -3  -2  -1  -2   5  -1  -4  -4   9   6  -3    0   3   0   0   0   0   0   0   0   0   0   4   0  32   4   0   0  28  29   0  1.45 0.34
  281 L     0  -3  -3  -4  -2  -1  -3  -4  -3   1   4  -3   3  -1  -4   0  -1  -3  -2   0    7   0   0   0   0   3   0   0   0   4  65   0  11   0   0   8   3   0   0   0  0.56 0.22
  282 M    -1  -3  -2   1  -2  -2  -2  -3  -3   3   2  -2   3   1  -3   0  -1  -2  -1   1    0   0   0  15   0   0   0   0   0  29  18   0  13   7   0   9   0   0   0   8  0.19 0.08
  283 E    -1   1   0   3  -3   3   4   1  -1  -3  -3   0  -2  -3  -2  -1  -1  -3  -2  -3    1   9   0  17   0  16  38  12   0   1   1   1   0   0   1   1   1   0   0   1  0.44 0.09
  284 V     0  -2  -2  -3  -2  -2  -2  -2  -3   3   2   0   0  -1  -2  -1   0  -2  -2   2   12   1   1   1   0   0   1   1   0  33  20  10   0   0   1   1   8   0   0  11  0.18 0.09
  285 T     1  -1  -1  -2   4  -1  -1  -1   2  -2  -2   0  -1  -1  -2   1   3  -1   3  -1   10   1   1   1  11   0   1   3   6   1   1   6   0   0   1   8  33   0  16   1  0.27 0.13
  286 A     2   0   2  -1  -2   1   0   1  -1  -1  -2   1   0  -3  -2   1   0  -3  -2  -1   25   4  12   0   0   9   6  11   0   4   1   7   6   0   0   6   7   0   0   0  0.16 0.07
  287 T     0   0   3   3  -3   0   3  -2  -1  -3  -3  -1  -2  -3   2   0   0  -4  -3  -3   10   4  17  23   0   0  22   1   0   0   1   0   0   0  12   2   5   0   0   0  0.42 0.12
  288 L     0   1  -3  -3   1  -2  -2  -3  -3   3   1   0   0  -1  -2  -2  -1  -3  -2   2   12   9   0   0   4   0   0   1   0  31  16   6   0   0   0   0   0   0   0  18  0.19 0.10
  289 Y     0  -3  -3  -4  -2  -3  -3  -2  -2   0   3  -3   2   4   2  -2  -2  -1   1  -1    8   0   0   0   0   0   0   3   0   4  41   0   5  22  12   0   0   0   5   0  0.37 0.14
  290 K     1   2  -1  -2  -2  -1  -2   1  -2   1  -1   1   0  -2   1   0   1  -3  -1  -1   19  14   2   0   0   0   0  14   0  17   4  12   1   0   6   1   9   0   2   0  0.13 0.10
  291 K     0   1  -2  -2  -3  -1  -1  -3   0   0  -1   4   1   0  -2  -1  -1  -2   2   1   11   3   0   0   0   0   2   0   2   3   4  41   5   5   0   0   0   0   8  15  0.25 0.16
  292 K    -1   2   0  -1  -3   1  -1   0  -2  -1  -1   4   3  -2  -2   0  -1  -3  -2  -1    2  10   2   2   0   5   0   7   0   5   6  37  12   0   0   8   0   0   0   2  0.25 0.14
  293 D    -2  -2   0   6  -1  -1   2  -2  -2  -3  -3   1  -3  -3  -2   0   0  -4  -3  -3    1   1   1  58   2   1   9   1   0   1   1   8   0   1   1   7   8   0   0   1  0.75 0.21
  294 E    -1  -1  -1   2  -2   0   3   0  -1  -2  -2   0  -2  -2   2   0   1  -2  -2   0    2   1   1  11   0   1  30   9   0   1   2   6   1   1  10   2  12   0   1   9  0.25 0.09
  295 A     1   0   0  -1  -1   1   0  -1  -1   0   0   0   1  -1  -1   0   0  -1  -1   0   20   3   3   2   1   8   5   3   1   2  10   7   9   2   2   7   3   1   2  10  0.04 0.03
  296 V     1  -1   2   1  -2  -1   0   2  -1  -1  -2   0  -1  -2   3   0   0  -2  -2  -1   12   2  15  10   1   2   2  16   1   2   3   3   1   1  14   3   5   0   1   6  0.18 0.04
  297 R     0   1   0   2  -2   1   1   0  -1  -1  -1   1  -1   0   0   1   0  -1  -1  -1    8   6   2  15   1   9  10   5   1   2   4  10   1   7   4  10   2   1   1   3  0.11 0.03
  298 A     1  -1  -1  -1  -1  -1   0   2  -1  -1   0  -1  -1   1  -1   1   0  -1  -1  -1   17   2   2   2   1   2   7  19   1   2  11   2   1  11   2  13   2   1   1   2  0.09 0.04
  299 N     0   0   2   1  -2   0   1   0   2  -2  -2   0  -1  -2   1   0   0  -2  -1  -1    9   7  16  10   1   2  10   6   8   2   4   2   1   2   7   7   2   1   1   3  0.14 0.03
  300 G     0  -1   1  -1  -1  -1  -1   3  -1  -1  -1  -1  -1   1  -1   0  -1  -1  -1   0    4   2   9   2   1   2   3  36   1   2   4   3   1   9   2   3   3   1   1  10  0.19 0.05
  301 T     0  -1   1   0  -1   0   1   1   0  -1  -1  -1  -1   1   2   0   0   0   2  -1    4   2  10   2   1   2  10  11   1   2   4   3   1   7  10   8   7   1  13   3  0.11 0.03
  302 S     0  -1   0   0  -1   1   0   0  -1  -1   0   0   2   1   2   0   0  -1  -1  -1    4   3   2   7   1   9   3   8   1   3   4   3  14   7  10   8   7   1   2   3  0.08 0.03
  303 A     1  -1  -1  -1  -1   1   0   1  -1   0   0   0   0  -1   2   0   0  -1  -1   0   14   2   2   3   1  10   3  15   1   2  11   3   1   2  10   3   3   1   2  11  0.08 0.02
  304 H     0  -1   0   0  -1   1   0   2   1  -1   0  -1   1  -1  -1   0  -1  -1  -1  -1    8   2   2   5   1  10   3  24   5   2  11   3   7   2   2   3   3   1   1   5  0.09 0.03
  305 D    -1  -2   1   4  -2  -1   0   1  -1  -2  -2  -1  -2   2   2  -1  -1  -2  -1  -2    2   2   5  34   1   1   4  14   1   2   3   2   1  13   9   3   3   0   1   2  0.28 0.09
  306 A     1  -1   0  -1  -2  -1  -1   4  -2  -1   0  -1  -1  -2  -1   0  -1  -2  -2  -1   14   2   4   1   1   1   2  42   1   3  16   3   1   1   1   3   2   0   1   2  0.30 0.09
  307 P     1   0   1   0  -2   1   0   0   0  -1  -2   1  -1  -2   1   1   1  -2  -2  -1   10   1   5   5   0   9   4   8   2   3   2  14   0   1   5  17  11   0   1   3  0.15 0.05
  308 Y     1  -1  -1  -2  -2  -1  -1  -2   5  -2  -2  -1  -2   0   3   0   0  -1   4  -2   13   2   1   1   0   1   2   1  23   1   1   1   0   3  14   8   8   0  18   1  0.39 0.14
  309 Q    -2   1  -3  -3  -2   0  -2  -3  -2   1   4   1   3  -1  -3  -2  -2  -2  -2   1    1   8   0   0   0   4   1   1   0   4  52  10   8   0   0   1   1   0   0   9  0.33 0.14
  310 I    -1  -2  -2   0  -2   1   0  -3  -2   2   2  -2   3  -1  -2  -2   0  -3  -2   2    4   0   0   6   0   8   8   1   0  14  18   1  12   0   0   1   3   0   0  24  0.17 0.10
  311 D     0   1   0   4  -3   0   2  -2  -2  -2  -1   0  -2  -3   0   0   0  -3  -2   0    8   8   0  33   0   0  15   1   0   0   6   6   0   0   4   4   6   0   0   8  0.28 0.11
  312 S    -1   1  -1   2  -1   1   0   0   0  -2  -2   3  -2  -2  -2   0   0  -2   1  -1    1   3   0  16   2   4   1   6   3   0   2  34   0   0   0   7   7   0   9   4  0.23 0.12
  313 I    -2  -3   0   1  -2  -3  -2  -4  -3   4   2  -3   0  -1  -3  -2  -1  -3  -2   2    0   0   8  12   0   0   0   0   0  45  19   0   0   0   0   0   0   0   0  14  0.40 0.17
  314 L    -1   3  -3  -1  -3  -2  -2  -3  -3   0   4   0   2  -1  -3  -2  -2  -3  -2  -1    6  19   0   5   0   0   0   0   0   0  59   4   4   0   0   0   0   0   0   0  0.42 0.19
  315 D     0  -2   0   6  -3  -2   0   2  -2  -3   0  -2  -2  -3  -2  -1  -2  -4  -3  -3    8   0   0  56   0   0   1  16   0   0  14   1   0   0   0   1   1   0   0   1  0.63 0.21
  316 S     0   1  -1  -1  -2   0   1  -2   2   0   0   1  -1  -2  -2   0   1  -3  -1   1    5  10   0   0   0   0   9   1   7   4  13  14   0   0   0  10  11   0   0  15  0.09 0.07
  317 A     4  -2  -2  -3  -2  -2  -2  -1  -3   0   0  -2   1  -2  -2   0   1  -3  -2   1   57   0   0   0   0   0   0   2   0   3   8   0   4   0   0   0   9   0   0  14  0.40 0.19
  318 G     2  -2   1  -1  -3   1  -1   5   1  -3  -3  -1  -2  -3  -2   0  -1  -3  -3  -2   18   0   8   1   0   8   4  48   4   0   1   1   0   0   0   2   1   0   0   4  0.51 0.16
  319 S    -1  -1   0   2  -3   4   0   1  -1  -2  -2   1   3  -3  -2   1  -1  -3  -2  -2    1   0   2  15   0  30   1  13   0   0   1   6  16   0   0  12   1   0   0   1  0.34 0.17
  320 K     0   2  -1  -1  -3   0   1   0  -1  -3  -3   4  -2  -3  -2   1  -1  -3  -2  -3    8   8   0   1   0   0   9   6   0   0   1  48   0   0   0  15   1   0   0   1  0.44 0.17
  321 G     1  -2  -1  -2  -3  -2  -2   6  -2  -3  -3  -2  -3  -3  -2   0  -2  -3  -3  -3    9   1   1   1   0   1   1  72   0   1   2   1   0   1   1   6   1   0   1   1  0.94 0.21
  322 T    -1   1  -1  -1  -2  -1   1  -2  -2  -2  -2  -1  -1  -2  -1   0   5  -2  -2  -1    2   9   1   1   0   1   9   2   1   1   2   1   1   1   1   2  64   0   1   1  0.57 0.20
  323 G     0  -2  -1  -1  -2  -1   0   5  -2  -3  -3  -1  -2  -3   0   0  -1  -2  -2  -3    2   1   1   1   0   1   9  60   1   1   2   1   1   1   5   9   1   0   1   2  0.65 0.14
  324 K    -1   2  -1   1  -2   0   0  -2  -1  -2  -1   4  -1  -2  -1   0   1  -2   0  -2    2  12   1   9   0   1   1   2   1   1   5  40   1   1   1   2  14   0   4   2  0.28 0.11
  325 W    -3  -2  -3  -3  -3  -2  -2  -3  -3  -3  -2   0  -2  -1  -3  -3  -2  11   0  -3    2   1   1   1   0   1   1   2   1   1   2   8   1   1   1   2   1  70   1   2  2.15 0.32
  326 T    -1  -2  -1  -2  -2  -1  -1  -2  -2   0   0  -1  -1  -2  -2   2   5  -3  -2   0    1   1   1   1   0   1   1   1   0   4   7   1   0   1   1  15  57   0   1   5  0.47 0.17
  327 I     2  -2  -2  -2   1  -2  -2  -1  -2   1  -1  -2  -1  -2  -2   1   0  -3  -2   3   27   1   1   1   3   1   1   4   0   9   1   1   0   1   1  11   3   0   0  36  0.22 0.11
  328 Q    -1   1  -1   1  -3   3   2  -2  -1   2  -1   0   1  -1  -2  -1  -1  -2  -2   0    1   7   1   8   0  24  14   1   0  24   2   4   6   2   1   1   1   0   0   3  0.21 0.11
  329 Q     0  -1   2   2  -3   3   3  -2  -1  -3  -3   0  -2  -3  -2   2   0  -3  -2  -2    8   0  11  10   0  15  26   0   0   0   1   0   0   0   0  19   6   0   0   0  0.38 0.11
  330 A     5  -2   1  -2  -2  -2  -2   0  -2  -2  -3  -2  -2  -3  -2   1  -1  -3  -3  -1   79   0   8   0   0   0   0   2   0   0   1   0   0   0   0   6   0   0   0   0  0.68 0.22
  331 A     2  -2  -3  -3  -2  -2  -2  -3  -3   2   3   0   1  -1  -2  -1  -1  -3  -2   0   24   0   0   0   0   0   0   0   0  11  53   8   0   0   0   0   0   0   0   0  0.32 0.13
  332 E    -1  -1   0   4  -4   1   4  -2  -1  -4  -4   0  -3  -4  -2   1  -1  -4  -3  -3    1   0   3  29   0   2  45   0   0   0   1   4   0   0   0  12   0   0   0   0  0.67 0.17
  333 L    -1   0   1  -2  -2   1   0  -3  -1   1   2  -1   1   0  -2  -1  -1  -2   1   0    5   6   8   0   0  13   6   0   0  12  32   0   1   3   0   3   0   0   6   2  0.11 0.07
  334 G     0  -1   1   0  -3   0   0   5   2  -4  -4  -1  -3  -4  -3   1  -1  -4  -3  -4    2   1   9   4   0   4   5  54   7   0   0   0   0   0   0  15   0   0   0   0  0.65 0.16
  335 V    -1  -3  -3  -3  -2  -2   1  -4  -3   3   1  -2   3  -2  -3  -2   0  -3  -2   4    0   0   0   0   0   0  14   0   0  17   7   0  11   0   0   1   5   0   0  45  0.37 0.15
  336 P     1  -3  -3  -3  -4  -3  -2  -3  -4  -4  -4  -2  -4  -5   8   0  -2  -5  -4  -3   13   0   0   0   0   0   0   0   0   0   0   0   0   0  82   5   0   0   0   0  2.00 0.32
  337 C     1  -3  -3  -3   1  -2  -3   0  -3   1   2  -2   1  -1  -3  -1   0  -3  -2   2   20   0   0   0   4   0   0   6   0   3  33   0   4   0   0   2   4   0   0  24  0.23 0.10
  338 A     0  -3  -2  -2  -2  -2  -2  -3  -3  -2  -1  -2  -2  -3   6   1   3  -4  -3   0    4   0   0   0   0   0   0   0   0   0   7   0   0   0  40  13  29   0   0   6  0.80 0.19
  339 T    -1  -2  -2  -3  -2  -2  -3  -3  -3   1   3  -2   2  -1  -3   1   3  -3  -2   1    0   0   0   0   0   0   0   0   0   5  43   0   7   0   0  11  27   0   0   8  0.35 0.14
  340 M    -2  -4  -4  -4  -2  -3  -4  -1  -4   5   2  -3   3  -1  -4  -3   0  -3  -2   1    0   0   0   0   0   0   0   7   0  63  13   0   8   0   0   0   7   0   0   2  0.56 0.19
  341 A     3  -2   1  -2  -2  -2  -1   1  -2   0  -2  -2  -2  -2  -2   0   3  -3   1  -1   33   0  10   0   0   0   2  10   0   8   0   0   0   0   0   0  30   0   6   0  0.28 0.14
  342 A     1  -1   1   0  -3   1   4  -1  -1  -2  -2  -1   3  -3  -2   1   0  -3  -3  -2   18   0   8   0   0   5  40   2   0   0   0   0  13   0   0   9   5   0   0   0  0.37 0.15
  343 A     4  -2  -1  -2  -2  -1   1  -1  -2  -3  -3  -1  -2  -3  -2   4   0  -4  -3  -2   47   0   0   0   0   0   8   0   0   0   0   0   0   0   0  45   0   0   0   0  0.63 0.22
  344 L    -2  -3  -3  -4  -2  -3  -3  -4   3   1   3  -3   0  -1  -4  -3  -1  -3  -1   4    0   0   0   0   0   0   0   0  13   0  36   0   0   0   0   0   0   0   0  51  0.53 0.18
  345 E    -1  -3  -1   1  -3  -3  -1  -3  -2  -1   0  -3   1   6  -4  -2  -2  -1   2  -1    5   0   4  10   0   0   5   0   0   0   7   0   6  58   0   0   0   0   1   4  0.56 0.16
  346 A     3  -2  -2  -2   2  -1   0   0  -2  -2  -1  -1   2  -1  -2   1   2  -3  -2  -1   46   0   0   0   4   0   6   3   0   0   0   0  11   2   0  12  15   0   0   0  0.30 0.11
  347 R    -3   7  -2  -3  -5   0  -1  -4  -1  -4  -3   1  -3  -4  -3  -2  -2  -4  -3  -4    0 100   0   0   0   0   0   0   0   0   0   0   0   0   0   0   0   0   0   0  1.47 0.25
  348 Y    -2  -3  -3  -4   5   0  -3  -4  -1   1  -1  -3  -1   4  -4  -2  -2   0   5  -1    0   0   0   0  21   5   0   0   0  10   0   0   0  24   0   2   0   0  36   3  0.67 0.14
  349 L     0   1  -3  -4  -2  -2  -3  -1  -3   1   3  -2   1   1  -3  -2  -2  -2  -1   1    7  11   0   0   0   0   0   7   0   7  55   0   3   5   0   0   0   0   0   6  0.26 0.08
  350 S     0  -2   0  -1  -2  -1  -1  -1  -2  -3  -4  -1  -3  -4  -2   6   1  -4  -3  -3    0   0   0   0   0   0   0   0   0   0   0   0   0   0   0  95   5   0   0   0  0.94 0.22
  351 A     3  -2  -1  -2  -2  -1  -2   3  -2  -2  -2  -1   1  -3  -2   3   1  -3  -3  -2   27   0   0   0   0   0   0  21   0   0   0   0   8   0   0  39   5   0   0   0  0.43 0.12
  352 L    -2  -3   0  -3  -2  -1  -3  -4  -2   1   3  -3   1   2  -4  -3  -2   5   2   0    0   0   9   0   0   3   0   0   0   7  50   0   4   8   0   0   0   9  10   0  0.41 0.10
  353 K    -2   3  -1  -2  -4   0   0  -3  -2  -4  -4   6  -3  -4  -2  -1  -2  -4  -3  -4    0   9   0   0   0   0   0   0   0   0   0  91   0   0   0   0   0   0   0   0  1.14 0.22
  354 E    -1  -1   0   4  -3   1   3  -2  -2   0  -3  -1  -2  -3  -2   0   1  -4  -3  -2    4   2   2  37   0   3  29   0   0   9   0   0   0   0   0   5   8   0   0   0  0.49 0.11
  355 Q    -1  -1  -1   0  -4   4   6  -3  -1  -2  -3   0  -2  -4  -2  -1  -2  -4  -3  -1    3   0   0   0   0  19  68   0   0   3   0   0   0   0   0   0   0   0   0   6  0.83 0.18
  356 R    -3   7  -2  -3  -5   0  -1  -4  -2  -5  -4   1  -3  -4  -4  -2  -3  -4  -3  -4    0 100   0   0   0   0   0   0   0   0   0   0   0   0   0   0   0   0   0   0  1.57 0.26
  357 L    -1  -1  -2  -2   1   1   0  -3  -2   1   2  -1   1  -2  -3  -2   0  -3  -2   3    0   3   0   0   3  11   8   0   0   5  19   2   2   0   0   0   6   0   0  41  0.22 0.08
  358 A     3   1   0  -1  -2   2   2  -2  -1  -1  -2   1  -2  -3  -2   0  -1  -3  -2  -1   40   9   6   0   0  13  13   0   0   4   3  11   0   0   0   0   2   0   0   0  0.28 0.11
  359 A     5  -3   1  -3  -2  -2  -2  -1  -3  -1  -2  -2  -2  -3  -2   0  -1  -4  -3   2   73   0   8   0   0   0   0   0   0   0   0   0   0   0   0   0   0   0   0  19  0.63 0.20
  360 A     4  -2  -1  -2  -2   0   0  -1   0  -3  -3  -1  -2  -3  -2   4   0  -4  -3  -2   47   0   2   0   0   2   3   0   3   0   0   0   0   0   0  43   0   0   0   0  0.59 0.18
  361 A     0   2   0  -1  -3   2   0   0  -1  -3  -3   4  -2  -4  -2   1   1  -4  -3  -3    3   9   3   2   0   7   2   5   0   0   0  47   0   0   0   9  12   0   0   0  0.43 0.12
  362 L    -1  -1   1  -2  -2   2   0   0  -2   2   1   0   0  -2  -3  -1  -1  -3  -2   2    2   0  10   0   0  13   7  10   0  14  12   7   0   0   0   2   0   0   0  24  0.11 0.07
  363 D     0  -3  -4  -2  -2  -3  -3  -4  -3   0   4  -3   0   3   2  -3  -2  -2   0  -1    8   0   0   3   0   0   0   0   0   0  59   0   0  18  10   0   0   0   3   0  0.46 0.14
  364 K     0   1   0   1   0   1   0   0   0  -3  -3   2  -2  -4   3   1  -1  -4  -3  -3    9   9   3  10   3   5   4   5   2   0   0  19   0   0  19   9   2   0   0   0  0.34 0.07
  365 E     0  -2  -2  -2  -3  -2   0   5  -3   0  -3   0  -3  -4  -3  -1  -2  -4  -4  -2    6   2   0   0   0   0   6  67   0   8   0   5   0   0   0   3   0   0   0   3  0.77 0.16
  366 A     0  -3  -2  -2  -3  -2  -1  -1   3   0  -3  -2  -2  -2   7  -1   0  -4  -2  -2   11   0   0   0   0   0   2   3  10   8   0   0   0   2  56   0   8   0   0   0  1.07 0.18
  367 T     0  -1   1  -1  -2   1   0   2  -2   0  -2   0  -1  -3   0   2   2  -3  -2   0    2   0   7   0   0   7   4  15   0  12   0   7   0   0   3  21  17   0   0   5  0.17 0.07
  368 P     0  -1  -1  -1  -2   1   0  -2   2  -1   0   1   0  -2   3   0   1  -3  -2   0   10   0   0   3   0   8   5   2  10   1   8  11   3   0  16   3   9   0   0  13  0.18 0.06
  369 S    -1  -1   1  -1  -2   1   0  -2   0  -1  -1   1   2  -1   3   2   1  -3  -2  -1    0   0   7   1   0   8   6   0   2   3   3   9  10   3  13  27   6   0   0   3  0.22 0.08
  370 A     0   0  -2  -2  -2  -1  -1   2  -2  -1  -1   0  -1   3   0   0  -1  -2   0   0   10   4   0   0   0   3   2  21   0   2   5   8   0  26   4   8   0   0   0   7  0.15 0.07
  371 S     0  -1   1   2   0   0   1   0  -1   0  -2   0   1  -3   0   1   1  -3  -2  -1    5   0   9  11   3   2  12   4   0   6   0   5   8   0   4  18   8   0   0   5  0.13 0.05
  372 Q    -1  -1  -1  -1  -3   2   0   3   2  -2  -1   2  -1  -3  -2   1  -1  -3  -2   0    2   0   0   2   0  16   3  24   7   1   6  19   0   0   0  12   0   0   0   9  0.22 0.09
  373 P    -2  -2   2   6  -4   0   1   1  -2  -4  -5  -2  -4  -4   1   1  -2  -5  -4  -4    0   0   8  61   0   3   3  10   0   0   0   0   0   0   6   9   0   0   0   0  0.85 0.17
  374 P    -1   2  -1  -2  -3   0  -1  -3  -2   0  -2   4  -2  -3   3   0  -1  -4  -3  -1    3  11   0   0   0   3   0   0   0   8   3  44   0   0  16  10   0   0   0   2  0.45 0.13
  375 T     0   0   1   1  -3   1   3   1  -1  -3  -3   3  -2  -4  -1   1   0  -4  -3  -3    3   2   5   5   0   4  22  10   0   0   0  29   0   0   2  13   5   0   0   0  0.34 0.09
  376 G     1   0  -1   0  -2   2   1   1   2  -1  -2   0  -1  -3  -2   0   0  -3  -2   0   12   4   0   4   0  12  13  11  10   0   2   4   2   0   0   7   6   0   0  13  0.13 0.05
  377 W    -3  -4  -4  -4  -3  -4  -4  -4  -2  -1   1  -4  -1   6   1  -3  -3   6   3  -1    0   0   0   0   0   0   0   0   0   0  17   0   0  51   7   0   0  14   7   4  0.87 0.17
  378 E    -2  -3  -4  -4  -2  -3  -2  -4  -4   5   2  -1   0  -1  -3  -3  -1  -3  -2   3    0   0   0   0   0   0   3   0   0  50  16   7   0   0   0   0   0   0   0  24  0.49 0.13
  379 Q    -1   0   0   3  -4   2   4  -3  -1  -4  -4   3  -3  -4  -1   0  -2  -4  -2  -3    2   0   1  18   0   5  39   0   0   0   0  28   0   0   2   3   0   0   1   0  0.59 0.14
  380 A     1   0  -1   3  -3   2   1  -2   2  -2  -2   1   3  -2  -2  -1  -1  -3  -1  -2   14   4   0  26   0  10   4   0   8   0   0  10  19   0   0   2   0   0   2   0  0.28 0.11
  381 L    -1  -3  -4  -4  -2  -3  -4  -4  -4   3   3  -3   1  -1  -3  -3  -1  -3  -2   4    2   0   0   0   0   0   0   0   0  22  28   0   0   0   0   0   0   0   0  48  0.56 0.14
  382 E    -2   5  -1  -2  -4   0   1  -2   6  -4  -3   1  -2  -1  -3  -1  -2  -3   2  -4    0  46   0   0   0   0  12   2  26   0   0   3   0   2   0   2   0   0   7   0  0.72 0.17
  383 D    -2   1   3   3  -4   3   1  -2   2  -4  -4   2  -2  -4  -2   0  -1  -4  -2  -3    0   6  19  18   0  23   4   0   5   0   0  17   0   0   0   7   0   0   0   0  0.47 0.12
  384 A     5  -3  -2  -3  -2  -2  -2   3  -3  -3  -3  -2  -2  -4  -2   1  -1  -4  -3  -2   73   0   0   0   0   0   0  19   0   0   0   0   0   0   0   7   0   0   0   0  0.73 0.19
  385 L    -2  -3  -4  -4  -2  -3  -4  -5  -4   2   4  -3   1  -1  -4  -3  -2  -3  -2   2    0   0   0   0   0   0   0   0   0  13  67   0   0   0   0   0   0   0   0  21  0.66 0.15
  386 L    -3  -3  -3  -3   3  -2   2  -4   0  -2   0  -2  -2   2  -4  -3  -3   0   7  -2    0   0   0   0   7   0  19   0   0   0   8   0   0   4   0   0   0   0  62   0  0.96 0.22
  387 A     3  -3  -3  -3   3  -2  -2  -2  -1   0   0  -2   2   0  -3   0  -1  -1   4  -1   39   0   0   0   9   0   0   0   0   7   8   0   8   2   0   7   0   0  19   0  0.30 0.12
  388 S     3  -2  -1  -2  -2  -2  -2   3  -2  -3  -3  -2  -3  -4  -2   4   0  -4  -3  -2   25   0   0   0   0   0   0  25   0   0   0   0   0   0   0  50   0   0   0   0  0.61 0.16
  389 K    -2   0  -2  -2  -4   0  -1  -3  -2   0   0   5   3   1  -3  -2  -2  -3  -2  -2    0   0   0   0   0   0   0   0   0   7   7  67  13   7   0   0   0   0   0   0  0.58 0.19
  390 L    -2  -4  -4  -4  -2  -3  -4  -5  -4   5   2  -3   5  -1  -4  -3  -2  -3  -2   2    0   0   0   0   0   0   0   0   0  62  12   0  22   0   0   0   0   0   0   4  0.75 0.18
  391 C     1  -3  -3  -3   6   1  -2  -3  -3   3  -1  -2   0  -2  -3   0  -1  -3  -2   2   14   0   0   0  24  13   0   0   0  29   0   0   2   0   0   7   0   0   0  12  0.38 0.13
  392 S     3  -2  -1  -2   3  -1  -2  -1  -2  -3  -3  -2  -2  -4  -2   5   0  -4  -3  -2   24   0   0   0   7   0   0   0   0   0   0   0   0   0   0  69   0   0   0   0  0.73 0.20
  393 Y    -3  -3  -4  -5  -4  -3  -4  -5   0   0  -2  -3  -2   4  -5  -3  -3   1   8  -2    0   0   0   0   0   0   0   0   0   7   0   0   0  13   0   0   0   0  80   0  1.54 0.28
  394 A     5  -3  -2  -3   3  -2  -2   2  -3  -3  -3  -2  -2  -3  -2   0   0  -4  -3  -2   76   0   0   0   7   0   0  14   0   0   0   0   0   0   0   0   4   0   0   0  0.71 0.19
  395 Q    -2   0  -1  -1  -5   7   3  -3  -1  -4  -4   0  -2  -5  -3  -1  -2  -4  -3  -4    0   0   0   0   0  81  19   0   0   0   0   0   0   0   0   0   0   0   0   0  1.31 0.28
  396 G    -1  -4  -2  -3  -4  -3  -3   7  -3  -4  -4  -3   1  -4  -3  -2  -3  -4  -4  -4    0   0   0   0   0   0   0  93   0   0   0   0   7   0   0   0   0   0   0   0  1.47 0.24
  397 M    -3  -4  -4  -5  -3  -4  -4  -4  -3  -1   1  -4   4   7  -5  -4  -3  -1   2  -2    0   0   0   0   0   0   0   0   0   0   7   0  16  76   0   0   0   0   2   0  1.23 0.24
  398 A     1  -1   1   1  -3   1   3  -2  -1  -2  -1  -1   5  -3  -2   1   0  -3  -2  -2   17   0   9   6   0   7  23   0   0   0   0   0  28   0   0   8   2   0   0   0  0.30 0.13
  399 L    -2  -2  -3  -4   3   2  -2  -4  -3   1   4  -2   1  -1  -3  -3  -2  -3  -2   1    0   0   0   0   7  18   0   0   0   7  59   0   2   0   0   0   0   0   0   7  0.45 0.14
  400 L    -2  -3  -4  -4  -2  -3  -4  -4  -3   3   4  -3   4   0  -4  -3  -2  -2   0   0    0   0   0   0   0   0   0   0   0  20  56   0  20   0   0   0   0   0   4   0  0.63 0.16
  401 A     2   4   0  -2  -3   0  -1  -1  -1  -3  -3   3  -2  -3  -2   0  -1  -3  -2  -2   22  39   4   0   0   0   0   3   0   0   1  24   0   0   0   3   0   0   0   0  0.47 0.12
  402 A     1   1  -1   0  -3   2   3  -2   1  -3  -2   1   0  -3  -2   1  -1  -3  -2  -2   17   9   0   0   0  12  30   1   3   0   1  11   5   0   0   9   0   0   0   0  0.32 0.09
  403 A     4  -1  -2  -2  -2  -1  -1   1  -2  -1  -2   1   1  -3  -2   0   0  -3  -2  -1   54   0   0   0   0   0   0   7   0   3   1  15   7   0   0   2   6   0   0   3  0.32 0.11
  404 S     3  -2  -1   1  -1  -1  -1  -1  -2  -2  -3  -1  -2  -3  -1   4   0  -3  -2  -2   27   1   1   8   0   1   1   1   0   1   1   1   0   1   1  55   1   0   0   1  0.47 0.13
  405 K     0   1  -1   0  -3   2   4  -2  -1  -2  -2   3  -1  -3  -2  -1  -1  -3  -2  -1    5   3   0   3   0   9  40   0   0   2   3  26   1   0   0   0   3   0   0   3  0.42 0.11
  406 E    -1   0   1   2  -3   1   3  -2   0  -2  -1   1  -2  -3  -2   0  -1  -3  -2   0    1   3   9  15   0   3  35   0   2   0   5  13   0   0   0   2   2   0   0   9  0.32 0.08
  407 H    -2   0   1   0  -3  -1   0  -2   3  -2  -2   1  -1   3  -2   0  -1   0   4  -2    1   5   8   6   0   0   7   0  10   0   1  10   1  15   0   7   0   0  26   0  0.30 0.09
  408 G    -1   2   3   0  -4   1   0   4   0  -4  -4   0  -3  -4  -3   0  -2  -4  -3  -4    0  13  23   2   0   7   7  40   2   0   0   4   0   0   0   3   0   0   0   0  0.52 0.12
  409 W    -4  -4  -5  -6  -4  -4  -5  -4  -3  -3  -3  -5  -3   4  -5  -4  -4  11   4  -4    0   0   0   0   0   0   0   0   0   0   0   0   0  20   0   0   0  70  10   0  2.53 0.32
  410 N    -2  -1   4   4  -4  -1   1   1   0  -4  -4   1  -3  -4  -2   0   0  -4  -3  -3    0   1  25  37   0   0   6  12   2   0   0   8   0   0   0   3   5   0   0   0  0.55 0.12
  411 L    -2  -3  -4  -4  -2  -3  -4  -5  -4   2   5  -3   1   2  -4  -3  -2  -2  -1   1    0   0   0   0   0   0   0   0   0  12  78   0   0   7   0   0   0   0   0   2  0.71 0.16
  412 Q    -2  -1   6   4  -4   1   0  -2  -1  -4  -4   1  -3  -4   1   0  -1  -5  -3  -4    0   0  51  26   0   5   0   0   0   0   0  11   0   0   6   2   0   0   0   0  0.78 0.17
  413 L    -2  -3   0  -3  -3  -2  -3  -4  -1   0   3  -3   2   2  -4  -3  -1  -1   5  -1    0   0   8   0   0   0   0   0   0   0  51   0   6   6   0   0   2   0  28   0  0.52 0.15
  414 D     0  -2  -1   0  -3  -1   1   5  -2  -4  -4   0  -3  -4   2   0  -1  -4  -4  -3    7   0   0   3   0   0  14  56   0   0   0   4   0   0  12   3   2   0   0   0  0.69 0.13
  415 Q     1   0   0   2  -3   1   3   1  -1  -3  -3   2  -2  -4  -2   1  -1  -4  -3  -3   15   3   4  12   0   3  30  10   0   0   0  16   0   0   0   7   2   0   0   0  0.34 0.09
  416 L    -2  -3  -3  -4   3  -3  -3  -4  -1   4   2  -3   1  -1  -3  -2   1  -3  -2   2    0   0   0   0   7   0   0   0   2  46  19   0   1   0   0   0  12   0   0  14  0.43 0.12
  417 A     5  -2  -3  -3  -2  -2  -2  -1  -3   0   0  -2  -1  -3  -2   0  -1  -4  -3  -1   82   2   0   0   0   0   0   0   0   7   7   0   0   0   0   2   0   0   0   0  0.67 0.20
  418 S     0   3  -2  -2  -3   1   0  -3  -2  -1   2   2   1  -2  -2   0  -1  -3  -2  -1    7  22   0   0   0   9   6   0   0   0  35  12   4   0   0   6   0   0   0   0  0.23 0.09
  419 I    -2  -3  -3  -4  -2  -3  -3  -4  -3   4   1  -3   4  -1  -3  -2   1  -3  -2   2    0   0   0   0   0   0   0   0   0  45  10   0  19   0   0   0  14   0   0  13  0.50 0.14
  420 W    -4  -5  -5  -6  -4  -4  -5  -4  -4  -4  -3  -5  -3   4  -6  -5  -4  12   1  -4    0   0   0   0   0   0   0   0   0   0   0   0   0  21   0   0   0  79   0   0  2.91 0.36
  421 R    -2   6   2  -2  -5   1  -1  -3  -1  -4  -4   2  -3  -4  -3  -2  -2  -4  -3  -4    0  71  14   0   0   2   0   0   0   0   0  13   0   0   0   0   0   0   0   0  1.04 0.21
  422 G     1   0   1  -1  -3  -1   0   5   2  -4  -4  -1  -3  -4  -2   1  -1  -3  -3  -3   15   6   7   0   0   0   7  50   7   0   0   0   0   0   0   9   0   0   0   0  0.56 0.12
  423 G    -1  -4  -2  -3  -4  -3  -4   7  -3  -5  -5  -3  -4  -5  -4  -2  -3  -4  -5  -5    0   0   0   0   0   0   0 100   0   0   0   0   0   0   0   0   0   0   0   0  1.69 0.26
  424 C     0  -4  -3  -4  10  -4  -4  -3  -4  -3  -3  -4  -3  -4  -4   1  -2  -4  -4  -2    7   0   0   0  81   0   0   0   0   0   0   0   0   0   0  13   0   0   0   0  1.91 0.30
  425 I    -2  -4  -4  -4  -2  -4  -4  -5  -5   6   0  -4   0  -1  -4  -3  -2  -4  -2   3    0   0   0   0   0   0   0   0   0  81   0   0   0   0   0   0   0   0   0  19  0.96 0.22
  426 I    -2  -4  -5  -4  -2  -4  -4  -5  -5   6   1  -4   0  -1  -4  -4  -2  -4  -3   2    0   0   0   0   0   0   0   0   0  87   7   0   0   0   0   0   0   0   0   6  0.99 0.22
  427 R    -2   7  -2  -3  -5   3  -1  -3  -1  -4  -4   1  -3  -4  -3   0  -2  -4  -3  -4    0  80   0   0   0  14   0   0   0   0   0   0   0   0   0   6   0   0   0   0  1.19 0.24
  428 A     3  -2  -1  -2  -2  -1  -1   1  -2  -3  -3  -1  -2  -3  -2   5   0  -4  -3  -2   34   0   0   0   0   0   0   7   0   0   0   0   0   0   0  59   0   0   0   0  0.66 0.19
  429 E     0   0  -1   0  -3   1   1   0  -2  -1  -2   0  -1  -1  -3  -1  -1   7   1   1   10   5   2   4   0   6  12   7   0   2   0   4   1   0   0   0   2  19   7  19  0.30 0.09
  430 V    -3  -4  -4  -5  -3  -4  -4  -4  -3   1   3  -4   0   7  -4  -4  -3  -1   1   0    0   0   0   0   0   0   0   0   0   7  29   0   0  61   0   0   0   0   0   3  0.91 0.19
  431 L    -1  -3  -4  -5  -2  -3  -4  -4  -4   0   5  -3   3  -1  -4  -3  -2  -3  -2   0    7   0   0   0   0   0   0   0   0   0  86   0   7   0   0   0   0   0   0   0  0.80 0.19
  432 P    -1  -1   1   4  -4   1   1   3  -2  -4  -4   1  -3  -4   0   0  -1  -4  -3  -3    3   0   6  30   0   9   9  25   0   0   0  11   0   0   3   3   0   0   0   0  0.46 0.10
  433 L    -2   1   1   0  -3   0   0  -3  -2   0   1   2   0  -2   1  -1  -1  -3  -2   0    0  10  12   3   0   1   5   0   0   7  25  24   0   0   7   1   0   0   0   4  0.16 0.07
  434 V    -2  -4  -4  -4   3  -3  -4  -4  -4   5   1  -3   2  -1  -4  -2   1  -3  -2   2    0   0   0   0   7   0   0   0   0  64   7   0   7   0   0   0  13   0   0   3  0.59 0.17
  435 R     0   2  -1  -1  -3   1   2  -2   2  -3  -3   3  -2  -3  -2   1   2  -3  -2  -2    6   9   0   0   0   7  15   0   7   0   0  25   0   0   0   7  23   0   0   0  0.34 0.10
  436 N    -1   1   0   3  -4   2   3  -1   0  -4  -4   2  -3  -4   1  -1  -1  -4  -3  -3    4   7   3  23   0  11  27   2   2   0   0  14   0   0   7   0   0   0   0   0  0.47 0.10
  437 A     5  -3  -3  -3  -2  -2   0   1  -3  -2  -3  -2  -2  -3  -2   0  -1  -4  -3  -1   86   0   0   0   0   0   4   7   0   0   0   0   0   0   0   0   0   0   0   2  0.79 0.21
  438 F    -3  -4  -4  -5  -3  -4  -4  -4  -1  -1   0  -4  -1   6  -4  -3  -3   0   6   0    0   0   0   0   0   0   0   0   0   0   6   0   0  51   0   0   0   0  36   7  1.09 0.21
  439 A     1   2   0   3  -3   1   2  -2  -1  -3  -3   1  -2  -3  -2   1   1  -4  -3  -2   17  13   0  20   0   5  17   0   0   0   0   4   0   0   0  11  12   0   0   0  0.32 0.09
  440 R     0   3   1   0  -3   1   2   0  -1  -3  -3   3  -2  -4  -2   1  -1  -4  -3  -3    9  25   5   4   0   5  13   7   0   0   0  25   0   0   0   8   0   0   0   0  0.37 0.09
  441 E    -2  -1   6   3   0   2   2  -2  -1  -4  -4   0  -3  -4  -3   1  -1  -4  -3  -4    0   0  53  14   2   9  12   0   0   0   0   2   0   0   0   8   0   0   0   0  0.73 0.17
  442 P     0  -2  -1  -2  -3  -1   0  -2   0  -4  -4   1  -3  -4   7   1  -1  -4  -3  -3    8   0   2   0   0   0   7   0   3   0   0  11   0   0  58  10   0   0   0   0  1.14 0.17
  443 Q    -2  -1   3   3  -4   2   2   1  -1  -4  -4   1  -3  -4  -2   0   0  -4  -3  -3    0   0  24  23   0  12  15  13   0   0   0   7   0   0   0   0   8   0   0   0  0.46 0.11
  444 L    -1  -3  -2  -4  -2  -3  -4  -4  -4   2   4  -3   1   0  -4  -3  -2  -3  -2   1    4   0   2   0   0   0   0   0   0  15  71   0   0   2   0   0   0   0   0   4  0.59 0.15
  445 P     1  -1   1   0  -2   1   1   0   1  -1  -2   1  -1  -3   1   1   0  -3  -2   0   13   0   6   4   0   7  13   7   5   2   1   7   0   0   5  16   5   0   0   8  0.14 0.04
  446 N    -2  -1   6   2  -3  -1  -1  -1  -1  -3  -3  -1  -2   0  -2   1  -1  -3  -2  -3    1   1  64   7   0   1   1   1   0   1   1   1   0   5   1  13   1   0   0   1  0.75 0.16
  447 L    -2  -2  -3  -3  -2  -2  -3  -3  -3   1   4  -2   3   0  -2  -2  -1  -2  -1   0    2   1   1   1   0   1   1   1   0   3  74   1   7   1   1   1   1   0   1   1  0.51 0.12
  448 L    -1  -1  -2  -2  -2  -1  -2  -1  -2   1   3   0   3  -1  -2  -2  -1  -2  -1   1    2   1   1   1   0   1   1   6   0   7  49   8  10   1   1   1   1   0   1   8  0.23 0.07
  449 L    -1  -2  -3  -3   3  -2  -2  -3  -2   1   3  -2   1   2  -2  -1  -1  -1   1   2    1   1   1   1   7   1   1   1   0   4  39   1   0   9   1   6   3   0   7  18  0.22 0.07
  450 D     1  -2   1   4  -2   1   0  -1   0   0  -2  -1  -2  -2  -2   0   0  -3  -1  -1   21   1   3  42   0   7   1   1   2   7   1   1   0   0   1   1   7   0   2   1  0.35 0.10
  451 P    -2  -1  -1   4   0  -1   0  -2  -2  -3  -3  -1  -3  -3   5   0  -1  -4  -3  -3    1   2   1  37   2   1   5   1   0   1   1   2   0   1  38   5   1   0   0   1  0.86 0.13
  452 S    -2  -2  -1   0  -3   1   2  -3   2  -2  -2  -1  -2   3  -3  -1   0   2   5  -2    1   0   0   4   0   7  18   1   7   0   1   0   0  20   0   3   7   2  27   0  0.39 0.11
  453 V    -3  -4  -4  -5  -3  -4  -4  -5  -3   1  -1  -4  -1   7  -5  -4  -3  -1   1   2    0   0   0   0   0   0   0   0   0   7   0   0   0  77   0   0   0   0   0  16  1.16 0.23
  454 A     3   2  -1  -2  -2   2   0  -1  -2  -3  -3   3  -2  -3  -2   1   0  -3  -2  -1   32   9   2   0   0   9   0   0   0   0   0  30   0   0   0  11   5   0   0   2  0.35 0.11
  455 A     0   0   2   2  -3   2   1   3  -1  -3  -3   2  -2  -4  -2   0   0  -3  -3  -3    3   2  10  11   0  13  10  25   0   0   0  14   0   0   0   6   7   0   0   0  0.33 0.08
  456 I     1  -2  -2  -1  -2   0   3   0  -2   2  -1   0  -1  -2  -2  -1  -1  -3  -2   0   17   0   0   0   0   0  31   8   0  28   0   7   0   0   0   2   2   0   0   4  0.21 0.11
  457 M     0  -3  -3  -3  -2  -2  -3  -3  -3   3   2  -2   3  -1  -3   0   0  -3  -2   2    6   0   0   0   0   0   0   0   0  19  28   0  16   0   0   9   4   0   0  18  0.31 0.09
  458 T     0   1   1   0  -2   0   1  -2   4  -1  -1   1   0  -1  -2   0   1  -3  -1  -1   10  10   7   3   0   2  12   0  16   2   6   7   2   2   0   0  17   0   0   5  0.14 0.06
  459 K     0   2   1   2  -3   1   1   0   0  -3  -3   2  -2  -3  -2   1   0  -3  -2  -2   11  13   8  16   0   5  11   7   2   0   0  13   0   0   0  10   2   0   0   1  0.26 0.06
  460 R     2   2  -1  -2   1  -1  -2   1  -1  -2  -2  -1  -2  -1  -2   2   1  -2   3  -2   22  16   0   0   4   0   0  10   0   0   0   0   0   0   0  17  13   0  18   0  0.26 0.10
  461 A    -1  -1  -1  -1   0   5   2   1   1  -2   0   0   0  -2  -2  -1  -2  -2   1  -2    4   0   0   0   3  43  11  13   3   0   9   0   3   0   0   0   0   0   7   0  0.36 0.12
  462 P     0  -1   1   2  -2   1   2   0  -1  -2  -2   0  -1  -3   3   1   0  -3  -2  -2    9   0   5  14   0   9  15   4   0   0   2   3   3   0  13  15   7   0   0   0  0.27 0.06
  463 G     2  -2   1   0  -2  -1  -1   4  -2  -3  -3  -1  -2  -3  -1   2  -1  -3  -3  -2   20   0   7   5   0   0   0  39   0   0   1   0   0   0   2  22   0   0   0   0  0.47 0.10
  464 W    -2  -2  -3  -3  -2  -2  -3  -3  -2  -1   2  -3  -1   1  -3  -2  -2  10   2  -1    2   1   1   1   0   1   1   1   0   1  25   1   0   5   1   1   1  44   8   3  1.13 0.15
  465 R    -2   7  -1  -2  -4   0  -1  -3  -1  -4  -3   3  -2  -4  -3  -2  -2  -4  -3  -3    1  80   0   0   0   0   0   0   0   0   1  14   0   0   0   0   0   0   0   0  1.15 0.21
  466 K    -2   3   0   2  -4   1   2  -3  -1  -3  -3   2  -2  -2  -3  -1  -1   7   0  -3    2  23   4  12   0   5  14   0   0   0   0  14   0   0   0   0   3  21   2   2  0.58 0.13
  467 V     0  -3  -3  -3  -2  -2  -3  -3  -3   3   0  -2   2  -2  -3   0   3  -3  -2   4    7   0   0   0   0   0   0   0   0  16   0   0   7   0   0   3  23   0   0  43  0.38 0.13
  468 V    -1  -4  -4  -4  -2  -3  -4  -4  -4   3   0  -3   0  -2  -3  -3   0  -4  -2   5    2   0   0   0   0   0   0   0   0  16   2   0   0   0   0   0   4   0   0  76  0.74 0.19
  469 G     2  -2  -2  -2   3   1   1   1  -2  -2  -1  -1   2  -3  -2   1  -1  -3  -2  -1   31   0   0   0  10   7  13   8   0   0   4   0  11   0   0  14   0   0   0   2  0.22 0.09
  470 L     1  -1  -1  -1  -2   0   1  -2   1   0   1   0   0  -1  -2  -1   1  -2   1  -1   14   2   3   0   0   4  14   0   4   6  26   6   0   0   0   0  16   0   6   0  0.10 0.06
  471 C     5  -2  -2  -3   1  -2  -2   1  -3   0  -2  -2  -2  -3  -2   2  -1  -4  -3  -1   67   0   0   0   3   0   0  10   0   7   0   0   0   0   0  13   0   0   0   0  0.54 0.16
  472 V     0  -3  -2  -3  -2  -3  -3  -3  -3   3   1  -3   0   0  -3  -2   2  -3  -2   3    5   0   2   0   0   0   0   0   0  30  14   0   0   3   0   0  15   0   0  31  0.34 0.11
  473 E    -1   1   0   2  -3   2   3   0  -1  -3  -2   1  -1  -3  -2   1   0  -3  -2  -2    1   6   2  14   0  10  25   8   0   0   5   7   2   0   0  15   3   0   1   0  0.27 0.07
  474 R     1   0   0  -1  -2   1   0  -2   0  -1   0   0   0  -1  -2   1   0   2   2  -1   15   5   5   0   0  11   6   0   2   2  10   7   4   0   0  13   4   3  11   3  0.09 0.05
  475 G    -1  -2  -1   2  -4   1   1   5  -2  -5  -4  -2  -3  -4  -3  -1  -2  -4  -4  -4    3   0   0  13   0   7  14  64   0   0   0   0   0   0   0   0   0   0   0   0  0.85 0.16
  476 I    -2  -3  -3  -4  -2  -3  -3  -4   2   5   1  -3   0  -1  -3  -2   0  -4  -2   3    0   0   0   0   0   0   0   0   7  52   5   0   0   0   0   0   7   0   0  29  0.55 0.15
  477 P     1  -3  -2  -2  -3  -2  -2  -2  -2  -4  -4  -2  -3  -3   7   2  -1  -4   1  -3   13   0   0   0   0   0   0   0   0   0   0   0   0   0  57  22   0   0   7   0  1.22 0.20
  478 I     0  -3  -2  -3  -2  -2  -3  -3  -3   3   0  -2   2   0  -3  -1   3  -3  -2   3    6   0   0   0   0   0   0   0   0  28   0   0   9   4   0   0  29   0   0  24  0.36 0.12
  479 P    -2  -4  -4  -3  -5  -3  -3  -4  -4  -4  -5  -3  -4  -5   8  -2  -3  -5  -5  -4    0   0   0   0   0   0   0   0   0   0   0   0   0   0 100   0   0   0   0   0  2.65 0.32
  480 A     3  -3  -2  -3   5  -2  -3   1  -3  -1   0  -2  -1  -2  -2   0   1  -3  -3   2   33   0   0   0  20   0   0  11   0   0   7   0   0   0   0   1   7   0   0  20  0.36 0.12
  481 L    -2  -3  -4  -4  -2  -3  -4  -4  -3   3   3  -3   4   4  -4  -3  -1  -2   0   0    0   0   0   0   0   0   0   0   0  20  31   0  19  27   0   0   2   0   0   0  0.55 0.14
  482 A     2  -2  -1  -2   1  -1  -1  -1  -2  -3  -3  -1  -2  -2  -2   4   2  -3   1  -2   21   0   0   0   4   0   0   0   0   0   0   0   0   0   0  52  16   0   7   0  0.50 0.16
  483 A     3  -2  -1  -2  -2   1  -1  -1  -2  -2  -2  -1   1  -3  -2   3   2  -3  -3  -1   44   0   0   0   0   7   0   0   0   0   0   0   7   0   0  23  19   0   0   0  0.42 0.14
  484 S     4  -2  -1  -2  -2  -1  -2   0  -2  -3  -3  -1  -2  -3  -2   4   1  -4  -3  -2   53   0   0   0   0   0   0   2   0   0   0   0   0   0   0  39   7   0   0   0  0.61 0.17
  485 L    -2  -3  -5  -5  -2  -3  -4  -5  -4   3   5  -4   1  -1  -4  -4  -2  -3  -2   1    0   0   0   0   0   0   0   0   0  18  81   0   0   0   0   0   0   0   0   2  0.81 0.18
  486 A     2  -2   2   0  -2  -1   0  -1  -2  -2  -2  -1   1   0  -2   3   1  -3  -2  -2   30   0  11   4   0   0   7   0   0   0   0   0   7   6   0  29   7   0   0   0  0.27 0.11
  487 Y    -3  -3  -3  -4  -3  -2   0  -4   0  -2  -1  -3   2   5  -4  -3   0   3   7  -2    0   0   0   0   0   0   7   0   0   0   0   0   7  28   0   0   6   3  50   0  0.93 0.20
  488 Y    -2   1  -3  -3  -3  -2  -3  -4   0  -1   1  -2  -1   4  -3  -2  -2   0   6   0    1  13   0   0   0   0   0   1   0   0  12   0   0  18   0   0   0   0  44   8  0.62 0.14
  489 D    -2  -2   0   6  -3  -1   0  -2  -2  -3  -3  -2  -3   2  -2  -1   0  -3  -2  -3    1   1   1  67   0   1   1   1   0   1   1   1   0  13   1   1   8   0   0   1  0.80 0.16
  490 S     1   2   0  -2  -3  -1  -2   4  -2  -4  -4   1  -3  -4  -2   2   0  -3  -3  -3    7  13   2   0   0   0   0  42   0   0   0   7   0   0   0  24   5   0   0   0  0.50 0.12
  491 F    -2  -3  -3  -4  -3  -3  -3  -4   0  -2  -1  -3   2   3  -4   1  -2   0   8  -2    0   0   0   0   0   0   0   0   0   0   3   0   7   6   0  13   0   0  71   0  1.16 0.24
  492 R    -2   7  -2  -2  -4   0   0  -3  -2  -4  -3   1  -2   1  -3  -1   0  -3  -2  -3    0  77   0   0   0   0   7   0   0   0   0   0   0   7   0   2   7   0   0   0  0.99 0.22
  493 S     1   1  -1  -2   1  -1  -1   1   2  -3  -3  -1  -2  -3  -2   3   3  -3  -2  -2   11  11   0   0   4   0   0  10   6   0   0   0   0   0   0  27  32   0   0   0  0.34 0.12
  494 A     2  -2  -1   2  -3  -1   2   2  -2  -3  -2  -1  -1  -3   1   0  -1  -4  -3  -2   30   0   0  16   0   0  22  17   0   0   2   0   2   0   7   2   0   0   0   2  0.33 0.10
  495 T    -1   3   1   2  -3   0  -1  -2   0  -1  -2   1   0  -1  -2   0   2  -3  -1   0    3  23   8  18   0   0   0   0   2   2   0   5   4   2   0   5  17   0   2   9  0.19 0.07
  496 L    -2   0   2  -2  -2  -2  -2  -3  -2   0   4  -2   1  -1  -3  -2   0  -2  -2   0    1   7  15   1   0   0   1   1   0   1  60   1   0   0   1   1   8   0   0   2  0.31 0.11
  497 H     0   0  -1  -1  -1   0  -1  -1   1  -1   0   0   0   3  -1   1   0   0   1  -1    4   3   2   3   1   2   3   4   4   3  11  10   1  21   3  17   3   1   2   3  0.06 0.02
  498 S     0  -3   0  -2  -3  -2  -2  -3  -2  -3  -4  -2  -3  -3   7   2   0  -3   1  -3    6   0   4   0   0   0   0   0   0   0   0   0   0   0  57  18   7   0   7   0  1.17 0.19
  499 A     4   0  -2  -2  -2   0   0   2  -2  -2  -1  -1   0  -3  -2   0   0  -3  -3  -1   54   7   0   0   0   4   6  14   0   0   4   0   2   0   0   2   7   0   0   0  0.34 0.12
  500 Q    -2   1   6   0  -4   2  -1  -2  -1  -4  -4   2  -3  -1  -3   0  -1  -4  -2  -4    0   7  57   0   0  10   0   0   0   0   0  20   0   4   0   2   0   0   0   0  0.73 0.18
  501 C    -2  -3  -4  -5   1  -3  -4  -5  -4   2   5  -4   1   1  -4  -3  -2  -2  -1   1    0   0   0   0   3   0   0   0   0   6  77   0   0   7   0   0   0   0   0   7  0.69 0.16
  502 I     0  -3  -3  -4  -2  -3  -3  -4  -3   3   3  -3   2  -1  -3  -2   0  -3  -2   3    9   0   0   0   0   0   0   0   0  22  30   0   7   0   0   0   4   0   0  28  0.38 0.10
  503 Q     0  -1   1  -1  -4   6   2  -2  -1  -4  -3   0  -2  -4  -2   1  -1  -3  -3  -3    7   0   7   0   0  67   7   0   0   0   0   0   0   0   0  13   0   0   0   0  0.87 0.22
  504 A     5   0  -3  -3  -2  -2  -2   1  -3  -2  -1  -2  -2  -3  -2   0  -1  -4  -3  -1   79   7   0   0   0   0   0   7   0   0   7   0   0   0   0   0   0   0   0   0  0.65 0.19
  505 Q    -2  -1  -2  -2  -4   7   0  -4  -1  -3   1   0  -1  -3  -3  -2  -2  -3  -3  -3    0   0   0   0   0  80   0   0   0   0  20   0   0   0   0   0   0   0   0   0  1.08 0.27
  506 R    -2   7  -2  -3  -5   0  -2  -4  -2  -4  -3   1   2  -4  -4  -2  -2  -4  -3  -3    2  91   0   0   0   0   0   0   0   0   0   0   7   0   0   0   0   0   0   0  1.35 0.27
  507 D    -3  -3   2   7  -5  -2   0  -3  -2  -4  -4  -2  -4   0  -3  -1  -2  -4   1  -4    0   0   9  78   0   0   0   0   0   0   0   0   0   6   0   0   0   0   7   0  1.16 0.22
  508 Y    -2  -3  -3  -3  -3  -2   0   1   0  -2  -1  -3  -2   3  -4  -3  -3   0   7   0    0   0   0   0   0   0   7  13   0   0   4   0   0   9   0   0   0   0  60   7  0.85 0.20
  509 F    -4  -4  -5  -5  -4  -5  -5  -5  -3  -2  -1  -5  -1   8  -5  -4  -4   0   2  -2    0   0   0   0   0   0   0   0   0   0   0   0   0 100   0   0   0   0   0   0  1.82 0.30
  510 G    -1  -4  -2  -3  -4  -3  -4   7  -3  -5  -5  -3  -4  -5  -4  -2  -3  -4  -5  -5    0   0   0   0   0   0   0 100   0   0   0   0   0   0   0   0   0   0   0   0  1.69 0.26
  511 G     5   2  -2  -3  -2  -2  -2   2  -2  -3  -3  -1  -2  -3  -2   0  -1  -4  -3  -2   68  14   0   0   0   0   0  16   0   0   0   0   0   0   0   2   0   0   0   0  0.61 0.17
  512 H    -3  -2  -1  -3  -5  -1  -2  -4  10  -5  -5  -2  -3  -3  -4  -3  -3  -4   0  -5    0   0   0   0   0   0   0   0 100   0   0   0   0   0   0   0   0   0   0   0  2.33 0.36
  513 G     1  -2  -1  -2  -2  -2   0   3  -3  -2  -3  -2  -2  -3  -2   0   5  -4  -3  -2    9   0   0   0   0   0   8  22   0   0   0   0   0   0   0   0  61   0   0   0  0.61 0.17
  514 F    -3  -3  -3  -4  -3  -3  -3  -4   0  -2  -2  -3  -2   4  -4  -3   0   1   8   0    0   0   0   0   0   0   0   0   0   0   0   0   0  12   0   0   9   0  71   8  1.20 0.23
  515 K     0   1   1   0  -4   2   5  -3  -1  -4  -4   1  -3  -4  -2  -1  -2  -4  -3  -3    8   5   7   0   0   4  66   0   0   0   0   9   0   0   0   0   0   0   0   0  0.75 0.17
  516 R    -2   6  -2  -3  -4   0  -1  -4  -2  -1   1   2  -1  -3  -3  -1  -2  -4  -3  -2    0  65   0   0   0   0   0   0   0   2  22   9   0   0   0   2   0   0   0   2  0.72 0.17
  517 L    -1  -1  -1  -2  -2   0  -2  -3  -2   1   2   1   0  -2   1  -1   3  -3  -2   1    0   3   3   0   0   3   0   0   0   7  24  13   0   0   8   0  29   0   0  11  0.21 0.09
  518 D    -1  -3   0   6  -4  -2   0   1   0  -4  -5  -1  -4  -5   1  -1  -2  -5  -4  -4    5   0   0  74   0   0   0  11   2   0   0   2   0   0   5   0   1   0   0   0  1.04 0.21
  519 K     0   3  -1  -2  -3   1   0  -3  -2  -1  -1   4   1  -3  -2  -1  -1  -3  -2   0    7  19   0   0   0   4   4   0   0   2   2  44   7   0   0   0   2   0   0  10  0.37 0.11
  520 E    -1  -2  -1   3  -4  -1   2   0  -2  -4  -4  -1  -3  -4   6   0  -1  -4  -4  -3    2   0   0  18   0   0  19   6   0   0   0   3   0   0  45   5   2   0   0   0  0.94 0.13
  521 G     0   2  -1  -2  -4  -2  -1   6  -2  -5  -4   0  -3  -4  -3  -1  -2  -4  -4  -4    3  14   0   0   0   0   5  73   0   0   0   6   0   0   0   0   0   0   0   0  0.95 0.15
  522 N     0   1   0   0  -2   0   1  -2   0   0  -1   0  -1   2  -1   0  -1   1   1   0    5   8   5   6   0   3  13   0   2   8   0   4   0  17   3  10   2   2   5   8  0.07 0.04
  523 F    -3  -3  -3  -3  -3  -3   0  -4   3   0  -1  -3  -1   6  -4  -3  -3   3   4  -1    0   0   0   0   0   0   8   0   9   8   0   0   0  58   0   0   0   4  11   3  0.77 0.15
  524 H    -3  -2  -1  -3  -4  -1  -2  -3  10  -5  -4  -2  -3  -3  -4   0  -3  -4   0  -5    0   0   0   0   0   0   0   0  92   0   0   0   0   0   0   8   0   0   0   0  1.92 0.29
  525 V    -1  -2  -2  -3  -2  -2  -2  -3  -2   1  -1  -2  -1   1  -3   0   5  -2   2   1    2   0   0   0   0   0   0   0   0   8   0   0   0   8   0   0  64   0  11   7  0.55 0.16
  526 R    -2   0   5   3  -4   3   3  -2  -1  -4  -4   0  -3  -4  -2  -1  -1  -4  -3  -4    0   5  41  14   0  14  27   0   0   0   0   0   0   0   0   0   0   0   0   0  0.70 0.14
  527 W    -5  -5  -6  -6  -4  -4  -5  -4  -4  -5  -4  -5  -3  -1  -6  -5  -4  12   1  -5    0   0   0   0   0   0   0   0   0   0   0   0   0   0   0   0   0 100   0   0  3.73 0.38
  528 E    -1  -2  -1  -2  -2  -1   0  -3  -2   0   1  -2   0   0   2   1   4  -3  -2   0    0   0   0   0   0   0   6   0   0   2  16   0   2   6  10   8  44   0   0   6  0.28 0.08
  529 Q    -1   0  -1   0  -4   2   3   2   1  -4  -3   3  -2  -4  -2  -1  -1  -3  -2  -3    0   0   0   0   0  14  29  24   5   0   0  28   0   0   0   0   0   0   0   0  0.44 0.06
  530 S     0  -1   0  -1  -1  -1  -1  -1  -2  -1  -2  -1  -1  -3  -1   3   5  -3  -2  -1    0   0   0   0   0   0   0   0   0   0   0   0   0   0   0  30  70   0   0   0  0.48 0.04

                      K         Lambda
Standard Ungapped    0.1329     0.3180
Standard Gapped      0.0448     0.2670
PSI Ungapped         0.1462     0.3176
PSI Gapped           0.0448     0.2670
