
Last position-specific scoring matrix computed, weighted observed percentages rounded down, information per position, and relative weight of gapless real matches to pseudocounts
            A   R   N   D   C   Q   E   G   H   I   L   K   M   F   P   S   T   W   Y   V   A   R   N   D   C   Q   E   G   H   I   L   K   M   F   P   S   T   W   Y   V
    1 Y    -2  -2  -2  -3  -2  -1  -2  -3   2  -1  -1  -2  -1   3  -3  -2  -2   2   7  -1    0   0   0   0   0   0   0   0   0   0   0   0   0   0   0   0   0   0   0   0  0.00     0.00
    2 F    -2  -3  -3  -3  -2  -3  -3  -3  -1   0   0  -3   0   6  -4  -2  -2   1   3  -1    0   0   0   0   0   0   0   0   0   0   0   0   0   0   0   0   0   0   0   0  0.00     0.00
    3 R    -1   5   0  -2  -3   1   0  -2   0  -3  -2   2  -1  -3  -2  -1  -1  -3  -2  -2    0   0   0   0   0   0   0   0   0   0   0   0   0   0   0   0   0   0   0   0  0.00     0.00
    4 G     2  -2  -1  -2  -2  -2  -2   5  -2  -3  -3  -1  -2  -3  -2   0  -1  -3  -3  -2   33   0   0   0   0   0   0  67   0   0   0   0   0   0   0   0   0   0   0   0  0.67 0.01
    5 R    -1   5   0  -1  -4   1   0  -2   0  -3  -2   3  -2  -3  -2  -1  -1  -3  -2  -3    0  67   0   0   0   0   0   0   0   0   0  33   0   0   0   0   0   0   0   0  0.63 0.01
    6 M    -1   0  -4  -5  -3  -2  -4  -4  -3  -1   1  -3   9  -2  -4  -3  -2  -3  -3  -1    5   5   0   0   0   0   0   0   0   0   5   0  84   0   0   0   0   0   0   0  1.52 0.38
    7 T     0  -2   2   1  -2  -2  -2  -2  -2  -2  -3  -2  -2  -2  -2   2   4  -3   2   0    7   0  10  10   0   0   0   0   0   0   0   0   0   0   0  14  42   0   9   7  0.42 0.18
    8 S    -1  -1   0   3   2   2   2   0   4  -3  -3  -1   0  -3  -2   1  -1  -4  -2  -3    4   0   3  17   7  13  12   8  18   0   0   0   5   0   0  11   3   0   0   0  0.35 0.13
    9 A     3  -2  -1  -1  -2   0   0  -2  -2  -1   0   0   0  -1   1   2   1  -3  -2  -1   32   0   0   3   0   3   6   0   0   3   8   6   3   3   5  18  11   0   0   0  0.20 0.11
   10 A     2  -2   1   0  -2   0  -1  -1   0  -1  -1  -1  -1  -2   1   1   2  -3   0   0   22   0   7   4   0   6   2   3   3   4   4   0   0   0   7  12  15   0   5   4  0.15 0.09
   11 A     2   1   0  -2   1  -1   0   1  -2  -2  -2  -1  -2  -3   2   2  -1  -4  -3   1   23   9   3   0   3   0   5  10   0   0   0   2   0   0   8  24   0   0   0  13  0.23 0.12
   12 D    -1  -1   0   3  -3  -1   2  -2  -2  -1  -1   0  -2  -3   4   0   0  -4  -1  -2    3   2   5  21   0   0  14   0   0   5   7   4   0   0  24   7   5   0   2   0  0.42 0.13
   13 L     1  -3  -3  -4  -3  -2  -3  -2  -1   1   1  -3   7  -1  -4   2  -1  -3  -3  -1   11   0   0   0   0   1   0   3   1   6  11   0  43   2   0  16   2   0   0   3  0.69 0.30
   14 P     0  -1   0  -1  -3  -1  -1  -1  -1   0  -1   0   3  -3   5   1   1  -4  -3  -1    6   2   4   3   0   1   1   5   1   5   3   7  11   0  31  10   9   0   0   2  0.46 0.17
   15 R    -1   3   2  -1  -3   0   0  -2  -2  -2  -2   2  -1  -3   1   2   0  -3  -3  -2    4  18  12   0   0   4   4   2   0   1   3  13   1   0   7  22   6   0   0   3  0.30 0.14
   16 D     0   1   2   1  -1   0   0   0   1  -1  -2   1  -2  -2   0   2   2  -3  -2  -2    4   8  12   8   1   1   5   5   3   4   2   9   0   1   3  16  15   0   1   2  0.16 0.09
   17 E    -1   2   0   1  -3   1   1  -1   1  -3  -3   1  -3  -3   3   2  -1  -3  -2  -3    4  11   4   7   0   8  10   4   3   0   2   9   0   0  18  17   1   0   1   1  0.35 0.15
   18 R    -1   4   3  -1  -2   2   0  -2  -2  -4  -4   4  -3  -4  -1   0  -1  -4  -3  -3    3  21  13   1   1   7   4   1   0   0   0  34   0   0   3   6   3   0   1   1  0.60 0.26
   19 V    -2  -3  -3  -4   2  -4  -4  -5  -3   4   2  -4   0   0  -4  -2   1  -4  -2   3    2   1   1   0   5   0   0   0   1  28  18   0   1   5   0   1  12   0   1  25  0.54 0.25
   20 A     2  -3  -2  -2   1  -3  -3  -1  -1   0  -2  -3  -1   0  -3   2   2   4   2   1   21   0   1   2   3   0   0   3   1   6   1   0   1   3   0  19  14   5   8  11  0.31 0.22
   21 V     5  -4  -4  -5  -3  -4  -4   0  -5   1   1  -4  -2  -2  -4  -2  -2  -5  -4   3   52   0   0   0   0   0   0   5   0   7  11   0   0   1   0   1   1   0   0  21  0.78 0.38
   22 V    -2  -6  -6  -6  -4  -4  -5  -5  -6   6   2  -5   0  -3  -6  -5  -3  -6  -4   4    2   0   0   0   0   0   1   1   0  43  16   0   2   0   0   0   0   0   0  34  1.19 0.45
   23 L    -4  -6  -6  -7  -4  -6  -6  -7  -6   7   1  -6   1  -2  -6  -5  -4  -6  -4   4    1   0   0   0   0   0   0   0   0  60  12   0   3   1   0   0   0   0   0  23  1.47 0.52
   24 L    -1  -5  -6  -6  -2  -5  -5  -6  -6  -2   5  -5   1  -3   5  -5  -4  -6  -5   1    4   0   0   0   1   0   0   0   0   0  55   0   2   1  28   0   0   0   0   9  1.23 0.51
   25 A     7  -6  -6  -6   1  -5  -5  -1  -6  -5  -6  -5  -5  -4  -5  -2  -4  -7  -6  -3   91   0   0   0   3   0   0   3   0   0   0   0   0   1   0   1   0   0   0   1  1.97 0.74
   26 G     6   0  -4  -5  -4  -4  -4   3  -5  -5  -5  -4  -4  -5  -4  -1  -3  -6  -5  -3   68   6   0   0   0   0   0  20   0   0   0   0   0   0   0   3   0   0   0   1  1.32 0.54
   27 G    -4  -6  -4  -5  -6  -5  -6   7  -5  -7  -5  -5  -6  -4  -6  -4  -5   1  -1  -6    0   0   0   0   0   0   0  91   0   0   1   0   0   1   0   0   0   2   2   0  2.29 0.75
   28 S    -1   2   0  -2  -2   2   0  -2  -1   0  -1   3   1  -2  -3   0  -1  -4  -3   0    4  14   4   1   1  10   6   3   1   5   6  23   4   1   0   8   2   0   0   6  0.24 0.19
   29 G    -2  -6  -4  -5  -6  -5  -5   7  -6  -7  -7  -5  -6  -7  -6   2  -5  -6  -6  -6    3   0   0   0   0   0   0  79   0   0   0   0   0   0   0  16   0   0   0   0  2.01 0.72
   30 K    -2   2  -2  -4  -4  -1   0  -3  -4  -4  -2   3  -4  -5  -4   3   5  -6  -5  -2    1   9   1   0   0   1   5   1   0   1   3  15   0   0   0  21  39   0   0   2  0.78 0.45
   31 R    -6   9  -5  -7  -9  -4  -5  -7  -5  -8  -7  -3  -6  -8  -7  -6  -6  -8  -7  -8    0 100   0   0   0   0   0   0   0   0   0   0   0   0   0   0   0   0   0   0  3.15 1.06
   32 M     0  -4  -7  -7  -3  -5  -6  -7  -6  -2   0  -6  10   5  -7  -4  -4  -5  -2  -4    8   1   0   0   0   0   0   0   0   1   6   0  61  20   0   1   1   0   1   0  2.12 0.81
   33 G    -2   1   1  -3  -2   0  -1   5   0  -5  -3   3  -4  -4  -3  -1  -2  -5  -1  -5    3   8   6   1   1   3   3  40   2   0   2  22   0   0   1   4   2   0   2   0  0.69 0.36
   34 A     2  -2  -2  -2  -2  -1  -1   1  -2  -3  -1   0  -1  -1  -1   4   0  -5  -3  -2   14   2   1   1   0   3   4  11   1   0   6   4   1   3   2  41   3   0   0   2  0.44 0.31
   35 S     0  -1   1   3  -3   0   1   2  -2  -4  -4   1  -4  -4   1   1   0  -5  -4  -3    7   3   7  21   1   3   8  17   1   1   1   8   0   0   8  11   5   0   0   1  0.37 0.23
   36 Q    -2   1  -2  -2   0   0  -2  -2  -1   1   2   1   1  -1  -2  -1   1  -3   0   1    1  10   1   2   2   3   1   3   1  10  23  11   4   1   1   3   8   0   4  10  0.13 0.13
   37 P     0  -3   1  -1  -3  -2  -3  -4   0  -4  -4   1  -5  -5   7  -1  -3  -5  -2  -3    7   1   7   3   1   1   1   1   3   1   1   7   0   0  57   4   1   0   2   1  1.38 0.54
   38 K    -5  -2  -5  -5  -8  -3  -4  -6  -5  -7  -7   8  -6  -8  -6  -5  -5  -8  -6  -7    0   0   0   0   0   0   0   0   0   0   0 100   0   0   0   0   0   0   0   0  2.77 0.97
   39 Q     0  -3  -4  -4  -5   6  -1  -2  -4  -2  -1  -3  -1  -5   0  -2  -2  -5  -4   4    8   0   0   0   0  40   2   3   0   1   6   0   1   0   4   2   1   0   0  30  0.87 0.48
   40 F    -4  -4  -6  -6  -5  -5  -5  -6  -4  -2   4  -5   2   4  -6  -5  -3   5   5  -2    1   1   0   0   0   0   0   0   0   1  43   0   6  18   0   0   1   9  17   2  1.12 0.47
   41 L    -2   1  -3  -5  -1   1  -3  -5   7   0   3  -3  -1  -1  -5  -3  -2  -5  -1   0    3   8   1   0   1   6   1   0  27   6  33   1   1   2   0   1   2   0   1   8  0.76 0.42
   42 E    -2   2  -1   0  -3   1   2  -3  -1  -3  -2   2  -1  -3   4  -1   1   0  -2  -3    2  10   2   5   1   7  13   1   1   1   4  12   2   1  21   4   8   2   1   1  0.39 0.26
   43 L    -2  -5  -6  -6  -1  -5  -6  -6  -6   4   4  -5  -1   0  -6  -3  -3   2  -2   3    2   0   0   0   1   0   0   0   0  27  38   0   1   3   0   2   1   3   1  21  0.92 0.44
   44 R     3  -1   1  -1   2  -1  -1   3   1  -3  -1   0  -2  -3  -4  -1  -2  -5  -2  -3   25   3   8   3   6   2   3  24   4   0   8   6   1   1   0   3   1   0   1   1  0.33 0.26
   45 G    -3  -3   2   1  -6  -3  -1   6   1  -7  -7  -3  -6  -7  -6  -2  -5  -6  -6  -5    1   1   8   7   0   1   5  69   3   0   0   1   0   0   0   3   0   0   0   1  1.48 0.63
   46 E    -1   4  -2  -1  -3   2   1  -3   0  -2  -2   5  -1  -3  -4  -2  -1  -5  -2  -3    3  19   1   2   1   7   8   1   2   3   4  38   1   1   0   1   4   0   1   1  0.62 0.38
   47 P    -2  -3  -5  -3  -2  -5  -2  -6  -6  -4  -5  -3   0  -4   7   1   3  -7  -2  -5    3   1   0   1   1   0   2   0   0   1   1   1   2   1  59  10  17   0   2   0  1.62 0.71
   48 V    -3  -5  -4  -7  -4  -5  -6  -6  -6   3   4  -5   7  -1  -6  -5  -3  -5  -4   3    2   0   1   0   0   0   0   0   0  14  38   0  26   2   0   0   1   0   0  16  1.16 0.54
   49 L    -2  -6  -6  -7  -2  -5  -6  -6  -6   5   4  -6   0   0  -6  -5  -4   5  -1   2    4   0   0   0   1   0   0   0   0  30  41   0   2   3   0   0   0   7   2  11  1.04 0.48
   50 A     1   0  -1   0   1   2   3  -2   0  -1   0  -1   0  -2  -3  -1  -2   3   1  -1   13   5   3   4   3  10  21   3   2   4  11   1   2   1   0   3   1   4   6   3  0.17 0.19
   51 H    -3   2  -3  -5  -6  -1  -4  -6   9  -3  -5  -3  -3  -2  -6  -3  -5   5   5  -4    2  13   1   0   0   3   0   0  49   1   1   1   1   2   0   2   0   7  16   1  1.81 0.73
   52 S     1  -4  -4  -4  -1  -4  -4  -3   0   1  -2  -4  -2  -4  -1   1   4  -5  -4   4   12   0   0   0   1   0   0   1   2   7   2   0   1   0   4  13  29   0   0  28  0.63 0.41
   53 L    -1  -5  -5  -5  -2  -4  -5  -3  -5   4   4  -4   2  -1  -5  -3   0  -1   1   2    5   0   0   0   1   0   0   2   0  22  40   1   4   2   0   1   5   1   4  14  0.68 0.36
   54 R     0   2   1   3  -2   0   3  -2   0  -4  -3   2  -1  -3  -4   0  -1  -5  -2  -3    8  11   5  18   1   3  21   2   2   0   3  13   2   1   0   4   3   0   1   1  0.39 0.27
   55 L     3   2   1  -3   0   0  -1  -2  -2  -1  -3   0  -1  -4  -2   1   1  -5  -2   0   28  14   6   1   2   4   2   2   1   3   1   5   1   0   1  10  10   0   1   8  0.28 0.25
   56 L     2  -5  -5  -5   1  -5  -5  -3  -5   0   3  -5   1   5  -5  -3  -3  -4  -1   1   18   0   0   0   3   0   0   2   0   5  30   0   3  26   0   1   1   0   1   9  0.72 0.39
   57 L     1   1  -1  -1   0   2   1  -2  -1  -1   1   0   0  -2  -2   1   0  -2  -2  -1   15   7   1   4   2   9  10   2   2   2  19   6   2   1   1   9   4   0   1   3  0.11 0.14
   58 A     2   2   0   0  -2   2   1   0   0  -4  -2   1  -2  -5  -2   1   0  -5  -4  -3   18  10   4   6   1   9  10   6   2   1   4   9   1   0   2  10   5   0   0   1  0.25 0.22
   59 V     2  -3   0  -2   0  -1  -2  -3   4   0   2  -2   1   0  -3   1  -2   0  -1   0   17   1   4   2   2   2   1   2  12   5  21   2   3   4   1  11   2   1   2   5  0.26 0.23
   60 R     0  -1   1   0  -1  -1   0   2  -2  -3  -3   0  -3  -2   4   1  -2  -5  -1  -3    9   3   8   6   1   3   7  16   1   1   3   5   0   2  21   9   2   0   2   1  0.38 0.27
   61 Q     1   0  -1   1   0   1   0   0  -1  -1  -1  -1  -1  -1   3   0  -1   0  -1  -1   15   6   3   7   2   5   7   7   1   3   6   3   1   2  15   8   3   1   2   5  0.15 0.13
   62 L    -1  -3  -2  -1   2   0  -1  -3  -3   4   0  -3  -1   3  -3  -2  -1  -4  -3   3    6   2   1   3   4   4   4   2   1  24   6   1   1  13   1   3   4   0   0  20  0.39 0.25
   63 E     0   1   0   4  -3   0   1  -1   1  -4  -4   2  -3  -3  -2   1   0  -6  -4  -3    7   8   4  25   1   4  10   4   4   1   1  13   1   1   1   9   6   0   0   1  0.44 0.31
   64 K     0   1   0   1   0   2   2   0   1  -1  -1   1  -2  -3  -2  -1   0   1  -2  -1    6   9   4   8   2   8  13   7   4   4   6  10   1   0   1   3   6   2   1   3  0.14 0.14
   65 L    -2  -5  -6  -7   0  -5  -7  -6  -4   6   0  -6  -1  -2  -6  -5  -2  -3  -4   5    3   1   0   0   2   0   0   1   1  42   8   0   1   1   0   1   2   0   1  35  1.34 0.63
   66 V     0  -3  -3  -5  -2  -1  -5  -3   1   4   0  -5   0  -1  -4  -4  -1  -1   0   5    6   1   1   0   1   3   0   2   4  22   8   0   2   2   1   1   3   1   4  37  0.73 0.42
   67 L    -3  -7  -7  -7  -5  -7  -7  -5  -7   4   2  -7  -1  -2  -3  -6  -2  -2  -5   6    2   0   0   0   0   0   0   1   0  21  18   0   1   1   2   0   2   1   0  50  1.36 0.64
   68 V     2  -6  -2  -7  -1  -6  -6  -5  -4   2  -2  -6  -3  -4  -5  -2  -1  -7  -2   6   15   0   2   0   1   0   0   1   0   9   2   0   0   1   1   2   4   0   2  58  1.25 0.63
   69 I     0  -3  -3  -4   1  -2  -4   2  -4   3   1  -4  -2  -1  -4   0   1  -2   0   3    7   1   1   0   3   1   0  17   0  15  11   0   0   2   0   8  11   0   4  18  0.32 0.26
   70 N     0  -2   3  -1  -3  -1  -2   3   7  -4  -5  -1  -5  -4   2   1  -3  -6  -3  -4    7   2  13   4   1   2   2  18  23   1   1   3   0   1  10   9   1   0   1   1  0.72 0.43
   71 E     0   0  -2   0  -3   1   3   0   2  -5  -4   1  -4  -3   4  -1  -2  -5   0  -3    8   6   2   5   0   6  18   8   6   0   1   8   0   1  20   3   1   0   4   2  0.45 0.31
   72 E     0  -1   1   4  -2   1   2   2   2  -3  -4   1  -3  -4  -2  -2  -2  -5  -3  -3    7   4   7  23   1   5  15  15   6   1   1   7   0   1   2   2   2   0   1   1  0.44 0.29
   73 F     0   0  -1   4  -3   0   2  -2   2  -1  -1  -1   0   0  -2  -2  -3   2   1  -1    7   6   2  26   1   3  12   3   5   3   5   3   3   4   1   3   1   3   5   4  0.31 0.23
   74 T     0   1   0   0  -2   1   2  -2   1   0  -1   1   0  -3   0  -1   0  -4  -1   0   10   9   3   6   1   7  14   2   5   7   5   7   2   1   6   4   5   0   2   6  0.12 0.12
   75 S     1   0   0   1  -2   1   2  -1   0  -1  -2  -1  -1  -1  -1  -1  -1   2   1   1   12   4   3  10   1   6  13   5   2   3   4   3   2   3   2   4   3   3   6  12  0.10 0.13
   76 L     0   1  -3  -2  -2  -1   0  -2   0   1   1  -1   2   3  -3  -2  -2   3   1   1    9   7   0   2   1   3   6   3   2   7  14   3   5  12   1   2   2   5   5  12  0.18 0.16
   77 Q     1   1  -1   1  -1   1   3  -2  -1  -2  -2   1  -1  -1   0   0  -2  -2  -1  -2   12   7   3   7   1   7  20   3   1   3   5   9   2   3   5   5   2   1   2   2  0.18 0.18
   78 F     1   0   0   0  -2   1   1  -1   1  -1   0   1  -1   0  -2   0   0  -1   1  -1   13   5   4   5   1   7   9   4   4   3  10   9   1   4   1   5   5   1   5   5  0.06 0.08
   79 V     1  -1  -3  -3   0   0  -1  -3  -1   2   2  -1   1   0  -4  -2  -2   1  -1   2   13   3   1   2   2   4   5   2   1  13  20   3   4   3   0   3   2   2   2  16  0.22 0.19
   80 A     3   0  -2  -1  -2   0   0  -1  -2   0   1   1  -1  -2   0   0  -1  -2  -1   0   24   6   1   3   1   3   6   4   1   4  13   9   1   1   4   7   3   0   2   6  0.14 0.16
   81 E     0   1  -1   1  -1   2   2  -1  -1  -1  -1   1  -2   0  -1  -1  -1   0  -1  -1   10   7   3   7   1   8  17   5   1   4   5   9   0   5   2   4   3   1   2   6  0.13 0.14
   82 A     1   0   0   0  -1   0   0   0   0  -1   0   1  -1   0   0   0  -1  -1   1  -1   17   6   4   5   2   4   7   5   2   3   8  10   1   4   4   6   3   1   5   4  0.05 0.07
   83 L     0  -1   0   0  -1   0  -1   1   0   0   1  -1   0   2  -1  -1  -1   0   2   0    7   3   4   5   1   4   3  10   2   5  15   3   2   9   4   5   2   1   7   9  0.04 0.06
   84 R     0   0   0   0  -2   1  -1   0   1  -1   0   0  -1   1   1   0   0  -1  -1  -1   10   5   5   5   1   8   3   7   4   3  11   5   1   6   7   7   5   1   1   5  0.05 0.07
   85 D    -1  -1   1   3  -2   0   1   1   3  -2  -1   0  -2   0   0   0  -1  -3  -1  -2    5   4   6  18   1   3   9   9   7   2   6   6   1   5   5   6   4   0   2   3  0.19 0.16
   86 P    -1  -1   0   0  -3   1   1  -2   1  -1  -1   2  -2   1   3  -1   0   0   1  -1    5   3   4   6   1   6   8   4   4   4   7  11   0   7  12   3   6   1   4   4  0.13 0.13
   87 R     0   2   0   0  -4   0   0  -1   1  -4  -2   3  -3  -2   2  -1  -2   2  -4   1    7  12   5   6   0   4   6   4   3   1   4  17   1   2  11   4   2   2   1   9  0.25 0.22
   88 V    -1  -2  -4  -4  -2  -3  -1  -3  -3   4   1  -3   0   0  -5  -4  -2   0   0   4    5   2   1   1   1   1   4   2   1  20  14   2   2   4   1   1   3   2   4  31  0.64 0.35
   89 T    -1   1   0  -1  -3   3   0  -3   2   0  -1   1   0  -3   0  -1   2  -2  -1   0    4   7   4   3   1  14   7   2   5   6   6   9   2   1   4   5  11   1   2   6  0.18 0.18
   90 R    -1   0  -4  -3   0   0  -3  -4  -3   2   1  -2  -1   4  -2  -3   0   5  -1   2    5   6   1   2   2   5   2   2   1  12  13   3   1  15   3   2   6   7   2  13  0.36 0.23
   91 A     2  -5  -4  -4   1  -1  -1   1  -4   2  -3  -4  -5  -2  -3  -4  -3  -3  -5   5   15   1   1   1   3   3   4   9   0  12   3   1   0   2   2   1   2   0   0  40  0.81 0.46
   92 D     0  -2   0   0   0   3   3  -2   1  -1  -2   0  -3  -3  -1  -1   2  -5  -2  -1    9   2   4   6   2  13  17   4   4   4   4   5   1   1   4   4  11   0   1   5  0.24 0.22
   93 P    -1  -4  -3  -5  -2  -1  -4   6  -4  -4  -2  -3  -4  -5   1  -3  -1  -5  -3  -5    6   1   1   1   1   3   1  59   1   1   6   2   1   1   7   2   4   0   1   1  1.23 0.57
   94 G    -2  -3  -4  -4  -4  -3  -4   7   0  -3  -2  -4  -4  -4  -2  -4  -3  -4  -4  -3    3   2   1   1   0   2   1  69   2   2   4   2   1   1   3   2   2   0   1   2  1.57 0.62
   95 K     2  -1   0   0  -4   2   1  -1   0  -3  -3   1  -2  -4  -1   1   2  -4  -4  -2   19   3   3   6   0  11   9   5   2   2   3  10   1   1   3   8  12   0   1   2  0.28 0.22
   96 E    -2  -1  -2   1  -4   0   4  -2  -2  -2  -2  -2  -4  -4  -3   0   4  -4  -4  -2    4   3   2   6   0   3  28   4   1   2   4   2   0   1   1   7  26   0   1   3  0.65 0.37
   97 R    -3   7  -3  -3  -4   0   0  -1  -4  -4  -4  -2   0  -4  -3  -4  -1  -4  -4  -3    3  61   1   2   0   4   5   5   0   1   2   2   2   1   2   2   4   0   1   2  1.47 0.61
   98 Q     3  -2  -2  -4  -1   7  -3  -1   2  -3  -3  -4  -2  -1  -4  -1  -2  -2  -3  -2   22   2   2   1   1  40   1   5   4   2   3   1   1   2   1   4   3   1   1   3  0.96 0.53
   99 D     1  -3  -2   4  -5   2   2  -2   6  -3  -1  -2  -3  -4  -5  -3  -3  -4  -1  -5   11   2   2  24   0   8  13   3  20   1   6   2   1   1   1   2   2   0   2   1  0.79 0.44
  100 S     3  -4  -4  -4  -4  -3  -2   0  -4  -5  -5  -4  -2  -5  -4   6   0  -3  -5  -4   24   1   1   1   0   1   2   6   0   1   1   1   1   1   1  51   5   0   0   1  1.19 0.62
  101 V    -3  -6  -5  -7  -4  -4  -6  -5  -7   2  -1  -6  -2  -5  -3  -5   1  -7  -6   7    2   0   1   0   0   1   0   1   0   9   6   0   1   0   2   1   7   0   0  66  1.66 0.76
  102 L     0   2  -3  -4  -2   1  -1  -1   0  -2   3   1   3   1  -4  -3  -3   1   2  -3    9  13   1   1   1   6   4   5   2   2  25   8   6   5   1   1   1   2   7   1  0.33 0.26
  103 S     3  -1   5  -3   4   2  -2  -4   3  -5  -2  -2  -1  -6  -4   1  -2  -6  -5  -3   22   3  23   1   7  10   2   1   6   1   4   2   1   0   1   9   3   0   0   2  0.69 0.44
  104 G     5  -4  -6  -5   1  -5  -6   5  -7  -3  -4  -5  -6  -7  -6  -4  -5  -7  -4  -4   49   1   0   1   2   1   0  38   0   2   2   1   0   0   0   1   0   0   1   1  1.60 0.80
  105 L    -3  -1  -6  -7  -6  -4  -3  -6  -7   1   6  -2   2  -3  -3  -5  -5  -6  -4   0    2   4   0   0   0   1   3   1   0   7  62   3   4   1   2   1   1   0   1   7  1.21 0.61
  106 Q     0   1  -1   0  -3   3   3  -4   0  -5  -1   2  -2  -2   1   0  -2  -6  -5  -4    8   6   3   6   1  14  20   1   3   1   6  11   1   2   8   6   2   0   0   1  0.42 0.33
  107 L     4  -3  -2  -2  -2   2  -1  -2   2  -2  -1   0   0   2  -4  -1  -3  -3   2  -1   35   1   2   2   1   8   4   3   5   2   6   5   2   9   1   4   1   0   6   4  0.46 0.34
  108 V     0  -5  -4  -6   0  -4  -5  -5  -4   4   4  -5   0   0  -5  -4  -4  -4  -4   2    8   0   1   0   2   1   1   1   1  19  41   1   2   4   0   2   1   0   1  15  0.90 0.47
  109 P     2  -1  -1   2  -1   0   1  -1  -2  -4  -4   1  -3  -4   3   1  -1  -6  -4  -3   18   3   3  10   1   4  11   5   1   1   1   9   1   1  16   9   4   0   1   1  0.39 0.31
  110 A     1  -1   0   3   0  -1   1   2  -1  -3  -4   1  -3  -3   0   1   0  -5  -4  -3   12   3   3  19   2   3  10  13   1   1   2   7   0   1   4  10   5   0   1   2  0.32 0.25
  111 E    -2  -2   1   5  -5   0   3   1   0  -6  -6   1  -3  -2   0  -2  -2  -7  -2  -5    3   2   6  30   0   4  21  10   2   0   1   8   1   2   4   3   2   0   1   1  0.72 0.45
  112 C     1  -2   0   2   3  -2   0  -1   0  -1  -2  -1  -3  -2   2   0   0   0   1   0   14   1   5  13   6   1   6   4   2   3   3   4   0   2   9   5   6   1   5   8  0.16 0.16
  113 S    -1  -2  -2   5  -4  -1   2   1  -4  -1  -4  -1  -2  -3  -2  -1   1  -6  -4  -1    6   2   2  31   0   2  12  12   0   4   2   4   1   1   2   5   8   0   1   5  0.53 0.34
  114 L    -2  -1  -2  -1  -5  -3  -4  -6   1   3   2  -2  -2   2  -5  -5   0   6   2   2    3   4   2   5   0   1   1   0   3  14  20   3   1   7   0   0   7  11   6  12  0.55 0.34
  115 V    -3  -8  -8  -9  -7  -8  -8  -9  -9   3  -1  -8  -1  -4  -8  -7  -2  -8  -7   7    2   0   0   0   0   0   0   0   0  14   5   0   2   1   0   0   3   0   0  73  2.14 0.96
  116 A    -1  -7  -5  -8   0  -7  -8  -6  -3   1   6  -8   2  -3  -8  -6  -6  -4  -5   2    5   0   1   0   2   0   0   1   1   6  65   0   5   1   0   0   0   0   0  11  1.51 0.73
  117 V    -3  -7   0  -7   0  -7  -6  -7  -7   5  -3  -7  -5  -4  -2  -4  -2  -6   4   5    2   0   5   0   2   0   0   0   0  31   2   0   0   1   2   2   3   0  13  35  1.30 0.66
  118 H    -2  -6  -3  -6   1  -2  -6   3   9  -3   0  -6  -4  -3  -7  -1  -1  -7  -2  -1    3   0   1   0   3   2   0  21  43   2   9   0   0   1   0   5   3   0   2   5  1.49 0.72
  119 D    -4  -7   0   8   0  -1  -4  -7  -6  -8  -8  -6  -8  -1  -5  -3  -4  -8   1  -8    2   0   4  76   2   3   1   0   0   0   0   0   0   3   1   2   1   0   5   0  2.29 1.01
  120 A     4  -6  -4  -6  -4  -6  -4   5  -6  -3  -6  -6   0  -7  -6  -1   0  -7  -6   3   31   0   1   0   0   0   1  35   0   1   0   0   3   0   0   4   5   0   0  18  1.10 0.61
  121 A     4  -3  -2   4  -1  -2  -2  -2  -3  -2  -3  -3  -3  -3  -3  -2  -2  -3  -3   1   39   2   1  22   1   1   3   2   1   2   3   2   1   1   2   3   2   0   1  11  0.72 0.33
  122 R    -3   7  -2  -3  -2  -2   0  -3  -3  -2  -3  -2   0  -3  -3  -2   1  -3  -3   0    3  48   2   2   1   2   5   3   1   2   3   2   3   1   2   3  10   0   1   7  0.95 0.38
  123 P    -2  -9  -8  -5   2  -8  -8  -6  -9  -9  -8  -8  -9  -7   9  -6  -8  -3  -9  -6    3   0   0   1   4   0   0   1   0   0   0   0   0   0  88   0   0   0   0   1  3.14 1.36
  124 L    -6  -8  -2  -4   5  -8  -6  -4  -3  -4   5  -8  -1   5  -8  -7  -7  -6  -2  -5    0   0   2   2  11   0   1   2   1   0  54   0   1  24   0   0   0   0   1   0  1.63 0.77
  125 V    -2  -7  -8  -8  -6  -7  -8  -7  -8   6   3  -7  -3  -1  -5  -6   0  -7  -6   4    3   0   0   0   0   0   0   0   0  37  26   0   0   3   1   0   5   0   0  24  1.30 0.63
  126 T    -2   2   0   1  -4   1   0  -3  -1  -6  -6   0  -5  -7   3   3   3  -7  -2  -5    3  10   4   8   0   5   6   2   2   0   0   5   0   0  13  19  20   0   1   1  0.56 0.43
  127 L     2  -1  -1  -1  -5   0  -1  -1   2  -2  -2   1  -3  -5   4  -1   1  -6  -3  -1   18   4   2   3   0   5   5   4   5   2   4   7   1   0  23   5   8   0   1   4  0.42 0.32
  128 D     1  -1   0   4  -7  -1   5  -2   0  -6  -6   0  -6  -6  -4   1  -2  -3  -5  -4   14   3   5  19   0   2  31   3   2   0   0   6   0   0   1   9   2   0   0   1  0.73 0.48
  129 A    -2  -5  -5   1  -3  -3  -1  -7  -3   1   2  -5   1  -2  -5  -2   5  -3  -3   1    3   0   0   9   0   1   4   0   1   8  19   0   3   1   0   3  37   0   1   8  0.75 0.49
  130 V    -4  -8  -9  -9  -7  -8  -8  -9  -8   6   5  -8  -1   1  -8  -8  -4  -7  -4   2    1   0   0   0   0   0   0   0   0  35  44   0   1   6   0   0   1   0   0  12  1.56 0.71
  131 H     1   1   1   3  -4   2   3  -2   1  -4  -3   1  -4  -6  -4   0  -1  -7  -5  -4   11   7   7  17   0   9  19   3   3   1   2   9   0   0   0   6   4   0   0   1  0.46 0.34
  132 R     1   5   1   0  -3   1   1  -3  -1  -5  -5   2  -5  -4  -4  -1  -1  -4  -4  -6   13  33   7   5   1   5   9   2   1   1   1  12   0   1   1   5   3   0   1   0  0.70 0.45
  133 C    -2  -7  -2  -8   3  -7  -7  -4  -7   1   5  -7   2  -1  -7  -3  -3  -6  -6   2    4   0   2   0   5   0   0   1   0   7  56   0   5   2   0   2   1   0   0  14  1.17 0.59
  134 L     0  -2  -7  -5   0  -4  -6  -6  -2   5   3  -5   1   1  -6  -4  -3  -2  -3   2   10   3   0   0   2   1   0   0   1  27  29   0   2   5   0   1   1   0   1  15  0.80 0.43
  135 A     3   0  -1   3  -6   1   4  -2  -1  -4  -3   1  -3  -6  -5  -1  -1  -6  -4  -3   22   5   3  14   0   6  23   2   1   1   3   9   1   0   0   5   4   0   0   2  0.54 0.39
  136 D     4   0   0  -2  -3   0   1  -2  -1  -1  -2   0   0  -2  -2   0   1  -5   0  -1   34   4   4   2   1   4   9   3   2   3   4   6   2   2   2   5   7   0   4   4  0.31 0.28
  137 A     3   0  -4  -5   0  -2  -3  -2   4  -1   3  -1  -1  -1  -3  -1  -2  -6  -4   1   24   5   0   0   2   2   1   3  11   2  24   5   1   2   1   4   2   0   0  10  0.42 0.33
  138 A     1   2   0   1  -2   2   2   0   1  -2  -2   1  -1  -5   1   0  -1  -5  -3  -2   11  11   3   8   1   8  14   6   3   2   4   8   2   0   7   6   4   0   1   2  0.20 0.19
  139 E     0   0   0   2  -5   3   3  -1   0  -4  -4   2  -4  -6  -2   0   0  -6  -5  -4    9   5   4  13   0  11  21   6   2   1   2  11   0   0   2   6   6   0   0   1  0.45 0.34
  140 H     1  -2   1   2   0   0   0   2   5  -4  -5  -2  -4   0  -3   0   1  -3   2  -3   11   1   7  10   2   4   5  13  12   1   0   2   0   4   1   8   8   0   9   2  0.33 0.27
  141 G    -1  -1   0   2  -6   0  -1   4  -2  -5  -5   0  -5  -4   2  -1  -1  -6  -2  -2    6   3   4  13   0   5   3  35   1   0   1   5   0   1  11   3   3   0   1   4  0.60 0.39
  142 A     5  -3  -1  -3   2  -5  -5   3  -3   1  -1  -4  -1  -4  -5  -1  -3  -6  -3  -1   42   1   3   1   4   0   0  21   0   7   7   1   2   0   0   4   1   0   1   4  0.76 0.48
  143 A     5  -4  -5  -3   1  -4  -3   2  -5   0  -3  -3  -3  -4  -5  -1  -1  -6  -4   3   39   1   0   1   3   1   1  14   0   5   2   1   0   1   0   4   4   0   0  21  0.76 0.48
  144 V     1  -5  -6  -1  -5  -4  -5  -4  -6   5   3  -6  -1  -4  -5  -4   0  -6  -4   4   10   0   0   4   0   1   0   1   0  26  22   0   1   0   0   1   5   0   0  26  0.86 0.47
  145 L     1  -5  -6  -5   0  -6  -6  -6  -7  -1   4  -5  -2  -3   4  -5   2  -6  -6   0   10   1   0   1   2   0   0   0   0   3  40   0   1   1  22   0  13   0   0   6  0.97 0.57
  146 A     5  -6  -5  -4  -4  -5  -5   1  -6  -1  -4  -4  -5  -4  -5  -1   3  -6  -2   3   40   0   0   1   0   0   0  10   0   3   1   1   0   1   0   3  17   0   2  21  0.91 0.56
  147 V     0  -2  -4  -6  -3  -5  -4  -6  -4   2   3  -4   0   0  -6  -2   1  -5  -4   4    7   3   1   0   0   0   1   0   0  11  25   0   2   4   0   4   9   0   0  32  0.69 0.41
  148 P     0   0   0  -2  -6  -2   1  -4  -3  -4  -5   1  -1  -5   6  -1  -1  -2  -4  -3    7   6   5   2   0   1  10   1   1   1   1   8   1   1  44   4   4   1   1   2  0.97 0.54
  149 M     1  -6  -5  -5  -1  -3  -4  -5  -6   1   1  -5   0  -3   0  -3  -3  -6  -3   6   14   0   1   1   1   1   1   1   0   6  15   0   2   1   6   1   1   0   1  48  0.93 0.51
  150 K     2   1  -1   0  -1  -1  -1  -3  -1  -2  -3   2  -3  -5   1   0   3  -2  -2   0   18   8   2   6   1   2   4   1   2   2   1  15   0   0   6   6  17   1   1   8  0.29 0.27
  151 A    -4  -6  -2   8  -7  -5   0  -6  -6  -7  -7  -6  -7  -7  -4  -3  -3  -8  -2  -4    2   0   2  81   0   0   5   1   0   0   0   0   0   0   1   2   2   0   2   1  2.38 0.99
  152 T     0  -6  -5  -3  -6  -2  -5  -5  -6  -3  -5  -5  -5  -7   0  -1   8  -7  -6  -4    7   0   0   1   0   2   0   1   0   1   1   0   0   0   4   4  77   0   0   1  1.98 0.93
  153 V    -2  -4  -5  -4  -4  -5  -5  -6  -5   6   3  -5   3  -2  -3  -4  -2  -5  -4   3    3   1   0   1   0   0   0   0   0  39  23   0   8   1   1   1   2   0   0  17  1.00 0.47
  154 K    -3   1  -4  -3  -5  -2  -2  -4  -5   1  -3   6  -2  -3  -5  -2  -4   1  -3   2    2   6   0   1   0   1   1   1   0   7   2  56   1   1   0   3   0   2   1  13  1.13 0.58
  155 E    -2   5  -3   0  -5   2   1  -4   1   1  -1   0  -2  -3  -3  -2  -1  -4   1   0    3  32   0   5   0   9  10   1   3   8   7   3   1   1   1   2   3   0   5   6  0.46 0.32
  156 S     2  -1  -2  -1   0  -1  -1   1  -1   0  -2  -1  -2  -4   0   0   0  -4  -3   3   17   3   1   4   2   2   3  12   1   6   3   3   0   0   4   6   5   0   1  27  0.23 0.22
  157 E     0  -1   3   4  -4   0   2   0   0  -3  -4  -1  -3  -4  -1   0   1  -5  -2  -2    8   2  14  24   0   3  13   6   2   2   2   3   0   1   2   7   8   0   1   2  0.41 0.28
  158 D     1  -1   2   4  -3  -1   1   0  -1  -3  -4  -1  -3  -4   2   1  -1  -5  -4  -3   14   3   9  21   0   3  10   7   1   1   2   4   1   0   9   8   4   0   0   1  0.36 0.25
  159 G     1  -2   1   3  -4   0   0   3   0  -4  -2  -1  -4  -3  -1   0   0  -4   1  -4   11   2   8  16   0   4   6  25   2   0   4   3   0   1   3   5   5   0   5   1  0.35 0.26
  160 E    -1   0   1   0  -3   1   1   4   0  -3  -3   0  -2  -3  -2   0  -1  -4  -3  -3    4   4   6   5   0   8   8  36   3   2   3   6   1   1   1   6   3   0   1   1  0.44 0.27
  161 F     0   2  -1  -2   0  -1   0  -2   1   0  -1   0   0   2  -3  -1   0   0   2   0    7  15   3   1   2   2   6   2   3   6   6   4   2  10   1   4   5   1  10   9  0.12 0.13
  162 V    -1  -4  -5  -3  -1  -4  -3  -4  -5   5  -1  -3  -1  -1  -4  -2  -3  -3  -1   5    5   1   0   2   1   1   2   2   0  35   3   2   1   2   1   3   1   0   3  36  0.90 0.44
  163 L     0  -1   0   1  -3   0   1  -1  -1   0   0   0  -1  -3  -3   0   1  -2  -2   2    9   4   6   7   0   3   9   5   1   5  10   5   1   0   0   8  11   1   0  15  0.09 0.12
  164 R     1   2  -1   1  -3   0   3   0   2  -2  -4   1  -4  -4  -3   0  -1  -5  -1  -3   11  12   2   8   1   3  23   8   5   3   0  10   0   0   1   5   3   0   2   1  0.35 0.27
  165 T    -2  -5  -3  -4  -5  -4  -3  -6  -2   2  -4  -3  -2  -2  -4  -2   7  -6  -1   0    3   0   1   1   0   1   1   0   1  12   1   1   1   2   1   2  64   0   2   6  1.40 0.72
  166 L    -2  -3  -5  -5  -5   0   1  -6  -2   2   2  -3  -2  -3   4  -4  -3  -6  -5   4    2   1   0   0   0   4   9   0   1  11  20   1   0   1  18   0   1   0   0  32  0.73 0.44
  167 Q    -3  -3   2   6   2  -2   3  -5  -4  -4  -5  -2  -5  -6   3   0  -4  -6  -3  -2    2   1   8  38   4   1  18   0   0   1   1   3   0   0  13   5   0   0   1   4  0.93 0.51
  168 R    -5   8   0  -5  -6  -1  -2  -4   1  -6  -6  -2  -5  -6  -6  -5  -5  -6  -5  -6    1  81   4   0   0   2   2   1   3   0   1   1   0   0   0   0   0   0   0   0  2.31 0.92
  169 S     2  -1   1   3  -5  -1   4  -3  -3  -6  -6   0  -5  -6  -4   3   0  -6  -5  -4   16   3   6  14   0   2  24   1   0   0   0   4   0   0   0  23   5   0   0   1  0.67 0.45
  170 R     0   1   1   1  -4   1   1   3   1  -4  -3   0  -3  -3  -3  -1  -1  -5  -2  -2    9   8   8   6   0   6  10  26   4   0   3   6   0   1   1   4   4   0   1   3  0.30 0.23
  171 L    -3  -6  -6  -7  -5  -6  -6  -7  -3   3   5  -5   1  -1  -6  -4  -3  -5  -1   1    1   0   0   0   0   0   0   0   1  15  62   0   3   2   0   1   1   0   2  10  1.24 0.58
  172 W    -2   3  -5  -6  -4  -5  -4  -5  -2  -3  -3   1  -1   2  -6  -3  -5   9   5  -2    3  13   0   0   0   0   1   1   1   2   3  10   1   8   0   2   0  31  20   3  1.52 0.68
  173 E     3   2  -3  -4  -2   3  -2  -3   3   1   1  -3  -1  -2  -4  -1  -2  -4  -3  -2   30  11   1   0   1  13   2   1   8   8  14   0   1   2   0   5   2   0   0   2  0.44 0.34
  174 V     4  -4  -4  -4  -3  -3  -4  -1  -2   2  -2  -3   1  -4  -4  -1  -3  -4  -4   4   41   1   1   1   0   1   1   4   1  12   2   1   3   1   1   3   1   0   0  27  0.78 0.41
  175 Q    -2  -2  -2  -2  -4   7   0  -4   1  -3   0  -1  -2  -3  -4  -3  -3  -4   0  -4    3   2   1   2   0  56   6   1   3   2  11   3   1   1   1   2   1   0   3   1  1.23 0.57
  176 T    -2  -4  -3  -4  -4  -4  -4  -4  -4  -4  -4  -4  -1  -4  -4  -2   8  -4  -4  -3    3   1   1   1   0   1   1   1   0   1   2   1   2   1   1   2  79   0   1   1  1.91 0.76
  177 P    -3  -4  -4  -4  -4  -4  -4  -3  -4  -3  -4  -4  -4  -4   8  -3  -4  -4  -4  -4    2   1   1   1   0   1   1   2   0   2   2   1   0   1  78   2   1   0   1   1  2.30 0.80
  178 Q    -4  -3  -2  -3  -4   8  -1  -4  -3  -3  -3  -3  -3  -4  -4  -3  -2  -4  -1  -4    2   1   1   1   0  75   2   1   0   2   3   1   0   1   1   1   2   0   2   1  2.06 0.79
  179 V     2  -3  -3  -3   4  -3  -3   2  -3   0   1  -3   3  -1  -2   0  -1  -3  -2   1   17   1   1   1   8   1   1  19   0   5  12   1   8   3   2   5   4   0   1   9  0.30 0.21
  180 I    -3  -6  -6  -6  -6  -6  -4  -5  -2  -2  -3  -6  -3   9  -6  -1  -5  -4  -1  -4    3   0   0   0   0   0   1   1   1   3   1   0   0  78   0   6   0   0   1   1  2.37 0.88
  181 R    -1   5   1   3  -2   0   0  -4   2  -5  -2   2  -3  -4   1  -1  -2  -3  -2  -4    4  28   5  16   1   3   5   1   4   0   4  10   0   0   8   5   2   0   2   1  0.53 0.34
  182 P     1   1  -1  -4  -2  -3  -3  -1  -1   1   1  -2  -1   3  -2  -1   1  -3   3   1   12   8   2   0   1   0   0   5   1   6  14   2   1  11   1   3  12   0  10  11  0.21 0.20
  183 Q     1  -1   0   3  -3   0   2   1  -1  -3  -5   2  -3  -5  -2   1  -1  -5  -4  -4   12   3   5  18   0   4  16  11   1   1   0  12   0   0   2  10   3   0   0   1  0.40 0.29
  184 L     0  -2  -3  -1  -3  -1  -1  -3  -4   2   2  -1   1   0   0  -1   0  -1  -2   1   10   2   0   3   0   3   4   2   0  12  26   4   3   3   5   4   6   1   1  12  0.18 0.17
  185 L    -4  -7  -8  -8  -6  -7  -7  -5  -3   4   6  -7  -3  -3  -7  -7  -5  -1  -5  -2    1   0   0   0   0   0   0   1   1  20  74   0   0   0   0   0   0   1   0   1  1.76 0.77
  186 R    -1   3  -3  -4  -1   0  -2  -4   0   0   2   3   1   0  -4  -2  -2   1   1   0    4  19   1   0   1   4   2   1   2   4  22  19   3   3   0   1   1   2   4   5  0.37 0.29
  187 D     1   2   0   2  -2   2   3  -2  -1  -4  -3   2  -4  -5  -3   0  -1  -5  -4  -4   12  13   5  13   1   8  19   2   2   1   2  12   0   0   1   8   2   0   0   0  0.44 0.31
  188 G     6  -5  -2  -6   4  -5  -5   0  -2  -1  -2  -5  -3  -3  -5  -2  -4  -6  -2  -1   64   0   2   0   8   0   0   7   1   4   3   0   0   1   0   3   1   0   1   4  1.21 0.64
  189 F    -5  -5  -2  -4  -6  -5  -4  -3   7   0   4  -5  -3   1  -6  -5  -4  -5   4  -4    0   0   2   1   0   0   1   2  27   5  41   0   0   4   0   0   1   0  15   0  1.31 0.63
  190 E     1   2   2   0  -4   2   2  -1  -1  -3  -3   1  -2  -3   0   0   0  -5  -2  -3   13  12   9   5   0  10  16   3   1   1   3   8   1   1   4   8   4   0   1   0  0.28 0.23
  191 K     1   3   0   0  -4   3   1  -2   0  -3  -1   3   0  -3  -3  -1  -1  -3  -2  -2   10  17   4   6   0  12   9   2   2   1   7  17   2   1   1   3   4   0   1   2  0.31 0.23
  192 V     4  -4   0  -3   1  -3  -1   0  -2   1   1  -3  -2  -2  -3  -2  -2  -2  -2   0   42   0   5   1   2   1   3   6   1   8  15   1   0   2   1   2   1   1   1   7  0.45 0.32
  193 R     1   1   1  -1  -2   0   0   0   0   0   0   1  -1  -1  -2   1   0  -1  -1  -1   11   7   7   2   0   4   6   5   2   5  12  11   1   3   1  10   7   1   2   2  0.06 0.08
  194 A     2   0   2   1  -3   1   1  -2  -1  -3  -2   1  -1  -4  -1   1   1  -4  -3  -2   21   5  10   6   0   7   8   2   1   1   3   9   1   0   3  10   8   0   1   3  0.23 0.20
  195 E     0  -1   1   3  -1   2   3   0   1  -3  -3   1  -1  -3  -2   0  -2  -4  -2  -3    9   3   8  17   1   9  17   8   4   1   2   8   1   1   1   7   2   0   1   1  0.31 0.23
  196 G    -1  -2   5   1  -1   0   1   4  -2  -4  -4  -1  -4  -5  -1  -2  -3  -5  -5  -4    5   2  26   9   1   4   8  32   1   1   2   3   0   0   3   1   1   0   0   1  0.73 0.41
  197 L     1   0  -3  -3  -3  -2  -1  -2  -1   1   1  -1  -1   2  -2  -1  -1   4   4   1   12   5   1   1   0   1   3   4   1   7  13   4   1  10   1   4   3   6  15   9  0.23 0.18
  198 E     0  -3   0   1  -3   2   2  -1  -1  -1  -1  -1  -2  -2  -3  -1   1  -3   5  -2    7   1   4   9   0   9  14   4   1   4   6   3   1   1   1   4   9   0  21   3  0.33 0.28
  199 V     1  -5  -5  -5  -4  -5  -5   1  -3   2   2  -4  -1   4  -2  -4  -4  -2  -1   2   11   0   0   0   0   0   0  11   1  14  23   1   1  17   2   0   0   0   2  17  0.52 0.33
  200 T    -2  -6  -5  -6  -6  -6  -6  -6  -7  -3  -6  -3  -6  -7  -6  -1   8  -7  -7  -2    3   0   0   0   0   0   0   0   0   2   0   1   0   0   0   3  87   0   0   2  2.40 1.06
  201 D    -7  -7  -4   9  -3  -6  -2  -7  -6  -8  -9  -6  -8  -9  -5  -6  -6  -9  -8  -8    0   0   0  95   1   0   2   0   0   0   0   0   0   0   0   0   0   0   0   0  3.09 1.18
  202 D     1  -5  -3   6   1  -4   3  -5  -5  -1  -2  -4  -3  -6  -5  -2  -3  -7  -6   1   10   0   0  45   2   0  21   0   0   3   3   0   1   0   0   2   1   0   0  10  1.07 0.57
  203 V     5  -4  -5  -5   3  -4  -5  -4  -5   1   0  -4  -3  -5  -5   1   0  -6  -5   2   45   1   0   0   6   0   0   1   0   8   9   0   0   0   0  12   5   0   0  15  0.80 0.48
  204 S     2  -1  -2  -4  -5   1   2   0  -2  -5  -5   0   1  -3  -4   5  -1  -6  -5  -4   15   2   1   0   0   6  12   7   1   0   0   4   3   1   0  41   3   0   0   1  0.70 0.48
  205 I     3  -6  -6  -6  -3  -5  -6  -6  -6   4   4  -5   2  -2  -4  -4  -3  -1  -1   1   24   0   0   0   0   0   0   0   0  21  34   0   5   1   1   0   1   1   2   9  0.86 0.47
  206 V     3  -5  -6  -6   0  -3  -5  -5  -5   2   1  -4   4   2  -5  -4  -3  -5  -2   4   26   0   0   0   2   1   0   0   0  12  14   1  11   7   0   0   0   0   1  25  0.75 0.44
  207 E    -1   3  -4  -3  -7   0   6  -5  -3  -2  -2  -1  -2  -7  -6  -4  -4  -7  -4   0    4  17   0   0   0   3  55   0   0   2   5   4   1   0   0   0   1   0   0   6  1.16 0.64
  208 Q     2   3  -1  -1  -3   0   0  -3   1  -3  -1   1   0  -1  -4  -1  -2   6   1  -3   17  17   2   4   0   4   7   1   3   1   6   9   2   2   0   4   1  11   5   0  0.38 0.28
  209 M     3  -2  -3  -2   3   0  -1  -4   0   0   2  -2   2   0  -4  -1  -2  -3   2  -1   26   2   1   3   6   4   3   0   2   5  21   2   5   4   0   5   1   0   7   2  0.30 0.26
  210 G    -4  -4  -1  -2  -3  -5  -2   7  -5  -8  -8  -3  -7  -2  -3  -3  -5  -7  -7  -7    1   1   3   3   1   0   2  82   0   0   0   2   0   2   1   1   1   0   0   0  2.00 0.83
  211 A    -1  -1  -1  -3  -3   0  -1   1   4   0   1   1  -1   1  -3  -3  -2   2   2   0    3   3   2   0   0   5   4  11  12   7  17  10   1   6   1   0   1   2   8   5  0.21 0.20
  212 P    -1   2  -2   0  -5   1   1  -4   1  -5  -5   3  -1  -5   4   0   1  -6  -4  -4    5  12   1   4   0   5   7   0   3   0   1  20   1   0  20   8  10   0   0   1  0.57 0.38
  213 V    -1  -4  -7  -7  -2  -6  -6  -7  -7   2  -3  -6  -2  -4   3  -2  -4  -7  -6   6    5   1   0   0   1   0   0   0   0  11   2   0   1   1  16   3   1   0   0  60  1.42 0.69
  214 K     2   3  -2  -3  -3   0  -1   0   3  -3  -1   2  -3  -3  -4   0   1   1   1  -2   17  18   0   0   0   4   3   7   6   1   6  14   0   1   0   6   7   2   5   2  0.29 0.26
  215 L     0  -5  -5  -6   1  -5  -5  -4  -2   3   3  -5   1   0  -3  -2   0  -5   0   3    7   0   0   0   2   0   0   1   1  19  31   0   3   4   1   3   6   0   3  19  0.59 0.34
  216 T    -2  -6  -7  -7  -3  -6  -6  -7  -5   4  -2  -6  -3   0  -5  -5  -2  -6   1   6    2   0   0   0   0   0   0   0   0  17   3   0   0   4   1   0   3   0   5  63  1.49 0.67
  217 L     0  -1  -1   0  -5   2   5  -5  -2  -5  -2  -1  -1  -3   2   0  -1  -5  -1  -2    8   2   2   4   0   9  37   0   1   0   4   3   2   1  12   6   3   0   2   3  0.57 0.39
  218 G    -2  -6  -1  -2   0  -5  -6   7  -6  -7  -7  -5  -2  -7  -3  -1   1  -6  -2  -3    3   0   2   2   2   0   0  71   0   0   0   0   1   0   1   5   7   0   2   2  1.57 0.69
  219 E     0   2   0   4  -3  -2   3  -1   0  -4  -6  -1  -5  -4  -1   3  -2  -6  -3  -5    6   9   4  24   1   1  16   4   2   1   0   3   0   0   3  23   1   0   1   0  0.60 0.39
  220 Y     1   1  -3  -1  -2  -2   3  -4   1  -3  -2   0  -3  -1   2   0  -3  -4   4  -2   12   7   1   2   1   1  23   0   3   2   3   4   0   2  12   9   1   0  15   3  0.42 0.33
  221 T    -1   1   0   4  -3  -1   2  -3   1  -3  -1   0  -1  -1  -2   0   1  -3   0  -3    6   9   3  24   0   2  14   1   3   1   6   4   1   3   1   8  10   0   4   1  0.31 0.25
  222 N     0  -5   8  -4  -3  -1   0  -3  -4  -5   0  -5  -3  -7  -6  -2  -3  -7  -6  -5    9   0  64   0   1   3   5   1   0   1  10   0   1   0   0   2   1   0   0   0  1.60 0.76
  223 L    -3  -2  -4  -6  -5  -5  -5  -6   1   5   2  -3   1   4  -6  -4  -3   1  -3   1    1   3   1   0   0   0   1   0   3  40  17   2   3  18   0   1   1   2   0   7  0.94 0.46
  224 K    -5  -1  -2  -5  -7  -4  -3   1  -5  -7  -7   8  -3  -7  -6  -5  -5  -7  -6  -7    0   3   2   0   0   0   1  10   0   0   0  82   1   0   0   0   0   0   0   0  2.19 0.91
  225 L    -5  -7  -7  -7  -2  -7  -7  -8  -7   6   2  -7  -2  -4  -7  -6  -5  -7  -5   5    0   0   0   0   1   0   0   0   0  45  18   0   1   0   0   0   0   0   0  35  1.59 0.67
  226 T    -5  -6   4  -1  -6  -6  -6  -6  -6  -6  -6  -6  -6  -7  -6  -3   8  -8  -7  -5    0   0  15   3   0   0   0   0   0   0   0   0   0   0   0   1  80   0   0   0  2.32 1.01
  227 T    -3   1  -2  -2  -4  -1  -4  -4   3  -4  -3  -3  -4   1  -5   1   5   3   4  -2    1   7   1   2   0   3   1   1   6   1   2   1   0   5   0  10  43   3  12   2  0.86 0.52
  228 P    -2   1  -4  -6  -7  -2  -5  -5  -3  -4  -6   3  -6  -6   7  -2  -3  -8  -7  -5    4   8   0   0   0   2   0   1   1   1   0  18   0   0  60   2   1   0   0   1  1.80 0.79
  229 E     1  -1  -3   2  -3   0   5  -2  -2  -3  -2  -1  -4   0  -4  -1  -3   0  -1  -1   11   3   1  11   0   4  41   2   1   2   4   3   0   4   0   5   1   2   2   4  0.57 0.39
  230 D    -5  -7  -4   8  -9   1   0  -7  -6  -8  -9  -6  -8  -9  -7  -5  -4  -9  -8  -8    1   0   0  89   0   5   4   0   0   0   0   0   0   0   0   0   1   0   0   0  2.77 1.06
  231 M    -5  -7  -8  -8  -6  -6  -7  -8  -7   0   6  -7   2   3  -7  -6  -5  -3  -3  -3    0   0   0   0   0   0   0   0   0   5  78   0   4  10   0   0   0   0   1   1  1.74 0.73
  232 I     3  -1  -2   0  -2  -1   1  -3  -1   0   0   1  -1  -1  -1  -1  -1  -4   0   0   31   2   2   5   1   2  10   0   1   5   7   9   2   3   3   4   3   0   3   7  0.20 0.20
  233 I    -1   2  -4  -3  -4  -1   0  -5  -1   2   3  -1   2   1  -4  -3  -2   2  -3   1    4  14   0   1   0   3   6   0   2  12  29   2   6   6   0   1   2   3   0   9  0.37 0.26
  234 A     7  -5  -4  -5  -4  -5  -3  -2  -5  -5  -1  -5  -2   0  -5  -2  -4  -6  -5  -2   77   0   1   0   0   0   2   3   0   0   5   0   1   5   0   1   0   0   0   2  1.54 0.71
  235 E    -1   1   0   1  -6   0   6  -2   1  -6  -6   1  -5  -6  -4  -2  -2  -6  -5  -5    5   8   5   6   0   3  55   3   3   0   0   7   0   0   0   2   2   0   0   0  1.09 0.55
  236 Q     3   0  -2  -2  -2   0   1  -2  -2  -2   0   0  -2   3  -2   0  -1  -1  -2  -1   32   6   2   2   1   4   9   2   1   2  10   5   1  12   1   6   3   1   1   3  0.26 0.23
  237 V    -3   0  -5  -5  -4  -2  -3  -5  -2   5   2  -2   0   2  -5  -4  -3  -1   3   2    1   5   0   0   0   2   2   1   1  32  20   2   1  10   0   1   0   1  11  11  0.66 0.34
  238 L    -3  -5  -5  -6  -4  -5  -5  -6  -2   2   5  -5   4   1  -5  -5  -4   1  -1   0    2   0   0   0   0   0   0   0   1   9  60   0  10   6   0   0   0   2   2   5  1.14 0.50
  239 A     1   2   0  -1  -2   4   0  -2  -2  -3  -2   3  -1  -4  -3   1   1  -4  -3  -2   13  11   4   2   1  18   3   3   1   1   3  16   1   0   1  12   7   0   0   2  0.35 0.25
  240 G     1   2   1  -1  -2   2   2   1  -1  -3  -2   1  -1  -3  -2   0   0  -3  -3  -2   14  10   8   1   1  11  14   9   1   1   3  10   2   1   1   7   6   0   0   1  0.24 0.18
  241 R    -2   6  -2  -2  -3   2   0  -3  -1  -2  -1   2  -3  -3  -3  -1  -2   0  -3  -3    2  47   1   2   1   9   5   2   1   2   6  10   0   1   1   5   2   1   1   2  0.77 0.34
  242 D     0   1   0   1  -2   0   2  -2   1   1   0   1   2  -2  -1  -1   0  -3  -2  -1    6   8   4   9   0   4  13   2   4  10  10  10   6   1   3   3   4   0   1   1  0.09 0.09
  243 R     0   4   3  -1  -2   1   0  -1  -1  -3  -2   1  -2  -3   1   1  -1  -3  -3  -2    7  25  17   3   1   5   3   3   1   1   3   8   1   1   7   8   3   0   1   3  0.34 0.19
  244 C     0   0   0   0   0   1   0   0  -1   0   0   0   1  -2   2   0   0  -2  -2  -1    9   4   4   4   3   7   4   9   1   6   9   8   7   1  12   6   3   0   1   3  0.09 0.07
  245 E     0  -1  -1   1  -3   1   3  -2  -2  -1  -1  -1   1   1   0   1   0  -3  -2  -2    6   2   2   7   0   6  29   2   0   3   6   1   4   6   4  11   7   0   1   2  0.23 0.16
  246 Q     0   0   1   0  -3   1   0   0   2  -2  -1   0   1   0   1   0   0   3  -1  -1    6   6   6   6   0   6   6   6   6   0   6   6   6   6   6   6   6   6   0   6  0.08 0.12
  247 Q     1   0   0   2  -3   0   1  -1  -2   0  -1   0   1  -3   0   0   0  -4  -3   0   12   5   4  16   0   4   7   5   0   7   6   5   6   0   5   4   7   0   0   7  0.11 0.13
  248 R    -2   2  -1  -3   1  -2  -1  -1  -3   2  -1  -1  -2  -1   3   0   0  -3   0   1    0  13   3   0   4   0   4   4   0  16   5   3   0   3  16   9   5   0   3  11  0.20 0.22
  249 R     0   1   1  -1   3   1   1  -2   2  -2  -2   1  -2   1  -2   0   0  -2   2   0    8   8   7   0   7   7   8   1   7   0   1   8   0   7   0   8   8   0   7   8  0.13 0.14
  250 R    -1   0   0   0   2   1  -1   2  -2   0   0  -1   1  -2  -2   0   1  -3  -2   0    1   7   4   5   6   7   0  17   0   6  12   0   5   0   0   8  11   0   0   8  0.09 0.13
  251 L     1  -3  -2  -3  -2  -2  -2   4   2   1   0  -2   1   0  -3  -1  -2  -3  -2   1   10   1   1   1   0   1   1  39   7   8   7   1   5   5   1   1   1   0   0  12  0.34 0.19
  252 D    -1   0   3   2  -3   1  -1  -2   4  -1  -2  -1   1  -2   0   1   1   1   0  -1    2   4  15  12   0   6   1   1  13   4   2   2   6   0   4   9  10   2   3   4  0.20 0.15
  253 A     1  -3  -2  -2  -3  -2  -1   5  -3   1  -3  -1  -3  -3   2   1  -2  -4  -3  -2   12   0   0   0   0   0   4  44   0  11   1   3   0   0  12   9   1   0   0   1  0.58 0.27
  254 E    -2  -2  -2  -2  -3   0   1  -1  -1   0   0  -2  -1   3   2   0  -2  -1   4   0    1   0   0   0   0   6  11   5   0   8   8   0   0  14  11  10   0   0  17   9  0.21 0.16
  255 G    -2  -2   1   5  -3  -1   1   1   2  -4  -4  -2  -3  -4   1   2   0  -4  -3  -3    1   1   5  41   0   0   5  11   5   1   1   1   0   0   6  16   4   0   0   1  0.56 0.24
  256 V     0  -3  -3  -3   3  -2   0  -3  -3   2   1  -2   0   1   0  -2   1  -3  -2   3    5   0   0   0   7   0   9   1   0  11   9   1   0   6   4   1  11   0   0  35  0.24 0.16
  257 H    -1  -2   0  -2  -3  -1   0  -3   7  -2  -1   0  -2  -2   0  -1   0  -3   1   0    6   0   4   0   0   0   5   1  44   0   8   6   0   0   5   4   5   0   4   7  0.61 0.28
  258 G     2   3  -1  -2   2   1   0   1  -2  -2  -2   1  -2  -3  -2   1  -1  -3  -2  -1   18  22   1   1   7   4   5  11   0   1   1   8   0   1   1  13   1   0   0   6  0.22 0.13
  259 R     1   1  -2  -2  -2  -2  -2  -2  -2  -1   0  -1  -1   4  -2   0   1  -1   2  -1   18  10   1   1   0   1   1   1   0   1   9   1   0  30   1   6  11   0   7   1  0.26 0.16
  260 L     1  -1  -1  -1   0  -1   1   2  -2   1  -1   0   0  -2   1   1   0  -3  -2   0   10   1   1   1   2   1  15  17   0  12   5   5   3   1   7  10   3   0   0   7  0.10 0.08
  261 L     0  -1  -1   1  -3   1   3  -2  -2  -1   0   0   1  -3   0   2   0  -3  -2  -2    6   0   0   8   0   5  25   1   0   2  13   7   5   0   4  20   4   0   0   1  0.21 0.15
  262 G    -1  -2   1   0  -3  -1  -1   5  -2  -3  -3  -1   1  -3   0   1  -2  -3  -3  -3    3   1   6   4   0   2   2  54   0   1   1   2   5   1   5  10   1   0   0   1  0.64 0.23
  263 Q     0   1   1   1  -3   1   1  -2   2  -2  -1   1  -1   1   1  -1   0  -2   2  -2    8   8   7   8   0   7   8   1   7   0   8   8   0   7   8   1   8   0   7   0  0.13 0.13
  264 Q    -1   0  -1   1  -3   1   0  -1   1  -1  -1   0  -2   1   2   0   0  -2   1   0    4   4   0  10   0   8   5   5   4   4   6   4   0   6  12   8   5   0   7   8  0.11 0.12
  265 L    -2   2  -3  -3  -2  -2  -3  -4  -3   2   3  -2   3   0  -3  -2  -2  -3  -2   2    1  18   1   1   0   0   1   1   0   9  32   1   8   4   1   1   1   0   0  21  0.37 0.18
  266 L    -1  -1  -1  -2  -2  -1  -2  -3   3   2   1  -2   0  -2  -2   0   3  -3  -1   2    1   3   3   1   0   2   1   1  12  19  12   1   2   1   1   5  22   0   0  13  0.23 0.15
  267 A     0   3  -1  -2  -2  -1  -1   4  -2  -2   0  -1  -1  -2  -1  -1  -1  -2  -2  -2    8  19   2   2   1   1   2  33   1   2  15   2   1   1   2   2   2   0   1   2  0.28 0.11
  268 L     0  -1   0  -1  -1   0  -1   0  -1   0   1  -1   0   1  -1   0   0  -1   1   0    9   2   5   2   1   3   4   8   1   7  20   2   1   9   2   4   9   0   6   6  0.03 0.03
  269 E     0  -2  -1   1  -2  -1   1   4  -2  -2  -2  -1  -2  -2  -1  -1  -1  -2  -2   0    7   2   2   8   1   1  11  44   1   2   3   2   1   1   2   2   2   0   1   7  0.40 0.12
  270 D    -1  -2  -1   1  -2  -1  -1  -2  -1   0  -1  -1  -1   2   3  -1   1   2   2   1    2   1   1  13   1   1   2   2   1   6   5   2   1  10  14   2  10   3  12  12  0.17 0.08
  271 E     0  -1   1   5  -2   0   1  -2  -1  -2  -2   0  -2  -3   1  -1  -1  -3  -2   0    7   1   4  44   1   4   7   2   1   1   2   4   1   1   8   2   2   0   1   8  0.43 0.14
  272 W    -1   1  -2  -2  -1  -1  -1  -2  -2   2   1   0   1   1  -2  -1   0   3  -1   2    5   8   1   2   1   1   2   2   1  12   9   8   4   6   2   2   4   5   1  26  0.10 0.06
  273 H    -2  -1   2   1  -2  -1  -1  -2   8  -2  -2  -1  -2  -2  -2  -1  -1  -2   0  -1    3   2   8  10   1   1   2   2  49   2   3   2   1   1   2   2   2   0   1   6  0.73 0.20
  274 A     3   0  -1  -1   2  -1   0  -1  -1   0  -1   0  -1  -2   2   0  -1  -2  -1   0   36   5   2   2   7   2   4   3   1   6   4   7   1   1   9   3   2   1   1   5  0.16 0.07
  275 E    -1   0  -1   0  -1   1   2   0  -1  -1   0   0   0   0   0   0  -1  -1  -1   0    4   6   2   3   1   7  20  10   1   3  13   3   1   7   5   3   3   1   2   6  0.06 0.03
  276 W    -1  -1  -1  -2   1  -1  -1  -1  -1   0   0   0  -1   4   1  -1  -1   4   1   0    3   2   4   2   4   2   2   5   1   7   5   9   1  27   6   3   2   7   1   8  0.16 0.07
  277 Q     0  -1  -1   1  -2   2   1   3  -1  -2  -1   0  -1  -2  -1  -1  -1  -2  -2  -2    9   2   1  11   1  15   9  30   1   2   7   4   1   1   2   2   2   0   1   2  0.24 0.09
  278 R     1   1  -1   2  -2  -1   1   0  -1  -2  -1  -1  -1  -2   4  -1  -1  -2  -2  -2   14   9   1  14   1   1  10   8   1   1   9   2   1   1  22   2   2   0   1   2  0.28 0.09
  279 R    -1   2  -1  -1  -2   0   1   2  -1  -1  -2   1  -1  -2   1   0  -1  -2  -2  -1    2  16   1   2   1   1   9  21   1   5   3  11   1   1   8   8   2   0   1   6  0.17 0.07
  280 L     0   2   0   2  -2   0   0  -1  -1  -1  -1   1  -1  -2   1   1   0  -2  -1  -1    5  13   2  17   1   4   3   5   1   6   8   9   1   1   5  12   2   0   1   2  0.11 0.05
  281 E    -1  -1  -1   0  -2   0   1  -2   4  -1   0   0  -1   1   3   0  -1  -2   0  -1    5   2   1   4   1   2  14   2  15   2   9   8   1   8  16   4   2   0   2   4  0.21 0.08
  282 C    -1  -2  -2  -2   4  -1  -2  -2  -2   2   2  -2   3  -1  -1  -1  -1  -1  -1   2    3   2   2   2  12   2   2   3   1  10  18   2  15   1   2   3   2   0   1  18  0.17 0.06
  283 W    -1   0  -2  -2  -2  -1  -1  -2  -1  -1  -1   1   1   1  -2  -1   0   8   2  -1    3   4   2   2   1   2   2   3   1   2   5  11   6   7   2   3   6  31   6   4  0.59 0.10
  284 W    -2  -3  -4  -4  -2  -3  -3  -4  -3   1   5  -3   1  -1  -3  -3  -2   5  -1   0    1   1   1   1   0   1   1   1   0   6  73   1   0   0   1   1   1  10   0   1  0.74 0.20
  285 L     1  -3  -1  -3   8  -3  -3   3  -3  -2   0  -3  -2  -3  -3  -1  -2  -3  -3  -1   12   1   2   1  39   0   1  27   0   1  11   1   0   0   1   1   1   0   0   3  0.73 0.19
  286 A     1  -3  -1  -2   1  -2  -3   6  -3  -4  -4  -2  -3  -4  -3  -1  -2  -3  -3  -3   11   1   2   1   4   0   1  74   0   1   1   1   0   0   1   1   1   0   0   1  1.06 0.22
  287 L    -1  -3  -3  -3  -2  -3  -2  -4  -3   3   2  -3   0   1  -3  -2  -1  -3  -1   4    1   1   0   1   0   0   3   1   0  20  23   1   0   5   1   1   1   0   0  42  0.41 0.14
  288 P    -1   2  -1  -1  -3   0   2  -2   2  -3  -3   3  -2  -1   4   0  -1  -3  -2  -3    4  11   1   1   0   2  19   1   5   1   1  25   0   4  20   4   1   0   0   1  0.43 0.12
  289 A     1  -3  -3  -3  -2  -3  -3  -3  -3   5   0  -3   0   0  -3  -2  -1   4  -1   3   13   1   0   1   0   0   1   1   0  49   3   1   0   2   1   1   1   8   0  18  0.48 0.16
  290 P    -1  -1  -3  -1  -4  -2   1  -3  -3  -3  -2   0  -3  -4   7  -2  -2  -4  -4  -3    6   2   0   3   0   0  11   1   0   0   5   5   0   0  64   1   0   0   0   0  1.34 0.25
  291 T    -1  -2   1  -2  -1  -1  -2   1   7  -3  -3  -2  -2  -1  -3   0   1  -3   2  -1    2   0   8   0   1   0   0  12  38   0   1   0   0   2   0   8  14   0   8   4  0.54 0.18
  292 Q     0   1   0   2  -3   2   2  -1   0  -2  -2   1   0  -2   0   0  -1  -2   0  -2    7   9   3  13   0  12  17   4   1   1   3  10   5   0   5   3   2   0   4   0  0.19 0.07
  293 T     1   1  -1  -2  -1   0  -2   3   0  -2  -2   0   0  -1   1  -1   1  -3  -1  -2   11   8   0   0   1   3   0  31   4   0   3   6   4   3   8   0  15   0   1   0  0.25 0.10
  294 Q     0   0  -1  -2  -3   1   0   2  -2  -1   1   0  -1   2  -2  -1  -1  -2  -1  -1    5   5   2   0   0  10   5  24   0   0  21   7   0  14   0   1   3   0   0   1  0.14 0.09
  295 M    -2  -2  -2  -3  -2  -1  -2  -4  -3   1   4   1   3  -1  -3  -2  -2  -3  -2   0    2   0   1   0   0   3   0   0   0   6  55  13  12   0   0   1   0   0   0   4  0.41 0.16
  296 G     4  -3  -2  -3  -3  -3  -3   5  -3  -4  -4  -3  -3  -4  -3  -1  -2  -4  -4  -3   41   0   0   0   0   0   0  59   0   0   0   0   0   0   0   0   0   0   0   0  1.07 0.27
  297 S    -3  -2  -1  -3  -5  -2  -2  -4  10  -5  -5  -3  -4  -3  -4   1  -3  -5   0  -5    0   0   0   0   0   0   0   0  90   0   0   0   0   0   0  10   0   0   0   0  2.27 0.46
  298 C    -1  -3  -1  -2   4  -2  -2  -2  -3  -4  -4  -2  -3  -4  -3   6   0  -5  -4  -3    0   0   0   0  10   0   0   0   0   0   0   0   0   0   0  90   0   0   0   0  1.24 0.37
  299 L    -4  -3  -1   7  -5  -2   0  -3  -3  -4  -1  -3  -4  -5  -3  -2  -3  -6  -5  -4    0   0   0  90   0   0   0   0   0   0  10   0   0   0   0   0   0   0   0   0  1.60 0.36
  300 G     4  -3  -2  -3  -3  -3  -3   6  -3  -4  -4  -3  -3  -4  -3  -1  -2  -4  -4  -3   39   0   0   0   0   0   0  61   0   0   0   0   0   0   0   0   0   0   0   0  1.10 0.27
  301 A     0  -3  -1   7  -5  -2   0  -3  -3  -5  -5  -2  -5  -5  -3  -2  -3  -6  -5  -5   10   0   0  90   0   0   0   0   0   0   0   0   0   0   0   0   0   0   0   0  1.64 0.37
  302 L     1  -4  -4  -4  -2  -3  -4  -4  -4   1   1  -3  -1  -2  -1  -2  -1  -4  -3   5   16   0   0   0   0   0   0   0   0   0  10   0   0   0   3   0   0   0   0  72  0.72 0.25
  303 G     2  -3  -3  -3   0  -3  -3   3  -3   0   2  -3  -1  -2  -1  -1  -2  -3  -3   1   26   0   0   0   2   0   0  30   0   1  27   0   0   0   2   0   0   0   0  12  0.34 0.15
  304 L     1  -3  -4  -4  -2  -3  -3  -4  -4   2   4  -3   2  -1  -3  -2  -2  -1  -2   0   15   0   0   0   0   0   0   0   0  14  58   0   6   1   0   2   0   1   0   2  0.51 0.18
  305 H    -4  -2  -2  -3  -5  -2  -2  -4  11  -6  -5  -3  -4  -4  -5  -3  -4  -5   0  -6    0   0   0   0   0   0   0   0 100   0   0   0   0   0   0   0   0   0   0   0  2.72 0.51
  306 L     6  -3  -3  -3  -2  -2  -2  -2  -3  -2   0  -2  -2  -3  -2   1  -1  -4  -3  -2   82   0   0   0   0   0   0   0   0   0  10   0   0   0   0   5   3   0   0   0  0.86 0.29
  307 V    -2  -3  -4  -4   1  -3  -4  -4  -4   2   4  -3   2  -1  -4  -3  -2  -3  -2   3    0   0   0   0   4   0   0   0   0  10  56   0   4   0   0   0   0   0   0  24  0.60 0.18
  308 S     0  -1  -1  -1   3  -1  -1  -1  -2  -1  -1  -1  -1  -2  -1   2   4  -2  -2  -1    3   2   1   2   8   1   2   4   1   2   3   2   1   1   2  14  48   0   1   2  0.36 0.10
  309 R     0   1   0   0  -1   0   0   0   0  -1   0   0   0  -1   0   0   1   0   0   0    6  14   4   4   2   3   5   6   2   4   7   5   2   3   4   9  11   1   3   5  0.04 0.00
  310 F    -1  -1  -1  -1  -1  -1  -1  -1  -1   2   0  -1   1   2  -1  -1   0  -1   0   2    4   3   2   3   1   2   3   4   1  25   5   3   6  12   3   4   3   1   2  16  0.07 0.03
  311 D    -3  -3   0   8  -5  -2   0   0  -3  -5  -5  -2  -5  -5  -3  -2  -3  -6  -5  -5    0   0   0  94   0   0   0   6   0   0   0   0   0   0   0   0   0   0   0   0  1.70 0.33
  312 A     6  -3  -3  -3  -2  -2  -2  -1  -3  -3  -3  -2  -2  -4  -2   1  -1  -4  -3  -2   94   0   0   0   0   0   0   0   0   0   0   0   0   0   0   6   0   0   0   0  1.09 0.30
  313 M    -2  -3  -4  -4  -2  -3  -4  -5  -4   4   3  -3   3  -1  -4  -3  -2  -3  -2   3    0   0   0   0   0   0   0   0   0  33  38   0  11   0   0   0   0   0   0  18  0.61 0.16
  314 L    -3  -4  -5  -5  -3  -4  -4  -5  -3   0   5  -4   1   2  -4  -4  -3  -2   2  -1    0   0   0   0   0   0   0   0   0   0  87   0   0   6   0   0   0   0   7   0  0.93 0.24
  315 G     0  -3  -2  -2  -3  -3  -3   6  -3  -5  -4  -3  -4  -4  -3   0  -2  -4  -4  -4    5   0   0   0   0   0   0  87   0   0   0   0   0   0   0   4   0   0   0   0  1.37 0.25
  316 R     5   1  -3  -3   3  -2  -2  -2  -3  -2  -2  -2  -2  -3  -2   0   0  -4  -3   0   69  10   0   0   8   0   0   0   0   0   0   0   0   0   0   0   6   0   0   7  0.61 0.21
  317 S     2  -2  -2   0   3  -2  -2  -2  -3   2   1  -2   0  -2  -2   1   0  -3  -2   1   27   0   0   7   9   0   0   0   0  15  20   0   2   0   0  10   4   0   0   5  0.18 0.09
  318 S     2   0   0  -2   0  -1  -1   3  -2  -2  -1   0  -1  -3  -2   2  -1  -3  -2  -2   32   3   3   0   1   1   0  23   0   0   9   8   0   0   0  17   0   0   0   0  0.25 0.08
  319 A     5  -3  -2  -3   2  -2  -2   3  -3  -3  -3  -2  -2  -3  -2   0  -1  -3  -3  -2   66   0   0   0   4   0   0  26   0   0   0   0   0   0   0   0   0   0   0   0  0.72 0.20
  320 A     3  -3  -2  -2  -3  -2  -2   6  -3  -3  -3  -2  -3  -3  -2  -1  -2  -3  -3  -3   27   1   0   1   0   0   1  65   0   1   1   1   0   0   1   1   1   0   0   1  0.92 0.18
  321 A     2  -2  -1  -1  -1  -1  -1   4  -2  -2  -2  -1  -1  -2  -1   0   1  -2  -2  -1   28   1   1   1   0   1   1  40   0   1   2   1   0   1   1   1  17   0   1   1  0.35 0.03
  322 D    -1  -1   1   6  -3   0   1  -1  -1  -3  -3   2  -2  -3  -1   0  -1  -3  -2  -3    1   1   1  67   0   1   1   1   0   1   2  17   0   1   1   1   1   0   1   1  0.63 0.06
  323 Q    -1  -1  -1   2  -2   2   0   1  -1   2   0  -1   0  -1  -2  -1  -1  -2  -2   1    1   1   1  17   0  17   1  13   0  39   2   1   0   1   1   1   1   0   1   1  0.11 0.03
  324 A     3  -2  -1   1  -2  -1  -1   4  -2  -2  -2  -1  -2  -3  -1   0  -1  -3  -2  -2   39   1   1  12   0   1   1  39   0   1   1   1   0   0   1   1   1   0   0   1  0.40 0.04
  325 T     0  -1   0  -1  -1  -1  -1  -2  -2   1  -1  -1  -1  -2  -1   2   4  -2  -2   0    1   1   1   1   0   1   1   1   0  12   1   1   0   0   1  17  61   0   0   1  0.36 0.06
  326 G     0  -1   0  -1  -2   2  -1   5  -1  -3  -3  -1  -2  -3  -1   0  -1  -2  -2  -2    2   1   1   1   0  19   1  64   0   1   2   1   0   1   1   1   1   0   1   1  0.55 0.02
  327 T     0  -1   0  -1  -1  -1  -1   2  -1  -1  -1  -1  -1  -2  -1   1   3  -2  -2  -1    2   1   1   1   0   1   2  25   1   1   2   1   1   1   1   2  53   0   1   2  0.27 0.01
  328 R     2   3  -1  -1  -1   0   0  -1  -1  -1  -1   1  -1  -2  -1   0   0  -2  -1  -1   35  37   1   2   1   1   2   2   1   2   3   2   1   1   2   2   2   0   1   2  0.19 0.00
  329 A     2  -2  -1  -2  -2  -2  -2   5  -2  -3  -3  -1  -2  -3  -2   0  -1  -3  -3  -2   35   0   0   0   0   0   0  65   0   0   0   0   0   0   0   0   0   0   0   0  0.65 0.01
  330 E    -2  -1   1   5  -4   1   3  -2  -1  -3  -4   0  -3  -4  -2   0  -1  -4  -3  -3    0   0   0  65   0   0  35   0   0   0   0   0   0   0   0   0   0   0   0   0  0.75 0.01
  331 I    -2  -3  -4  -3  -1  -3  -4  -4  -4   5   2  -3   1   0  -3  -3  -1  -3  -2   3    0   0   0   0   0   0   0   0   0 100   0   0   0   0   0   0   0   0   0   0  0.43 0.02
  332 G     0  -3  -1  -1  -3  -2  -2   6  -2  -4  -4  -2  -3  -3  -2   0  -2  -3  -3  -3    0   0   0   0   0   0   0 100   0   0   0   0   0   0   0   0   0   0   0   0  1.07 0.02
  333 C     2  -2  -1  -2   6  -1  -2  -1  -2  -1  -1  -1  -1  -2  -2   1   2  -3  -2   0   32   0   0   0  35   0   0   0   0   0   0   0   0   0   0   0  33   0   0   0  0.42 0.01
  334 E    -1   0   0   1  -4   2   4  -2   5  -4  -3   0  -2  -3  -2   0  -1  -3   0  -3    0   0   0   0   0   0  67   0  33   0   0   0   0   0   0   0   0   0   0   0  0.61 0.02
  335 W    -3  -3  -4  -4  -3  -3  -3  -3  -2  -2  -1  -3  -1   4  -4  -3  -3  10   3  -2    0   0   0   0   0   0   0   0   0   0   0   0   0  33   0   0   0  67   0   0  1.61 0.02
  336 L    -1   0  -2  -3  -2  -1  -1  -3  -2   1   3   2   1   0  -2  -2  -1  -2  -1   0    0   0   0   0   0   0   0   0   0   0  68  32   0   0   0   0   0   0   0   0  0.23 0.01
  337 E    -1  -1   0   4  -4   0   3  -2  -1  -3  -3   0  -3  -4   5   0  -1  -4  -3  -3    0   0   0  32   0   0  35   0   0   0   0   0   0   0  33   0   0   0   0   0  0.78 0.01
  338 R     0   5   0  -1  -3   1   0  -2  -1  -3  -2   2  -2  -3  -2   2   0  -3  -2  -2    0  67   0   0   0   0   0   0   0   0   0   0   0   0   0  33   0   0   0   0  0.50 0.01
  339 E    -1  -1   4   4  -4   1   3  -1   0  -3  -4   0  -3  -4  -2   0  -1  -4  -3  -3    0   0  32  33   0   0  35   0   0   0   0   0   0   0   0   0   0   0   0   0  0.57 0.01
  340 S     1  -1   0  -1  -2  -1  -1  -1  -1  -3  -3  -1  -2  -3   5   3   1  -3  -2  -2    0   0   0   0   0   0   0   0   0   0   0   0   0   0  33  67   0   0   0   0  0.67 0.01
  341 E     0   0   0   0  -2   4   3  -1   0  -3  -3   1  -1  -3  -1   2   0  -3  -2  -2    0   0   0   0   0  33  35   0   0   0   0   0   0   0   0  32   0   0   0   0  0.44 0.01
  342 Q    -2   0  -1  -2  -3   3   0  -2   5  -3  -2   0  -1  -1  -2  -1  -2   8   1  -3    0   0   0   0   0  35   0   0  32   0   0   0   0   0   0   0   0  33   0   0  0.79 0.02
  343 L    -2   0  -2  -2  -2  -1  -1  -3  -2   0   2   2   1   4  -2  -2  -1  -1   1  -1    0   0   0   0   0   0   0   0   0   0  35  33   0  32   0   0   0   0   0   0  0.19 0.01
  344 Q    -1   0   3   0  -2   3   0  -2   0  -1   1   0   0  -2  -2   0  -1  -3  -2  -1    0   0  33   0   0  35   0   0   0   0  32   0   0   0   0   0   0   0   0   0  0.23 0.01
  345 L     2  -2  -1   3  -2  -1   0  -1  -2   0   2  -1   0  -1  -2   0  -1  -3  -2   0   33   0   0  32   0   0   0   0   0   0  35   0   0   0   0   0   0   0   0   0  0.17 0.01
  346 P    -1  -3  -3  -2  -3  -2  -2  -3  -2  -2  -2  -2  -2   3   7  -1  -2  -1   0  -2    0   0   0   0   0   0   0   0   0   0   0   0   0  32  68   0   0   0   0   0  1.23 0.02
  347 A     4  -1  -1  -1  -1  -1  -1   0  -2  -2  -2  -1  -1  -2  -1   3   0  -3  -2  -1   67   0   0   0   0   0   0   0   0   0   0   0   0   0   0  33   0   0   0   0  0.37 0.01
  348 F     2  -2  -2  -3  -1  -2  -2  -1  -2  -1   0  -2   0   5  -2   0  -1   0   2  -1   50   0   0   0   0   0   0   0   0   0   0   0   0  50   0   0   0   0   0   0  0.29 0.00
  349 P    -1   1  -1  -1  -3   0   0  -2  -1  -3  -3   3  -2  -4   6  -1  -1  -4  -3  -3    0   0   0   0   0   0   0   0   0   0   0  50   0   0  50   0   0   0   0   0  0.92 0.00
  350 S     0   1   0  -1  -2   1   0  -1  -1  -3  -3   3  -2  -3  -1   3   1  -3  -2  -2    0   0   0   0   0   0   0   0   0   0   0  50   0   0   0  50   0   0   0   0  0.34 0.00
  351 A     4  -2  -2  -2   0  -1  -1   0  -2  -1  -2  -1  -1  -2  -1   1   0  -3  -2   0  100   0   0   0   0   0   0   0   0   0   0   0   0   0   0   0   0   0   0   0  0.41 0.00
  352 D    -1   1   1   4  -4   1   1  -2  -1  -3  -3   3  -2  -4  -1   0  -1  -4  -3  -3    0   0   0  50   0   0   0   0   0   0   0  50   0   0   0   0   0   0   0   0  0.51 0.00
  353 G     0  -1   0   0  -3   1   3   4  -1  -4  -3   0  -3  -3  -2   0  -1  -3  -3  -3    0   0   0   0   0   0  50  50   0   0   0   0   0   0   0   0   0   0   0   0  0.56 0.00
  354 V     0   1  -1  -2  -2   0   0  -2  -2   1   0   3   0  -2  -2  -1   0  -3  -2   2    0   0   0   0   0   0   0   0   0   0   0  50   0   0   0   0   0   0   0  50  0.17 0.00
  355 H    -1  -1   0  -1  -3  -1  -1   4   6  -4  -3  -1  -2  -2  -2  -1  -2  -3   0  -3    0   0   0   0   0   0   0  50  50   0   0   0   0   0   0   0   0   0   0   0  0.62 0.00
  356 F    -2  -2  -3  -4  -3  -2  -3  -3   1  -1   0  -3   0   5  -4  -2  -2   2   6  -1    0   0   0   0   0   0   0   0   0   0   0   0   0  50   0   0   0   0  50   0  0.69 0.00
  357 S     1  -1   1   0  -1   0   0   0  -1  -3  -3   0  -2  -3  -1   4   1  -3  -2  -2    0   0   0   0   0   0   0   0   0   0   0   0   0   0   0 100   0   0   0   0  0.46 0.00
  358 L    -1  -3  -3  -4  -1  -2  -3  -4  -3   2   3  -3   2   0  -3  -2  -1  -2  -1   3    0   0   0   0   0   0   0   0   0   0  50   0   0   0   0   0   0   0   0  50  0.32 0.00
  359 P     0  -1   0  -1  -2  -1  -1  -1  -2  -3  -3  -1  -2  -3   6   3   0  -3  -2  -2    0   0   0   0   0   0   0   0   0   0   0   0   0   0  50  50   0   0   0   0  0.91 0.00
  360 P    -1  -1   4   0  -3  -1  -1  -1  -1  -3  -3  -1  -3  -4   6   0  -1  -4  -3  -3    0   0  50   0   0   0   0   0   0   0   0   0   0   0  50   0   0   0   0   0  0.98 0.00
  361 L    -2  -2  -4  -4  -1  -2  -3  -4  -3   2   4  -3   2   0  -3  -3  -1  -2  -1   1    0   0   0   0   0   0   0   0   0   0 100   0   0   0   0   0   0   0   0   0  0.46 0.00
  362 P    -1  -2  -2  -2  -3  -1  -1  -2  -2  -3  -3  -1  -3  -4   8  -1  -1  -4  -3  -3    0   0   0   0   0   0   0   0   0   0   0   0   0   0 100   0   0   0   0   0  2.05 0.01
  363 K    -1   2   0  -1  -3   1   1  -2  -1  -3  -3   5  -1  -3  -1   0  -1  -3  -2  -2    0   0   0   0   0   0   0   0   0   0   0 100   0   0   0   0   0   0   0   0  0.52 0.00
  364 L    -2  -3  -4  -4  -1  -3  -3  -4  -3   3   3  -3   2   0  -3  -3  -1  -2  -1   2    0   0   0   0   0   0   0   0   0  50  50   0   0   0   0   0   0   0   0   0  0.37 0.00
  365 L     0  -1  -1  -2  -1  -1  -1  -2  -2   0   2  -1   1  -1  -2   2   0  -2  -1   0    0   0   0   0   0   0   0   0   0   0  50   0   0   0   0  50   0   0   0   0  0.18 0.00
  366 P    -1  -2  -2  -2  -3  -1  -1  -2  -2  -3  -3  -1  -3  -4   8  -1  -1  -4  -3  -3    0   0   0   0   0   0   0   0   0   0   0   0   0   0 100   0   0   0   0   0  2.05 0.01
  367 N    -2  -1   4   0  -3  -1  -1  -2   1  -2  -2  -1  -2   1  -3   0  -1   1   5  -2    0   0  50   0   0   0   0   0   0   0   0   0   0   0   0   0   0   0  50   0  0.47 0.00
  368 K    -1   2   0  -1  -3   1   1  -2  -1  -3  -3   5  -1  -3  -1   0  -1  -3  -2  -2    0   0   0   0   0   0   0   0   0   0   0 100   0   0   0   0   0   0   0   0  0.52 0.00
  369 L    -1  -3  -3  -4  -1  -2  -3  -4  -3   2   3  -3   2   0  -3  -2  -1  -2  -1   3    0   0   0   0   0   0   0   0   0   0  50   0   0   0   0   0   0   0   0  50  0.32 0.00
  370 W    -2  -3  -4  -4  -2  -2  -3  -2  -2  -3  -2  -3  -1   1  -4  -3  -2  10   2  -3    0   0   0   0   0   0   0   0   0   0   0   0   0   0   0   0   0   0   0   0  0.00     0.00
  371 H    -2   0   1  -1  -3   0   0  -2   7  -3  -3  -1  -2  -1  -2  -1  -2  -2   2  -3    0   0   0   0   0   0   0   0   0   0   0   0   0   0   0   0   0   0   0   0  0.00     0.00
  372 G     0  -2   0  -1  -2  -2  -2   6  -2  -4  -4  -2  -3  -3  -2   0  -2  -2  -3  -3    0   0   0   0   0   0   0   0   0   0   0   0   0   0   0   0   0   0   0   0  0.00     0.00
  373 P    -1  -2  -2  -1  -3  -1  -1  -2  -2  -3  -3  -1  -2  -4   7  -1  -1  -4  -3  -2    0   0   0   0   0   0   0   0   0   0   0   0   0   0   0   0   0   0   0   0  0.00     0.00
  374 E    -1   0   0   1  -4   2   5  -2   0  -3  -3   1  -2  -3  -1   0  -1  -3  -2  -2    0   0   0   0   0   0   0   0   0   0   0   0   0   0   0   0   0   0   0   0  0.00     0.00
  375 H    -2   0   1  -1  -3   0   0  -2   7  -3  -3  -1  -2  -1  -2  -1  -2  -2   2  -3    0   0   0   0   0   0   0   0   0   0   0   0   0   0   0   0   0   0   0   0  0.00     0.00
  376 L    -1  -2  -3  -4  -1  -2  -3  -4  -3   2   4  -2   2   0  -3  -2  -1  -2  -1   1    0   0   0   0   0   0   0   0   0   0   0   0   0   0   0   0   0   0   0   0  0.00     0.00
  377 L    -1  -2  -3  -4  -1  -2  -3  -4  -3   2   4  -2   2   0  -3  -2  -1  -2  -1   1    0   0   0   0   0   0   0   0   0   0   0   0   0   0   0   0   0   0   0   0  0.00     0.00
  378 S     1  -1   1   0  -1   0   0   0  -1  -2  -2   0  -1  -2  -1   4   1  -3  -2  -2    0   0   0   0   0   0   0   0   0   0   0   0   0   0   0   0   0   0   0   0  0.00     0.00
  379 Q    -1   1   0   0  -3   5   2  -2   0  -3  -2   1   0  -3  -1   0  -1  -2  -1  -2    0   0   0   0   0   0   0   0   0   0   0   0   0   0   0   0   0   0   0   0  0.00     0.00
  380 H    -2   0   1  -1  -3   0   0  -2   7  -3  -3  -1  -2  -1  -2  -1  -2  -2   2  -3    0   0   0   0   0   0   0   0   0   0   0   0   0   0   0   0   0   0   0   0  0.00     0.00
  381 S     1  -1   1   0  -1   0   0   0  -1  -2  -2   0  -1  -2  -1   4   1  -3  -2  -2    0   0   0   0   0   0   0   0   0   0   0   0   0   0   0   0   0   0   0   0  0.00     0.00
  382 R    -1   5   0  -2  -3   1   0  -2   0  -3  -2   2  -1  -3  -2  -1  -1  -3  -2  -2    0   0   0   0   0   0   0   0   0   0   0   0   0   0   0   0   0   0   0   0  0.00     0.00
  383 M    -1  -1  -2  -3  -1   0  -2  -3  -2   1   2  -1   5   0  -2  -1  -1  -1  -1   1    0   0   0   0   0   0   0   0   0   0   0   0   0   0   0   0   0   0   0   0  0.00     0.00
  384 H    -2   0   1  -1  -3   0   0  -2   7  -3  -3  -1  -2  -1  -2  -1  -2  -2   2  -3    0   0   0   0   0   0   0   0   0   0   0   0   0   0   0   0   0   0   0   0  0.00     0.00
  385 Q    -1   1   0   0  -3   5   2  -2   0  -3  -2   1   0  -3  -1   0  -1  -2  -1  -2    0   0   0   0   0   0   0   0   0   0   0   0   0   0   0   0   0   0   0   0  0.00     0.00
  386 R    -1   5   0  -2  -3   1   0  -2   0  -3  -2   2  -1  -3  -2  -1  -1  -3  -2  -2    0   0   0   0   0   0   0   0   0   0   0   0   0   0   0   0   0   0   0   0  0.00     0.00
  387 P    -1  -2  -2  -1  -3  -1  -1  -2  -2  -3  -3  -1  -2  -4   7  -1  -1  -4  -3  -2    0   0   0   0   0   0   0   0   0   0   0   0   0   0   0   0   0   0   0   0  0.00     0.00
  388 F    -2  -3  -3  -3  -2  -3  -3  -3  -1   0   0  -3   0   6  -4  -2  -2   1   3  -1    0   0   0   0   0   0   0   0   0   0   0   0   0   0   0   0   0   0   0   0  0.00     0.00
  389 E    -1   0   0   1  -4   2   5  -2   0  -3  -3   1  -2  -3  -1   0  -1  -3  -2  -2    0   0   0   0   0   0   0   0   0   0   0   0   0   0   0   0   0   0   0   0  0.00     0.00
  390 G     0  -2   0  -1  -2  -2  -2   6  -2  -4  -4  -2  -3  -3  -2   0  -2  -2  -3  -3    0   0   0   0   0   0   0   0   0   0   0   0   0   0   0   0   0   0   0   0  0.00     0.00
  391 Q    -1   1   0   0  -3   5   2  -2   0  -3  -2   1   0  -3  -1   0  -1  -2  -1  -2    0   0   0   0   0   0   0   0   0   0   0   0   0   0   0   0   0   0   0   0  0.00     0.00
  392 Q    -1   1   0   0  -3   5   2  -2   0  -3  -2   1   0  -3  -1   0  -1  -2  -1  -2    0   0   0   0   0   0   0   0   0   0   0   0   0   0   0   0   0   0   0   0  0.00     0.00
  393 K    -1   2   0  -1  -3   1   1  -2  -1  -3  -2   4  -1  -3  -1   0  -1  -3  -2  -2    0   0   0   0   0   0   0   0   0   0   0   0   0   0   0   0   0   0   0   0  0.00     0.00
  394 H    -2   0   1  -1  -3   0   0  -2   7  -3  -3  -1  -2  -1  -2  -1  -2  -2   2  -3    0   0   0   0   0   0   0   0   0   0   0   0   0   0   0   0   0   0   0   0  0.00     0.00
  395 S     1  -1   1   0  -1   0   0   0  -1  -2  -2   0  -1  -2  -1   4   1  -3  -2  -2    0   0   0   0   0   0   0   0   0   0   0   0   0   0   0   0   0   0   0   0  0.00     0.00
  396 A     4  -1  -2  -2   0  -1  -1   0  -2  -1  -1  -1  -1  -2  -1   1   0  -2  -2   0    0   0   0   0   0   0   0   0   0   0   0   0   0   0   0   0   0   0   0   0  0.00     0.00
  397 R    -1   5   0  -2  -3   1   0  -2   0  -3  -2   2  -1  -3  -2  -1  -1  -3  -2  -2    0   0   0   0   0   0   0   0   0   0   0   0   0   0   0   0   0   0   0   0  0.00     0.00
  398 G     0  -2   0  -1  -2  -2  -2   6  -2  -4  -4  -2  -3  -3  -2   0  -2  -2  -3  -3    0   0   0   0   0   0   0   0   0   0   0   0   0   0   0   0   0   0   0   0  0.00     0.00
  399 G     0  -2   0  -1  -2  -2  -2   6  -2  -4  -4  -2  -3  -3  -2   0  -2  -2  -3  -3    0   0   0   0   0   0   0   0   0   0   0   0   0   0   0   0   0   0   0   0  0.00     0.00
  400 V     0  -2  -3  -3  -1  -2  -2  -3  -3   3   1  -2   1  -1  -2  -2   0  -3  -1   4    0   0   0   0   0   0   0   0   0   0   0   0   0   0   0   0   0   0   0   0  0.00     0.00
  401 A     4  -1  -2  -2   0  -1  -1   0  -2  -1  -1  -1  -1  -2  -1   1   0  -2  -2   0    0   0   0   0   0   0   0   0   0   0   0   0   0   0   0   0   0   0   0   0  0.00     0.00
  402 L    -1  -2  -3  -4  -1  -2  -3  -4  -3   2   4  -2   2   0  -3  -2  -1  -2  -1   1    0   0   0   0   0   0   0   0   0   0   0   0   0   0   0   0   0   0   0   0  0.00     0.00
  403 G     0  -2   0  -1  -2  -2  -2   6  -2  -4  -4  -2  -3  -3  -2   0  -2  -2  -3  -3    0   0   0   0   0   0   0   0   0   0   0   0   0   0   0   0   0   0   0   0  0.00     0.00
  404 V     0  -2  -3  -3  -1  -2  -2  -3  -3   3   1  -2   1  -1  -2  -2   0  -3  -1   4    0   0   0   0   0   0   0   0   0   0   0   0   0   0   0   0   0   0   0   0  0.00     0.00
  405 G     0  -2   0  -1  -2  -2  -2   6  -2  -4  -4  -2  -3  -3  -2   0  -2  -2  -3  -3    0   0   0   0   0   0   0   0   0   0   0   0   0   0   0   0   0   0   0   0  0.00     0.00
  406 V     0  -2  -3  -3  -1  -2  -2  -3  -3   3   1  -2   1  -1  -2  -2   0  -3  -1   4    0   0   0   0   0   0   0   0   0   0   0   0   0   0   0   0   0   0   0   0  0.00     0.00
  407 G     0  -2   0  -1  -2  -2  -2   6  -2  -4  -4  -2  -3  -3  -2   0  -2  -2  -3  -3    0   0   0   0   0   0   0   0   0   0   0   0   0   0   0   0   0   0   0   0  0.00     0.00
  408 A     4  -1  -2  -2   0  -1  -1   0  -2  -1  -1  -1  -1  -2  -1   1   0  -2  -2   0    0   0   0   0   0   0   0   0   0   0   0   0   0   0   0   0   0   0   0   0  0.00     0.00
  409 G     0  -2   0  -1  -2  -2  -2   6  -2  -4  -4  -2  -3  -3  -2   0  -2  -2  -3  -3    0   0   0   0   0   0   0   0   0   0   0   0   0   0   0   0   0   0   0   0  0.00     0.00
  410 A     4  -1  -2  -2   0  -1  -1   0  -2  -1  -1  -1  -1  -2  -1   1   0  -2  -2   0    0   0   0   0   0   0   0   0   0   0   0   0   0   0   0   0   0   0   0   0  0.00     0.00
  411 S     1  -1   1   0  -1   0   0   0  -1  -2  -2   0  -1  -2  -1   4   1  -3  -2  -2    0   0   0   0   0   0   0   0   0   0   0   0   0   0   0   0   0   0   0   0  0.00     0.00
  412 A     4  -1  -2  -2   0  -1  -1   0  -2  -1  -1  -1  -1  -2  -1   1   0  -2  -2   0    0   0   0   0   0   0   0   0   0   0   0   0   0   0   0   0   0   0   0   0  0.00     0.00
  413 F    -2  -3  -3  -3  -2  -3  -3  -3  -1   0   0  -3   0   6  -4  -2  -2   1   3  -1    0   0   0   0   0   0   0   0   0   0   0   0   0   0   0   0   0   0   0   0  0.00     0.00
  414 V     0  -2  -3  -3  -1  -2  -2  -3  -3   3   1  -2   1  -1  -2  -2   0  -3  -1   4    0   0   0   0   0   0   0   0   0   0   0   0   0   0   0   0   0   0   0   0  0.00     0.00
  415 L    -1  -2  -3  -4  -1  -2  -3  -4  -3   2   4  -2   2   0  -3  -2  -1  -2  -1   1    0   0   0   0   0   0   0   0   0   0   0   0   0   0   0   0   0   0   0   0  0.00     0.00
  416 V     0  -2  -3  -3  -1  -2  -2  -3  -3   3   1  -2   1  -1  -2  -2   0  -3  -1   4    0   0   0   0   0   0   0   0   0   0   0   0   0   0   0   0   0   0   0   0  0.00     0.00
  417 A     4  -1  -2  -2   0  -1  -1   0  -2  -1  -1  -1  -1  -2  -1   1   0  -2  -2   0    0   0   0   0   0   0   0   0   0   0   0   0   0   0   0   0   0   0   0   0  0.00     0.00
  418 G     0  -2   0  -1  -2  -2  -2   6  -2  -4  -4  -2  -3  -3  -2   0  -2  -2  -3  -3    0   0   0   0   0   0   0   0   0   0   0   0   0   0   0   0   0   0   0   0  0.00     0.00
  419 A     4  -1  -2  -2   0  -1  -1   0  -2  -1  -1  -1  -1  -2  -1   1   0  -2  -2   0    0   0   0   0   0   0   0   0   0   0   0   0   0   0   0   0   0   0   0   0  0.00     0.00
  420 L    -1  -2  -3  -4  -1  -2  -3  -4  -3   2   4  -2   2   0  -3  -2  -1  -2  -1   1    0   0   0   0   0   0   0   0   0   0   0   0   0   0   0   0   0   0   0   0  0.00     0.00
  421 L    -1  -2  -3  -4  -1  -2  -3  -4  -3   2   4  -2   2   0  -3  -2  -1  -2  -1   1    0   0   0   0   0   0   0   0   0   0   0   0   0   0   0   0   0   0   0   0  0.00     0.00
  422 I    -1  -3  -3  -3  -1  -3  -3  -4  -3   4   2  -3   1   0  -3  -2  -1  -3  -1   3    0   0   0   0   0   0   0   0   0   0   0   0   0   0   0   0   0   0   0   0  0.00     0.00
  423 G     0  -2   0  -1  -2  -2  -2   6  -2  -4  -4  -2  -3  -3  -2   0  -2  -2  -3  -3    0   0   0   0   0   0   0   0   0   0   0   0   0   0   0   0   0   0   0   0  0.00     0.00
  424 R    -1   5   0  -2  -3   1   0  -2   0  -3  -2   2  -1  -3  -2  -1  -1  -3  -2  -2    0   0   0   0   0   0   0   0   0   0   0   0   0   0   0   0   0   0   0   0  0.00     0.00
  425 W    -2  -3  -4  -4  -2  -2  -3  -2  -2  -3  -2  -3  -1   1  -4  -3  -2  10   2  -3    0   0   0   0   0   0   0   0   0   0   0   0   0   0   0   0   0   0   0   0  0.00     0.00
  426 G     0  -2   0  -1  -2  -2  -2   6  -2  -4  -4  -2  -3  -3  -2   0  -2  -2  -3  -3    0   0   0   0   0   0   0   0   0   0   0   0   0   0   0   0   0   0   0   0  0.00     0.00
  427 A     4  -1  -2  -2   0  -1  -1   0  -2  -1  -1  -1  -1  -2  -1   1   0  -2  -2   0    0   0   0   0   0   0   0   0   0   0   0   0   0   0   0   0   0   0   0   0  0.00     0.00
  428 P    -1  -2  -2  -1  -3  -1  -1  -2  -2  -3  -3  -1  -2  -4   7  -1  -1  -4  -3  -2    0   0   0   0   0   0   0   0   0   0   0   0   0   0   0   0   0   0   0   0  0.00     0.00
  429 G     0  -2   0  -1  -2  -2  -2   6  -2  -4  -4  -2  -3  -3  -2   0  -2  -2  -3  -3    0   0   0   0   0   0   0   0   0   0   0   0   0   0   0   0   0   0   0   0  0.00     0.00
  430 R    -1   5   0  -2  -3   1   0  -2   0  -3  -2   2  -1  -3  -2  -1  -1  -3  -2  -2    0   0   0   0   0   0   0   0   0   0   0   0   0   0   0   0   0   0   0   0  0.00     0.00
  431 L    -1  -2  -3  -4  -1  -2  -3  -4  -3   2   4  -2   2   0  -3  -2  -1  -2  -1   1    0   0   0   0   0   0   0   0   0   0   0   0   0   0   0   0   0   0   0   0  0.00     0.00
  432 G     0  -2   0  -1  -2  -2  -2   6  -2  -4  -4  -2  -3  -3  -2   0  -2  -2  -3  -3    0   0   0   0   0   0   0   0   0   0   0   0   0   0   0   0   0   0   0   0  0.00     0.00
  433 A     4  -1  -2  -2   0  -1  -1   0  -2  -1  -1  -1  -1  -2  -1   1   0  -2  -2   0    0   0   0   0   0   0   0   0   0   0   0   0   0   0   0   0   0   0   0   0  0.00     0.00
  434 R    -1   5   0  -2  -3   1   0  -2   0  -3  -2   2  -1  -3  -2  -1  -1  -3  -2  -2    0   0   0   0   0   0   0   0   0   0   0   0   0   0   0   0   0   0   0   0  0.00     0.00
  435 A     4  -1  -2  -2   0  -1  -1   0  -2  -1  -1  -1  -1  -2  -1   1   0  -2  -2   0    0   0   0   0   0   0   0   0   0   0   0   0   0   0   0   0   0   0   0   0  0.00     0.00
  436 A     4  -1  -2  -2   0  -1  -1   0  -2  -1  -1  -1  -1  -2  -1   1   0  -2  -2   0    0   0   0   0   0   0   0   0   0   0   0   0   0   0   0   0   0   0   0   0  0.00     0.00
  437 T     0  -1   0  -1  -1  -1  -1  -2  -2  -1  -1  -1  -1  -2  -1   1   4  -2  -2   0    0   0   0   0   0   0   0   0   0   0   0   0   0   0   0   0   0   0   0   0  0.00     0.00
  438 H    -2   0   1  -1  -3   0   0  -2   7  -3  -3  -1  -2  -1  -2  -1  -2  -2   2  -3    0   0   0   0   0   0   0   0   0   0   0   0   0   0   0   0   0   0   0   0  0.00     0.00
  439 R    -1   5   0  -2  -3   1   0  -2   0  -3  -2   2  -1  -3  -2  -1  -1  -3  -2  -2    0   0   0   0   0   0   0   0   0   0   0   0   0   0   0   0   0   0   0   0  0.00     0.00
  440 S     1  -1   1   0  -1   0   0   0  -1  -2  -2   0  -1  -2  -1   4   1  -3  -2  -2    0   0   0   0   0   0   0   0   0   0   0   0   0   0   0   0   0   0   0   0  0.00     0.00
  441 R    -1   5   0  -2  -3   1   0  -2   0  -3  -2   2  -1  -3  -2  -1  -1  -3  -2  -2    0   0   0   0   0   0   0   0   0   0   0   0   0   0   0   0   0   0   0   0  0.00     0.00
  442 G     0  -2   0  -1  -2  -2  -2   6  -2  -4  -4  -2  -3  -3  -2   0  -2  -2  -3  -3    0   0   0   0   0   0   0   0   0   0   0   0   0   0   0   0   0   0   0   0  0.00     0.00
  443 A     4  -1  -2  -2   0  -1  -1   0  -2  -1  -1  -1  -1  -2  -1   1   0  -2  -2   0    0   0   0   0   0   0   0   0   0   0   0   0   0   0   0   0   0   0   0   0  0.00     0.00
  444 E    -1   0   0   1  -4   2   5  -2   0  -3  -3   1  -2  -3  -1   0  -1  -3  -2  -2    0   0   0   0   0   0   0   0   0   0   0   0   0   0   0   0   0   0   0   0  0.00     0.00
  445 S     1  -1   1   0  -1   0   0   0  -1  -2  -2   0  -1  -2  -1   4   1  -3  -2  -2    0   0   0   0   0   0   0   0   0   0   0   0   0   0   0   0   0   0   0   0  0.00     0.00
  446 A     4  -1  -2  -2   0  -1  -1   0  -2  -1  -1  -1  -1  -2  -1   1   0  -2  -2   0    0   0   0   0   0   0   0   0   0   0   0   0   0   0   0   0   0   0   0   0  0.00     0.00
  447 S     1  -1   1   0  -1   0   0   0  -1  -2  -2   0  -1  -2  -1   4   1  -3  -2  -2    0   0   0   0   0   0   0   0   0   0   0   0   0   0   0   0   0   0   0   0  0.00     0.00
  448 A     4  -1  -2  -2   0  -1  -1   0  -2  -1  -1  -1  -1  -2  -1   1   0  -2  -2   0    0   0   0   0   0   0   0   0   0   0   0   0   0   0   0   0   0   0   0   0  0.00     0.00
  449 S     1  -1   1   0  -1   0   0   0  -1  -2  -2   0  -1  -2  -1   4   1  -3  -2  -2    0   0   0   0   0   0   0   0   0   0   0   0   0   0   0   0   0   0   0   0  0.00     0.00
  450 G     0  -2   0  -1  -2  -2  -2   6  -2  -4  -4  -2  -3  -3  -2   0  -2  -2  -3  -3    0   0   0   0   0   0   0   0   0   0   0   0   0   0   0   0   0   0   0   0  0.00     0.00
  451 P    -1  -2  -2  -1  -3  -1  -1  -2  -2  -3  -3  -1  -2  -4   7  -1  -1  -4  -3  -2    0   0   0   0   0   0   0   0   0   0   0   0   0   0   0   0   0   0   0   0  0.00     0.00
  452 M    -1  -1  -2  -3  -1   0  -2  -3  -2   1   2  -1   5   0  -2  -1  -1  -1  -1   1    0   0   0   0   0   0   0   0   0   0   0   0   0   0   0   0   0   0   0   0  0.00     0.00
  453 S     1  -1   1   0  -1   0   0   0  -1  -2  -2   0  -1  -2  -1   4   1  -3  -2  -2    0   0   0   0   0   0   0   0   0   0   0   0   0   0   0   0   0   0   0   0  0.00     0.00
  454 K    -1   2   0  -1  -3   1   1  -2  -1  -3  -2   4  -1  -3  -1   0  -1  -3  -2  -2    0   0   0   0   0   0   0   0   0   0   0   0   0   0   0   0   0   0   0   0  0.00     0.00

                      K         Lambda
Standard Ungapped    0.1339     0.3190
Standard Gapped      0.0489     0.2670
PSI Ungapped         0.1597     0.3174
PSI Gapped           0.0489     0.2670
