
Last position-specific scoring matrix computed, weighted observed percentages rounded down, information per position, and relative weight of gapless real matches to pseudocounts
            A   R   N   D   C   Q   E   G   H   I   L   K   M   F   P   S   T   W   Y   V   A   R   N   D   C   Q   E   G   H   I   L   K   M   F   P   S   T   W   Y   V
    1 V     0  -2  -3  -3  -1  -2  -2  -3  -3   2   1  -2   1  -1  -2  -2   0  -3  -1   4    0   0   0   0   0   0   0   0   0   0   0   0   0   0   0   0   0   0   0   0  0.00     0.00
    2 N    -2   0   6   1  -3   0   0   0   1  -3  -3   0  -2  -3  -2   1   0  -4  -2  -3    0   0   0   0   0   0   0   0   0   0   0   0   0   0   0   0   0   0   0   0  0.00     0.00
    3 R    -2   6  -1  -2  -4   1   0  -3   0  -3  -2   2  -2  -3  -2  -1  -1  -3  -2  -3    0 100   0   0   0   0   0   0   0   0   0   0   0   0   0   0   0   0   0   0  0.79 0.02
    4 P     0  -2  -1  -1  -2  -1  -1  -2  -2  -3  -3  -1  -2  -3   7   2   0  -4  -3  -2    0   0   0   0   0   0   0   0   0   0   0   0   0   0  67  33   0   0   0   0  1.25 0.01
    5 H     0  -1   0  -1  -2   0  -1   2   6  -3  -3  -1  -2  -2  -2   2  -1  -3   0  -3    0   0   0   0   0   0   0  21  50   0   0   0   0   0   0  29   0   0   0   0  0.45 0.01
    6 P     2  -2  -1  -1  -2  -1  -1   2  -2  -3  -3  -1  -2  -3   5   2   0  -3  -2  -2   21   0   0   0   0   0   0  20   0   0   0   0   0   0  30  29   0   0   0   0  0.56 0.01
    7 K     0   2   0  -1  -2   1   0  -2  -1  -1  -2   3  -1  -3  -1   1   0  -3  -2   0    0  15   0   0   0   0   0   0   0   0   0  48   0   0   0  23   0   0   0  15  0.27 0.02
    8 M    -1  -2  -2  -3  -2  -2  -2  -3  -2   2   1  -2   6   2  -3   1  -1  -2  -1   1    0   0   0   0   0   0   0   0   0  18   0   0  47  11   0  17   0   0   0   7  0.35 0.10
    9 R     0   5  -1   1  -3   0   0  -2  -1  -2  -1   2  -1  -3  -2   0  -1  -3  -2  -2    9  49   0   8   0   0   0   0   0   0   9  17   0   0   0   8   0   0   0   0  0.42 0.09
   10 R    -2   6  -1   1  -4   0  -1  -1   2  -4  -3   1  -2  -3  -3   0   0  -4  -2  -3    0  71   0   8   0   0   0   4   7   0   0   0   0   0   0   4   6   0   0   0  0.73 0.14
   11 A     2  -2   0  -2  -2  -1  -1   0   2   0  -1  -1  -1  -2   4   1  -1  -3  -2  -1   34   0   7   0   0   0   0   7   8   9   7   0   0   0  20   8   0   0   0   0  0.29 0.07
   12 L    -1  -3  -1  -3  -2  -2  -1  -4  -2   2   3  -2   1   0  -3  -2  -1  -2   1   1    4   0   6   0   0   0   6   0   0  19  49   0   0   0   0   0   0   0   6  11  0.28 0.08
   13 S     0   0   1  -1  -2   0   0   0   0   0   0  -1   0  -2  -2   2   1  -3  -2   1    0   7   6   0   0   3   6   8   4   6  15   0   0   0   0  27   6   0   0  12  0.08 0.05
   14 T     1   0  -1  -1  -2   0   0  -2   0  -1   0   0  -1  -2  -2   1   3  -3  -2   0   12   6   0   0   0   3   7   0   4   0  15   5   0   0   0  14  27   0   0   7  0.15 0.06
   15 A     2   0  -1  -2  -2  -1  -2   4  -2  -3  -3  -1  -2  -3  -2   3   0  -3  -3  -2   21   6   0   0   0   0   0  37   0   0   0   0   0   0   0  36   0   0   0   0  0.53 0.12
   16 A     2  -1  -1  -2  -1  -1  -1  -1   0   0   0  -1  -1   0   1   2   1  -3  -1  -1   33   3   0   0   0   0   0   0   4   6  12   0   0   5   7  16  14   0   0   0  0.17 0.07
   17 G     2  -1  -2  -2  -2   0  -2   2  -1  -1   0  -1   1  -1  -2   1  -1  -2   2   0   24   4   0   0   0   6   0  21   0   0   9   0   7   0   0   9   0   0  14   6  0.16 0.07
   18 G     0   0  -1  -2  -2   2  -1   1  -2   0   2  -1   0  -1  -2   1   0  -2  -2   0    9   7   0   0   0  14   0  12   0   0  31   0   0   0   0  14   4   0   0   7  0.10 0.05
   19 A     1   0  -1  -1  -2   1   1  -2  -1  -3  -2   1  -2  -3   4   1  -1  -3  -2  -2   17   3   0   0   0   9  13   0   0   0   3   6   0   0  27  17   0   0   0   0  0.47 0.08
   20 T     1   1   0  -2  -2   0  -1   0   1   0   0   0  -1  -2   1   0   2  -3  -2   0   14   8   5   0   0   5   0   6   6   5  12   5   0   0   7   0  20   0   0   3  0.09 0.04
   21 K    -1   3   2  -1   1   1   1  -2  -1  -3  -2   3  -2  -3   2  -1   0  -3  -2  -2    0  22  15   0   5   5   6   0   0   0   3  26   0   0   9   0   7   0   0   0  0.33 0.08
   22 A     1   0  -1  -2   3   0  -1  -2   2  -1  -1  -1  -1  -1   0   1   1  -2   1   1   13   4   0   0  10   4   0   0   8   0   4   0   0   0   5  18  10   0   7  18  0.13 0.06
   23 A     2  -1  -2  -2  -2  -1  -1  -2   0   1   0   1  -1  -2  -2   1   0  -3   0   2   32   0   0   0   0   0   0   0   3   7   8  14   0   0   0   9   4   0   3  21  0.15 0.07
   24 R     0   3  -1  -1  -2   0   0   1  -1  -3  -3   2  -2  -3   0   1   2  -3  -2  -2    4  22   0   0   0   0   5  13   0   0   0  15   0   0   4  13  23   0   0   0  0.29 0.08
   25 K    -1   2   3   0   1   0  -1  -1   0  -2  -2   2  -2  -3  -2   1   1  -3  -1  -1    4  15  23   3   3   0   0   4   2   0   2  18   0   0   0  10   9   0   2   3  0.23 0.08
   26 G     1  -1   0   2  -2   2   0  -1  -1  -2   0  -1  -1   0  -2   2  -1  -3  -2  -2   12   2   4  17   0  19   0   3   0   0  13   0   0   5   0  24   0   0   0   0  0.20 0.10
   27 A     1  -1   1   1  -2   1   2  -2   1  -2  -3  -1  -2  -2   0   2   0  -3   1  -1   14   0   5   9   0   8  19   0   3   0   0   0   0   0   5  23   2   0   7   6  0.23 0.08
   28 A     2  -2  -2  -2  -1  -1  -2  -1  -2   1   1  -2   1  -1   0   0   0  -2  -2   2   32   0   0   0   0   3   1   4   0   5  20   0   3   2   3   4   3   0   0  18  0.15 0.07
   29 S     1   0  -1  -2   2  -1  -1  -2  -2   0   0  -1  -1  -2  -2   2   3   2   0   0   15   4   0   0   5   2   0   1   0   4   9   3   0   0   0  18  28   3   3   5  0.18 0.08
   30 R    -1   2   1  -1  -3   1   2  -2  -1  -2  -2   2  -1  -2   0   0   2  -3  -1  -2    3  13   9   0   0   5  16   1   0   0   4  15   0   0   3   5  21   0   3   1  0.23 0.08
   31 S     1   2   1  -1  -2   1  -1  -2  -1  -3  -2   1  -1  -3   2   2   1  -3  -2  -2    9  13   9   0   0   7   0   0   0   0   2  12   2   0   9  25  11   0   0   0  0.28 0.11
   32 S     1   1  -1  -1  -2   0  -1  -2  -2   1   0   1   0  -2   2   0   0  -3  -1   1   12   8   1   1   0   4   2   0   0  14  11  11   0   0  13   7   6   0   2   8  0.12 0.05
   33 G    -1   0   4   2  -3  -1   0   3  -1  -3  -3  -1  -2  -3   0   0   0  -3  -3  -3    1   7  31  11   0   0   4  23   0   0   3   2   0   0   5   7   4   0   0   1  0.39 0.12
   34 L    -2  -2  -3  -1  -3  -2   0  -3  -3   0   2  -2   7  -2   2  -1   1  -3  -3  -1    2   2   0   3   0   0   6   1   0   2  18   0  38   0  10   5  12   0   0   0  0.53 0.26
   35 R    -2   4   1   1  -4   0   1  -3  -2  -4  -4   2  -3  -4   0   1   1  -4  -3  -3    1  35   8   8   0   2  10   0   0   0   0  14   0   0   4   9   8   0   0   0  0.51 0.22
   36 D    -2   1   3   5  -4   1   2  -1  -1  -4  -4   1  -3  -4  -1  -1  -1  -4  -3  -4    2   8  13  38   0   5  14   3   1   0   1   7   0   0   3   1   2   0   0   1  0.60 0.22
   37 V     1  -4  -4  -3  -1  -3   1  -4  -4   3  -1  -3  -1  -3  -2  -2  -1  -5  -3   5   11   0   0   0   1   0  12   0   0  17   0   0   0   0   2   1   1   0   0  54  0.66 0.31
   38 V     1  -4  -5  -5   0  -4  -4  -4  -4   0  -2  -4  -2   3  -4  -3  -2   6   2   5   16   0   0   0   2   0   0   0   0   1   0   0   0  12   0   0   0  12   6  51  0.85 0.36
   39 L    -3  -5  -6  -6  -3  -5  -5  -6  -6   7   0  -5  -1  -1  -5  -5  -3  -5  -3   3    0   0   0   0   0   0   0   0   0  73   4   0   0   1   0   0   0   0   0  21  1.39 0.45
   40 V    -1  -5  -5  -5   0  -4  -5  -5  -5   2  -1  -4  -1  -3  -5  -4  -1  -5   0   6    5   0   0   0   2   0   0   0   0  11   0   0   0   0   0   0   2   0   3  78  1.20 0.44
   41 D     2  -2  -1   3  -3  -2   1   2   0  -4  -4  -2  -3  -4  -3   2  -1   1  -3  -3   21   0   1  21   0   0  10  19   2   0   0   0   0   0   0  21   2   2   0   0  0.46 0.23
   42 G     4  -3  -3  -3   2  -2  -3   3  -3  -2  -2  -2  -2  -2  -3  -1  -1  -3   0   2   42   0   0   1   5   0   1  22   0   0   1   1   0   2   0   1   2   0   3  18  0.48 0.24
   43 A     2  -1  -1  -2  -1  -1  -2   1  -1   1   1   1  -1  -2  -2  -1  -1  -3   0   1   23   2   2   0   1   1   0  12   1  12  12  10   0   0   0   3   3   0   4  12  0.11 0.11
   44 R    -5   8  -4  -5  -7   1  -3  -6  -3  -6  -5  -1   2  -6  -5  -4  -4  -6  -5  -6    0  88   0   0   0   6   0   0   0   0   0   0   6   0   0   0   0   0   0   0  2.21 0.74
   45 L    -3  -4  -3  -4  -4  -4  -4  -5  -5  -2  -3  -4  -4  -5  -4   0   8  -6  -5  -3    0   0   0   0   0   0   0   0   0   2   1   0   0   0   0   4  92   0   0   0  2.05 0.77
   46 P     2  -2  -4  -4  -5  -3  -3   4  -4  -3  -3   1  -4  -5   6  -3  -3  -5  -5  -4   15   1   0   0   0   0   0  29   0   2   2   8   0   0  42   0   0   0   0   0  1.13 0.44
   47 F    -2  -2  -5  -5  -4  -4  -5  -6  -2   6  -1  -4   4   5  -5  -4  -2  -3  -2   1    2   3   0   0   0   0   0   0   1  47   2   0  11  26   0   0   1   0   0   6  1.04 0.45
   48 Q     1   1  -3  -3   1  -2  -1   5   0  -3  -3   1  -2  -5  -4  -2  -2  -4  -4  -2   11  10   0   0   3   1   4  52   3   1   3   8   1   0   0   0   1   0   0   2  0.73 0.34
   49 P    -1   3  -1  -2  -2   1   2  -3  -2  -3  -3   4  -3  -3  -2   2   0  -5  -3  -2    5  19   2   1   1   4  12   0   0   2   1  28   0   1   1  16   6   0   0   2  0.47 0.28
   50 A     0   4  -3  -3  -4   2  -1  -3  -2  -2  -1   0  -1   4  -1   1  -2  -3   1  -3    7  28   0   0   0  11   2   1   0   1   4   2   1  18   3  14   1   0   6   0  0.43 0.29
   51 M     0   2   2  -2  -4   0  -2   3   3  -4  -2   1  -1  -3  -1  -1   0   2   0  -3    8  16  11   0   0   2   0  24  11   0   3   8   2   0   2   2   4   3   4   1  0.34 0.22
   52 T    -2   0  -3  -4  -4  -3  -4   5   0   2  -2  -3  -3   1  -4  -2   1  -4  -3  -1    0   5   0   0   0   0   0  52   3  12   3   1   0   6   0   1  12   0   0   4  0.75 0.37
   53 A     4  -1  -1  -3  -1  -2  -1  -1  -3  -2  -2  -1  -1  -4  -3   2  -1  -1  -3   1   43   3   2   1   1   1   2   4   0   0   3   3   1   0   0  21   2   1   0  12  0.45 0.31
   54 Y     0  -3  -2  -2  -3  -3   0  -3  -3  -1   3  -3   0   5  -2  -1  -2  -2   1  -1   10   1   1   2   0   0   8   1   0   2  28   0   1  33   2   4   1   0   4   3  0.48 0.28
   55 N     0   3   0   0  -4  -1   1  -2   3  -3  -4   3  -3  -4   1   1   0  -4  -3  -3   10  19   4   6   0   0   7   1   8   2   0  18   0   0   8  12   5   0   0   0  0.36 0.22
   56 D    -1  -3   3   4  -4  -1   0   3   4  -5  -5  -2  -4  -5  -2   1  -1  -5  -3  -4    2   0  12  27   0   2   5  23  11   0   0   1   0   0   1  12   3   0   0   0  0.64 0.32
   57 L    -2  -3  -4  -3  -3   0   1  -5  -2   1   1  -2   0   0  -4  -3   1   0  -1   4    0   1   0   1   0   4  13   0   1   6  15   1   1   5   0   0   9   1   2  40  0.42 0.28
   58 I     0   2   0  -1  -2  -1  -1  -2   0  -1  -2  -1   1  -2   4   2   2  -4  -2  -3    5  12   3   4   1   1   3   2   2   3   3   3   4   2  20  15  15   0   1   0  0.32 0.22
   59 S     4  -3  -2  -3  -3  -1  -3  -2  -1  -3  -3  -3  -3  -2   2   1   3  -4   1   0   42   0   1   0   0   3   0   1   2   0   1   0   0   1  11   7  18   0   5   6  0.54 0.35
   60 Y     0  -1  -1   1  -1   1   2  -2   2  -1  -1  -2  -1  -3   0   2   1  -4  -1   1    7   1   0   9   1   6  15   2   6   2   5   0   2   0   3  20   8   0   1  12  0.18 0.18
   61 D    -2   0  -1   6  -2  -1   2  -4  -2  -5  -5  -1  -5  -3  -4   0   0  -6  -2  -5    2   6   1  56   1   2  14   0   1   0   0   4   0   1   0   5   7   0   2   0  1.06 0.46
   62 L    -4  -5  -6  -6  -4  -4  -5  -6  -1   1   5  -5   6  -2  -5  -5  -4  -4   2  -2    0   0   0   0   0   0   0   0   1   5  67   0  19   0   0   0   0   0   6   0  1.29 0.53
   63 A     4  -4  -3  -4  -1  -2  -3   4  -4  -2   0  -3  -3  -4  -3   1  -1  -5  -4  -1   40   0   0   0   1   1   0  31   0   1  10   0   0   0   0  11   2   0   0   3  0.68 0.37
   64 R     2  -1  -2  -3  -3  -2   0  -1  -2  -1   0   1  -1  -1  -1   0   1  -3   2   1   26   3   0   0   0   0   6   3   0   1  10  12   1   2   2   6  11   0   8  10  0.16 0.18
   65 L     0   0  -1  -1  -3   0   3  -2   2   1  -1   0   2  -1   0  -1   0  -3  -2   0    8   4   2   2   0   3  24   2   7  11   4   5   6   2   4   3   6   0   1   6  0.16 0.16
   66 A     5  -4  -4  -5  -1  -4  -4  -3  -4  -1   1  -4  -2  -1  -2  -2   0  -5  -4   3   50   0   0   0   1   0   0   0   0   1  14   0   0   2   2   0   5   0   0  24  0.72 0.41
   67 M     3  -3  -3  -4  -3  -2  -3   0  -4   2   0  -3   3  -1  -1   0  -1  -4  -3   2   33   0   0   0   0   1   0   7   0  15   9   0   8   3   3   6   1   0   0  13  0.35 0.25
   68 T    -2   3   2  -1  -4   2   0  -2  -1  -3  -2   4  -3  -4  -3   0  -1   2  -1  -3    1  17   9   2   0  10   4   1   0   1   5  33   0   0   0   5   4   4   2   1  0.49 0.29
   69 G     2   1   0   0  -2   1   4   1   1  -3  -3   2  -3  -4  -3  -1  -2  -4  -3  -3   17   9   3   3   1   7  28   9   3   1   2  11   0   0   0   3   1   0   0   1  0.36 0.24
   70 L     5  -4  -4  -4   0  -3  -4  -3  -4  -1   2  -3   1   0  -3  -2  -2  -4  -3   1   52   0   0   0   2   0   0   0   0   2  25   0   3   4   0   0   1   0   0   8  0.70 0.39
   71 I    -2  -3  -5  -5  -3  -4  -4  -5  -4   4   4  -2   2   0  -4  -3  -2  -4  -3   1    1   1   0   0   0   0   0   0   0  25  50   2   3   3   0   1   1   0   0   9  0.79 0.36
   72 T     2  -1   0   1  -4   1   5  -2   1  -4  -4   2  -3  -4  -3   0  -2  -4  -3  -2   17   2   3   7   0   5  39   1   3   0   1  13   0   0   0   6   1   0   0   2  0.56 0.32
   73 K     0   5   1   2  -1   1  -1  -3   0  -4  -4   2   1  -4  -3  -2  -2  -5  -4  -4    8  41   6  13   1   6   2   0   2   0   0  12   4   0   1   1   2   0   0   0  0.70 0.35
   74 T     5  -2   1  -3  -1  -3  -3  -2  -1  -3  -2  -2  -3  -2  -3   1   1  -4  -1  -1   57   2   9   0   1   0   0   2   2   0   2   1   0   1   0   8  10   0   2   3  0.70 0.40
   75 G     0  -1   2   0  -4   1   0   5   0  -5  -5   0  -4  -5  -1  -1  -2  -4  -4  -4    6   3  12   4   0   6   6  47   2   0   0   7   0   0   3   3   1   0   0   0  0.69 0.32
   76 V    -2  -4  -4  -5  -3  -4  -3  -4  -4   5   2  -3   1  -1  -4  -3  -2  -1  -2   3    1   0   0   0   0   0   2   1   0  38  20   2   3   2   0   2   0   1   1  25  0.73 0.34
   77 S    -1  -1   1   4  -4   0   1  -2  -3  -4  -4   0  -3  -3   3   1   0  -5  -2  -1    5   3   7  30   0   5   6   1   0   0   1   5   0   1  15   8   7   0   1   5  0.47 0.26
   78 P     2  -3  -4  -4  -5  -3  -2   0  -4  -2  -4   0  -1  -5   7  -2  -3  -1   1  -1   17   0   0   0   0   1   1   6   0   2   1   6   1   0  51   1   0   1   5   5  1.17 0.50
   79 K     0   0   1   3  -4   1   3  -1   0  -4  -4   2  -3  -5  -1   2  -1  -5  -3  -3    8   4   4  17   0   4  21   4   2   0   0  14   0   0   2  15   3   0   0   1  0.42 0.26
   80 E     0   0  -1   4  -2   2   3  -2  -2  -3   0   0  -1  -4  -3   0  -1  -2  -4  -2    8   4   1  25   1  12  21   2   0   1  10   3   1   0   0   6   2   1   0   3  0.39 0.26
   81 V    -2  -5  -5  -6  -4  -5  -5  -6  -6   6   2  -5  -1  -2  -5  -4  -1  -5  -4   4    2   0   0   0   0   0   0   0   0  45  17   0   0   1   0   0   3   0   0  32  1.11 0.47
   82 D    -3  -2  -1   6  -6   0   3   1  -1  -6  -6  -2  -5  -6   0   1  -2  -6  -5  -5    0   1   1  48   0   4  20   9   1   0   0   2   0   0   4   9   1   0   0   0  1.02 0.47
   83 Y     0  -2  -2   3  -1   2   2  -1   1  -2   1  -2   1  -2  -1  -1  -1  -4   0  -3    7   0   0  16   1  11  18   4   4   0  21   0   4   0   2   4   3   0   4   0  0.25 0.24
   84 V     0  -5  -4  -5  -3  -4  -4  -4  -5   5   1  -4   0  -2  -3  -2  -1  -5  -1   4    7   0   1   0   0   0   1   1   0  36   8   0   2   1   1   2   2   0   2  36  0.79 0.38
   85 L    -1  -5  -5  -3   1  -4  -5  -5  -4   5   0  -5   0   2  -5  -3  -2  -3   3   3    5   0   0   1   4   0   0   0   0  44   7   0   1   7   0   1   1   0  10  18  0.80 0.39
   86 M    -2  -4  -5  -5   2  -4  -4  -4  -4   1   1  -4   3   2  -5  -4  -1   5   1   4    1   0   0   0   4   0   1   1   0   4  15   0   8  11   0   0   3   9   5  39  0.71 0.36
   87 G     3  -5  -3  -4  -2  -2  -4   6  -2  -5  -5  -4  -3  -5  -4  -2  -4  -5  -5  -5   24   0   0   0   1   2   0  68   1   0   0   0   1   0   0   1   0   0   0   0  1.48 0.57
   88 T    -2  -3   3  -3   5   2  -3  -3   2  -3  -2  -3   1  -4  -4  -1   4  -4   1  -1    1   0  15   0  11  12   0   2   5   0   4   0   4   0   0   2  35   0   6   3  0.66 0.41
   89 V     1  -4  -4  -3   1  -4  -1  -3  -4   1  -1  -4   0  -1  -4   0   0  -5  -3   5    9   0   0   1   3   0   4   1   0   6   4   0   2   3   0   8   6   0   0  53  0.65 0.37
   90 L    -2  -3   1  -3  -2   0  -3  -2  -2   0   2  -2   1  -1  -2   1   3  -4   0   1    0   0   7   0   0   4   0   2   0   5  26   1   3   2   1  11  26   0   3   8  0.31 0.26
   91 Q    -1  -2  -1  -3  -4   5  -1   0   1  -4  -4  -1  -3  -5   4   0   2   0  -4  -3    4   1   3   0   0  30   2   8   3   0   1   2   0   0  24   8  11   1   0   1  0.71 0.40
   92 E     1  -3   0   4  -4  -1   1  -1  -3  -3  -3  -2   3  -1   2   0   2  -5  -4  -2   15   0   3  27   0   1   8   5   0   0   0   0   8   3  10   6  13   0   0   2  0.43 0.30
   93 V     0  -1   0  -1   0  -1  -2   3   1  -2   0  -1   1   0   2   0  -1   0   1  -1    5   2   6   4   2   2   0  24   4   0  10   2   4   3  10   8   3   1   6   3  0.17 0.15
   94 K     1  -1  -1   0   1   0   2  -2   0  -1   0   0   0  -1  -1   1   1  -3  -1   0   16   2   2   4   3   4  19   1   2   4   9   4   3   2   2   8  10   0   3   5  0.11 0.12
   95 T     1  -1  -2  -1   2   2  -1   3  -3  -1  -2  -2   0   3  -3  -1   0  -3  -1  -1   12   2   0   3   5  11   3  24   0   3   2   1   3  14   0   4   7   0   1   4  0.25 0.21
   96 S     1  -2  -1  -3  -4   3  -3   2  -4  -3  -4  -1  -1  -5   5   1  -2  -5  -5  -2   13   1   2   0   0  14   0  17   0   1   0   3   2   0  33   9   1   0   0   2  0.78 0.40
   97 N     0  -2   5  -1  -1   0  -2  -2  -2  -2  -2  -2   1  -2  -1   2   1  -4  -1  -1    9   1  37   1   1   3   0   1   0   2   2   0   4   2   3  18   6   0   2   5  0.50 0.32
   98 L    -1  -1  -4  -4   1  -3  -1  -4  -4   3   0  -3   1  -3   4  -1   1  -4  -3   2    5   3   0   0   3   0   4   0   0  25   6   0   3   0  23   3  11   0   0  12  0.51 0.28
   99 A     6  -4  -2  -3   0  -3  -2   1   0  -4  -4  -3  -4  -5  -2   1  -1  -5  -4  -2   66   0   1   1   2   0   2   8   2   0   0   1   0   0   2  10   3   0   0   1  0.96 0.47
  100 R    -1   6  -1  -2   4  -1  -2  -3  -3  -1  -2  -1  -3  -4  -3  -1   2  -5  -2  -2    3  50   3   2   8   2   1   2   0   4   3   0   0   0   1   5  12   0   1   3  0.76 0.40
  101 D     0   0   1  -2  -3   4   1  -3   1   1   0   0   3  -2  -3  -2  -2   0   0  -1    9   6   7   1   0  22   9   1   4  12   9   3   8   1   0   1   0   1   3   3  0.23 0.22
  102 A     3  -3  -3  -3   2  -3  -2  -2   0   3   0  -3   0  -3  -3   0  -1  -4  -3   2   35   0   1   1   5   0   2   2   3  17   9   0   2   0   0   4   2   0   0  17  0.39 0.26
  103 A     2  -1  -1  -2   1   3  -1   1   1  -1  -1  -1  -1  -3  -3   1  -1  -1  -1   1   22   1   3   1   3  19   1  11   3   1   7   1   1   0   0  10   2   1   2  13  0.21 0.20
  104 L     0  -3  -2  -1  -3  -2  -1  -4  -1   1   4  -2   1   1  -4  -2  -2  -3   0   1    8   1   2   3   0   1   4   1   2   9  48   2   2   6   0   2   1   0   3   6  0.37 0.23
  105 A     1   1   0  -2  -2   0  -1   3  -1  -2   0   2   0  -3  -3  -1  -1  -3  -2  -2   13   8   6   1   1   5   2  26   1   1  12  16   2   1   0   2   2   0   1   1  0.25 0.18
  106 S     4  -2  -3  -4  -3  -2  -3  -1  -4  -1   2  -3  -2  -2  -3   0   2  -4  -2  -1   43   2   0   0   0   1   0   3   0   2  23   0   0   1   0   5  15   0   1   2  0.50 0.31
  107 G    -1  -1  -2  -2  -4  -2  -1   6  -1  -4  -3  -2  -4  -3  -4  -2  -3  -4  -2  -4    3   4   1   2   0   2   4  71   1   1   4   2   0   1   1   1   1   0   1   1  1.19 0.41
  108 F    -2  -3  -3  -3   1  -3  -3  -2  -3   4   3  -3   3   2  -3  -2  -1  -2  -2   2    2   1   1   1   3   1   1   4   0  27  27   1   9   8   1   1   2   0   0  11  0.38 0.17
  109 P     0   0   1   0  -1  -1  -1   1  -2  -3  -3   0   0  -3   5   1  -1  -3  -3  -3    8   4   6   6   1   2   2   9   1   1   1   5   4   1  36   9   3   0   1   1  0.59 0.21
  110 K    -1  -1   2   0  -3   0   0  -2   3   0  -2   0  -1  -1  -3  -1   1   4   1   1    3   2  12   6   0   5   7   1   9   8   2   8   1   1   0   1  12   7   5  11  0.16 0.13
  111 S     0   0   1   0  -1  -1   1   1   3  -3  -3   1  -1  -4   1   2   1  -4  -3  -2    4   4   9   5   1   1   9  11   9   0   0   8   1   0   7  18  12   0   0   1  0.25 0.16
  112 V     1  -3  -3  -3   1  -3  -3   1  -3   2  -1  -1  -1  -1  -3   0   2  -1  -1   3   15   0   0   0   4   0   0  10   0  14   2   4   0   1   0   4  13   1   2  29  0.28 0.20
  113 P     2  -3  -3   0  -1  -3  -2   0  -3  -2  -4  -3  -2   0   6   0  -1  -1  -3  -2   18   0   0   7   1   0   1   5   0   2   0   0   1   5  47   5   4   1   0   2  0.94 0.31
  114 A     5  -3  -2  -3   1  -3  -3   1  -4  -1  -3  -3  -3  -2  -3   2  -1  -4  -4  -1   64   0   2   0   3   0   0   7   0   4   1   0   0   2   0  13   2   0   0   2  0.75 0.35
  115 H    -1  -2  -2  -3  -3  -1  -2  -3   1   1   0  -3   3   4  -3  -2   1   3   3   1    4   1   1   0   0   3   2   0   5   8   6   0  12  21   0   2  10   5   9  12  0.31 0.17
  116 T     0  -2   0   4  -2  -1  -1  -2  -3  -3  -4  -2  -3  -4  -2   1   4  -5  -4  -2    5   2   4  33   1   1   0   2   0   1   0   0   0   0   1  11  37   0   0   2  0.67 0.31
  117 I    -2  -4  -4  -5   0  -2  -4  -5  -4   4   2  -4   2  -1  -4  -3  -2  -4  -3   5    0   0   0   0   2   2   0   0   0  28  15   0   4   1   0   0   1   0   0  45  0.74 0.29
  118 S    -2  -2   5   3  -4   1   1  -2   0  -4  -3  -2  -3  -4  -3   2   1  -5  -3  -2    2   0  38  14   0   8   8   1   1   0   2   0   0   0   0  16   7   0   0   2  0.63 0.28
  119 Q     3   3   0  -2  -1   0  -2  -2  -2  -2  -2   1   1   0  -3  -1   2  -3  -2  -2   30  22   4   1   1   3   0   1   0   1   1  10   4   4   0   1  15   0   0   1  0.33 0.21
  120 A     4  -3  -1  -3  -2   0  -2  -1  -3  -1   0  -2   1  -1  -3  -1  -2  -3  -1   2   56   0   3   0   0   4   0   3   0   2  10   0   3   2   0   0   0   0   1  15  0.45 0.21
  121 C    -3  -6  -6  -6  11  -6  -7  -5  -6  -4  -4  -6  -4  -5  -6  -4  -4  -5  -5  -4    0   0   0   0 100   0   0   0   0   0   0   0   0   0   0   0   0   0   0   0  3.45 0.61
  122 I     3  -2  -1  -2  -2  -2  -2   2  -2  -1  -2   0  -2  -3   0   3   0  -3  -3  -2   27   0   0   0   0   0   0  17   0   4   4   6   0   0   4  33   4   0   0   0  0.37 0.16
  123 S     1  -3  -1  -2  -3  -2  -2   3  -3  -4  -4  -2  -3  -4  -3   4   3  -4  -3  -3    6   0   0   0   0   0   0  25   0   0   0   0   0   0   0  49  17   0   0   0  0.72 0.25
  124 A     0  -3  -2  -3  -3  -3  -3   5  -3  -4  -3  -3  -3   3  -3   2  -1   2   0  -3    5   0   0   0   0   0   0  45   0   0   0   0   0  18   0  24   2   4   3   0  0.71 0.24
  125 N    -1  -3  -1  -3   1  -2  -3  -2  -3   2   3  -3   3   3  -3   0  -1  -2  -1   0    3   0   3   0   3   1   0   3   0  10  29   0  14  17   0   8   2   0   0   5  0.28 0.14
  126 Q     0   0  -1   0  -3   3   1  -3   1  -1  -2   1   0   0  -3  -1   1  -2   4   0    5   3   1   5   0  18   7   0   2   4   1   7   2   2   0   3   9   0  21   9  0.21 0.13
  127 A     5  -3  -2  -3  -2  -2  -3   3  -3  -3  -2  -2  -3  -3  -3   1   0  -4  -1  -2   60   0   0   0   0   0   0  20   0   0   3   0   0   0   0  12   3   0   3   0  0.71 0.26
  128 I    -2  -4  -3  -5  -3  -4  -5  -5  -5   4   4  -4   3  -2  -5  -4   0  -4  -3   3    2   0   1   0   0   0   0   0   0  21  38   0   6   1   0   0   4   0   0  27  0.80 0.30
  129 C     1  -1   0  -3  -1   1  -1  -1   6   0  -2  -2   1   0  -4   0   0  -4  -1   1   15   2   3   0   2   6   2   4  28   4   1   1   4   4   0   6   5   0   1  11  0.40 0.22
  130 T    -1  -2   1   1  -3   0  -2  -3   0   1   2  -2   3  -2  -3   0   2  -2  -1   0    4   1  10   9   0   6   0   0   2   7  26   0   9   1   0   4  17   1   2   3  0.24 0.18
  131 G     6  -4  -4  -5   1  -4  -4   2  -5   0  -4  -4  -3  -5  -4  -1  -3  -5  -5   1   69   0   0   0   2   0   0  13   0   5   0   0   0   0   0   1   0   0   0   9  1.10 0.43
  132 V     3  -1  -1   1   5  -1  -1  -3  -2   0  -2  -1   0  -2  -3   0   0  -1  -1   0   33   4   2  10  13   2   2   0   1   4   1   4   3   1   0   4   6   1   2   8  0.32 0.20
  133 S     0   3   0  -1  -5   6   2   0  -2  -5  -3   0  -2  -5  -4   1  -2  -5  -4  -4    7  14   5   2   0  39  10   7   0   0   1   4   1   0   0   9   2   0   0   0  0.70 0.32
  134 F     2  -3  -1  -3  -3   0  -2  -2  -2  -2   1  -1   3   2  -3   3  -1  -3   0  -2   18   0   2   0   0   5   2   2   1   1  16   3  11   9   0  25   2   0   3   1  0.28 0.21
  135 I    -4  -6  -6  -6  -4  -5  -6  -7  -6   7   2  -5   1  -3  -6  -5  -3  -5  -4   2    0   0   0   0   0   0   0   0   0  68  15   0   3   0   0   0   0   0   0  14  1.48 0.45
  136 Q     0   4  -3  -2  -1   3   1  -3  -1  -2  -1   2   4  -4  -4  -1  -3   0  -2  -2   10  24   0   1   2  15   7   1   1   1   4  12  16   0   0   2   0   1   1   3  0.46 0.25
  137 T     3  -1   0  -2   2  -2  -2   0  -2  -2  -1  -2  -1  -3  -3   3   3  -4  -3  -1   23   3   4   1   4   1   0   6   1   1   5   1   2   1   0  28  18   0   0   3  0.39 0.23
  138 G    -3  -2  -1  -3  -6  -3  -4   7  -5  -7  -7  -3  -6  -6  -5  -2  -5  -6  -6  -6    0   2   2   1   0   1   1  90   0   0   0   2   0   0   0   1   0   0   0   0  2.06 0.56
  139 Q     0  -1   1   3  -4   1   3  -3   1  -3  -1  -1   2  -2  -3   0   0  -1  -1  -2   10   3   6  20   0   7  19   0   5   0   5   1   8   1   0   5   6   1   1   1  0.31 0.18
  140 A     3  -3  -2  -3   4  -1  -3   0   1   2  -2  -2  -1  -1  -3   1  -1  -3   3   0   27   1   2   1  11   2   0   8   4  14   0   1   1   2   0  10   1   0  12   4  0.34 0.21
  141 D    -2   1   1   5  -5   0   2  -2  -1  -5  -5   3  -4  -5  -4   0  -1  -6  -4  -5    1   8   5  39   0   3  14   2   1   0   0  17   0   0   0   5   4   0   0   0  0.79 0.30
  142 V    -1  -1   1  -3   2  -2  -3  -3   1   3   0   0   2  -1  -4  -2   1  -4   0   3    4   3   7   0   6   1   0   1   4  19   5   6   6   1   0   1   8   0   4  24  0.25 0.17
  143 V     3  -4  -4  -4   1  -3  -4   2  -4   1  -2  -3   0   0  -4  -1  -2  -4  -1   3   32   0   0   0   3   0   0  16   0  10   2   0   3   4   0   2   1   0   2  26  0.48 0.25
  144 L    -4  -5  -6  -6  -4  -5  -5  -6  -5   4   4  -5   2  -2  -5  -5  -3  -5  -4   3    0   0   0   0   0   0   0   0   0  30  46   0   5   0   0   0   0   0   0  20  1.07 0.36
  145 A     5  -4  -5  -5   2  -4  -4  -2  -5   2  -3  -4  -3  -4  -4  -2  -1  -5  -4   4   50   0   0   0   4   0   0   3   0  11   0   0   0   0   0   0   3   0   0  30  0.89 0.37
  146 G    -1  -5  -4  -4   1  -5  -5   6  -5   3  -1  -4  -3  -4  -5  -3  -4  -5  -5   1    5   0   0   0   3   0   0  58   0  18   5   0   0   0   0   0   0   0   0  12  1.07 0.37
  147 G    -2  -6  -4  -5  -6  -5  -6   7  -6  -7  -7  -5  -6  -7  -6  -4  -5  -6  -7  -7    2   0   0   0   0   0   0  98   0   0   0   0   0   0   0   0   0   0   0   0  2.45 0.63
  148 V     3  -4  -4  -4  -2  -1  -3  -3  -4   0  -1  -3   3   0  -4   0   1  -4  -3   4   31   0   0   0   1   3   0   0   0   2   2   0   8   5   0   5   9   0   0  34  0.54 0.28
  149 E    -3  -3   2   3  -6  -1   6  -4  -1  -6  -5  -2  -5  -6  -4  -2  -1  -6  -3  -4    1   0   8  17   0   1  65   1   1   0   0   0   0   0   0   1   3   0   1   1  1.33 0.45
  150 T    -1   0   0  -2  -3  -1  -2  -3   3  -1  -1   2  -2  -3  -3   3   1  -4  -3   1    3   6   5   0   0   1   0   0   9   3   7  14   0   0   0  31   9   0   0  13  0.32 0.22
  151 F    -2  -4  -3  -5  -4  -3  -4  -5  -4   0   2  -4   8   1  -5   1   0  -4  -2  -2    1   0   1   0   0   0   0   0   0   3  17   0  54   6   0  11   6   0   1   0  1.26 0.46
  152 S    -1  -3  -2  -2  -3  -1  -2   1  -3  -3  -2  -2  -3  -3  -1   5   2  -4  -4  -3    0   0   0   1   0   3   2   9   0   1   4   0   0   1   2  61  14   0   0   1  0.81 0.36
  153 D    -1   2   2   1  -3   1   0  -2   3  -2  -1   1  -1  -3  -2   0   0  -3  -2   0    3  16  10   9   0   6   2   2  11   0   5  11   1   0   0   9   5   0   0   9  0.21 0.13
  154 V     1  -2  -2  -3  -2  -2  -1  -1  -3   2   0  -2   0  -2   3   0   0  -2  -2   3   16   2   2   0   0   0   3   4   0  13   9   0   1   0  15   5   4   1   0  24  0.25 0.14
  155 P    -1  -1  -1   0   0  -3  -2   1  -4  -2  -3  -2  -4  -3   7   0  -1  -4  -3  -2    6   3   2   5   2   1   2  10   0   3   3   1   0   1  49   6   3   0   1   2  0.99 0.38
  156 I    -1  -1  -1   0  -3  -3  -3  -1   2   2  -1  -1   5   1  -4  -3  -1   4   3   0    4   3   2   5   0   0   1   5   6  15   3   3  19   6   0   1   3   5  11   7  0.35 0.23
  157 R    -1  -1   0  -1   1  -2  -2   1   0  -1   1  -1   0   2  -2   0   0   2   2   0    3   3   6   3   3   1   2  14   2   2  13   2   3   9   1   7   5   2  11   7  0.08 0.09
  158 F     0  -2  -1  -2  -3   0  -2  -2   4   1   1  -2   2   2  -3  -1  -1   0   0   2    8   1   3   2   0   6   1   2  13   6  13   1   6  10   1   3   3   1   2  18  0.19 0.15
  159 S    -1  -2   1   1  -3  -1   0   3  -1  -2  -2   0  -2  -2   1   2  -1   0  -3  -3    4   2   7   9   0   1   6  26   1   2   3   4   1   1   8  17   2   2   0   2  0.31 0.18
  160 R    -1   2   0   1  -3   0   0   0   0  -1   0   1  -1   0  -1  -1  -1   0   0   0    5  16   3   9   0   2   4   7   3   2  11  12   0   6   2   3   1   1   3  10  0.08 0.09
  161 P     1  -1   0   2  -3  -2  -1   2  -2  -2  -3   1  -2  -3   0   2  -1  -3  -1  -2   16   3   5  15   0   1   3  16   1   2   2   7   1   1   4  19   2   0   2   2  0.26 0.17
  162 V     2   3  -1  -2  -2  -1   0   0  -1  -1   0   0   1   1  -1   0   0  -3  -2  -1   19  18   2   1   0   1   5   5   2   3  12   4   3   7   2   6   6   0   0   4  0.12 0.12
  163 R     2   1   1  -1   0   0  -1   1   2  -2  -2   0  -1  -1  -2   1   0   1  -1  -2   21   7   9   3   3   5   2  10   6   2   4   5   2   2   1   9   4   3   1   2  0.13 0.11
  164 K     1   1  -1  -2  -1  -1  -2   3   2  -1  -2   0  -2  -2   3   1  -1  -1  -2  -1   12   8   1   2   1   1   1  21   6   3   4   4   0   2  15  10   3   1   0   4  0.26 0.15
  165 A     1  -1   0  -2   0  -1  -1   1  -1  -1   0  -1   1   2  -1   0   0  -2   0   0   16   3   4   1   2   3   2  13   1   2   8   3   5  11   3   7   4   0   3   8  0.07 0.08
  166 L    -1   1  -2  -3  -3  -2  -2  -1  -2   0   3  -1   3   1  -2  -2  -2  -3  -1   1    5   9   1   1   0   1   1   4   1   4  36   3   9   6   2   3   1   0   1  11  0.27 0.18
  167 L     1  -1   0  -1  -2  -1  -1   1  -2   0   1  -1   2  -1  -1   2  -1  -3  -1   1   11   2   5   3   0   1   2  11   0   3  12   3   7   3   3  21   2   0   2  10  0.11 0.12
  168 A     1   0  -1   3  -3  -1   0   1  -2  -2  -2   1  -2  -1   1   1   0  -3  -3  -2   13   5   1  18   0   2   5  13   1   2   4   8   0   4   8  10   5   0   0   2  0.19 0.13
  169 T     0  -1   1   1  -2  -1  -1   0   1  -2   0   0   0   0   0   0   1  -3   0  -1    6   3   8  11   1   1   2   8   4   0  13   7   2   5   4   7  12   0   3   2  0.07 0.08
  170 T     1  -2   1   0  -3  -1   0   2  -1  -1  -2  -1  -1   0   0   1   0  -1  -1   0   13   0   8   5   0   3   6  20   1   3   1   2   1   6   5  10   5   1   2   9  0.14 0.12
  171 K     2   2   0  -2  -3   1   0   1  -1  -1  -2   2   0  -3  -1   0  -1  -3  -1  -2   19  10   3   1   0   6   3  13   1   3   3  17   3   0   2   8   3   0   2   2  0.20 0.15
  172 I     2  -2  -2   1   5  -1   0  -1  -3   0  -1   1   1  -1  -2   0   0  -3  -1  -1   24   1   1   8  13   3   5   3   0   5   7  10   4   2   1   5   5   0   2   2  0.21 0.17
  173 K     1   3  -1   0  -4  -1  -1   0   0  -3  -3   3  -3  -3  -2  -1  -2   0  -1   0   15  18   2   6   0   2   3   7   3   1   1  24   0   1   1   3   1   1   2   8  0.32 0.22
  174 G     2  -1  -1   2  -3  -2  -1  -1  -3  -2  -1  -2   0  -1   0   2   3  -3   0  -1   16   3   1  16   0   0   3   3   0   2   4   1   3   2   5  16  18   0   4   3  0.24 0.20
  175 G     0  -2   1  -3  -1  -2  -2   3  -3  -1  -1  -3   0   4  -3  -1   0   1   0  -2    8   2   8   1   1   0   3  26   0   4   7   1   3  18   1   5   6   2   3   2  0.29 0.19
  176 P     0  -1  -1   2  -2  -1  -1   1  -2   0  -1  -1   2  -2   2   1  -1  -3  -2   0    5   2   2  14   0   2   2  12   0   8   6   2   6   1  12  14   2   0   1   8  0.15 0.11
  177 M     1  -1  -1   1  -2   0   0  -1  -1   1   0   0   1  -1  -1   0   0  -2  -1   0   13   3   1  11   1   5   5   4   1  12   9   4   5   3   3   6   5   0   1   6  0.04 0.04
  178 K     0   1   0   2  -2   3   0   0  -2  -1  -1   1   0  -2  -2   1   0   1  -2  -1    7   6   2  16   0  15   4   7   1   5   5   8   2   1   1  11   4   2   1   3  0.17 0.12
  179 K     1   1   0   1  -2  -1   1   0  -1  -1  -2   2  -1  -1   0   1   0  -2  -1  -1   15   9   5   7   0   1   7   8   0   3   3  14   1   3   3   9   4   0   2   4  0.11 0.08
  180 L    -1  -1   0   2  -2  -1   1  -1  -1   0   1  -1  -1   1  -1  -1   0   2  -1   0    3   3   4  17   1   2   9   4   1   4  19   4   1   6   3   3   4   3   2   8  0.09 0.07
  181 K     0  -1   1   1  -1   0   1   2  -1   0  -1   0   0  -1  -1   0   0  -2  -1  -1    7   3   7   6   2   3  10  21   1   6   6   7   4   2   2   7   4   0   2   3  0.09 0.06
  182 A     0   0  -1  -1  -1   0   0   0   0   0   0   0   0   1   1   0   0  -1   2   0    7   5   1   3   2   4   6   7   2   7  12   4   1   5   6   4   6   0  12   3  0.03 0.04
  183 F     0  -1  -1  -2   3  -1  -1   0   0   0   0  -1   0   1  -1   0   0   1   1   1    8   2   2   2   8   2   4   8   2   5  11   3   3   6   2   7   7   2   6  10  0.03 0.04
  184 K     0   3   0   0  -2   0   0   0  -1   0  -1   0  -1  -1  -1   1  -1   1   1  -1    5  19   3   7   1   3   5   7   1   6   7   5   1   3   2  13   3   2   5   3  0.09 0.08
  185 G     0   1   0   1  -2  -1   0   4  -2  -2  -2   0  -2  -2  -2   0  -1   1   0  -2    6   9   3   9   1   2   4  31   1   2   4   4   1   1   2   9   4   2   3   2  0.27 0.13
  186 L    -1  -1  -1   0  -2   0   2   0  -1   0   1   0   0   1  -1   0   0   1  -1   0    4   2   1   6   1   3  18   7   1   5  14   5   1   8   2   7   5   2   1   7  0.06 0.07
  187 K     0   1  -1   0  -2  -1  -1   4   2  -1  -1   0  -1  -2  -2   0   0  -2  -2  -2    5  10   2   4   1   2   2  31   6   4   5   7   1   1   1   4   7   0   1   3  0.26 0.13
  188 L     0  -1  -2  -2   1  -2  -1   0  -2   1   2  -1   0   1   0   0  -1  -2   0   1    6   2   1   1   3   1   3   6   1   8  25   3   1   7   4   6   3   0   2  14  0.09 0.08
  189 K     0   1   0   0   1   0   1   1   1  -2  -2   1  -2  -1   1   0   0  -1  -1  -1    7   7   5   4   3   3  10  12   4   2   2  13   1   3   7   6   5   1   1   5  0.10 0.06
  190 D     0  -2  -1   4   3   0  -1  -2   0  -1  -1  -1   0  -1  -2   0   0  -3   0   0    7   1   2  33   6   3   1   2   3   4   5   2   2   3   1   7   6   0   3   8  0.31 0.18
  191 L    -1  -2  -2  -2  -2  -1  -2  -1  -1   0   4  -2   1  -1  -1  -2  -1  -2  -2   1    4   1   1   3   0   3   2   5   2   3  45   2   3   2   3   2   4   0   1  12  0.31 0.17
  192 I    -1  -2  -1  -2  -2  -1  -2  -1   0   2   2  -1   2   1  -1  -1  -1  -2   0   1    4   1   2   1   1   3   2   5   3  19  20   3   7   8   4   4   2   0   4   7  0.13 0.10
  193 P    -1  -1   0  -1  -2  -2  -1  -2   0   0   1   0   0  -2   4  -1   0  -2   0   1    5   2   6   4   0   1   3   3   2   4  13   5   2   1  24   4   7   0   4  10  0.27 0.14
  194 D    -1   0   0   2  -1   1   1  -1   0  -1  -1   2   0  -1  -1  -1   0  -2  -2   1    2   3   2  15   2   5  10   4   2   2   5  19   3   2   2   3   5   0   1  13  0.15 0.11
  195 Q     0   1   1   0  -2   0   0  -1   1  -2  -1   0  -1   0   3   0  -1   1   2  -2   10   9   7   4   1   3   4   3   3   1   7   6   1   3  14   7   2   2  10   2  0.16 0.10
  196 P     0  -1  -2   2  -2  -1  -1   2   0  -2   0  -1   0  -2   4  -1  -2  -3  -2  -2    8   3   1  15   1   3   3  16   2   2  12   2   2   1  21   2   2   0   2   2  0.32 0.16
  197 A     2   0  -1  -1  -2  -1   0   3  -2  -2   0  -1  -1  -1  -1   1   0  -2  -2  -2   17   7   1   3   0   2   5  23   1   2  11   3   1   3   3  11   4   0   1   2  0.17 0.11
  198 V     0  -1  -1   0  -2   0   0  -1   0   0   1  -1   1   0  -1   0   0  -2  -1   1    9   2   2   7   0   3   7   5   3   4  19   3   4   5   2   6   5   0   1  13  0.03 0.05
  199 A     3  -1   0  -2   0  -1  -1   0  -1  -1  -1   0   0  -2  -1   0   1   3  -2   0   31   4   4   1   2   2   3   8   1   3   5   6   3   1   3   5   8   4   1   7  0.17 0.13
  200 N     0  -1   0   3   1  -1   2  -1   1  -1  -1  -1  -1   0   0   0   0  -2  -1  -1    7   2   3  21   4   2  17   5   4   4   6   2   1   5   4   5   4   0   2   3  0.18 0.12
  201 F     1   1  -2  -2  -2   0   0  -1  -2  -1  -1   0  -1   0   3  -1  -1  -2   2   0   13   8   1   1   0   5   6   5   1   3   4   7   1   4  18   4   1   0   9   8  0.21 0.13
  202 V    -1  -2  -1   1  -2  -2  -1  -1  -2   1  -1  -2   1   4  -2   1  -1  -1   3  -1    4   1   2  11   0   1   4   5   0   8   5   1   4  19   2  14   3   0  12   4  0.22 0.16
  203 T     1  -2   3   0   1  -1  -1   1   1  -2  -2  -2  -2  -2  -1   0   2  -2   0  -1   12   1  16   6   3   2   3  13   3   2   4   1   0   1   3   6  18   0   4   3  0.19 0.15
  204 G     0  -2   1   2  -2  -1  -1   3  -1  -2  -2  -1   0  -1   1   0  -1  -3  -1   0    8   2   5  14   0   2   2  25   1   2   2   4   3   3   6   6   2   0   2   9  0.22 0.14
  205 E     0   1  -1   0   0   1   0  -2   1   0   0  -1   0   0   1  -1  -1  -2   2   0    6  10   1   5   2  10   5   2   4   5  13   2   3   3   7   4   1   0   9   7  0.08 0.09
  206 V    -1   0   0  -2  -3   1  -2  -1   5   2  -1  -1   3  -2  -2   1   0  -3  -1   0    4   5   3   2   0   6   1   4  18  12   5   2  11   0   2  13   4   0   1   6  0.26 0.21
  207 M    -5  -2  -6  -6  -5  -4  -3  -6  -5  -1   1  -5   9   2  -6  -5  -2  -4   3  -2    0   2   0   0   0   0   2   0   0   3   9   0  62   8   0   0   2   0   8   2  1.84 0.74
  208 G     0  -5  -1  -5  -5  -5  -5   7  -5   0  -4  -5  -5  -6   0  -3  -4  -6  -6  -5    7   0   3   0   0   0   0  76   0   6   2   0   0   0   6   0   0   0   0   0  1.62 0.63
  209 H     0  -2   0   0  -3   1   1  -2   2   2   0  -2   1  -1  -3   0   0  -4  -1   1    6   0   6   7   0   7  11   2   6  18   9   0   3   2   0   6   6   0   1  11  0.13 0.16
  210 S     3  -4  -3  -4   4  -2  -1  -2   1  -2  -3  -3  -1  -5  -4   1   5  -5  -3  -2   22   0   0   0   7   1   3   2   3   1   2   0   2   0   0  11  43   0   1   2  0.80 0.47
  211 S     6  -3  -2  -2   0  -4  -4   1  -5  -3  -5  -4  -1  -5  -4   1   1  -6  -5  -3   62   1   2   2   1   0   0  10   0   1   0   0   2   0   0  10   8   0   0   0  1.00 0.52
  212 D    -4  -1   1   2  -6   0   6  -5  -3  -4  -4   1  -5  -6  -4  -3  -1  -6  -5  -2    0   3   8   9   0   2  63   0   0   1   1   7   0   0   0   0   3   0   0   4  1.24 0.58
  213 R    -2   2   5  -2  -2   3   1  -1   1  -4  -2  -1   2  -4  -2  -1  -1  -5  -1  -4    2  13  31   1   1  14   8   4   4   1   3   3   8   0   2   3   3   0   2   0  0.54 0.35
  214 L    -1  -2  -4  -1   1  -3  -4  -5   4   1   2  -4   3  -1  -4  -2   0  -4  -2   3    4   2   0   3   3   0   0   0  11   5  23   0  10   2   0   3   4   0   1  29  0.47 0.30
  215 A     5  -4   0  -4  -3  -3  -4   2  -4  -1  -1  -3   4  -4  -4  -1  -3  -5  -1  -1   54   0   5   0   0   0   0  13   0   4   5   0  11   0   0   3   0   0   2   3  0.78 0.44
  216 E     0   1  -2   1  -5   0   4  -2   1  -5  -4   4  -4  -2  -3  -2  -2  -5  -1  -3    8   7   1   7   0   2  28   3   3   0   1  33   0   2   0   0   1   0   2   1  0.63 0.36
  217 K     0   3  -1   0  -4   1   1  -3  -1  -2  -1   3   2  -4  -3   0   1  -4  -3  -1    8  16   2   5   0   6   7   0   1   2   5  24   6   0   0   4  12   0   0   3  0.33 0.24
  218 F     0  -1  -1  -2  -4  -3  -1  -4   5  -3  -1  -3  -2   2  -2  -2  -2   4   6  -1    9   3   3   2   0   0   4   0  17   0   5   0   1   9   2   3   1   5  31   4  0.75 0.38
  219 G    -1  -2   3  -2  -1   1  -3   5  -1  -6  -6   0  -3  -6  -4   1  -2  -5  -5  -5    3   2  15   1   2   6   1  53   1   0   0   5   1   0   0  10   1   0   0   0  1.00 0.46
  220 V    -2  -5  -5  -6  -4  -5  -5  -6  -5   6   1  -5  -2   2  -5  -3   1   0   0   2    2   0   0   0   0   0   0   0   0  53  11   0   0   7   0   1   8   1   4  12  0.97 0.44
  221 S    -2  -2   0  -3  -4  -2  -2  -2  -4  -5  -5   1  -4  -5  -4   5   5  -6  -5  -4    1   1   3   1   0   1   1   2   0   0   0   8   0   0   0  48  34   0   0   0  1.05 0.54
  222 R    -4   7  -4  -5  -6  -2  -3  -5  -4  -3  -1   0  -4  -5   0  -2  -2  -6  -5  -1    0  73   0   0   0   0   0   0   0   2   6   4   0   0   5   2   2   0   0   5  1.56 0.62
  223 Q     1  -1  -1   0  -5   1   6  -2  -3  -4  -4   0  -3  -5   1   0  -3  -5  -4  -4   11   2   2   4   0   6  53   2   0   1   1   4   1   0   6   7   0   0   0   0  0.83 0.43
  224 E     0  -2  -2   4  -5   2   4  -4   4  -4  -2  -1   1  -5  -4  -2  -3  -5  -2  -4   10   1   0  28   0  10  27   0  10   0   4   1   5   0   0   1   0   0   1   0  0.74 0.39
  225 Q    -2  -3  -4  -4   0   8  -2  -5  -3  -1  -1  -3   0   2  -5  -4  -4  -5  -2   1    2   0   0   0   2  66   0   0   0   4   4   0   3   9   0   0   0   0   1   9  1.42 0.65
  226 D     1  -5  -2   8  -6  -1   0  -4  -4  -6  -7  -4  -6  -7  -5  -2  -4  -7  -6  -6   13   0   0  81   0   2   4   0   0   0   0   0   0   0   0   1   0   0   0   0  1.98 0.70
  227 E     2  -1  -1   0  -4   1   3  -2  -2  -3  -1   2   0  -1  -2  -1  -1   1  -3  -2   26   2   1   3   0   6  26   2   0   0   5  14   3   3   1   1   2   2   0   1  0.34 0.25
  228 F    -2  -4  -4  -5  -4  -4  -4  -5  -3   1   2  -4  -1   6  -4  -4  -3   2   5   0    3   0   0   0   0   0   0   1   0   9  17   0   1  40   0   0   0   3  18   5  0.95 0.36
  229 A     5  -3  -3  -3  -3  -3  -3   2  -3  -2  -2  -3  -3  -4  -3   0  -2  -4  -4  -1   66   0   0   0   0   0   1  15   0   3   3   0   0   0   0   6   1   0   0   2  0.91 0.40
  230 L     1  -1  -4  -4  -1  -3  -3  -4   3   1   2  -3  -1   0  -4  -3  -2   4   2   2   13   4   0   0   1   0   0   0   8   8  27   0   0   2   0   0   0   6   9  21  0.39 0.24
  231 R     0   5   0  -1  -4   1   0  -1  -1   0  -2   2  -2  -4  -3  -2  -1  -4  -1  -2    7  39   4   3   0   5   5   5   1   7   4  13   0   0   0   1   2   0   2   2  0.45 0.26
  232 S     0  -4   2  -1   0  -1  -3  -3  -3  -5  -5  -3  -1  -5   0   6  -1  -5  -1  -4    4   0   8   3   2   2   0   0   0   0   0   0   1   0   4  71   2   0   2   0  1.13 0.53
  233 H    -5  -3  -3  -4  -6   5  -3  -5   9  -5  -5  -3  -4   1  -5  -4  -4  -4   4  -3    0   0   0   0   0  27   0   0  51   0   0   0   0   4   0   0   0   0  16   2  1.89 0.65
  234 H    -1   2   1  -2  -4   6   1  -2  -1  -4  -3   2  -3  -5  -3   0   2  -5  -4  -4    4  11   6   0   0  40   7   2   1   0   2   9   0   0   0   5  12   0   0   0  0.68 0.36
  235 N    -1   4   0  -3  -4   0  -2  -4   3  -1   2   3   0  -3  -4  -2  -3  -4   0  -3    4  27   4   0   0   2   0   0   7   2  22  24   2   0   0   0   0   0   3   0  0.51 0.29
  236 G     6  -4   0  -4  -3  -3  -3  -1   0  -4  -4  -3  -3  -4  -3   2   0   1  -4  -2   68   0   4   0   0   0   0   2   2   0   0   0   0   0   0  13   6   2   0   1  0.99 0.45
  237 A     3  -1  -2  -2  -2   0   0   0   2   0  -2   0   0  -3  -3   1   0   2  -1   1   32   2   1   0   0   4   7   4   6   6   2   7   2   0   0   8   4   3   2  10  0.19 0.17
  238 K     3   1   2  -2  -3   1   2  -2   1  -4  -3   2  -3  -1  -3   0   0  -4  -3  -3   28   9  13   0   0   6  12   0   4   0   0  16   0   3   0   4   5   0   0   0  0.37 0.24
  239 A     5  -4   2  -3  -3  -3  -3   0   3  -1  -4  -3  -3  -5  -4   0  -1  -5  -4  -3   66   0  13   0   0   0   0   4   7   4   0   0   0   0   0   3   2   0   0   0  0.96 0.45
  240 H    -2   0  -1  -3  -4   4  -2  -4   0   0  -2  -2   2  -1   0  -2   3   7  -2  -1    3   4   3   0   0  22   0   0   3   6   2   1   5   2   5   1  19  19   0   5  0.65 0.33
  241 A     1   0   1   1  -3   2   2  -2  -2  -1  -2   2  -2  -3   0   0  -1  -3   0  -2   15   2   6   9   0  11  18   0   0   4   2  18   0   0   4   5   1   0   5   2  0.26 0.17
  242 E     3  -2   2   1  -3   1   3  -1  -2  -4  -3   0  -3  -4  -3   2   0  -4  -3  -3   31   0  11   6   0   5  19   2   0   0   1   3   0   0   0  17   4   0   0   0  0.45 0.26
  243 G     1  -4  -3  -3  -4   0  -4   7  -4  -5  -5  -3  -4  -5  -4  -2  -3  -4  -4  -4   10   0   0   0   0   4   1  79   0   0   1   1   0   0   0   1   0   0   0   1  1.51 0.46
  244 L     0   3   0   0  -1   1  -1  -3   2  -2  -1   2  -2   1  -3  -2  -2   0   2  -1    9  22   3   4   1   5   1   0   6   2   8  17   0   7   0   0   0   1   8   5  0.24 0.17
  245 Y    -3  -4  -4  -4  -4  -4  -1  -4  -3   1   2  -4  -1   7  -4  -4  -3   1   1  -2    1   0   0   0   0   0   5   1   0   8  18   1   1  58   0   1   1   1   3   1  1.13 0.38
  246 A     2   2   1   2  -3   1   0  -1  -1  -2  -2   2  -2  -3  -2   0   0  -3  -3  -2   25  11   5  13   0   7   2   3   1   3   2  14   0   0   0   7   5   0   0   1  0.24 0.15
  247 D    -1   1   2   4  -4   1   1  -1  -1  -3  -2   1  -3  -4  -2   0  -2   0  -3  -3    5  10  12  33   0   5   8   3   0   0   5   8   0   0   1   5   0   2   0   0  0.44 0.20
  248 E    -1   0   0   1  -3   3   4  -2   0  -3  -2   0  -2  -3  -1   1   0  -2  -2  -2    1   1   1   1   0  13  59   1   0   1   2   1   0   1   1  14   1   0   1   1  0.47 0.06
  249 I     0  -2  -2  -2  -1  -2  -2  -2  -2   3   1  -2   2  -1  -2  -1   1  -2  -1   3   10   1   1   1   0   1   1   1   0  31   1   1   9   1   1   1   9   0   1  30  0.17 0.03
  250 I     0  -2  -3  -3  -2  -2  -3  -3  -2   2   2  -1   4  -1  -3  -2  -1  -2   1   3    6   1   1   1   0   1   1   1   1  10  15   3  17   1   1   3   3   0   5  31  0.34 0.19
  251 P     1  -3  -3  -3  -4  -3  -3  -1  -4  -4  -4  -3  -3  -4   7  -1   3  -5  -4  -2   11   0   0   0   0   0   0   4   0   0   1   0   0   0  57   4  19   0   0   2  1.37 0.45
  252 V     1  -1  -3  -4  -2  -3  -3  -3  -3   3   0  -3   2   0  -3  -2   0  -3   0   4   16   4   0   0   0   0   0   0   0  19   4   0   5   5   0   0   5   0   4  36  0.37 0.22
  253 A     1  -1   0  -1   0   1   2  -1  -1  -2  -1   1  -1  -3  -2   1   2  -3  -1  -1   13   2   3   0   2   5  21   3   1   2   4  13   1   0   0  10  15   0   2   4  0.19 0.15
  254 G     0  -2  -2  -2  -2   0  -1   3  -1   1  -2  -1  -1   0  -1  -1   0   2  -2   2    6   0   0   1   0   6   3  27   1   8   1   4   0   4   3   3   5   4   0  22  0.21 0.15
  255 V    -2  -3  -4  -4  -1  -3  -4  -4   1   2   1  -2   1   4  -4  -3  -2  -2   0   3    0   0   0   0   1   0   0   0   4  14  14   2   3  27   0   0   1   0   2  28  0.52 0.26
  256 T     0  -2   1   4  -3   0   2  -2  -2  -2  -3   0  -2  -1  -2   2   1  -4  -3  -1    5   0   4  30   0   4  11   0   0   1   2   4   0   3   0  18  11   0   0   6  0.37 0.22
  257 E     0   2  -1  -1  -3   2   2  -3   1  -1  -1   3  -1  -2  -2  -1   1  -3   0  -1    7  12   2   1   0  11  14   0   4   4   4  21   1   1   0   1   9   0   4   4  0.23 0.16
  258 E    -1  -3  -1   7  -5  -2   1  -3  -3  -4  -4  -2   1  -5  -1  -2  -1  -5  -4  -4    4   0   0  72   0   0   9   1   0   0   1   0   4   0   3   1   4   0   0   0  1.35 0.47
  259 Q    -2   1   3   1  -4   2   5  -3  -2  -4  -4  -1  -3  -4  -3  -2  -2  -4  -3  -2    1   8  19   7   0   7  48   1   0   1   1   1   0   0   1   1   1   0   0   4  0.75 0.33
  260 G    -1  -2   3  -1  -1  -1   1   1   3   0  -2  -1  -2   0  -2   0   0  -3   0   1    3   1  17   1   1   2  10  12   9   4   1   1   0   4   1   8   6   0   2  17  0.15 0.14
  261 I    -2  -3  -3  -3  -2  -2   0  -4  -3   5   1  -1   1  -1   2  -2  -2  -3  -1   2    2   1   0   1   0   0   7   1   0  42  13   4   3   2  10   1   1   0   1  10  0.41 0.22
  262 R    -3   6   1  -3  -4  -1  -2  -3  -2  -4  -3   2   1  -3  -3  -1  -2  -3   2  -3    1  58   6   1   0   0   1   1   0   1   1  13   4   0   1   4   1   0   8   1  0.94 0.37
  263 G     0  -1  -2  -2  -3  -1   0   1   2  -3  -3   1  -1  -2   5   1   0  -3  -2  -3    8   1   1   1   0   2   7   9   6   1   1   9   1   2  31  11   7   0   0   1  0.50 0.20
  264 E    -2   2   3   3  -4   1   3   0   0  -4  -4   1  -3  -4  -2   0   0  -4  -3  -3    0  12  15  17   0   4  19   7   2   0   1  10   0   0   0   4   7   0   0   1  0.39 0.19
  265 A     0  -3   0  -1  -3  -2  -2  -3  -2  -1  -1  -1  -1   0  -1   2   4  -3   2   0    7   0   4   3   0   0   0   0   0   2   3   2   2   5   3  23  30   0   7   9  0.31 0.24
  266 T    -1  -2   3   2  -3  -1  -1  -3  -1  -1  -3  -1  -2  -4  -1   2   4  -4  -3   0    1   0  14  10   0   1   1   0   1   4   1   3   0   0   2  19  35   0   0   6  0.45 0.28
  267 Y     1  -3  -3   0  -2  -2  -1  -3  -3   1   3  -1   2   1  -2  -2  -2  -3   0   1   18   0   0   7   0   0   4   0   0   4  36   3   6   7   1   0   1   0   3   8  0.24 0.18
  268 E     1  -2   0   4  -4   0   5  -2  -2  -4  -4  -1  -4  -5  -3   0  -2  -5  -4  -4   15   0   4  23   0   1  44   1   0   0   0   2   0   0   0   7   1   0   0   0  0.77 0.35
  269 K     0   0   0   1  -3   1   1   1  -2  -2  -3   2  -2  -2   2   2   0  -4  -3  -3    7   4   2   6   0   6   8  11   0   2   0  13   0   2  10  23   4   0   0   0  0.26 0.16
  270 M    -1  -3  -4  -4  -3  -3  -4  -4  -2   2   3  -1   3   1  -4  -3  -2  -2   4   1    4   0   0   0   0   0   0   0   0  10  41   4  10   5   0   0   0   0  16   9  0.52 0.26
  271 A     3   0  -2  -3  -3   0  -1   2  -1  -3  -2  -1   2  -3   2   1  -1  -4  -3  -2   38   5   1   0   0   3   2  14   1   0   2   3   7   0  12   9   2   0   0   0  0.39 0.24
  272 S     1   2  -1  -2  -3   1   0  -1  -2  -3  -1   4  -2  -4  -2   1   0  -4  -3  -2   13  10   2   0   0   4   2   4   0   0   7  43   0   0   0   9   4   0   0   1  0.41 0.22
  273 L    -1  -4  -4  -4   1  -3  -4  -4  -4   0   5  -4   0   0  -4   1  -2  -3  -3  -1    4   0   0   0   3   0   0   0   0   1  73   0   0   2   0  12   0   0   0   2  0.79 0.33
  274 K    -1   5   0  -2  -4   0   0  -3  -2  -4  -3   5  -3  -4  -1  -1  -2  -4  -3  -3    5  39   2   0   0   0   4   0   0   0   1  43   0   0   2   0   0   0   0   0  0.80 0.24
  275 P    -1  -3  -3  -3  -4  -2  -1  -2  -3  -4  -4  -1  -3  -4   8  -1   0  -4  -4  -3    4   0   0   1   0   0   3   3   0   0   1   4   0   0  74   3   5   0   0   1  1.68 0.31
  276 A     3  -2  -2  -3  -2  -1  -2  -2  -2   1  -1  -2  -1   0  -1   0  -1  -2   1   3   32   1   0   1   0   4   1   1   0   7   3   1   0   4   2   5   1   0   5  34  0.25 0.14
  277 F    -3  -3  -1   0  -3  -3  -3  -3  -2  -1   0  -3  -1   7  -4  -3  -3  -1   2  -2    1   1   4   7   0   1   1   1   0   1   6   1   0  71   1   1   1   0   3   1  1.07 0.27
  278 V     0  -1   1   3  -2   1   1   0  -1  -1  -1   0  -1  -1  -1   0  -1  -2  -2  -1   12   1   4  29   0   5   7   5   1   3   5   4   2   4   1   6   2   0   1   5  0.17 0.06
  279 K     0   2   0   0  -2   0   0  -2   1  -2  -2   3  -2  -2   3   0   0  -2  -2  -2    5  16   4   4   0   1   5   2   4   2   2  26   1   1  15   4   4   0   1   2  0.29 0.08
  280 P     0   1   0   2  -1   1   2  -1  -1  -1  -2   2  -1  -2   1   0  -1  -2  -2  -1    9   8   2  14   1   6  14   2   0   6   2  14   0   1   6   5   1   0   1   5  0.15 0.05
  281 F    -1  -1   3   2  -2   0   0   1   3  -2  -2   0  -1  -1  -1   0  -1  -2   0  -1    2   3  20  17   1   1   4  13   9   2   5   5   1   2   2   4   3   0   4   3  0.18 0.06
  282 G    -1  -2  -1  -2  -3  -2  -2   6   2  -3  -3  -2  -3  -3  -2  -1  -2  -3  -3  -3    2   1   1   1   0   1   1  74   6   1   2   1   0   1   1   2   1   0   1   1  1.03 0.21
  283 S    -1  -2  -2  -2  -2  -2  -2  -3  -2   0  -2  -2  -1   3  -2   2   5  -2  -1   1    1   0   0   1   0   0   1   1   0   3   1   1   0  16   1  15  47   0   0  11  0.49 0.21
  284 V    -1  -3  -3  -3   1  -2  -3  -2   2   2   1  -3   0  -2  -3  -2   0  -3  -2   4    1   0   0   1   3   0   1   4   8   8  11   1   0   0   1   1   7   0   0  54  0.41 0.17
  285 T    -1  -2  -1  -2  -2  -2  -2  -2   1  -2  -2  -2  -2  -3  -2   0   6  -3  -2  -1    1   1   1   1   0   1   1   1   4   1   2   1   0   1   1   1  81   0   1   1  1.02 0.29
  286 A     4  -2  -2  -2  -1  -2  -2   0  -2   0  -2  -2  -1  -2   1   0  -1  -3  -2   1   58   1   1   1   0   1   1   6   0   5   2   1   0   1   8   4   1   0   1   9  0.43 0.16
  287 A     2  -2  -2  -2  -2  -2  -2   5  -2  -2   0  -2  -2  -3  -1  -1  -2  -3  -3  -2   25   1   1   1   0   1   1  50   0   1  11   1   0   1   3   1   1   0   1   1  0.57 0.16
  288 N    -2  -2   6   0  -3   1  -1  -2   1  -3  -3  -1  -3  -3  -2   0   2  -4  -3  -3    1   1  57   3   0   8   1   1   3   1   1   1   0   1   1   6  14   0   0   1  0.79 0.24
  289 A     3  -2  -2  -2   5  -2  -2  -1  -2  -3  -3  -2  -2  -3  -2   4  -1  -3  -3  -2   36   1   1   1  16   0   1   1   0   1   1   1   0   0   1  39   1   0   0   1  0.65 0.23
  290 S    -1  -2  -1  -2   4  -2  -2  -2  -2  -3  -3  -2  -2  -3  -1   5   2  -3  -3  -2    1   1   1   1  12   0   1   1   0   1   1   1   0   0   2  65  13   0   0   1  0.79 0.28
  291 F     1  -2  -2  -2  -3   2  -1   2  -2  -3  -2  -1   1  -1   5   0   0  -3  -1  -2   12   1   1   1   0  14   1  19   0   1   1   2   5   4  29   3   5   0   2   1  0.49 0.15
  292 L    -2  -3  -4  -4  -2  -3  -3  -4  -4   3   3  -1   2   1  -4  -3   1  -3  -2   2    0   0   0   0   0   0   0   0   0  26  39   4   5   4   0   0  10   0   0  11  0.46 0.18
  293 T    -1  -2   4  -1  -3  -2  -2   1  -2  -4  -4  -2  -3  -4  -3   4   3  -4  -3  -2    2   0  27   0   0   0   0  11   0   0   0   0   0   0   0  39  20   0   0   1  0.66 0.26
  294 D    -4  -3   0   7  -6  -2   2  -3  -3  -5  -6  -2  -5  -6  -3  -2  -3  -6  -5  -4    0   0   2  86   0   0  11   0   0   0   0   0   0   0   0   0   0   0   0   1  1.75 0.42
  295 G    -1  -4  -2  -3  -2  -4  -4   7  -4  -6  -6  -4  -5  -5  -4  -2  -4  -5  -5  -5    1   0   0   0   1   0   0  98   0   0   0   0   0   0   0   0   0   0   0   0  1.95 0.43
  296 A     6  -3  -3  -4  -2  -3  -3   1  -4  -3  -3  -3  -3  -4  -3   0  -2  -4  -4  -2   88   0   0   0   0   0   0   7   0   0   0   0   0   0   0   5   0   0   0   1  1.16 0.37
  297 A     5  -3  -3  -3  -2  -2  -3   1  -3  -3  -3  -2  -3  -4  -3   2  -1  -4  -4  -1   67   0   0   0   0   0   0  10   0   0   0   0   0   0   0  20   0   0   0   3  0.85 0.32
  298 A     6  -3  -3  -4  -1  -3  -3  -2  -4   0   0  -3   0  -3  -3  -1  -1  -4  -3  -1   79   0   0   0   1   0   0   1   0   5  10   0   2   0   0   1   1   0   0   1  0.89 0.34
  299 T     1  -3  -4  -5  -2  -3  -4  -4  -4   1   2  -3   5  -1  -4  -3  -1  -4  -3   4   13   0   0   0   0   0   0   0   0   3  24   0  20   1   0   0   1   0   0  38  0.60 0.25
  300 L    -2  -4  -5  -5  -3  -4  -4  -5  -4   4   4  -4   2  -1  -4  -4  -2  -4  -3   3    1   0   0   0   0   0   0   0   0  28  44   0   4   0   0   0   0   0   0  24  0.76 0.25
  301 I    -2  -4  -5  -5  -3  -4  -4  -5  -4   3   4  -4   2  -1  -4  -4  -2   0  -2   3    0   0   0   0   0   0   0   0   0  21  48   0   6   0   0   0   0   1   0  24  0.75 0.25
  302 M     1  -3  -4  -4   2  -2   1  -3  -4  -1  -1  -3   8  -3  -4  -2  -2  -4  -3   0   14   0   0   0   5   0  12   1   0   0   0   0  60   0   0   2   1   0   0   6  1.09 0.41
  303 A     0   0   0  -1  -3  -1   2  -2  -2  -4  -4   0  -3  -4  -1   4   2  -4  -3  -3    3   5   3   2   0   0  16   0   0   0   0   6   0   0   2  49  15   0   0   0  0.58 0.26
  304 E     2   1  -2  -1  -4   0   5  -1  -2  -3  -1   1  -2  -4  -3  -1  -2  -4  -2  -3   18   7   0   1   0   2  51   4   0   0   9   7   0   0   0   0   1   0   1   0  0.58 0.26
  305 E     1  -1   0   2  -4   1   4  -1  -1  -4  -4   0  -3  -4  -2   2  -1  -4  -3  -3   10   1   2  12   0   3  43   4   0   0   0   5   0   0   0  19   2   0   0   0  0.58 0.23
  306 K     0   3  -2  -3  -4   0   0  -3   4  -3  -2   4   1   1  -3  -2  -2  -3   0  -1   11  19   0   0   0   0   3   0  15   0   1  31   6   7   0   0   0   0   2   5  0.43 0.21
  307 A     6  -4  -4  -4  -2  -3  -3  -2  -4  -2  -2  -3  -3  -4  -3  -1  -2  -5  -4   2   83   0   0   0   0   0   0   1   0   0   2   0   0   0   0   0   0   0   0  14  1.12 0.40
  308 R    -1   2   0  -1  -4   3   1  -3  -1  -3  -1   4  -1  -4  -3  -1  -2  -4  -2  -2    5  13   2   3   0  14   8   0   1   0   5  42   2   0   0   2   0   0   1   1  0.52 0.22
  309 A     3   1   0  -1  -3   2   4  -2  -2  -4  -3   2  -3  -4  -2  -1  -2  -4  -3  -3   32   7   4   1   0   8  31   0   0   0   1  13   0   0   0   1   0   0   0   0  0.52 0.23
  310 L    -2   3  -2  -4  -3   0  -3  -4   3  -1   4  -1   1   0  -4  -3  -2  -3   2  -1    0  18   1   0   0   3   0   0   8   0  50   3   4   2   0   0   0   0   7   3  0.45 0.22
  311 A    -1  -3   2  -2  -4  -1  -2   6  -3  -5  -5  -2  -2  -5  -4  -1  -2  -4  -4  -3    1   0  14   0   0   2   3  72   0   0   0   2   1   0   0   1   2   0   0   2  1.17 0.33
  312 L     1  -3  -4  -2  -3  -2  -3  -4  -3   2   4  -3   1   1  -4  -3  -2  -2   2   0   14   0   0   2   0   1   0   0   0   9  53   1   1   4   0   0   1   0   9   4  0.46 0.21
  313 R    -1   0   1  -1  -3   2   0  -3   1  -3  -3   3  -2  -4   2  -1   3  -4  -1  -1    1   3   6   2   0   9   5   0   4   0   1  29   0   0   9   0  26   0   2   3  0.40 0.20
  314 P    -2  -4  -4  -4  -4  -3  -2  -2  -1   3  -3  -3  -3  -4   7  -1  -3   3  -4   0    2   0   0   0   0   0   1   3   1  22   0   0   0   0  57   4   0   4   0   6  1.28 0.35
  315 K    -2   2  -3  -4  -3  -1  -3  -2  -3   1   3   2   1  -1  -4  -3  -2  -3   1   0    0  14   0   0   0   2   0   4   0   9  46  14   3   0   0   0   0   0   6   2  0.37 0.20
  316 A     5  -3  -3  -3  -2  -3  -3   2  -3  -2  -2  -1  -1  -4  -3   0  -2  -4  -4  -1   70   0   0   0   0   0   0  16   0   1   3   3   1   0   0   3   0   0   0   3  0.83 0.32
  317 Y    -2   4  -2  -2  -4  -1   1  -4  -1  -1  -1   2  -2  -1  -3  -1  -1  -2   3   1    0  30   0   0   0   0  12   0   0   1   5  15   0   1   0   5   2   0  16  12  0.40 0.21
  318 L     0  -4  -4  -4  -3  -4  -4  -2  -4   5   2  -4   0   2  -4  -3  -2  -3   0   2    9   0   0   0   0   0   0   3   0  47  19   0   0   8   0   0   0   0   3  12  0.56 0.22
  319 R    -1   4  -2  -2  -3   2  -1  -2  -2   1   0   1   1  -3  -3  -2  -1  -4  -3   2    2  30   0   1   0  11   0   3   0   7   8   9   3   0   0   1   3   0   0  22  0.32 0.18
  320 E     2  -3  -1   1  -3  -2   0   3  -1  -4  -3  -2  -3  -4  -3   3  -1  -4  -3  -2   18   0   1  10   0   0   6  28   1   0   1   0   0   0   0  31   1   0   0   2  0.50 0.22
  321 W    -2  -3  -3  -3   0  -1  -2  -2   1  -2  -1  -3   5   3  -4   0  -1   4   6  -2    2   0   0   0   2   1   3   3   3   0   1   0  21  15   0   8   2   6  31   0  0.66 0.26
  322 T     4  -3  -2  -1  -2  -2  -2   3  -3  -1  -2  -2   0  -2  -1   1  -1  -3  -3   0   45   0   0   3   0   1   0  22   0   2   2   1   4   2   3   6   2   0   0   6  0.40 0.18
  323 F    -1  -2  -1   0  -2  -1  -1  -3  -1   0   0  -2  -1   2  -2   1   3   0   1   2    4   0   1   7   0   2   3   0   1   1   9   0   0  14   0  12  23   1   4  18  0.17 0.13
  324 V     3  -3  -2   1  -2  -2  -2  -1  -2   0  -2  -2  -2  -3  -3   2   1  -4  -3   2   39   0   0   9   0   0   0   2   1   5   0   0   0   0   0  15   7   0   0  23  0.37 0.21
  325 S     3  -3  -2  -3  -3  -3  -3   5  -3  -4  -3  -3  -1  -1  -3   0  -2  -4  -2  -3   37   0   0   0   0   0   1  47   0   0   2   0   2   4   0   6   0   0   2   0  0.79 0.28
  326 A     0  -2  -3  -3   5   0  -3  -3  -2   3   0  -3   0  -2   2  -2   0  -4  -3   3    6   1   0   0  16   6   0   1   1  19   6   0   1   0  10   0   5   0   0  26  0.37 0.17
  327 D     0  -2   1   5  -4   0   1   0   3  -4  -4  -1  -3  -4   0   0   0  -4  -3  -3    8   0   3  42   0   3  10   5  10   0   0   1   0   0   4   7   8   0   0   0  0.57 0.21
  328 P    -1  -4  -1  -1  -4  -3  -3  -4  -4  -3  -4  -3  -4  -5   7   1   0  -5  -4   1    4   0   3   2   0   0   0   0   0   0   0   0   0   0  63  12   4   0   0  12  1.44 0.37
  329 F    -1   0   0   1  -2   0   0  -1  -1   0  -1   0  -1   1   0   0  -1   4   0  -1    4   7   5  10   1   2   6   3   1   6   5   6   1  10   5  10   2   8   3   4  0.09 0.03
  330 E     1   1   1   1  -3   2   3   0   0  -3  -3   0  -2  -3  -2   1   0  -3  -1  -2   18   9   5   5   0   9  22   7   2   0   1   3   0   0   0  15   3   0   1   0  0.27 0.12
  331 E    -2  -3  -2   4  -3   0   0  -3  -1   3   0  -2  -1   1  -3  -1  -1  -3  -1   0    0   0   0  31   0   4   5   0   1  31   6   0   0   8   0   3   3   0   1   5  0.37 0.19
  332 M    -1  -2  -3  -4  -3  -2  -3  -4   2   0   1   1   7   2  -1  -3  -2  -3  -2  -1    4   0   0   0   0   0   0   1   6   5  10  10  48  11   3   0   0   0   0   0  0.71 0.29
  333 L     0  -3  -2  -3  -3  -1  -3   4  -3  -2   2  -3   4  -3   1  -1   0  -4  -3  -2    6   0   0   0   0   3   0  43   0   0  21   0  14   0   6   1   7   0   0   0  0.53 0.23
  334 L    -1  -1  -1  -2  -2  -2  -1  -4  -2   3   1  -1   2   0  -3  -1   0   0   3   2    2   2   3   1   0   0   4   0   0  20  13   2   8   2   0   3   6   1  16  17  0.22 0.13
  335 G     2  -3  -2  -3  -3  -1  -3   6  -3  -3  -3  -3  -3  -4  -3  -1  -2  -4  -4  -3   23   0   0   0   0   3   0  67   0   1   2   0   0   0   0   2   1   0   0   0  1.10 0.31
  336 P     0  -4  -4  -3  -4  -3  -3  -4  -4  -4  -4  -3   0  -5   8   0  -1  -5  -5  -4    8   0   0   0   0   0   0   0   0   0   0   0   3   0  77   5   4   0   0   0  1.97 0.44
  337 A     2  -2  -2  -1  -2  -2  -2  -2  -3   1  -1   1  -1  -2  -2   1   0  -3   0   3   22   0   0   3   0   0   0   1   0   8   0  12   0   1   0  11   5   0   3  33  0.23 0.16
  338 Y    -1   0   0  -3  -4   0   0  -3  -1  -2  -1  -1  -2   0   5  -2  -2   2   4  -1    3   6   5   0   0   4   6   1   0   0   7   2   0   2  32   1   1   2  23   6  0.60 0.22
  339 A     6  -3  -3  -4   1  -3  -3  -2  -4  -3  -3  -1  -1  -4  -3   0  -2  -5  -4  -2   87   0   0   0   3   0   0   0   0   0   0   3   1   0   0   5   0   0   0   1  1.18 0.41
  340 T     1  -3  -2  -3  -2  -2  -3  -3  -3   3   0  -3   3  -1  -3   1   4  -4  -3   1   10   0   0   0   0   0   0   0   0  28   3   0   9   1   0  11  31   0   0   9  0.43 0.22
  341 A     0   2   0  -2  -4   2   1  -3  -1  -4  -4   2  -3  -4   5   0   0  -4  -3  -3    5  15   4   0   0  12   8   0   1   0   0  15   0   0  29   5   6   0   0   0  0.63 0.21
  342 K    -1   3   0  -2  -4   1  -1  -2  -2  -1   0   5   2  -3  -3  -2  -2  -4  -3  -2    4  15   4   0   0   6   1   2   0   3  10  47   8   0   0   0   0   0   0   1  0.52 0.24
  343 V     5  -3  -3  -4   3  -1  -3  -2  -3  -1   1  -3  -2  -3  -3   0  -2  -4  -3   1   58   0   0   0   8   3   0   0   0   1  13   0   0   0   0   6   0   0   0  11  0.59 0.27
  344 L    -3  -4  -5  -5  -3  -4  -5  -5  -4   1   5  -4   0   1  -5  -4  -2  -3   2   0    0   0   0   0   0   0   0   0   0   6  77   0   0   4   0   0   1   0   8   5  0.95 0.31
  345 K     0   0  -2   2  -4   1   3  -3  -1  -4  -4   5  -3  -4  -3  -1  -2   1  -3  -4    6   1   0  10   0   5  23   0   1   0   0  48   0   0   0   2   1   3   0   0  0.71 0.27
  346 A    -1   5  -1  -1  -4   1  -1  -3   1  -3  -1   3   2  -3  -3  -1  -2  -4  -2  -3    6  40   1   2   0   4   1   0   3   0   7  25   7   0   0   1   1   0   1   0  0.59 0.24
  347 A     5  -3  -1  -3  -2  -1  -1  -2  -1  -3  -2  -2  -2  -4  -3   1   0  -4  -3  -2   74   0   3   0   0   1   4   0   1   0   4   0   0   0   0   6   5   0   0   1  0.80 0.33
  348 G    -2  -1   0  -1  -5  -2  -3   6  -3  -6  -5   0  -4  -5  -4  -2  -3  -5  -5  -5    0   4   4   3   0   1   1  80   0   0   0   7   0   0   0   0   0   0   0   0  1.38 0.37
  349 L    -3  -4  -5  -5  -3  -3  -4  -5  -4   2   5  -2   3  -1  -4  -4  -3   4  -2   1    0   0   0   0   0   0   0   0   0  13  65   2   7   0   0   0   0   6   0   7  0.84 0.28
  350 T     0  -1   0  -1  -3   0   2  -2  -2  -3  -3   1  -2  -4  -2   2   4  -4  -3  -2    6   2   4   1   0   3  13   1   0   0   0   9   0   0   0  20  41   0   0   1  0.50 0.24
  351 L     0  -3  -4  -4  -3  -2  -3  -4  -4   2   2  -1   2  -2   4  -2  -2  -4  -3   2    8   0   0   0   0   1   0   0   0  15  24   5   6   0  25   1   0   0   0  14  0.48 0.19
  352 S     2  -1   2   2  -3   0   2   1  -1  -4  -4   0  -3  -4  -2   2   0  -4  -3  -3   18   0  14  13   0   4  14   8   1   0   0   6   0   0   0  19   4   0   0   0  0.35 0.15
  353 D    -3  -2   0   7  -6   2   0  -4  -3  -5  -6  -3  -5  -6  -4  -2  -3  -6  -5  -5    1   1   1  85   0  10   1   0   0   0   0   0   0   0   0   1   0   0   0   0  1.75 0.46
  354 I    -3  -4  -5  -5  -3  -4  -4  -5  -5   5   2  -4   2   0  -4  -4  -2  -4  -2   3    0   0   0   0   0   0   0   0   0  47  23   0   4   3   0   0   0   0   0  23  0.80 0.27
  355 D    -1  -3   0   7  -5   0   0  -1  -3  -5  -5  -2  -4  -5  -3  -1   1  -6  -5  -4    5   0   1  69   0   4   3   3   0   0   0   0   0   0   0   3  11   0   0   0  1.19 0.36
  356 V    -1  -3  -4  -4  -3  -2  -3  -4   2   1   3  -3   1   0  -4  -3  -1  -2   3   3    4   0   0   0   0   1   0   0   6   4  35   0   3   2   0   0   2   0  13  29  0.44 0.20
  357 I    -2  -4  -5  -5  -3  -4  -5  -5  -4   5  -1  -4   0   4  -4  -4  -2   4   0   3    3   0   0   0   0   0   0   0   0  42   0   0   1  24   0   0   0   6   2  23  0.80 0.28
  358 E    -3  -2   3   2  -6   0   7  -4  -2  -5  -5  -1  -4  -5  -3  -2  -3  -5  -4  -5    0   0  14   9   0   0  77   0   0   0   0   0   0   0   0   0   0   0   0   0  1.42 0.43
  359 F     2  -3  -3  -4  -2  -3  -3  -3  -3   3   3  -3   4   1  -3  -2  -2  -3  -2   2   20   0   1   0   0   0   0   0   0  21  28   0  14   5   0   1   0   0   0  10  0.42 0.19
  360 H    -4  -3   7  -2  -5  -2  -2  -3   8  -6  -6  -3  -4  -4  -4  -2  -3  -5  -2  -5    0   0  55   0   0   0   0   0  45   0   0   0   0   0   0   0   0   0   0   0  1.88 0.50
  361 E    -2  -2  -1   3  -4   0   6  -3  -2  -4  -4  -1  -3  -4  -2  -2  -2  -4  -3  -3    1   1   1  15   0   1  73   1   0   1   1   1   0   1   1   1   1   0   0   1  1.15 0.32
  362 A     5  -3  -3  -3   5  -2  -2  -2  -3  -3  -3  -2  -2  -3  -2  -1  -2  -3  -3  -2   73   1   1   1  14   1   1   1   0   1   1   1   0   1   1   1   1   0   0   1  0.95 0.30
  363 F    -3  -4  -4  -4  -3  -4  -4  -4  -3  -2  -1  -4  -2   8  -4  -3  -1  -1   1  -2    1   1   1   1   0   1   1   1   0   1   1   1   0  84   1   1   4   0   0   1  1.64 0.38
  364 A     5  -2  -2  -2  -2  -2  -2   0  -3  -3  -3  -2  -2  -3  -2   3  -1  -3  -3  -2   62   1   1   1   0   0   1   4   0   1   1   1   0   0   1  25   1   0   0   1  0.75 0.28
  365 G     3  -2  -2  -2   0  -2  -2   0  -2   0  -2  -2  -1  -3   0   2   1  -3  -2   1   41   1   1   1   2   0   1   6   0   5   2   1   0   0   5  14   8   0   0  13  0.30 0.15
  366 Q    -2  -1   3  -2  -3   6   0  -3  -1  -2  -3   0  -2  -4  -3   0  -2  -3  -3   1    1   1  14   1   0  56   1   1   0   1   1   2   0   0   1   5   1   0   0  15  0.82 0.31
  367 V     1  -2  -1  -2  -1  -1   1   1  -2   0  -1  -1  -1  -1  -1   1   2  -3  -1   1   17   0   2   0   1   0  10  13   0   5   1   0   0   3   2  11  14   0   2  17  0.13 0.10
  368 L    -1  -3  -4  -4   1  -3  -3  -4  -4   1   5  -3   1   0  -3  -3  -1  -3  -2   0    5   0   0   0   3   0   1   1   0   7  70   0   1   2   0   1   3   0   0   5  0.67 0.24
  369 A     3  -2  -2  -3  -1  -2  -2  -1  -2   1   0  -2  -1  -1   2   0   0  -3   0   0   44   0   0   0   1   1   1   2   0   9  10   1   0   1  10   6   5   0   4   3  0.29 0.16
  370 N    -1  -2   4  -2   5  -2  -2  -1  -2  -1  -1  -2  -2   0  -3   1   2  -3  -2   1    3   1  25   1  16   0   1   3   0   1   3   1   0   4   1  10  13   0   0  17  0.33 0.17
  371 M     0  -1  -1  -1  -1   0  -1  -2  -1   1   1  -1   2   0   0  -1   0  -2   2   1    6   2   3   4   1   6   4   3   1  14  16   1   8   2   3   2   8   0  10   9  0.06 0.06
  372 R    -2   2   0  -1  -4   2   2  -1  -1  -2  -3   5  -2  -4  -2  -1  -2  -4  -3  -3    1  11   4   0   0  10  17   3   1   3   1  45   1   0   0   1   0   0   0   0  0.60 0.23
  373 A     2  -1  -1   3  -2   0   1   0  -2  -1   0   0   3  -2  -2  -1  -1  -3  -2  -1   20   2   1  19   1   4  13   5   0   4   9   6  13   0   0   2   0   0   0   1  0.19 0.13
  374 M    -2  -3  -3  -2  -3  -3  -3  -1  -3   1   4  -3   3   2  -3  -3  -2  -2  -1   0    1   0   0   3   0   0   0   7   0   3  62   0   7  10   0   1   0   0   0   3  0.57 0.22
  375 D     1  -2   1   2  -3  -1  -1   5  -1  -3  -3  -2  -3  -3  -2  -1  -1  -3  -3  -3   16   1   9  11   0   2   4  46   2   1   1   1   0   0   1   1   4   0   0   1  0.55 0.17
  376 S     0  -1  -1  -1   1  -1   0  -1  -1   0   1  -1   0   1  -1   2   0   3  -1   0    6   2   2   3   3   2   5   3   1   3  22   2   1   8   2  22   2   5   1   7  0.08 0.06
  377 S     0  -1   0   1   4   0   0   0  -1  -1   0   0   0  -1  -1   0   0  -1  -1  -1    9   3   2  11  12   2   8   9   1   2   9   5   3   2   3   4   6   1   2   5  0.07 0.03
  378 K     0   1   0   1  -2   0   1  -1  -1  -1  -1   1   0  -1   2   0  -1   1   0  -1    9   8   2   9   1   2  13   3   1   2   4  14   4   2  11   4   3   3   3   3  0.14 0.04
  379 W     1   0   0  -1  -1   0   0   0  -1  -1  -1   0  -1   2  -1   0   0   1   0   0   12   3   5   2   1   3   7   6   1   2   4   9   1  18   2   7   3   2   1   9  0.04 0.03
  380 F     2  -1  -1   0   0  -1  -1   2  -1   0  -1  -1   0   0  -1   0   0  -1  -1   0   24   2   2   5   2   2   3  16   1  10   5   3   3   5   2   3   3   1   2   4  0.07 0.04
  381 A     1   1   0   1  -1   2   1  -1  -1  -1  -1   1  -1  -1  -1   0   0  -1  -1  -1   13   8   5   7   1  12  11   3   1   5   4   6   1   2   2   6   7   1   1   3  0.10 0.03
  382 E     1   0   1   0  -1   0   1   1   0   0   0   0  -1  -1   0   0   0  -1  -1  -1   13   5   8   4   1   3  15  11   2   9   8   3   1   2   3   4   3   1   2   3  0.05 0.02
  383 N     0   0   0  -1  -1   0   0   1   1   0   0   0   0  -1   0   0   0  -1   0   1    7   3   5   3   2   5   6  11   4   4   7   9   1   2   3   4   6   1   4  15  0.01 0.01
  384 L     0   1  -1   1  -1   0   0  -1  -1   0   2   0   1  -1  -1   0   0  -1  -1   0    8   8   2  11   1   2   3   4   1   3  27   6   5   2   3   5   3   1   2   4  0.04 0.03
  385 P     0   1  -1  -1  -1   0  -1   3  -1  -1   0   0  -1  -1   1   0  -1  -1  -1  -1    7  12   2   3   1   2   3  26   1   5  10   4   1   2   6   4   3   1   2   3  0.12 0.03
  386 G     0   2   0  -1   1   0  -1   2  -1  -1  -1   0  -1   0  -1   0  -1  -1  -1  -1    9  18   5   3   4   3   3  17   1   3   8   4   1   4   3   4   3   1   2   6  0.07 0.03
  387 Q     0   0   1   2   1   0   0  -1  -1  -1  -1   0  -1  -1   0   1   0   1   0  -1    6   5   8  18   4   3   5   4   1   4   5   5   1   2   3  11   3   2   4   6  0.08 0.02
  388 D     0   1   2   1  -1   1   1   0   0  -1  -1   1  -1  -1   0   0   0  -1  -1  -1    9   9  12  12   1   8   6   5   2   3   5   6   1   2   3   6   4   1   2   3  0.10 0.02
  389 K     1   1  -1  -1  -1   0   0   0  -1  -1  -1   2  -1  -1   1   0   1  -1  -1   0   18   8   2   3   1   2   3   6   1   2   4  16   1   2   6   3  12   1   2   6  0.09 0.03
  390 L     0  -1   0  -1  -1   0   0  -1   0   1   1   0   1   0  -1   0   0  -1   2   0    9   2   5   2   1   2   5   3   2  10  14   5   4   3   2   6   6   1  11   7  0.02 0.02
  391 G     0   0  -1  -1  -1  -1  -1   3   0   0   0   0   0  -1  -1   0   0  -1  -1   0    4   5   2   2   2   2   3  30   2   5  10   5   1   2   2   3   5   1   1  11  0.11 0.04
  392 A     0   0   0   1  -2   0   2   2  -1  -2  -1   0  -1  -1   0   0  -1  -1   1  -1    6   6   5   6   1   2  19  19   1   2   5   4   1   2   5   4   2   1   7   3  0.13 0.05
  393 M     0  -2  -2   0  -2  -1  -2  -2  -2   3   1   1   1  -1   1  -1  -1  -1  -2   2    7   1   1   6   0   1   1   1   0  26  15  12   2   1   7   1   1   1   1  14  0.15 0.09
  394 R    -2  -2   0   5  -4  -2   0  -3  -2  -3  -3  -1   0  -3   3   0  -2   5   0  -2    3   2   3  43   0   0   4   1   0   1   1   1   3   0  17   5   1   9   3   2  0.70 0.22
  395 M     0  -1  -1   0  -2   0   0  -1  -1   0   0   0   3  -1   3  -1  -1  -2   0  -1   10   3   2   7   0   2   6   3   1   4  10   7  16   2  17   2   2   0   3   1  0.17 0.09
  396 E     0  -1   1   3  -3   0   3  -2  -2  -3  -3  -1  -3  -1  -1   3   0  -3  -3  -3    5   1   5  23   0   3  25   1   0   0   1   1   0   4   2  26   3   0   0   1  0.46 0.18
  397 I    -1   2  -2  -2  -3   0  -1  -3  -1   0  -2   5  -2  -3   0  -1  -2  -4  -3   0    4  11   0   0   0   3   0   0   1   7   3  54   0   0   3   3   0   0   0  10  0.55 0.24
  398 V    -2  -3  -4  -4  -2  -3  -3  -4  -4   3   1  -3   0   3  -3  -3  -1  -3  -1   4    1   0   0   0   0   0   1   1   0  18  10   0   0  15   0   1   2   0   0  49  0.59 0.22
  399 N    -3  -2   8  -1  -4  -2  -2  -2  -1  -5  -5  -2  -4  -4  -3   0  -2  -5  -4  -4    1   0  86   0   0   0   1   1   0   0   1   0   0   0   0   7   0   0   0   1  1.70 0.44
  400 P    -1  -2  -2  -3  -1  -2  -3  -3  -3   2   1  -2   1  -2   4  -1  -1  -3  -2   3    1   1   2   0   1   2   1   1   0   8  14   0   4   0  22   4   0   0   0  37  0.47 0.18
  401 H    -2  -1   5  -1  -3  -1  -2  -2   2  -3   0  -1  -1  -2  -3   2  -1   4   0  -3    0   3  39   2   0   0   1   0   6   0  12   2   1   0   0  21   0   8   3   0  0.54 0.24
  402 G    -2  -3  -2  -3  -4  -3  -3   7  -4  -5  -5   0  -4  -5  -4  -1  -3  -4  -4  -4    0   0   0   0   0   0   0  86   0   0   1   6   0   0   0   3   0   0   0   0  1.55 0.38
  403 G    -2  -4  -2  -3  -4  -3  -4   7  -4  -5  -5  -3  -4  -5  -4  -1  -1  -4  -5  -5    0   0   0   0   0   0   0  90   0   0   1   0   0   0   0   2   3   0   0   0  1.70 0.40
  404 S     5  -2  -2  -3  -2  -2  -2  -1  -3  -2   1  -1  -2  -3  -2   2  -1  -4  -3  -2   56   0   0   0   0   0   0   2   0   0  14   3   0   0   0  21   0   0   0   0  0.58 0.26
  405 L    -2  -3  -4  -4  -3  -3  -4  -4  -4   6   1  -1   0  -2  -4  -2  -2  -4  -3   2    0   0   0   0   0   0   0   0   0  65  12   5   1   0   0   3   0   0   0  10  0.80 0.28
  406 S     6  -3  -3  -3  -2  -2  -2  -2  -3  -3  -3  -2  -3  -4  -2   3  -1  -4  -3  -2   74   0   0   0   0   0   0   0   0   0   1   0   0   0   0  21   0   0   0   0  1.00 0.35
  407 I    -1  -1  -3  -4  -2  -2  -3  -4  -2   2   4   0   1  -1  -3  -2  -1  -2   3   0    3   3   0   0   0   0   0   0   0  14  47  10   3   0   0   2   3   0  12   2  0.37 0.18
  408 G    -2  -5  -3  -4  -5  -4  -4   7  -4  -6  -6  -4  -5  -6  -5  -3  -4  -5  -5  -6    0   0   0   0   0   0   0 100   0   0   0   0   0   0   0   0   0   0   0   0  2.12 0.49
  409 H    -5  -3  -2  -4  -6  -2  -3  -5  11  -6  -6  -4  -4  -4  -5  -4  -5  -5  -1  -6    0   0   0   0   0   0   0   0 100   0   0   0   0   0   0   0   0   0   0   0  3.13 0.68
  410 P    -2  -4  -4  -4  -5  -4  -3  -4  -4  -4  -1  -3  -4  -5   8   0  -3  -6  -5  -4    2   0   0   0   0   0   0   0   0   0   9   0   0   0  83   6   0   0   0   0  2.20 0.49
  411 F    -3  -4  -5  -5  -3  -4  -4  -5  -4   3   4  -4   0   4  -4  -4  -3  -2   1   1    0   0   0   0   0   0   0   0   0  23  50   0   0  18   0   0   0   0   5   4  0.75 0.26
  412 G     1  -4  -3  -3  -4  -4  -4   7  -4  -5  -5  -3  -4  -5  -4  -1  -3  -5  -5  -5   13   0   0   0   0   0   0  86   0   0   0   0   0   0   0   1   0   0   0   0  1.65 0.41
  413 A     5  -4  -4  -4   6  -3  -3  -1  -4  -3  -3  -3   3  -4  -3  -1  -2  -4  -4  -2   68   0   0   0  19   0   1   2   0   0   0   0   9   0   0   2   0   0   0   0  1.07 0.38
  414 T     1  -3  -2  -3  -3  -2  -2  -3  -3  -3  -3  -2  -3  -4  -3   4   5  -4  -3   0    9   0   0   0   0   0   0   0   0   0   0   0   0   0   0  47  39   0   0   6  0.85 0.34
  415 G    -2  -5  -3  -4  -5  -4  -4   7  -4  -6  -6  -4  -5  -6  -5  -3  -4  -5  -5  -6    0   0   0   0   0   0   0 100   0   0   0   0   0   0   0   0   0   0   0   0  2.12 0.49
  416 A     5  -3  -2  -3   3  -3  -3  -2  -3   0  -1  -3  -2  -3  -3   1   0  -4  -3   0   65   0   1   0   7   0   0   0   0   5   7   0   0   0   0   6   6   0   0   4  0.68 0.29
  417 R     1   7  -2  -3  -4   0  -2  -3  -2  -4  -3   0  -1  -4  -3  -2  -2  -4  -3  -3   17  74   0   0   0   2   0   0   0   0   1   1   1   0   0   0   0   0   0   0  1.17 0.34
  418 L    -2  -2  -3  -3   0   3  -2  -4  -3   4   2  -2   3  -1  -3  -3  -2  -3  -2   1    0   0   0   0   2  19   0   0   0  39  22   0  10   0   0   0   1   0   0   4  0.47 0.20
  419 V     0  -3  -3  -3   2  -2  -3  -3  -3   2   2  -3   1  -1  -3   1   1  -3  -1   3    8   0   0   0   6   0   0   0   0  16  20   0   2   2   0  12   8   0   1  25  0.26 0.13
  420 T     1  -3  -1  -2   0  -2   0   0  -3   0   0  -2   1  -3  -3  -1   4  -4  -3   2   16   0   1   0   2   0   6   8   0   2   6   0   4   0   0   0  34   0   0  21  0.29 0.17
  421 T    -1   1  -1  -2  -3   2   2  -3   3  -3  -3  -1  -2  -4  -3   1   4  -4  -2  -2    3   6   0   0   0  13  15   0  11   0   0   1   0   0   0   8  43   0   0   0  0.57 0.25
  422 A     0  -3  -4  -4  -2  -3  -3  -4  -4   1   4  -3   2  -1  -3  -2   1  -3  -2   2   11   0   0   0   0   0   0   0   0   4  58   0   4   0   0   2   9   0   0  13  0.52 0.21
  423 A     0  -3  -4  -4   4  -3  -4  -4  -3   1   4  -3   0   1  -4  -1  -1  -3   0   1   11   0   0   0  10   0   0   0   0   8  49   0   0   4   0   3   1   0   3  11  0.43 0.17
  424 N    -3   0   4  -1  -4  -2  -2  -2   6  -4  -2  -2  -3  -1  -2  -1   0   6   3  -4    0   4  29   1   0   0   0   2  27   0   3   0   0   1   1   4   6  12  10   0  0.76 0.26
  425 R     0   0  -1  -1  -3   3   4  -3  -1  -1   0  -1   0  -3  -3  -1   0  -3  -3   1    7   5   2   0   0  19  34   0   1   3  10   0   2   0   0   0   4   0   0  13  0.34 0.17
  426 L    -2  -4  -5  -5  -3  -3  -4  -5  -4   0   5  -4   6   0  -4  -4  -3  -3  -2  -1    1   0   0   0   0   0   0   0   0   0  70   0  26   2   0   0   0   0   0   0  1.04 0.32
  427 I    -1   3   0   0  -4   2   2  -3  -1  -2  -3   3  -2  -4  -2  -1   0  -3  -3  -2    5  24   3   2   0   8  18   0   1   2   0  27   0   0   0   0   7   0   0   1  0.45 0.16
  428 R    -1   4  -1  -1  -4   2   0   1   1  -3  -1   2  -2  -3  -3  -1  -2  -2  -2  -3    4  37   2   2   0  12   5  13   3   0   6  12   0   0   0   2   0   0   0   0  0.43 0.17
  429 E    -2   5  -1   0  -4   1   2  -3  -1  -3  -2   2  -1  -4  -1   0  -1  -4  -3  -2    0  42   2   3   0   3  19   0   1   0   2  16   1   0   2   4   2   0   0   3  0.57 0.20
  430 D     1  -2   1   4   0  -1  -1   4  -2  -4  -4  -1  -3  -2  -2   0  -2  -4  -3  -3   13   0   8  28   3   1   0  35   0   0   0   3   0   2   1   4   0   0   0   0  0.53 0.17
  431 G     1  -1  -2  -2  -1  -1  -2   5  -3  -3  -3   0  -1  -4  -3   0  -1   1  -3  -1   13   3   0   0   1   2   2  57   0   0   1   7   2   0   0   4   2   2   0   5  0.67 0.21
  432 R    -2   3  -1  -2  -4   3   0   2  -2  -4  -4   4  -3  -4  -2   0   1  -4  -3  -3    0  14   1   0   0  19   4  18   0   0   0  29   0   0   1   4  10   0   0   0  0.51 0.22
  433 F    -2   3  -3  -3  -3  -2  -2  -4  -1   1   1   1  -1   3  -3  -2  -1  -1   4   0    0  19   0   0   0   0   0   0   0   9  15   8   0  14   0   1   5   0  23   4  0.39 0.19
  434 A     2  -3  -2  -3  -4   2  -2   6  -3  -5  -5  -2  -4  -5  -3  -2  -3  -4  -4  -4   16   0   0   0   0  12   2  67   0   0   0   0   0   0   0   0   0   0   0   0  1.13 0.33
  435 L    -2  -4  -5  -5  -3  -4  -4  -5  -5   2   4  -4   0  -2  -4  -4  -2  -4  -3   5    0   0   0   0   0   0   0   0   0   5  49   0   0   0   0   0   0   0   0  46  0.93 0.32
  436 V     4  -3  -1  -3   1  -2   0  -1  -3   0  -2  -2  -2  -3  -3   0   1  -4  -3   1   54   0   3   0   3   0   5   3   0   6   1   0   0   0   0   3   9   0   0  14  0.44 0.21
  437 T     2  -3  -2  -3  -3  -2  -2   1  -3  -3  -3  -2  -3  -4  -3   3   5  -4  -3  -2   18   0   0   0   0   0   0   8   0   0   0   0   0   0   0  21  53   0   0   0  0.78 0.30
  438 A     2  -3  -4  -5  -3  -3  -4  -4  -4   2   3  -3   7  -2  -4  -3  -2  -3  -3   0   20   0   0   0   0   0   0   0   0  12  23   0  42   0   0   0   0   0   0   2  0.78 0.29
  439 C    -3  -6  -5  -5  11  -5  -1  -1  -5  -4  -4  -5  -4  -5  -5  -3  -3  -5  -5  -3    0   0   0   0  90   0   5   5   0   0   0   0   0   0   0   0   0   0   0   0  2.76 0.54
  440 A     1  -4   2  -3  -3  -3  -4  -1  -1   6  -1  -3  -1  -2  -4  -2  -2  -4  -3   1   14   0  13   0   0   0   0   3   2  61   0   0   0   0   0   2   0   0   0   5  0.64 0.26
  441 D     1  -4  -2  -2  -4  -3  -4   7  -4  -5  -5  -3  -4  -5  -4  -2  -3  -4  -5  -4   14   0   0   2   0   0   0  84   0   0   0   0   0   0   0   0   0   0   0   0  1.55 0.36
  442 G    -1  -4  -2  -3  -3  -3  -3   5  -4  -2   1  -3  -1  -3  -4  -1   0  -4  -4  -1    3   0   0   0   0   0   0  63   0   0  17   0   2   0   0   2   8   0   0   5  0.83 0.25
  443 G    -1  -4  -2  -3  -5  -4  -4   7  -4  -6  -6  -4  -5  -5  -4  -2  -4  -5  -5  -5    2   0   0   0   0   0   0  98   0   0   0   0   0   0   0   0   0   0   0   0  1.95 0.41
  444 I    -2  -1  -2  -3  -4   6  -1  -2   1  -1   0  -1   6  -3  -3  -2   0  -3  -3  -2    0   0   0   0   0  51   0   2   4   2   8   0  26   0   0   0   6   0   0   0  0.83 0.31
  445 G    -2  -4  -2  -3  -4  -4  -4   7  -4  -6  -6  -3  -5  -5  -4  -2  -4  -4  -5  -5    0   0   0   0   0   0   0 100   0   0   0   0   0   0   0   0   0   0   0   0  1.95 0.38
  446 H     2  -1   3  -1  -2  -1  -1   2   5  -3  -3  -1  -2  -3  -2   0  -1  -3  -1  -2   36   0  21   0   0   0   0  17  26   0   0   0   0   0   0   0   0   0   0   0  0.37 0.05
  447 R     4   2  -1  -2  -1  -1  -1  -1  -2  -2  -2   0  -1  -3  -1   1   2  -3  -2  -1   64  16   0   0   0   0   0   0   0   0   0   0   0   0   0   0  20   0   0   0  0.32 0.04
  448 A     5  -2  -2  -2  -1  -1  -1   0  -2  -2  -2  -1  -1  -3  -1   1   0  -3  -2   0  100   0   0   0   0   0   0   0   0   0   0   0   0   0   0   0   0   0   0   0  0.55 0.06
  449 D    -2  -2   1   6  -3   0   1  -1  -1  -3  -4  -1  -3  -3  -1   0  -1  -4  -3  -3    0   0   0   0   0   0   0   0   0   0   0   0   0   0   0   0   0   0   0   0  0.00     0.00
  450 E    -1   0   0   1  -4   2   5  -2   0  -3  -3   1  -2  -3  -1   0  -1  -3  -2  -2    0   0   0   0   0   0   0   0   0   0   0   0   0   0   0   0   0   0   0   0  0.00     0.00
  451 S     1  -1   1   0  -1   0   0   0  -1  -2  -2   0  -1  -2  -1   4   1  -3  -2  -2    0   0   0   0   0   0   0   0   0   0   0   0   0   0   0   0   0   0   0   0  0.00     0.00
  452 V     0  -2  -3  -3  -1  -2  -2  -3  -3   2   1  -2   1  -1  -2  -2   0  -3  -1   4    0   0   0   0   0   0   0   0   0   0   0   0   0   0   0   0   0   0   0   0  0.00     0.00
  453 G     0  -2   0  -1  -2  -2  -2   5  -2  -4  -4  -2  -3  -3  -2   0  -2  -2  -3  -3    0   0   0   0   0   0   0   0   0   0   0   0   0   0   0   0   0   0   0   0  0.00     0.00
  454 P    -1  -2  -2  -1  -3  -1  -1  -2  -2  -3  -3  -1  -2  -4   7  -1  -1  -4  -3  -2    0   0   0   0   0   0   0   0   0   0   0   0   0   0   0   0   0   0   0   0  0.00     0.00
  455 F    -2  -3  -3  -3  -2  -3  -3  -3  -1   0   0  -3   0   6  -4  -2  -2   1   3  -1    0   0   0   0   0   0   0   0   0   0   0   0   0   0   0   0   0   0   0   0  0.00     0.00
  456 G     0  -2   0  -1  -2  -2  -2   5  -2  -4  -4  -2  -3  -3  -2   0  -2  -2  -3  -3    0   0   0   0   0   0   0   0   0   0   0   0   0   0   0   0   0   0   0   0  0.00     0.00
  457 A     4  -1  -2  -2   0  -1  -1   0  -2  -1  -1  -1  -1  -2  -1   1   0  -2  -2   0    0   0   0   0   0   0   0   0   0   0   0   0   0   0   0   0   0   0   0   0  0.00     0.00
  458 T     0  -1   0  -1  -1  -1  -1  -2  -2  -1  -1  -1  -1  -2  -1   1   4  -2  -2   0    0   0   0   0   0   0   0   0   0   0   0   0   0   0   0   0   0   0   0   0  0.00     0.00
  459 G     0  -2   0  -1  -2  -2  -2   5  -2  -4  -4  -2  -3  -3  -2   0  -2  -2  -3  -3    0   0   0   0   0   0   0   0   0   0   0   0   0   0   0   0   0   0   0   0  0.00     0.00
  460 A     4  -1  -2  -2   0  -1  -1   0  -2  -1  -1  -1  -1  -2  -1   1   0  -2  -2   0    0   0   0   0   0   0   0   0   0   0   0   0   0   0   0   0   0   0   0   0  0.00     0.00

                      K         Lambda
Standard Ungapped    0.1320     0.3175
Standard Gapped      0.0465     0.2670
PSI Ungapped         0.1518     0.3174
PSI Gapped           0.0465     0.2670
