
Last position-specific scoring matrix computed, weighted observed percentages rounded down, information per position, and relative weight of gapless real matches to pseudocounts
            A   R   N   D   C   Q   E   G   H   I   L   K   M   F   P   S   T   W   Y   V   A   R   N   D   C   Q   E   G   H   I   L   K   M   F   P   S   T   W   Y   V
    1 G     0  -2   0  -1  -2  -2  -2   6  -2  -4  -4  -2  -3  -3  -2   0  -2  -2  -3  -3    0   0   0   0   0   0   0   0   0   0   0   0   0   0   0   0   0   0   0   0  0.00     0.00
    2 G     0  -2   0  -1  -2  -2  -2   6  -2  -4  -4  -2  -3  -3  -2   0  -2  -2  -3  -3    0   0   0   0   0   0   0   0   0   0   0   0   0   0   0   0   0   0   0   0  0.00     0.00
    3 P    -1  -2  -2  -1  -3  -1  -1  -2  -2  -3  -3  -1  -2  -4   7  -1  -1  -4  -3  -2    0   0   0   0   0   0   0   0   0   0   0   0   0   0   0   0   0   0   0   0  0.00     0.00
    4 L    -1  -2  -3  -4  -1  -2  -3  -4  -3   2   4  -2   2   0  -3  -2  -1  -2  -1   1    0   0   0   0   0   0   0   0   0   0   0   0   0   0   0   0   0   0   0   0  0.00     0.00
    5 S     1  -1   1   0  -1   0   0   0  -1  -2  -2   0  -1  -2  -1   4   1  -3  -2  -2    0   0   0   0   0   0   0   0   0   0   0   0   0   0   0   0   0   0   0   0  0.00     0.00
    6 T     0  -1   0  -1  -1  -1  -1  -2  -2  -1  -1  -1  -1  -2  -1   1   4  -2  -2   0    0   0   0   0   0   0   0   0   0   0   0   0   0   0   0   0   0   0   0   0  0.00     0.00
    7 A     4  -1  -2  -2   0  -1  -1   0  -2  -1  -1  -1  -1  -2  -1   1   0  -2  -2   0    0   0   0   0   0   0   0   0   0   0   0   0   0   0   0   0   0   0   0   0  0.00     0.00
    8 S     1  -1   1   0  -1   0   0   0  -1  -2  -2   0  -1  -2  -1   4   1  -3  -2  -2    0   0   0   0   0   0   0   0   0   0   0   0   0   0   0   0   0   0   0   0  0.00     0.00
    9 T     0  -1   0  -1  -1  -1  -1  -2  -2  -1  -1  -1  -1  -2  -1   1   4  -2  -2   0    0   0   0   0   0   0   0   0   0   0   0   0   0   0   0   0   0   0   0   0  0.00     0.00
   10 R    -1   5   0  -2  -3   1   0  -2   0  -3  -2   2  -1  -3  -2  -1  -1  -3  -2  -2    0   0   0   0   0   0   0   0   0   0   0   0   0   0   0   0   0   0   0   0  0.00     0.00
   11 T     0  -1   0  -1  -1  -1  -1  -2  -2  -1  -1  -1  -1  -2  -1   1   4  -2  -2   0    0   0   0   0   0   0   0   0   0   0   0   0   0   0   0   0   0   0   0   0  0.00     0.00
   12 G     0  -2   0  -1  -2  -2  -2   6  -2  -4  -4  -2  -3  -3  -2   0  -2  -2  -3  -3    0   0   0   0   0   0   0   0   0   0   0   0   0   0   0   0   0   0   0   0  0.00     0.00
   13 P    -1  -2  -2  -1  -3  -1  -1  -2  -2  -3  -3  -1  -2  -4   7  -1  -1  -4  -3  -2    0   0   0   0   0   0   0   0   0   0   0   0   0   0   0   0   0   0   0   0  0.00     0.00
   14 H    -2   0   1  -1  -3   0   0  -2   7  -3  -3  -1  -2  -1  -2  -1  -2  -2   2  -3    0   0   0   0   0   0   0   0   0   0   0   0   0   0   0   0   0   0   0   0  0.00     0.00
   15 R    -1   5   0  -2  -3   1   0  -2   0  -3  -2   2  -1  -3  -2  -1  -1  -3  -2  -2    0   0   0   0   0   0   0   0   0   0   0   0   0   0   0   0   0   0   0   0  0.00     0.00
   16 P    -1  -2  -2  -1  -3  -1  -1  -2  -2  -3  -3  -1  -2  -4   7  -1  -1  -4  -3  -2    0   0   0   0   0   0   0   0   0   0   0   0   0   0   0   0   0   0   0   0  0.00     0.00
   17 G     0  -2   0  -1  -2  -2  -2   6  -2  -4  -4  -2  -3  -3  -2   0  -2  -2  -3  -3    0   0   0   0   0   0   0   0   0   0   0   0   0   0   0   0   0   0   0   0  0.00     0.00
   18 L    -1  -2  -3  -4  -1  -2  -3  -4  -3   2   4  -2   2   0  -3  -2  -1  -2  -1   1    0   0   0   0   0   0   0   0   0   0   0   0   0   0   0   0   0   0   0   0  0.00     0.00
   19 D    -2  -2   1   6  -3   0   1  -1  -1  -3  -4  -1  -3  -3  -1   0  -1  -4  -3  -3    0   0   0   0   0   0   0   0   0   0   0   0   0   0   0   0   0   0   0   0  0.00     0.00
   20 V     0  -2  -3  -3  -1  -2  -2  -3  -3   3   1  -2   1  -1  -2  -2   0  -3  -1   4    0   0   0   0   0   0   0   0   0   0   0   0   0   0   0   0   0   0   0   0  0.00     0.00
   21 L    -1  -2  -3  -4  -1  -2  -3  -4  -3   2   4  -2   2   0  -3  -2  -1  -2  -1   1    0   0   0   0   0   0   0   0   0   0   0   0   0   0   0   0   0   0   0   0  0.00     0.00
   22 W    -2  -3  -4  -4  -2  -2  -3  -2  -2  -3  -2  -3  -1   1  -4  -3  -2  10   2  -3    0   0   0   0   0   0   0   0   0   0   0   0   0   0   0   0   0   0   0   0  0.00     0.00
   23 S     1  -1   1   0  -1   0   0   0  -1  -2  -2   0  -1  -2  -1   4   1  -3  -2  -2    0   0   0   0   0   0   0   0   0   0   0   0   0   0   0   0   0   0   0   0  0.00     0.00
   24 F    -2  -3  -3  -3  -2  -3  -3  -3  -1   0   0  -3   0   6  -4  -2  -2   1   3  -1    0   0   0   0   0   0   0   0   0   0   0   0   0   0   0   0   0   0   0   0  0.00     0.00
   25 C     0  -3  -3  -3   8  -3  -4  -2  -3  -1  -1  -3  -1  -2  -3  -1  -1  -2  -2  -1    0   0   0   0   0   0   0   0   0   0   0   0   0   0   0   0   0   0   0   0  0.00     0.00
   26 C     0  -3  -3  -3   8  -3  -4  -2  -3  -1  -1  -3  -1  -2  -3  -1  -1  -2  -2  -1    0   0   0   0   0   0   0   0   0   0   0   0   0   0   0   0   0   0   0   0  0.00     0.00
   27 P    -1  -2  -2  -1  -3  -1  -1  -2  -2  -3  -3  -1  -2  -4   7  -1  -1  -4  -3  -2    0   0   0   0   0   0   0   0   0   0   0   0   0   0   0   0   0   0   0   0  0.00     0.00
   28 C     0  -3  -3  -3   8  -3  -4  -2  -3  -1  -1  -3  -1  -2  -3  -1  -1  -2  -2  -1    0   0   0   0   0   0   0   0   0   0   0   0   0   0   0   0   0   0   0   0  0.00     0.00
   29 R    -1   5   0  -2  -3   1   0  -2   0  -3  -2   2  -1  -3  -2  -1  -1  -3  -2  -2    0   0   0   0   0   0   0   0   0   0   0   0   0   0   0   0   0   0   0   0  0.00     0.00
   30 A     4  -1  -2  -2   0  -1  -1   0  -2  -1  -1  -1  -1  -2  -1   1   0  -2  -2   0    0   0   0   0   0   0   0   0   0   0   0   0   0   0   0   0   0   0   0   0  0.00     0.00
   31 A     4  -1  -2  -2   0  -1  -1   0  -2  -1  -1  -1  -1  -2  -1   1   0  -2  -2   0    0   0   0   0   0   0   0   0   0   0   0   0   0   0   0   0   0   0   0   0  0.00     0.00
   32 A     4  -1  -2  -2   0  -1  -1   0  -2  -1  -1  -1  -1  -2  -1   1   0  -2  -2   0    0   0   0   0   0   0   0   0   0   0   0   0   0   0   0   0   0   0   0   0  0.00     0.00
   33 T     0  -1   0  -1  -1  -1  -1  -2  -2  -1  -1  -1  -1  -2  -1   1   4  -2  -2   0    0   0   0   0   0   0   0   0   0   0   0   0   0   0   0   0   0   0   0   0  0.00     0.00
   34 Y    -2  -2  -2  -3  -2  -1  -2  -3   2  -1  -1  -2  -1   3  -3  -2  -2   2   7  -1    0   0   0   0   0   0   0   0   0   0   0   0   0   0   0   0   0   0   0   0  0.00     0.00
   35 L    -1  -2  -3  -4  -1  -2  -3  -4  -3   2   4  -2   2   0  -3  -2  -1  -2  -1   1    0   0   0   0   0   0   0   0   0   0   0   0   0   0   0   0   0   0   0   0  0.00     0.00
   36 M    -1  -1  -2  -3  -1   0  -2  -3  -2   1   2  -1   5   0  -2  -1  -1  -1  -1   1    0   0   0   0   0   0   0   0   0   0   0   0   0   0   0   0   0   0   0   0  0.00     0.00
   37 T     0  -1   0  -1  -1  -1  -1  -2  -2  -1  -1  -1  -1  -2  -1   1   4  -2  -2   0    0   0   0   0   0   0   0   0   0   0   0   0   0   0   0   0   0   0   0   0  0.00     0.00
   38 K    -1   2   0  -1  -3   1   1  -2  -1  -3  -2   4  -1  -3  -1   0  -1  -3  -2  -2    0   0   0   0   0   0   0   0   0   0   0   0   0   0   0   0   0   0   0   0  0.00     0.00
   39 S     1  -1   1   0  -1   0   0   0  -1  -2  -2   0  -1  -2  -1   4   1  -3  -2  -2    0   0   0   0   0   0   0   0   0   0   0   0   0   0   0   0   0   0   0   0  0.00     0.00
   40 F    -2  -3  -3  -3  -2  -3  -3  -3  -1   0   0  -3   0   6  -4  -2  -2   1   3  -1    0   0   0   0   0   0   0   0   0   0   0   0   0   0   0   0   0   0   0   0  0.00     0.00
   41 A     4  -1  -2  -2   0  -1  -1   0  -2  -1  -1  -1  -1  -2  -1   1   0  -2  -2   0    0   0   0   0   0   0   0   0   0   0   0   0   0   0   0   0   0   0   0   0  0.00     0.00
   42 P    -1  -2  -2  -1  -3  -1  -1  -2  -2  -3  -3  -1  -2  -4   7  -1  -1  -4  -3  -2    0   0   0   0   0   0   0   0   0   0   0   0   0   0   0   0   0   0   0   0  0.00     0.00
   43 L    -1  -2  -3  -4  -1  -2  -3  -4  -3   2   4  -2   2   0  -3  -2  -1  -2  -1   1    0   0   0   0   0   0   0   0   0   0   0   0   0   0   0   0   0   0   0   0  0.00     0.00
   44 L    -1  -2  -3  -4  -1  -2  -3  -4  -3   2   4  -2   2   0  -3  -2  -1  -2  -1   1    0   0   0   0   0   0   0   0   0   0   0   0   0   0   0   0   0   0   0   0  0.00     0.00
   45 V     0  -2  -3  -3  -1  -2  -2  -3  -3   3   1  -2   1  -1  -2  -2   0  -3  -1   4    0   0   0   0   0   0   0   0   0   0   0   0   0   0   0   0   0   0   0   0  0.00     0.00
   46 L    -1  -2  -3  -4  -1  -2  -3  -4  -3   2   4  -2   2   0  -3  -2  -1  -2  -1   1    0   0   0   0   0   0   0   0   0   0   0   0   0   0   0   0   0   0   0   0  0.00     0.00
   47 L    -1  -2  -3  -4  -1  -2  -3  -4  -3   2   4  -2   2   0  -3  -2  -1  -2  -1   1    0   0   0   0   0   0   0   0   0   0   0   0   0   0   0   0   0   0   0   0  0.00     0.00
   48 A     4  -1  -2  -2   0  -1  -1   0  -2  -1  -1  -1  -1  -2  -1   1   0  -2  -2   0    0   0   0   0   0   0   0   0   0   0   0   0   0   0   0   0   0   0   0   0  0.00     0.00
   49 L    -1  -3  -3  -4  -1  -2  -3  -4  -3   2   3  -3   2   0  -3  -2  -1  -2  -1   3    0   0   0   0   0   0   0   0   0   0  50   0   0   0   0   0   0   0   0  50  0.32 0.00
   50 G     0  -3   0  -1  -3  -2  -2   6  -2  -4  -4  -2  -3  -3  -2   0  -2  -3  -3  -3    0   0   0   0   0   0   0 100   0   0   0   0   0   0   0   0   0   0   0   0  1.04 0.00
   51 P     0  -1   0  -1  -2  -1  -1  -1  -2  -3  -3  -1  -2  -3   6   3   0  -3  -2  -2    0   0   0   0   0   0   0   0   0   0   0   0   0   0  50  50   0   0   0   0  0.91 0.00
   52 L    -1  -3  -3  -4  -1  -2  -3  -4  -3   2   3  -3   2   0  -3  -2  -1  -2  -1   3    0   0   0   0   0   0   0   0   0   0  50   0   0   0   0   0   0   0   0  50  0.32 0.00
   53 A     4  -2  -2  -2   0  -1  -1   0  -2  -1  -2  -1  -1  -2  -1   1   0  -3  -2   0  100   0   0   0   0   0   0   0   0   0   0   0   0   0   0   0   0   0   0   0  0.41 0.00
   54 P    -1  -2  -3  -3  -2  -2  -2  -3  -3   0   2  -2   1  -1   6  -2  -1  -3  -2   0    0   0   0   0   0   0   0   0   0   0  50   0   0   0  50   0   0   0   0   0  0.80 0.00
   55 V     3  -2  -2  -3  -1  -2  -2  -1  -2   1   0  -2   0  -2  -2   0   0  -3  -2   3   50   0   0   0   0   0   0   0   0   0   0   0   0   0   0   0   0   0   0  50  0.21 0.00
   56 E    -1   0   0   2  -4   2   5  -2   0  -3  -3   1  -2  -3  -1   0  -1  -3  -2  -3    0   0   0   0   0   0 100   0   0   0   0   0   0   0   0   0   0   0   0   0  0.74 0.00
   57 S     0  -1   1   4  -2   0   1  -1  -1  -3  -3   0  -2  -3  -1   3   0  -4  -2  -2    0   0   0  50   0   0   0   0   0   0   0   0   0   0   0  50   0   0   0   0  0.49 0.00
   58 K    -1   1   0   1  -4   2   4  -2   0  -3  -3   3  -2  -3  -1   0  -1  -3  -2  -3    0   0   0   0   0   0  50   0   0   0   0  50   0   0   0   0   0   0   0   0  0.50 0.00
   59 Q     0   1   0   0  -1   4   1  -1   0  -1  -1   1   0  -1   0   0   0  -1  -1  -1    4   3   2   3   1  52   3   4   1   3   5   3   1   2   3   4   3   1   2   3  0.23 0.00
   60 L    -1  -1  -1  -1  -1  -1  -1  -1  -1   1   3  -1   1   0  -1  -1   0  -1  -1   0    4   3   2   3   1   2   3   4   1   3  55   3   1   2   3   4   3   1   2   3  0.09 0.00
   61 K    -1   2   0  -1  -3   1   1  -2  -1  -3  -3   5  -1  -3  -1   0  -1  -3  -2  -2    0   0   0   0   0   0   0   0   0   0   0 100   0   0   0   0   0   0   0   0  0.52 0.00
   62 E     0  -1   0   1  -2   1   4  -2  -1  -2  -2   0  -1  -3  -1   1   3  -3  -2  -1    0   0   0   0   0   0  50   0   0   0   0   0   0   0   0   0  50   0   0   0  0.40 0.00
   63 G     0  -3   0  -1  -3  -2  -2   6  -2  -4  -4  -2  -3  -3  -2   0  -2  -3  -3  -3    0   0   0   0   0   0   0 100   0   0   0   0   0   0   0   0   0   0   0   0  1.04 0.00
   64 L     3  -2  -2  -3  -1  -2  -2  -1  -2   0   2  -2   1  -1  -2   0  -1  -2  -2   0   50   0   0   0   0   0   0   0   0   0  50   0   0   0   0   0   0   0   0   0  0.20 0.00
   65 S     0  -1   1   4  -2   0   1  -1  -1  -3  -3   0  -2  -3  -1   3   0  -4  -2  -2    0   0   0  50   0   0   0   0   0   0   0   0   0   0   0  50   0   0   0   0  0.49 0.00
   66 G    -1  -2  -2  -2  -2  -2  -3   4  -3   0   2  -2   1  -1  -3  -1  -1  -2  -2  -1    0   0   0   0   0   0   0  50   0   0  50   0   0   0   0   0   0   0   0   0  0.36 0.00
   67 R    -1   4  -2  -2  -2   0  -1  -3  -1   1   0   1   0  -2  -2  -1  -1  -3  -2   2    0  50   0   0   0   0   0   0   0   0   0   0   0   0   0   0   0   0   0  50  0.26 0.00
   68 I    -1  -3  -3  -3  -1  -3  -3  -4  -3   4   1  -3   1  -1  -3  -2   0  -3  -1   4    0   0   0   0   0   0   0   0   0  46   0   0   0   0   0   0   0   0   0  54  0.35 0.00
   69 A     3  -1   0  -1  -1   0   0   0  -1  -2  -2   0  -1  -2  -1   3   1  -3  -2  -1   46   0   0   0   0   0   0   0   0   0   0   0   0   0   0  54   0   0   0   0  0.35 0.00
   70 D    -2  -2   1   6  -4   0   2  -2  -1  -3  -4  -1  -3  -4  -2   0  -1  -5  -3  -3    0   0   0 100   0   0   0   0   0   0   0   0   0   0   0   0   0   0   0   0  0.99 0.02
   71 A     3  -2  -2  -3  -1  -1  -2  -1  -2   0   2  -1   1  -1  -2   0  -1  -2  -2   0   62   0   0   0   0   0   0   0   0   0  38   0   0   0   0   0   0   0   0   0  0.23 0.01
   72 K    -1   2   0   0  -4   2   3  -2  -1  -3  -3   4  -2  -3  -1   0  -1  -3  -2  -3    0   0   0   0   0   0  32   0   0   0   0  68   0   0   0   0   0   0   0   0  0.50 0.02
   73 L    -1   0  -2  -2  -2   0  -1  -3  -2   1   3   2   1  -1  -2  -2  -1  -2  -1   0    0   0   0   0   0   0   0   0   0   0  62  38   0   0   0   0   0   0   0   0  0.22 0.01
   74 K    -1   2   0  -1  -3   1   1  -2  -1  -3  -3   5  -2  -3  -1   0  -1  -3  -2  -3    0   0   0   0   0   0   0   0   0   0   0 100   0   0   0   0   0   0   0   0  0.57 0.02
   75 L    -2  -2  -4  -4  -1  -2  -3  -4  -3   2   4  -3   2   0  -3  -3  -1  -2  -1   1    0   0   0   0   0   0   0   0   0   0 100   0   0   0   0   0   0   0   0   0  0.49 0.02
   76 L    -2  -3  -4  -4  -1  -3  -3  -4  -3   4   3  -3   1   0  -3  -3  -1  -2  -1   2    0   0   0   0   0   0   0   0   0  70  30   0   0   0   0   0   0   0   0   0  0.38 0.01
   77 L    -1  -1   0   4  -2  -1   0  -1  -1   0   1  -1   0  -1  -1  -1  -1  -2  -1  -1    2   2   1  40   1   1   2   2   1   2  33   2   1   1   2   2   2   0   1   2  0.17 0.00
   78 L    -1   0  -1  -1  -2   3   0  -2   0   0   2   0   1  -1  -1  -1  -1  -1  -1   0    2   2   1   2   1  39   2   2   1   2  33   2   1   1   2   2   2   0   1   2  0.14 0.01
   79 V    -1  -1  -2  -2  -1  -1  -2  -2  -2   2   2  -1   1   0  -1  -1   0  -1  -1   2    2   2   1   2   1   1   2   2   1   2  41   2   1   1   2   2   2   0   1  33  0.13 0.00
   80 P    -1  -2  -2  -1  -2  -1  -1  -2  -1  -1  -1  -1  -1   4   5  -1  -1   0   1  -1    2   2   1   2   1   1   2   2   1   2   3   2   1  39  32   2   2   0   1   2  0.45 0.01
   81 S     0  -2   1   3  -2  -1   0   4  -2  -3  -4  -1  -3  -3  -2   2   0  -3  -3  -3    0   0   0  32   0   0   0  38   0   0   0   0   0   0   0  30   0   0   0   0  0.47 0.01
   82 M     2  -1  -1  -2  -1  -1  -1  -1  -2   0   0  -1   3  -1  -2   1   3  -2  -2   0   32   0   0   0   0   0   0   0   0   0   0   0  30   0   0   0  38   0   0   0  0.21 0.01
   83 P    -2  -2  -1   4  -3  -1   0  -2  -2  -1   1  -1   0  -2   5  -1  -1  -3  -2  -1    0   0   0  38   0   0   0   0   0   0  32   0   0   0  30   0   0   0   0   0  0.51 0.01
   84 Y    -2   3  -2  -3  -2  -1  -2  -3   0   2   0   0   0   1  -3  -2  -1   0   4   0    0  38   0   0   0   0   0   0   0  32   0   0   0   0   0   0   0   0  30   0  0.26 0.01
   85 G     0  -3  -1  -2  -3  -2  -2   6  -2  -4  -4  -2  -3  -3  -2   0  -2  -3  -3  -3    0   0   0   0   0   0   0 100   0   0   0   0   0   0   0   0   0   0   0   0  1.08 0.02
   86 A     2  -2  -3  -3  -1  -2  -2  -2  -3   2   2  -2   1   0  -2  -1  -1  -2  -1   1   30   0   0   0   0   0   0   0   0  32  38   0   0   0   0   0   0   0   0   0  0.20 0.01
   87 P    -1   1  -1  -1  -3   3   1  -2  -1  -3  -3   3  -1  -4   5   0  -1  -3  -2  -3    0   0   0   0   0  32   0   0   0   0   0  38   0   0  30   0   0   0   0   0  0.64 0.01
   88 A     4  -2  -1  -2  -1  -1  -1   3  -2  -2  -2  -1  -2  -3  -1   1  -1  -3  -2  -1   68   0   0   0   0   0   0  32   0   0   0   0   0   0   0   0   0   0   0   0  0.44 0.01
   89 T    -1   3   0  -1  -2   0  -1  -2  -1  -1  -2   0  -1  -3  -2   1   4  -3  -2  -1    0  32   0   0   0   0   0   0   0   0   0   0   0   0   0   0  68   0   0   0  0.39 0.02
   90 N     0  -1   3   0  -2  -1  -1   3  -1  -3  -3  -1  -2  -3  -2   2   0  -3  -2  -3    0   0  30   0   0   0   0  32   0   0   0   0   0   0   0  38   0   0   0   0  0.44 0.01
   91 A     3   0  -1   0  -2   1   2  -1  -1  -2  -2   2  -1  -3  -1   1   0  -3  -2  -1   50   0   0   0   0   0  27   0   0   0   0  23   0   0   0   0   0   0   0   0  0.30 0.02
   92 T     0  -1   0  -1  -1  -1  -1  -2  -2  -2  -2  -1  -1  -3  -1   3   5  -3  -2  -1    0   0   0   0   0   0   0   0   0   0   0   0   0   0   0  37  63   0   0   0  0.56 0.10
   93 I     4  -2  -2  -3  -1  -2  -2  -1  -3   1   0  -2  -1  -2  -2   0  -1  -3  -2   1   66   0   0   0   0   0   0   0   0   8   9   0   0   0   0   0   0   0   0  14  0.37 0.12
   94 P     0   0   0  -1  -2  -1  -1   0  -2  -3  -3   1  -2  -3   1   4   2  -3  -2  -2    0   5   0   0   0   0   0   5   0   0   0   8   0   0   8  59  12   0   0   0  0.43 0.12
   95 P     0  -1  -1  -1  -2  -1  -1  -2  -2  -2  -3  -1  -2  -3   5   4   0  -4  -3   0    0   3   0   0   0   0   0   0   0   0   0   0   0   0  34  51   0   0   0   8  0.71 0.14
   96 D    -2  -1   0   5  -4   0   4  -2  -1  -4  -4   1  -3  -4  -2  -1  -2  -4  -3  -3    0   0   0  48   0   0  39   0   0   0   0   8   0   0   0   0   0   0   0   0  0.79 0.14
   97 E    -1  -1   0   2  -2   3   1  -2  -1  -1  -2   1  -1  -3  -2   0   2  -3  -2   0    0   0   0  18   0  26   8   0   0   0   0   8   0   0   0   0  23   0   0  14  0.28 0.09
   98 A     0   5  -1  -2  -3   2   0  -3   2  -2   0   2  -1  -3  -3  -1  -2  -3  -2  -2    7  48   0   0   0  10   3   0   8   0  16   7   0   0   0   0   0   0   0   0  0.43 0.11
   99 V     2  -1   1  -1  -2  -1   0   0  -2  -1   0   0  -1  -2  -2   1   1  -3  -2   0   35   0   8   0   0   0   7   4   0   0  10   8   0   0   0   9   7   0   0  10  0.14 0.06
  100 Q    -2   2  -1   2  -4   2   5  -3  -1   0  -1   0  -2  -3  -2  -1  -2  -4  -3  -2    0  16   0   8   0   7  55   0   0   9   5   0   0   0   0   0   0   0   0   0  0.51 0.13
  101 I     0  -3  -4  -4  -2  -3  -3  -4  -4   5   1  -3   0  -1  -3  -2  -1  -3  -2   4   11   0   0   0   0   0   0   0   0  53   0   0   0   0   0   0   0   0   0  37  0.53 0.14
  102 E     0  -1   0   2  -3   0   4   0  -1  -1  -1  -1  -1  -3  -2   1  -1  -3  -2   0    8   0   5  10   0   0  43   6   0   0   8   0   0   0   0  10   0   0   0  11  0.28 0.09
  103 V    -1  -1  -1   1  -3   3   4   0  -1  -2  -2   0  -2  -3  -2   0  -1  -3  -2   1    0   0   0   6   0  18  43   7   0   0   0   0   0   0   0   8   0   0   0  18  0.38 0.11
  104 A     2  -3  -3  -4  -2  -2  -3  -2  -3   0   3  -2   1   0  -3  -1  -1  -2  -2   1   32   0   0   0   0   0   0   0   0   0  56   0   0   4   0   0   0   0   0   8  0.36 0.11
  105 A     2  -3  -3  -3  -1  -2  -3  -2  -3   3   1  -2   0  -1  -2  -1  -1  -3  -2   3   33   0   0   0   0   0   0   0   0  27   9   0   0   0   0   0   0   0   0  31  0.32 0.10
  106 A     1   1   1  -1  -2   0  -1   0  -2  -1  -2   2  -1  -3  -2   0   3  -3  -2   0   11  10   7   0   0   0   0   8   0   0   0  23   0   0   0   0  32   0   0   9  0.23 0.09
  107 M    -1   0  -1  -1  -3   5   2  -3  -1  -1   0   1   1  -3  -2  -1   1  -3  -2   0    0   0   0   0   0  43  16   0   0   0   7  10   7   0   0   0   9   0   0   8  0.38 0.12
  108 L    -2  -3  -4  -4  -2  -3  -4  -4  -4   1   5  -3   1   0  -4  -3  -2  -3  -2   2    0   0   0   0   0   0   0   0   0   0  81   0   0   0   0   0   0   0   0  19  0.67 0.15
  109 E    -2  -1  -1   1  -5   2   6  -3  -1  -4  -4   0  -3  -4  -2  -1  -2  -4  -3  -4    0   0   0   0   0   8  92   0   0   0   0   0   0   0   0   0   0   0   0   0  1.16 0.22
  110 S     3  -1  -1  -2   3  -1  -1   2  -2  -2  -3   0  -2  -3  -2   2   1  -3  -3  -2   36   0   0   0   7   0   0  17   0   0   0   8   0   0   0  23   7   0   0   0  0.34 0.09
  111 L     0   1  -2  -2  -2  -1  -1  -2  -1   0   1   2   0   1  -2  -1   0  -2   2   0   11  11   0   0   0   0   0   0   0   0  22  24   0   9   0   0   4   0   8  10  0.12 0.06
  112 A     0  -2   6   0   3  -1   1   1  -1  -4  -4  -1  -3  -4  -3   0  -1  -4  -3  -3    7   0  69   0   8   0   8   7   0   0   0   0   0   0   0   0   0   0   0   0  0.77 0.17
  113 P    -1  -2  -2  -2  -3  -2  -2   2  -2  -3  -3  -2  -3  -3   7  -1  -2  -3  -3  -3    1   1   1   1   0   1   1  18   0   1   1   1   0   1  68   1   1   0   1   1  1.38 0.15
  114 A     0  -2   1  -1  -2  -1  -2   1  -2   0  -1  -1  -1  -2  -2   0   4  -3  -2   1    8   0  10   0   0   0   0  10   0   8   1   0   0   0   0   1  51   0   0   9  0.30 0.10
  115 Q    -1   0  -1  -1  -3   3   1  -2  -2  -3  -3   2  -2  -4   6  -1  -1  -3  -3  -3    1   0   0   0   0  19  10   1   0   0   1  19   0   0  47   1   0   0   0   0  0.94 0.13
  116 H     3  -1   1   0  -2   0   4  -1   2  -3  -3   0  -2  -3  -2   0  -1  -3  -2  -2   39   0   8   0   0   0  40   1   7   0   1   0   0   0   0   1   0   0   0   0  0.40 0.11
  117 V    -2  -3  -3  -2  -3  -2  -2  -3  -3   0  -2  -2  -2  -3   8  -2  -2  -4  -3   0    1   0   0   0   0   0   0   1   0   9   1   0   0   0  77   1   0   0   0   8  1.60 0.18
  118 A     0  -1  -1   1  -1  -1  -1   1  -1   0   0  -1   0  -1  -1   0   2  -2  -1   1   10   2   2  11   1   2   2  10   1   2   7   2   1   1   2   3  18   0   1  23  0.06 0.02
  119 A     1   0   0   0  -1   0   0   1  -1  -1  -1   0  -1  -1   3   0   0  -1  -1  -1   12   4   3   4   1   3   4  13   2   4   6   4   2   3  20   5   4   1   2   4  0.18 0.01
  120 M     0   0   0   0  -1   0   1  -1  -1   0   0   0   1  -1   0   0   0  -1   0   1    5   4   3   4   1   3  12   5   2   4   6   4   9   3   4   5   4   1   2  21  0.02 0.01
  121 I     0  -1   0   1  -1   0   0  -1  -1   1   1   0   0   0   0   0   0  -1  -1   0    5   3   3  11   1   3   4   5   1  11  24   4   2   3   4   5   4   1   2   4  0.01 0.00
  122 A     0   0   0   1  -1   0   0   0  -1  -1   0   1   0  -1   0   0   0  -1  -1   0   12   3   3  11   1   3   4   5   1   3  14  14   2   3   4   5   4   1   2   4  0.03 0.00
  123 S     0   0   1   0  -1   0   0  -1  -1  -1  -1   1  -1  -2  -1   2   3  -1  -1  -1    3   2   7   2   1   2   3   3   1   2   4  10   1   2   2  20  32   1   1   3  0.18 0.04
  124 D    -1  -1   0   4  -2   1   4  -1  -1  -2  -2   0  -2  -2  -1   0  -1  -2  -2  -2    3   2   1  29   1   6  37   2   1   2   3   2   1   1   2   2   2   0   1   2  0.41 0.06
  125 G     2  -1   1   2  -1   0   1   1  -1  -2  -2   1  -1  -2  -1   0  -1  -2  -2  -1   34   1   8  17   1   1   6   9   1   1   2  10   1   1   1   2   2   0   1   2  0.18 0.04
  126 S    -1  -1   1  -1  -1  -1  -1  -1  -1   0   2  -1   0  -1   2   1   0  -2  -1   0    2   1   9   1   1   1   2   2   1   1  37   2   1   1  12  17   6   0   1   2  0.15 0.04
  127 P    -1  -1   0   3  -2   0   1  -1   1  -2  -2  -1  -1   1   3   0   1  -2  -1  -2    2   1   1  21   1   1   8   2   5   1   2   2   1  12  17   7  13   0   1   2  0.24 0.04
  128 V    -2  -1  -3  -3  -2  -2  -2  -3  -3   1   4   1   1  -1  -3  -2  -1  -2  -2   1    1   0   0   0   0   0   0   1   0   0  70  17   0   0   0   1   0   0   0   8  0.39 0.11
  129 I    -2  -3  -4  -4  -2  -3  -4  -5  -4   4   4  -3   1   0  -4  -3  -2  -3  -2   2    0   0   0   0   0   0   0   0   0  36  59   0   0   0   0   0   0   0   0   5  0.60 0.13
  130 N    -1  -1   5   3  -3   1   1   0  -1  -3  -3  -1  -3   1  -3   0  -1  -3  -2  -3    4   0  48  16   0   7   8   7   0   0   0   0   0   8   0   0   0   0   0   0  0.50 0.12
  131 G     0  -3  -1  -2  -3  -3  -3   7  -3  -5  -5  -3  -4  -4  -3  -1  -3  -4  -4  -4    3   0   0   0   0   0   0  97   0   0   0   0   0   0   0   0   0   0   0   0  1.45 0.20
  132 S    -1   2   2   1   2   0   0  -2  -1  -3  -3   4  -2  -4  -2   1   1  -4  -3  -3    0  11  15   8   7   0   0   0   0   0   0  42   0   0   0   7   9   0   0   0  0.38 0.10
  133 W    -4  -4  -5  -6  -4  -4  -5  -4  -4  -4  -3  -5  -3   0  -5  -4  -4  12   1  -5    0   0   0   0   0   0   0   0   0   0   0   0   0   0   0   0   0 100   0   0  3.49 0.37
  134 R    -2   4  -2  -2  -3   0   2  -3  -2   3  -1   1  -1  -2  -3  -2  -1  -3  -2   1    0  32   0   0   0   0  18   0   0  32   0   7   0   0   0   0   0   0   0  11  0.30 0.11
  135 L    -2  -3  -4  -5  -2  -3  -4  -5  -4   1   5  -3   1   0  -4  -3  -2  -3  -2   1    0   0   0   0   0   0   0   0   0   0  92   0   0   0   0   0   0   0   0   8  0.77 0.17
  136 I     1  -2  -3  -3  -2   1  -2  -3  -3   3   2  -2   2  -1  -3  -1  -1  -3  -2   2   22   0   0   0   0   9   0   0   0  29  18   0   8   0   0   0   0   0   0  13  0.22 0.08
  137 Y    -3  -3  -3  -4  -4  -3  -3  -4   1  -2  -2  -3  -2   3  -4  -3  -3   1   8  -2    0   0   0   0   0   0   0   0   0   0   0   0   0   8   0   0   0   0  92   0  1.61 0.26
  138 S    -1  -2  -1  -2  -2  -1  -2  -2  -2  -2  -2  -1  -2  -3  -2   3   6  -4  -3  -1    0   0   0   0   0   0   0   0   0   0   0   0   0   0   0  22  78   0   0   0  0.81 0.20
  139 T     2  -2  -1  -1  -2  -1  -1  -1  -2  -2  -3  -1  -2  -3  -2   4   4  -3  -2  -1   15   0   0   0   0   0   0   0   0   0   0   0   0   0   0  49  35   0   0   0  0.55 0.15
  140 A     2  -2  -2  -3  -2  -2  -2  -2  -2   0   1  -2   0   2   3   1  -1  -2   1   0   24   0   0   0   0   0   0   0   0   7  21   0   0  13  16  14   0   0   4   0  0.23 0.07
  141 G     1  -2  -1  -2  -2  -2  -2   3  -2  -2  -2  -2  -2   4   2   1   0  -2   0  -2   13   0   0   0   0   0   0  23   0   0   0   0   0  29   9  19   7   0   0   0  0.31 0.09
  142 E     0  -2  -1   1  -3   0   2   1  -2  -2  -3  -1  -2  -3   4   1   1  -4  -3  -1    5   0   0   9   0   4  22  11   0   0   0   0   0   0  21  12   8   0   0   7  0.37 0.07
  143 I     0  -3  -3  -3  -2  -2  -3   0  -3   2   3  -3   1  -1  -3  -1  -1  -3  -2   1    8   0   0   0   0   0   0   8   0  17  50   0   0   0   0   7   0   0   0   9  0.27 0.08
  144 T    -1   0  -2  -3  -2  -2  -2  -3  -2   1   3  -2   1   1  -3   1   0  -2   2   1    0   7   0   0   0   0   0   0   0   3  43   0   0   6   0  16   7   0   8   9  0.18 0.07
  145 R     1   2  -1  -2  -2   1  -1   0  -1  -3  -3   1  -2  -4   4   2  -1  -3  -3  -2   13  15   0   0   0  10   0   5   0   0   0   7   0   0  26  24   0   0   0   0  0.48 0.09
  146 L     2   3  -2  -3  -2  -1  -2  -2  -2   1   2  -1   0  -2  -2   0  -1  -3  -2   0   28  24   0   0   0   0   0   0   0  13  28   0   0   0   0   8   0   0   0   0  0.19 0.09
  147 T    -1   1  -1  -1  -2   1   0   1  -2  -1   0   1  -1  -2   1   0   1  -3  -2   0    0   8   0   0   0   8   5  15   0   0  15  10   0   0   7   9  15   0   0   8  0.11 0.04
  148 T     1   2   0  -2  -2   0  -1   1  -2   1  -1   2  -1  -2  -2   1   1  -3  -2  -1   11  17   5   0   0   0   0  11   0  19   0  17   0   0   0   9  10   0   0   0  0.14 0.06
  149 L     0  -2  -2  -2  -2  -2  -1   0  -2   1   3  -2   1  -1  -2  -1   0  -2  -2   1    8   1   0   1   0   0   4   9   0   1  52   1   0   0   1   3   9   0   0  11  0.18 0.07
  150 P    -2   0  -2  -2  -4   0  -2   2  -3  -4  -3  -1  -3   1   7  -2  -2  -3  -2  -3    0   8   0   0   0   5   0  19   0   0   0   0   0   8  60   0   0   0   0   0  1.18 0.16
  151 A     1   1  -1  -2  -2   1  -1  -2  -2   0   2  -1   0  -1  -2   0   1  -2  -2   0   12  10   0   0   0   9   1   1   0   0  39   1   0   0   0   7  16   0   0   1  0.14 0.06
  152 G     0  -2  -2  -2  -2  -2  -2   2  -2  -1   0  -2  -1   4  -2  -1   0  -1   1  -1    9   1   1   1   0   1   1  24   0   1  10   1   0  36   1   1   8   0   1   1  0.24 0.06
  153 F    -2  -3  -4  -4  -2  -3  -3  -4  -3   1   2  -3   0   4  -3  -3  -1  -1   0   3    0   0   0   0   0   0   0   0   0   3  26   0   0  29   0   0   0   0   0  40  0.43 0.11
  154 V    -1   3  -1   1  -3   2   0  -2  -1  -2  -3   4  -2  -3  -2   0   0  -4  -2  -1    0  15   0   8   0   9   0   0   0   0   0  46   0   0   0   7   7   0   0   7  0.39 0.10
  155 L    -1  -3  -3  -3  -2  -2  -3  -3  -3   1   2  -3   0  -1  -3   0   1  -3  -2   4    0   0   0   0   0   0   0   0   0   0  26   0   0   0   0  10   8   0   0  56  0.37 0.12
  156 G    -1  -1  -1   3  -3  -1   1   3  -2  -1  -1   1  -2   0  -2  -1  -2  -3  -2  -2    0   0   0  24   0   0  11  31   0   5   5  15   0   8   0   0   0   0   0   0  0.30 0.08
  157 P    -1  -1  -1   1  -3   3   4  -2  -1  -3  -3   1  -2  -4   1   1   2  -3  -3  -2    0   0   0   7   0  16  40   0   0   0   0   4   0   0   7   7  18   0   0   0  0.48 0.11
  158 V    -1  -3   1  -3  -2  -3  -3  -4  -3   4   1  -3   2  -1  -3  -2  -1  -3  -2   3    0   0  10   0   0   0   0   0   0  43   7   0   8   0   0   0   0   0   0  32  0.40 0.11
  159 Y    -1  -2  -1  -2  -2  -2  -2  -2  -1   0   0  -2  -1   4  -3   3  -1  -1   4  -1    0   0   0   0   0   0   0   0   0   8   7   0   0  25   0  43   0   0  17   0  0.35 0.12
  160 Q    -2   0  -1  -2  -4   8   1  -3  -1  -4  -3   0  -2  -5  -3  -1  -2  -3  -3  -4    0   0   0   0   0 100   0   0   0   0   0   0   0   0   0   0   0   0   0   0  1.41 0.28
  161 P     0   1  -1   1   2   1   0  -2  -2  -2  -2   1  -2  -3   1   1   3  -3  -2  -2    8   7   0   8   5   7   4   0   0   0   0   9   0   0   7  12  31   0   0   0  0.26 0.07
  162 I    -2  -4  -4  -4  -2  -4  -4  -5  -4   6   1  -4   0   2  -4  -3  -2  -3  -1   2    0   0   0   0   0   0   0   0   0  83   0   0   0   9   0   0   0   0   0   8  0.75 0.18
  163 D    -2  -2   2   6  -4  -1   2  -2  -1  -4  -4  -1  -3  -4  -2  -1  -2  -4  -3  -3    1   0  10  73   0   0  10   1   0   0   1   0   0   0   0   1   0   0   0   1  0.97 0.15
  164 L     0  -2  -1  -2   3  -1  -1  -2  -2   1   0  -1   1  -1  -1   2   2  -2  -2   1    1   1   1   1   9   1   1   1   0   8   9   1   6   1   1  29  16   0   1  13  0.15 0.05
  165 A     1   1   1   3  -2   0   2  -1  -1  -2  -2   0  -2   0  -1   0  -1  -2  -1  -2   16  10   9  26   0   1  17   1   0   1   1   4   0   8   1   1   1   0   1   1  0.23 0.05
  166 N     1  -1   3   1  -2  -1  -1   0  -1  -3  -3  -1  -2  -2  -2   2   1  -2   1  -2    9   0  25   9   0   0   0   5   0   0   1   0   0   0   0  28  10   0   8   0  0.29 0.08
  167 V    -2   1  -2  -3  -2  -2  -2  -3  -2   0   2   0   1   4   1  -2  -2  -1   0   0    1   9   0   0   0   0   0   1   0   0  28   8   5  29   9   1   0   0   0   8  0.23 0.07
  168 R    -1   1   0   2  -2   0   0  -2  -2  -1  -2   2  -2  -3  -2   1   3  -3  -2  -1    1   7   0  16   0   0   0   1   0   4   1  19   0   0   0  13  36   0   0   0  0.29 0.09
  169 F     0  -3  -2   0  -2  -2  -2  -3  -3   3   0  -2   0   2  -2  -2  -1  -2  -1   3    9   0   0   9   0   0   0   1   0  20   1   0   0  15   0   1   0   0   0  42  0.23 0.08
  170 E    -1  -1  -1   2  -3   4   2   0   0  -1  -2   0  -1  -3  -2  -1   0  -3  -2   1    1   0   0  15   0  32  10  10   3   0   1   0   0   0   0   1   9   0   0  17  0.25 0.08
  171 N    -2   2   6   0  -3  -1  -1   1   0  -4  -4   0  -3  -3  -3   0  -1  -4  -3  -3    1  14  70   0   0   0   0  10   0   0   1   0   0   0   0   1   0   0   0   0  0.80 0.16
  172 Q     0  -1   1   1   1   2   0  -2  -1   1  -1  -1   2  -2  -2   2   0  -3  -2   0    5   0   9   9   4  15   1   1   0  17   1   0  10   0   0  27   0   0   0   1  0.13 0.07
  173 A     1  -1  -1  -1  -2  -1   1   0  -2   1  -1   0  -1  -2   2   0   1  -3  -2   1   15   0   0   0   0   0  11   8   0  16   1   9   0   0   9   5  11   0   0  13  0.10 0.04
  174 T    -1   3  -1  -1  -2   1   1  -2  -1  -2  -2   2  -1  -3  -2   1   3  -3  -2   0    0  27   0   0   0   5   7   0   0   0   0  11   0   0   0   9  32   0   0   8  0.33 0.10
  175 V    -1  -2   1  -2  -2  -2  -2  -2  -2   1   1  -2   0   3  -2   0   1  -2   0   2    1   1   9   1   0   0   1   1   0   5  12   1   0  19   1   9   8   0   0  32  0.14 0.06
  176 L     1  -1  -1  -1  -1  -1   0  -2  -2   1   0  -1   0  -2  -2   2   0  -3  -2   2    9   4   0   1   0   0   8   1   0   9  11   1   0   0   1  30   1   0   0  24  0.12 0.06
  177 H     0  -1   2  -1  -2  -1  -1   2   3  -2  -2  -1  -1   1  -2   1  -1  -2  -1   0    8   1  17   1   0   0   1  17  15   1   1   1   0   9   1  18   1   0   0  10  0.18 0.06
  178 P     1  -1  -2  -2  -2   1  -1  -2  -2   0  -1  -1  -1  -2   5  -1  -1  -2  -2   0   18   1   1   1   0  10   1   2   0   9   2   1   0   1  39   1   1   0   1   9  0.57 0.08
  179 W    -2  -3  -3  -3  -2  -2  -3   0  -2  -1   1  -3  -1   4  -3  -2  -2   9   1   0    1   1   0   1   0   0   1   9   0   1  19   1   0  22   1   1   1  34   0   9  0.78 0.12
  180 K     1  -1  -1  -2  -3  -1  -1   1  -2  -3  -3   2  -2  -4   5   1  -1  -4  -3  -2   16   0   0   0   0   0   0  11   0   0   0  23   0   0  36  14   0   0   0   0  0.67 0.11
  181 L    -2  -3  -3  -3  -2  -3  -3  -3  -2   0   2  -3   0   6  -3   0   1  -1   1  -1    0   0   0   0   0   0   0   0   0   0  25   0   0  51   0   8  15   0   0   0  0.52 0.13
  182 A     2  -2  -2  -2  -2  -2  -2  -2  -2  -1   1  -2  -1   1   3   1   1  -2   2  -1   23   0   0   0   0   0   0   0   0   0  16   0   0   8  16  11  15   0  10   0  0.25 0.07
  183 T    -1  -2   4   4  -3  -1   0  -2  -1  -3  -3  -1  -3  -4   1   2   2  -4  -3  -3    0   0  25  31   0   0   0   0   0   0   0   0   0   0   7  17  19   0   0   0  0.51 0.11
  184 A     2  -2  -1  -2  -2  -2  -2   2  -2  -1   1  -2   0   2  -2   1   1  -2  -1  -1   23   0   0   0   0   0   1  16   0   0  17   0   0  16   0  11  13   0   0   1  0.14 0.05
  185 T     0   0   0   1  -2   0   2   1  -1  -2  -2   2  -2  -2  -1   2   1  -2  -2  -2    1   1   1   9   0   1  16  10   0   1   2  16   0   1   1  29   8   0   1   1  0.23 0.05
  186 A     2  -2  -2  -2  -1  -2  -2  -2  -2   1   0  -2   0   4  -2  -1  -1  -1   1   1   29   1   1   1   0   1   1   1   0   6   2   1   0  33   1   1   1   0   1  17  0.23 0.07
  187 R     0   2   0   0  -2   0   2  -1  -1  -2  -2   0  -1  -2  -1   3   2  -2  -2  -2    1  15   1   1   0   1  16   1   0   1   2   1   0   1   1  32  22   0   1   1  0.28 0.07
  188 V     2  -3  -3  -3  -1  -2  -2  -2  -3   2   1  -2   0   1  -2  -1   1  -2  -1   3   23   0   0   0   0   0   0   0   0  10  17   0   0   8   0   0  12   0   0  30  0.21 0.07
  189 V    -1   2   2  -2  -2  -1  -2  -2  -2   1  -1  -1  -1  -2  -2   1   3  -3  -2   2    0  15  12   0   0   0   0   0   0   8   0   0   0   0   0   8  33   0   0  24  0.24 0.09
  190 A     3  -2  -1  -2  -2  -2  -2   3  -2  -1  -1  -2  -1   1  -2   1  -1  -3  -1   0   33   0   0   0   0   0   0  26   0   0   7   0   0   8   0  15   0   0   0   9  0.26 0.08
  191 D     0  -1   0   3  -3   0   2  -2  -2  -3  -3   2  -2  -4   3   1   1  -4  -3  -2    7   0   0  22   0   0  12   0   0   0   0  20   0   0  15  14   9   0   0   0  0.39 0.08
  192 L     0  -1  -2  -3  -2  -2  -2  -3   2   0   2   1   0   4  -3  -2  -1  -1   0   0    9   0   0   0   0   0   0   0   8   0  32  13   0  27   0   0   0   0   0   9  0.20 0.08
  193 N    -1   3   1   0  -3   2   2  -2  -1  -3  -3   4  -2  -3  -2  -1  -1  -3  -2  -3    1  20   8   1   0   5  20   1   0   1   1  41   0   0   1   1   1   0   0   1  0.47 0.09
  194 V    -1  -2  -2  -3  -1  -2  -2  -3  -2   3   0  -2   0   3  -2   0  -1  -2   0   3    1   1   1   1   0   1   1   1   0  19   1   1   0  17   1   9   1   0   0  44  0.26 0.08
  195 A     0   1   0   1  -3   3   2  -2   1  -3  -3   1  -2  -3   2   1   0  -3  -2  -2    8  10   0   9   0  19  19   1   3   0   1   5   0   0   9   8   6   0   0   1  0.30 0.06
  196 P     0  -1  -1  -2  -2  -1  -1  -2  -2   1   1   0   0  -2   3   1   0  -3  -2   0    9   0   0   0   0   0   1   1   0  17  14  10   0   0  18  22   4   0   0   3  0.20 0.05
  197 L    -1   1  -2  -2  -2   0  -1  -3  -2   0   1   3   0  -2   1  -1   0  -3  -2   1    1   9   0   0   0   0   1   1   0   0  25  30   0   0   6   1   7   0   0  18  0.16 0.07
  198 G     0  -1   1   0  -2  -1  -1   2  -1   0  -2   0  -1   2  -2   2   0  -2  -1  -1    9   0  10   7   0   0   1  15   0   9   1   7   0  16   0  24   0   0   0   1  0.12 0.05
  199 S     0   1   0   0  -2   1   2  -1  -1  -3  -3   0  -2  -3  -1   4   1  -3  -2  -2    1   6   0   0   0   4  20   1   0   0   1   0   0   0   0  55   8   0   0   1  0.42 0.12
  200 V    -1   1  -2  -2   2   0   1  -3  -2   2   0   1   0  -2  -2  -1  -1  -3  -2   3    1   9   0   0   8   5  11   1   0  15   1  11   0   0   0   1   0   0   0  36  0.15 0.07
  201 D    -1   0   2   2  -2   2   2   2  -1  -2  -2   1  -2  -3  -1   0   1  -2  -2  -2    2   1  10  15   0  11  15  17   0   1   2   9   0   1   1   1  10   0   1   1  0.23 0.04
  202 F    -1  -2  -2   0  -2  -2  -2  -2  -2   3   1  -2   0   2  -2  -2  -1  -1   0   2    2   1   1   9   0   1   1   2   0  34   9   1   0  16   1   1   1   0   1  17  0.17 0.05
  203 A     1  -1  -1  -1  -2  -1  -1   0  -1   1  -1   1  -1  -1   3   0   0  -1   1   0   14   1   1   1   0   1   1  10   0  16   2  16   0   1  14   1   9   0  10   1  0.13 0.04
  204 G    -1  -1  -1   0  -2   0   2   3  -1  -1   0   1  -1   0  -1  -1  -1  -2  -1  -1    2   1   1   1   1   1  23  27   1   1  12  10   1   5   1   2   2   0   1   7  0.14 0.04
  205 V     0   1   0   0  -1   1   0   1  -1  -1  -1   0  -1  -1  -1   1   2  -1   0   0    3  10   1   5   1  10   2  11   1   2   3   2   1   1   2  12  20   0   4   9  0.09 0.03
  206 K     0  -1  -1  -1  -1  -1   0  -1  -1   0  -1   0  -1   1   3   0   0  -1  -1   1    3   2   1   2   1   1   6   2   1   2   3   9   1  10  19  11   2   0   1  23  0.17 0.03
  207 N     0  -1   1   0  -2   2   2   0  -1  -1   0   0  -1   0   0   0  -1  -2  -1  -1   10   1   8   1   0  19  17   9   1   1  14   1   1   5   5   2   1   0   1   2  0.11 0.03
  208 E    -1  -1  -2  -1  -2   2   1  -2  -1   0   1  -1   0   2  -2  -1  -1  -1   2   1    1   1   1   1   0  13  17   1   0   1  25   1   0  12   1   1   1   0   8  14  0.12 0.05
  209 R    -1   2  -1   1  -2   0   0  -2  -1   0   0   0  -1   1   2   0   1  -2  -1  -1    1  16   1   9   0   1   9   1   0  10  11   1   0   7   9   1  19   0   1   1  0.10 0.04
  210 D     0  -1   0   3  -2  -1   0   1  -1  -2  -2  -1  -2   1   0   2   0  -2  -1  -2    1   1   1  26   0   1   1  14   0   1   2   1   0   9   5  30   5   0   1   1  0.25 0.07
  211 N     0  -1   1   2  -2   2   1  -1  -1  -2  -2   0  -1  -2  -1   3   0  -3  -2   0    1   1   8  13   0  14   9   1   0   1   2   1   0   1   1  35   1   0   1  10  0.23 0.06
  212 R    -1   3  -1  -2  -2   1   0  -2  -1   1  -1   2  -1  -2  -2   0   0   4  -1  -1    1  25   0   1   0   4   4   1   0  15   4  18   0   0   1   9   8   8   0   1  0.22 0.06
  213 V     0  -3  -3  -3  -1  -2  -1  -3  -3   4   0  -2   0  -1  -2  -2  -1  -3  -2   3    9   1   0   1   0   0   6   1   0  45   1   1   0   0   1   1   1   0   0  33  0.33 0.10
  214 E     0   0   2   2  -2   1   1  -2  -1   0  -1   2  -1  -2  -2   0  -1  -3  -2   0    9   0  13  15   0   9   7   0   0  13   6  20   0   0   0   4   0   0   0   4  0.14 0.05
  215 V    -1  -3  -3  -3  -2  -2  -3  -3  -3   2   2  -2   0   1   4  -2  -1  -2  -1   2    0   0   0   0   0   0   0   0   0  17  25   0   0   8  25   0   0   0   0  21  0.42 0.08
  216 D     0  -2   2   4  -3  -1   1  -2  -1  -1  -2  -1  -2  -3   2   0   0  -4  -3  -2    5   0   9  36   0   0  11   0   0   9   0   0   0   0  12   7   8   0   0   0  0.39 0.08
  217 F    -1  -1   1  -1  -2   1   1  -2  -1  -1   0   0   0   4  -2  -1   0  -1   1   0    5   0   8   0   0   8  17   0   0   0  12   5   0  29   0   0   6   0   3   5  0.15 0.06
  218 R     0   1   0  -1  -3   2   2  -2  -1  -1   0   2  -1  -1  -2  -1  -1  -3  -2   1    6   7   4   0   0   9  20   0   0   0  14  22   0   2   0   0   0   0   0  15  0.16 0.06
  219 K    -1  -1  -2  -1  -3   0   1  -3  -2   0   1   2   1   2   1  -1  -1  -2  -1   0    0   0   0   3   0   0  15   0   0   4  19  21   7  12   8   3   3   0   0   4  0.12 0.06
  220 V    -1  -1   1   0  -3   3   0  -2  -1  -1   0  -1  -1   2   1   0   0  -2  -1   0    0   0  11   4   0  26   4   0   0   0   8   0   0  13   8   6   7   0   0  12  0.16 0.07
  221 V     0  -2  -2  -2  -2  -1   0  -3  -2   2   1  -2   0   0   1   0   0  -3  -1   2    9   0   0   0   0   0   8   0   0  16  16   0   0   5   8   7   7   0   0  23  0.14 0.05
  222 F     0  -3  -3  -3  -2  -3  -3   2  -3   1   1  -3   0   5  -3  -2  -2  -1   1   1    6   0   0   0   0   0   0  18   0   8   9   0   0  45   0   0   0   0   0  14  0.38 0.10
  223 Q     0   2  -1  -2  -3   3   0   1  -1   0  -2   3  -1  -3  -2  -1  -1  -3  -2  -2    7  14   0   0   0  25   0  12   0   9   0  34   0   0   0   0   0   0   0   0  0.35 0.10
  224 V     1   0   0  -2  -2   2  -1  -2  -2   1  -1   2  -1  -2  -2   0   1  -3  -2   2   16   0   5   0   0  12   0   0   0  10   0  20   0   0   0   0  14   0   0  23  0.15 0.07
  225 N    -1  -1   3  -1  -2   0  -1   0  -1   2  -1   0  -1  -2   3   0  -1  -3  -2  -1    1   1  25   1   0   4   1   9   0  24   1   5   0   0  18   8   1   0   0   1  0.25 0.07
  226 T     0  -2  -1   2  -2  -1  -1  -2  -1   1   0  -1   1  -1  -2   2   1  -2   1   0   10   1   0  18   0   0   1   1   0  15   5   1   8   0   1  23   8   0   8   1  0.11 0.06
  227 L    -1  -2   0   1  -2   1  -1  -2  -2   1   2  -1   0   0   1   1  -1  -2  -1   0    1   1   4  12   0   8   1   1   0  10  31   1   0   3   9  19   1   0   0   1  0.12 0.05
  228 V    -1   0   0  -1  -2   0   0  -2  -2   1   2  -1   0  -1  -2   0   0  -2  -2   1    1   7   5   1   0   7   9   1   0   8  29   1   0   0   1  11   3   0   0  16  0.08 0.04
  229 P     0  -2  -2  -2  -3  -2  -2   0  -2  -2  -1  -2  -2   1   6  -1  -1  -3  -2  -2    8   1   0   1   0   0   1   9   0   1   8   1   0   9  56   1   4   0   0   1  0.95 0.12
  230 G    -1   1  -1  -1  -2  -1  -1   0  -1   0  -1   1  -1   2   4  -1  -1  -2  -1  -1    2  10   1   1   0   1   2   9   1  10   6  10   1  14  27   2   1   0   1   2  0.29 0.04
  231 L    -1   0  -1  -2  -2  -1  -1  -2  -1   0   2   1   1   1  -2   0  -1  -1   2   0    1   3   3   1   0   1   1   1   0   1  41  13   0   8   1   8   1   0   9   5  0.12 0.05
  232 G    -1  -1  -1   1  -3   1  -1   5  -2  -3  -3   0  -2  -3  -2  -1  -2  -3  -3  -3    1   1   1   8   0  10   1  63   0   1   1   7   0   1   1   1   1   0   0   1  0.64 0.10
  233 F    -2  -2  -2  -2  -2   2  -1  -3  -1   1   1  -1   0   5  -2  -2  -1  -1   1   0    1   1   1   1   0  19   1   1   0  14   9   1   0  41   1   1   1   0   0   6  0.30 0.09
  234 T    -1  -2  -2  -2  -2  -2  -2  -2  -2   2   0  -2  -1   1   5   0   0  -2  -1   0    1   1   1   1   0   1   1   1   0  20   9   1   0   9  41   5   8   0   0   1  0.59 0.09
  235 R    -1   4  -2  -2  -3  -1  -1   0  -2  -3  -3   0  -2  -3   6  -1  -1  -3  -3  -3    1  32   1   1   0   1   1   8   0   1   1   1   0   1  47   1   1   0   0   1  0.93 0.12
  236 V    -1  -2  -3  -3  -1  -2  -2  -3  -3   3   3  -2   1   0  -2  -2   1  -2  -1   2    1   1   1   1   0   1   1   1   0  23  43   1   0   1   1   1  10   0   0  13  0.27 0.07
  237 V    -1   0  -1  -2  -3   0  -1  -2  -1  -1   0   4  -1   3  -2  -1  -1  -1   0   0    1   1   1   1   0   1   1   1   0   1   9  47   0  24   1   1   1   0   0   8  0.27 0.09
  238 A     1   1   0  -2  -2  -1  -1   0  -1   0   0   0   0   2  -2  -1  -1  -1   0  -1   18   8   8   1   0   1   1   9   0   8  13  10   0  18   1   1   1   0   0   1  0.05 0.04
  239 P     0  -2  -1   1  -2  -1  -1  -2  -2  -2  -3  -1  -2  -3   7   0  -1  -3  -2  -2   11   1   1   9   0   1   1   1   0   1   2   1   0   1  59   7   1   0   1   1  1.08 0.11
  240 K    -1   0   0   2  -2   1   2  -1  -1   1  -1   1  -1  -2  -1   0   0  -2  -1   0    2   2   1  12   1  10  17   2   1  22   3   9   1   1   2  10   2   0   1   2  0.11 0.03
  241 R     0   1   0  -1  -1   0   0   1  -1  -2  -2   0  -1  -2   1   3   2  -2  -1  -1    3  12   1   2   1   1   2  10   1   2   3   2   1   1   6  36  13   0   1   2  0.20 0.05
  242 T     0  -1   2  -1  -1  -1  -1   0  -1   0   1  -1   0   1  -1   1   1  -2  -1  -1    6   1  21   1   0   1   1   6   0   5  20   1   0   8   1  11  12   0   1   1  0.08 0.04
  243 P    -1   0   1   0  -2  -1  -1  -1  -1  -2  -2  -1  -2  -2   6   0   0  -2  -2  -2    2   6   8   5   1   1   2   2   1   1   3   2   1   1  47  10   4   0   1   2  0.74 0.07
  244 G     0  -1   3  -1  -2  -1  -1   5  -1  -3  -3  -1  -2  -2  -1   0  -1  -2  -2  -2    5   1  19   1   1   1   2  52   1   1   2   2   1   1   1   5   2   0   1   2  0.49 0.07
  245 R     1   3   1   2  -2   0   2  -1  -1  -2  -2   0  -1  -2  -1   0   0  -2  -2  -1   16  25   8  13   1   1  14   2   1   1   3   2   1   1   1   2   7   0   1   2  0.19 0.04
  246 Q     1   3   1  -1  -2   2   1  -1  -1  -2  -2   0  -1  -2  -1   1   0  -2  -2  -1   19  21   7   1   0  18   5   1   0   1   2   1   0   1   1  15   1   0   1   4  0.21 0.05
  247 K     1   1   0  -1  -2   0   1   0  -1  -2  -2   2  -2  -3  -1   2   2  -3  -2  -2    9  10   1   1   0   1  12   8   0   1   1  16   0   0   1  24  15   0   0   1  0.22 0.05
  248 Q     0  -1  -1  -1  -2   2  -1   3  -2  -2  -2  -1  -2  -2  -2   1  -1   6  -1  -1    1   1   1   1   0  19   1  31   0   1   1   1   0   0   1  19   1  14   0   9  0.39 0.09
  249 S    -1  -1  -1   1  -2  -1   1  -2  -2  -1   1   0  -1  -1  -2   2  -1   6  -1  -2    1   0   0   8   0   0  10   1   0   0  23   9   0   0   0  29   0  15   0   0  0.28 0.09
  250 L    -2  -3  -4  -4  -2  -3  -4  -4  -2   1   4  -3   1   3  -4  -3  -2   3   2   0    0   0   0   0   0   0   0   0   0   0  72   0   0  15   0   0   0   4   9   0  0.61 0.14
  251 D    -1   1  -1   2  -2   0   2  -2  -1  -1   2  -1   0  -1  -2  -1  -1  -2   1  -1    1   9   1  16   0   1  26   1   0   1  30   1   0   1   1   1   1   0   9   1  0.18 0.07
  252 I    -1  -3  -2  -3  -2  -2  -3  -3  -3   3   1  -2   0  -2  -3  -1   4  -3  -2   2    0   0   0   0   0   0   0   0   0  37   9   0   0   0   0   0  47   0   0   7  0.43 0.14
  253 T    -1  -2  -1  -2  -2  -2  -2  -2  -3  -2  -2  -2  -2  -3  -2   2   6  -4  -3  -1    0   0   0   0   0   0   0   0   0   0   0   0   0   0   0  16  84   0   0   0  0.86 0.21
  254 F    -3  -3  -3  -4  -4  -3  -3  -4   1  -2  -2  -3  -2   3  -4  -3  -3   1   8  -2    0   0   0   0   0   0   0   0   0   0   0   0   0   7   0   0   0   0  93   0  1.63 0.27
  255 I    -2  -3  -4  -4  -2  -3  -4  -4  -4   2   4  -3   1   0  -4  -3  -1  -3  -2   3    0   0   0   0   0   0   0   0   0   7  67   0   0   0   0   0   0   0   0  26  0.57 0.13
  256 D    -2  -3   0   7  -4  -1   1  -2  -2  -4  -5  -2  -4  -5  -2   0  -2  -5  -4  -4    0   0   0  92   0   0   0   0   0   0   0   0   0   0   0   8   0   0   0   0  1.34 0.22
  257 D    -2   0   2   4  -4   0   3  -2  -1  -4  -4   3  -3  -4   2  -1  -1  -4  -3  -3    0   0   9  25   0   0  31   0   0   0   0  26   0   0   8   0   0   0   0   0  0.56 0.11
  258 D    -2  -1   3   5  -4   0   3  -2  -1  -4  -4   1  -3  -4  -2   0   0  -4  -3  -3    0   0  17  46   0   0  21   0   0   0   0   8   0   0   0   0   7   0   0   0  0.67 0.13
  259 L    -2  -3  -4  -4  -2  -3  -4  -4  -3   2   5  -3   4   0  -4  -3  -2  -2  -2   0    0   0   0   0   0   0   0   0   0   6  78   0  16   0   0   0   0   0   0   0  0.70 0.15
  260 R    -2   7  -1  -3  -4   2  -1  -3  -1  -3  -1   1  -2  -3  -3  -2  -2  -4  -3  -3    0  84   0   0   0   7   0   0   0   0   9   0   0   0   0   0   0   0   0   0  1.00 0.20
  261 V    -2  -4  -4  -4  -2  -3  -4  -5  -4   5   2  -3   1  -1  -4  -3  -1  -3  -2   3    0   0   0   0   0   0   0   0   0  63  22   0   0   0   0   0   0   0   0  15  0.61 0.14
  262 A     1  -2   0  -1  -2  -1  -1   3  -2  -3  -3  -1  -2  -3  -2   4   1  -4  -3  -2    7   0   0   0   0   0   0  25   0   0   0   0   0   0   0  61   7   0   0   0  0.57 0.14
  263 R    -2   7  -2  -3  -4   0  -1  -4  -1  -3  -1   1  -2  -3  -3  -2  -2  -4  -3  -3    0  92   0   0   0   0   0   0   0   0   8   0   0   0   0   0   0   0   0   0  1.16 0.22
  264 G     1  -3  -1   1  -3  -2  -2   6  -3  -4  -4  -2  -3  -4  -3   1  -2  -4  -4  -4    8   0   0   7   0   0   0  76   0   0   0   0   0   0   0   9   0   0   0   0  0.97 0.15
  265 G    -1  -2   2   5  -4  -1   0   3  -2  -4  -4   0  -3  -4  -2   1  -1  -4  -4  -4    0   0   8  55   0   0   0  24   0   0   0   5   0   0   0   8   0   0   0   0  0.71 0.13
  266 A     1   1  -1  -2  -3  -1  -1   5  -2  -4  -4   3  -3  -4  -2  -1  -2  -3  -3  -3   12   7   0   0   0   0   0  52   0   0   0  29   0   0   0   0   0   0   0   0  0.62 0.12
  267 G    -1  -3   1  -2  -3  -3  -3   6  -3  -5  -5  -2  -4  -4  -3   0  -2  -4  -4  -4    0   0   5   0   0   0   0  91   0   0   0   0   0   0   0   4   0   0   0   0  1.30 0.19
  268 S     0  -1   2   0  -2   0   1   1  -1  -2  -1  -1  -1  -2  -1   3   1  -3  -2  -2    1   1  13   1   0   1   8  10   0   1   7   1   0   1   1  44   9   0   0   1  0.26 0.08
  269 F    -1  -3  -3  -4  -2  -3  -3  -4  -3   2   3  -3   1   1  -3  -2   0  -2  -1   3    0   0   0   0   0   0   0   0   0   4  41   0   0   7   0   0   8   0   0  40  0.39 0.10
  270 F    -3   0  -4  -4  -4  -4  -4  -4  -2  -1  -1  -3  -1   8  -5  -3  -3   0   3  -2    0   7   0   0   0   0   0   0   0   0   0   0   0  89   0   0   0   0   3   0  1.25 0.22
  271 V    -1  -4  -4  -4  -2  -3  -4  -4  -4   3   0  -3   0  -2  -3  -3  -1  -4  -2   5    0   0   0   0   0   0   0   0   0  14   0   0   0   0   0   0   0   0   0  86  0.76 0.18
  272 L    -2  -3  -4  -5  -2  -3  -4  -4  -3   1   4  -3   1   4  -4  -3  -2  -1   0   0    0   0   0   0   0   0   0   0   0   0  72   0   0  28   0   0   0   0   0   0  0.69 0.15
  273 R     0   2  -1  -2  -2   1   1  -2  -2   2   0   1   0   0  -2  -1   1  -3  -2   0   12  17   0   0   0   9   8   0   0  22   3  11   0   4   0   0  10   0   0   5  0.11 0.05
  274 R    -2   5  -1  -2  -4   1   0  -3  -1  -3  -2   5  -2  -4  -2  -1  -2  -4  -2  -3    0  44   0   0   0   0   0   0   0   0   3  53   0   0   0   0   0   0   0   0  0.76 0.14
  275 E    -1   1  -1   0  -4   1   5  -3  -1   0  -3   0  -2  -3  -2   1  -1  -4  -3  -2    0  11   0   0   0   0  69   0   0   9   0   0   0   0   0  11   0   0   0   0  0.61 0.13
  276 E    -1  -1  -1  -1  -3   3   2   4  -1  -4  -3  -1  -2  -4  -2   0   1  -3  -3  -3    0   0   0   0   0  22  18  47   0   0   0   0   0   0   0   3  10   0   0   0  0.55 0.10
  277 S     0  -1   0  -1  -2  -1  -1  -1  -2  -2  -2   1  -2  -3  -2   4   1  -3  -2   0    0   0   0   0   0   0   0   0   0   0   0  13   0   0   0  74   0   0   0  13  0.41 0.10
  278 P    -1  -3  -3  -2  -3  -2  -2  -3  -3  -3  -4  -2  -3  -4   8  -1  -2  -4  -4  -3    0   0   0   0   0   0   0   0   0   0   0   0   0   0 100   0   0   0   0   0  2.23 0.11
  279 T    -1   3  -1  -2  -2   0  -1  -3  -2   0   2   0   0  -1  -2   0   2  -2  -2   0    0  34   0   0   0   0   0   0   0   0  34   0   0   0   0   0  32   0   0   0  0.21 0.01
  280 P    -1  -1  -2  -2  -2   3   0  -3  -1  -1   1   0   0  -2   5  -1  -1  -2  -2  -1    0   0   0   0   0  34   0   0   0   0  34   0   0   0  32   0   0   0   0   0  0.49 0.01
  281 M    -1   0  -2  -2  -2   0  -1  -3  -1   0   1   2   5  -1  -2  -1  -1  -2  -1   0    0   0   0   0   0   0   0   0   0   0   0  34  66   0   0   0   0   0   0   0  0.24 0.02
  282 L    -2  -2  -4  -4  -1  -2  -3  -4  -3   2   4  -3   2   0  -3  -3  -1  -2  -1   1    0   0   0   0   0   0   0   0   0   0 100   0   0   0   0   0   0   0   0   0  0.46 0.00
  283 Q    -1   1   0   0  -3   5   2  -2   0  -3  -2   1   0  -3  -1   0  -1  -2  -1  -2    0   0   0   0   0   0   0   0   0   0   0   0   0   0   0   0   0   0   0   0  0.00     0.00
  284 G     0  -2   0  -1  -2  -2  -2   6  -2  -4  -4  -2  -3  -3  -2   0  -2  -2  -3  -3    0   0   0   0   0   0   0   0   0   0   0   0   0   0   0   0   0   0   0   0  0.00     0.00
  285 Q    -1   1   0   0  -3   5   2  -2   0  -3  -2   1   0  -3  -1   0  -1  -2  -1  -2    0   0   0   0   0   0   0   0   0   0   0   0   0   0   0   0   0   0   0   0  0.00     0.00
  286 A     4  -1  -2  -2   0  -1  -1   0  -2  -1  -1  -1  -1  -2  -1   1   0  -2  -2   0    0   0   0   0   0   0   0   0   0   0   0   0   0   0   0   0   0   0   0   0  0.00     0.00
  287 R    -1   5   0  -2  -3   1   0  -2   0  -3  -2   2  -1  -3  -2  -1  -1  -3  -2  -2    0   0   0   0   0   0   0   0   0   0   0   0   0   0   0   0   0   0   0   0  0.00     0.00
  288 E    -1   0   0   1  -4   2   5  -2   0  -3  -3   1  -2  -3  -1   0  -1  -3  -2  -2    0   0   0   0   0   0   0   0   0   0   0   0   0   0   0   0   0   0   0   0  0.00     0.00
  289 A     4  -1  -2  -2   0  -1  -1   0  -2  -1  -1  -1  -1  -2  -1   1   0  -2  -2   0    0   0   0   0   0   0   0   0   0   0   0   0   0   0   0   0   0   0   0   0  0.00     0.00
  290 L    -1  -2  -3  -4  -1  -2  -3  -4  -3   2   4  -2   2   0  -3  -2  -1  -2  -1   1    0   0   0   0   0   0   0   0   0   0   0   0   0   0   0   0   0   0   0   0  0.00     0.00
  291 V     0  -2  -3  -3  -1  -2  -2  -3  -3   3   1  -2   1  -1  -2  -2   0  -3  -1   4    0   0   0   0   0   0   0   0   0   0   0   0   0   0   0   0   0   0   0   0  0.00     0.00
  292 Q    -1   1   0   0  -3   5   2  -2   0  -3  -2   1   0  -3  -1   0  -1  -2  -1  -2    0   0   0   0   0   0   0   0   0   0   0   0   0   0   0   0   0   0   0   0  0.00     0.00
  293 D    -2  -2   1   6  -3   0   1  -1  -1  -3  -4  -1  -3  -3  -1   0  -1  -4  -3  -3    0   0   0   0   0   0   0   0   0   0   0   0   0   0   0   0   0   0   0   0  0.00     0.00
  294 Q    -1   1   0   0  -3   5   2  -2   0  -3  -2   1   0  -3  -1   0  -1  -2  -1  -2    0   0   0   0   0   0   0   0   0   0   0   0   0   0   0   0   0   0   0   0  0.00     0.00
  295 Q    -1   1   0   0  -3   5   2  -2   0  -3  -2   1   0  -3  -1   0  -1  -2  -1  -2    0   0   0   0   0   0   0   0   0   0   0   0   0   0   0   0   0   0   0   0  0.00     0.00
  296 A     4  -1  -2  -2   0  -1  -1   0  -2  -1  -1  -1  -1  -2  -1   1   0  -2  -2   0    0   0   0   0   0   0   0   0   0   0   0   0   0   0   0   0   0   0   0   0  0.00     0.00
  297 E    -1   0   0   1  -4   2   5  -2   0  -3  -3   1  -2  -3  -1   0  -1  -3  -2  -2    0   0   0   0   0   0   0   0   0   0   0   0   0   0   0   0   0   0   0   0  0.00     0.00
  298 I    -1  -3  -3  -3  -1  -3  -3  -4  -3   4   2  -3   1   0  -3  -2  -1  -3  -1   3    0   0   0   0   0   0   0   0   0   0   0   0   0   0   0   0   0   0   0   0  0.00     0.00
  299 V     0  -2  -3  -3  -1  -2  -2  -3  -3   3   1  -2   1  -1  -2  -2   0  -3  -1   4    0   0   0   0   0   0   0   0   0   0   0   0   0   0   0   0   0   0   0   0  0.00     0.00
  300 R    -1   5   0  -2  -3   1   0  -2   0  -3  -2   2  -1  -3  -2  -1  -1  -3  -2  -2    0   0   0   0   0   0   0   0   0   0   0   0   0   0   0   0   0   0   0   0  0.00     0.00
  301 D    -2  -2   1   6  -3   0   1  -1  -1  -3  -4  -1  -3  -3  -1   0  -1  -4  -3  -3    0   0   0   0   0   0   0   0   0   0   0   0   0   0   0   0   0   0   0   0  0.00     0.00
  302 G     0  -2   0  -1  -2  -2  -2   6  -2  -4  -4  -2  -3  -3  -2   0  -2  -2  -3  -3    0   0   0   0   0   0   0   0   0   0   0   0   0   0   0   0   0   0   0   0  0.00     0.00
  303 G     0  -2   0  -1  -2  -2  -2   6  -2  -4  -4  -2  -3  -3  -2   0  -2  -2  -3  -3    0   0   0   0   0   0   0   0   0   0   0   0   0   0   0   0   0   0   0   0  0.00     0.00
  304 G     0  -2   0  -1  -2  -2  -2   6  -2  -4  -4  -2  -3  -3  -2   0  -2  -2  -3  -3    0   0   0   0   0   0   0   0   0   0   0   0   0   0   0   0   0   0   0   0  0.00     0.00
  305 L    -1  -2  -3  -4  -1  -2  -3  -4  -3   2   4  -2   2   0  -3  -2  -1  -2  -1   1    0   0   0   0   0   0   0   0   0   0   0   0   0   0   0   0   0   0   0   0  0.00     0.00
  306 T     0  -1   0  -1  -1  -1  -1  -2  -2  -1  -1  -1  -1  -2  -1   1   4  -2  -2   0    0   0   0   0   0   0   0   0   0   0   0   0   0   0   0   0   0   0   0   0  0.00     0.00
  307 N    -2   0   6   1  -3   0   0   0   1  -3  -3   0  -2  -3  -2   1   0  -4  -2  -3    0   0   0   0   0   0   0   0   0   0   0   0   0   0   0   0   0   0   0   0  0.00     0.00
  308 W    -2  -3  -4  -4  -2  -2  -3  -2  -2  -3  -2  -3  -1   1  -4  -3  -2  10   2  -3    0   0   0   0   0   0   0   0   0   0   0   0   0   0   0   0   0   0   0   0  0.00     0.00
  309 S     1  -1   1   0  -1   0   0   0  -1  -2  -2   0  -1  -2  -1   4   1  -3  -2  -2    0   0   0   0   0   0   0   0   0   0   0   0   0   0   0   0   0   0   0   0  0.00     0.00
  310 T     0  -1   0  -1  -1  -1  -1  -2  -2  -1  -1  -1  -1  -2  -1   1   4  -2  -2   0    0   0   0   0   0   0   0   0   0   0   0   0   0   0   0   0   0   0   0   0  0.00     0.00
  311 G     0  -2   0  -1  -2  -2  -2   6  -2  -4  -4  -2  -3  -3  -2   0  -2  -2  -3  -3    0   0   0   0   0   0   0   0   0   0   0   0   0   0   0   0   0   0   0   0  0.00     0.00
  312 G     0  -2   0  -1  -2  -2  -2   6  -2  -4  -4  -2  -3  -3  -2   0  -2  -2  -3  -3    0   0   0   0   0   0   0   0   0   0   0   0   0   0   0   0   0   0   0   0  0.00     0.00
  313 N    -2   0   6   1  -3   0   0   0   1  -3  -3   0  -2  -3  -2   1   0  -4  -2  -3    0   0   0   0   0   0   0   0   0   0   0   0   0   0   0   0   0   0   0   0  0.00     0.00
  314 W    -2  -3  -4  -4  -2  -2  -3  -2  -2  -3  -2  -3  -1   1  -4  -3  -2  10   2  -3    0   0   0   0   0   0   0   0   0   0   0   0   0   0   0   0   0   0   0   0  0.00     0.00
  315 G     0  -2   0  -1  -2  -2  -2   6  -2  -4  -4  -2  -3  -3  -2   0  -2  -2  -3  -3    0   0   0   0   0   0   0   0   0   0   0   0   0   0   0   0   0   0   0   0  0.00     0.00
  316 L    -1  -2  -3  -4  -1  -2  -3  -4  -3   2   4  -2   2   0  -3  -2  -1  -2  -1   1    0   0   0   0   0   0   0   0   0   0   0   0   0   0   0   0   0   0   0   0  0.00     0.00
  317 D    -2  -2   1   6  -3   0   1  -1  -1  -3  -4  -1  -3  -3  -1   0  -1  -4  -3  -3    0   0   0   0   0   0   0   0   0   0   0   0   0   0   0   0   0   0   0   0  0.00     0.00
  318 G     0  -2   0  -1  -2  -2  -2   6  -2  -4  -4  -2  -3  -3  -2   0  -2  -2  -3  -3    0   0   0   0   0   0   0   0   0   0   0   0   0   0   0   0   0   0   0   0  0.00     0.00
  319 Q    -1   1   0   0  -3   5   2  -2   0  -3  -2   1   0  -3  -1   0  -1  -2  -1  -2    0   0   0   0   0   0   0   0   0   0   0   0   0   0   0   0   0   0   0   0  0.00     0.00
  320 I    -1  -3  -3  -3  -1  -3  -3  -4  -3   4   2  -3   1   0  -3  -2  -1  -3  -1   3    0   0   0   0   0   0   0   0   0   0   0   0   0   0   0   0   0   0   0   0  0.00     0.00
  321 K    -1   2   0  -1  -3   1   1  -2  -1  -3  -2   4  -1  -3  -1   0  -1  -3  -2  -2    0   0   0   0   0   0   0   0   0   0   0   0   0   0   0   0   0   0   0   0  0.00     0.00
  322 E    -1   0   0   1  -4   2   5  -2   0  -3  -3   1  -2  -3  -1   0  -1  -3  -2  -2    0   0   0   0   0   0   0   0   0   0   0   0   0   0   0   0   0   0   0   0  0.00     0.00
  323 W    -2  -3  -4  -4  -2  -2  -3  -2  -2  -3  -2  -3  -1   1  -4  -3  -2  10   2  -3    0   0   0   0   0   0   0   0   0   0   0   0   0   0   0   0   0   0   0   0  0.00     0.00
  324 W    -2  -3  -4  -4  -2  -2  -3  -2  -2  -3  -2  -3  -1   1  -4  -3  -2  10   2  -3    0   0   0   0   0   0   0   0   0   0   0   0   0   0   0   0   0   0   0   0  0.00     0.00
  325 T     0  -1   0  -1  -1  -1  -1  -2  -2  -1  -1  -1  -1  -2  -1   1   4  -2  -2   0    0   0   0   0   0   0   0   0   0   0   0   0   0   0   0   0   0   0   0   0  0.00     0.00
  326 R    -1   5   0  -2  -3   1   0  -2   0  -3  -2   2  -1  -3  -2  -1  -1  -3  -2  -2    0   0   0   0   0   0   0   0   0   0   0   0   0   0   0   0   0   0   0   0  0.00     0.00
  327 L    -1  -2  -3  -4  -1  -2  -3  -4  -3   2   4  -2   2   0  -3  -2  -1  -2  -1   1    0   0   0   0   0   0   0   0   0   0   0   0   0   0   0   0   0   0   0   0  0.00     0.00
  328 P    -1  -2  -2  -1  -3  -1  -1  -2  -2  -3  -3  -1  -2  -4   7  -1  -1  -4  -3  -2    0   0   0   0   0   0   0   0   0   0   0   0   0   0   0   0   0   0   0   0  0.00     0.00
  329 Q    -1   1   0   0  -3   5   2  -2   0  -3  -2   1   0  -3  -1   0  -1  -2  -1  -2    0   0   0   0   0   0   0   0   0   0   0   0   0   0   0   0   0   0   0   0  0.00     0.00
  330 A     4  -1  -2  -2   0  -1  -1   0  -2  -1  -1  -1  -1  -2  -1   1   0  -2  -2   0    0   0   0   0   0   0   0   0   0   0   0   0   0   0   0   0   0   0   0   0  0.00     0.00
  331 A     4  -1  -2  -2   0  -1  -1   0  -2  -1  -1  -1  -1  -2  -1   1   0  -2  -2   0    0   0   0   0   0   0   0   0   0   0   0   0   0   0   0   0   0   0   0   0  0.00     0.00
  332 Q    -1   1   0   0  -3   5   2  -2   0  -3  -2   1   0  -3  -1   0  -1  -2  -1  -2    0   0   0   0   0   0   0   0   0   0   0   0   0   0   0   0   0   0   0   0  0.00     0.00
  333 R    -1   5   0  -2  -3   1   0  -2   0  -3  -2   2  -1  -3  -2  -1  -1  -3  -2  -2    0   0   0   0   0   0   0   0   0   0   0   0   0   0   0   0   0   0   0   0  0.00     0.00
  334 N    -2   0   6   1  -3   0   0   0   1  -3  -3   0  -2  -3  -2   1   0  -4  -2  -3    0   0   0   0   0   0   0   0   0   0   0   0   0   0   0   0   0   0   0   0  0.00     0.00
  335 L    -1  -2  -3  -4  -1  -2  -3  -4  -3   2   4  -2   2   0  -3  -2  -1  -2  -1   1    0   0   0   0   0   0   0   0   0   0   0   0   0   0   0   0   0   0   0   0  0.00     0.00
  336 Q    -1   1   0   0  -3   5   2  -2   0  -3  -2   1   0  -3  -1   0  -1  -2  -1  -2    0   0   0   0   0   0   0   0   0   0   0   0   0   0   0   0   0   0   0   0  0.00     0.00
  337 T     0  -1   0  -1  -1  -1  -1  -2  -2  -1  -1  -1  -1  -2  -1   1   4  -2  -2   0    0   0   0   0   0   0   0   0   0   0   0   0   0   0   0   0   0   0   0   0  0.00     0.00
  338 C     0  -3  -3  -3   8  -3  -4  -2  -3  -1  -1  -3  -1  -2  -3  -1  -1  -2  -2  -1    0   0   0   0   0   0   0   0   0   0   0   0   0   0   0   0   0   0   0   0  0.00     0.00
  339 G     0  -2   0  -1  -2  -2  -2   6  -2  -4  -4  -2  -3  -3  -2   0  -2  -2  -3  -3    0   0   0   0   0   0   0   0   0   0   0   0   0   0   0   0   0   0   0   0  0.00     0.00
  340 A     4  -1  -2  -2   0  -1  -1   0  -2  -1  -1  -1  -1  -2  -1   1   0  -2  -2   0    0   0   0   0   0   0   0   0   0   0   0   0   0   0   0   0   0   0   0   0  0.00     0.00
  341 F    -2  -3  -3  -3  -2  -3  -3  -3  -1   0   0  -3   0   6  -4  -2  -2   1   3  -1    0   0   0   0   0   0   0   0   0   0   0   0   0   0   0   0   0   0   0   0  0.00     0.00
  342 L    -1  -2  -3  -4  -1  -2  -3  -4  -3   2   4  -2   2   0  -3  -2  -1  -2  -1   1    0   0   0   0   0   0   0   0   0   0   0   0   0   0   0   0   0   0   0   0  0.00     0.00
  343 G     0  -2   0  -1  -2  -2  -2   6  -2  -4  -4  -2  -3  -3  -2   0  -2  -2  -3  -3    0   0   0   0   0   0   0   0   0   0   0   0   0   0   0   0   0   0   0   0  0.00     0.00
  344 G     0  -2   0  -1  -2  -2  -2   6  -2  -4  -4  -2  -3  -3  -2   0  -2  -2  -3  -3    0   0   0   0   0   0   0   0   0   0   0   0   0   0   0   0   0   0   0   0  0.00     0.00
  345 V     0  -2  -3  -3  -1  -2  -2  -3  -3   3   1  -2   1  -1  -2  -2   0  -3  -1   4    0   0   0   0   0   0   0   0   0   0   0   0   0   0   0   0   0   0   0   0  0.00     0.00
  346 L    -1  -2  -3  -4  -1  -2  -3  -4  -3   2   4  -2   2   0  -3  -2  -1  -2  -1   1    0   0   0   0   0   0   0   0   0   0   0   0   0   0   0   0   0   0   0   0  0.00     0.00
  347 T     0  -1   0  -1  -1  -1  -1  -2  -2  -1  -1  -1  -1  -2  -1   1   4  -2  -2   0    0   0   0   0   0   0   0   0   0   0   0   0   0   0   0   0   0   0   0   0  0.00     0.00
  348 S     1  -1   1   0  -1   0   0   0  -1  -2  -2   0  -1  -2  -1   4   1  -3  -2  -2    0   0   0   0   0   0   0   0   0   0   0   0   0   0   0   0   0   0   0   0  0.00     0.00
  349 R    -1   5   0  -2  -3   1   0  -2   0  -3  -2   2  -1  -3  -2  -1  -1  -3  -2  -2    0   0   0   0   0   0   0   0   0   0   0   0   0   0   0   0   0   0   0   0  0.00     0.00
  350 L    -1  -2  -3  -4  -1  -2  -3  -4  -3   2   4  -2   2   0  -3  -2  -1  -2  -1   1    0   0   0   0   0   0   0   0   0   0   0   0   0   0   0   0   0   0   0   0  0.00     0.00
  351 E    -1   0   0   1  -4   2   5  -2   0  -3  -3   1  -2  -3  -1   0  -1  -3  -2  -2    0   0   0   0   0   0   0   0   0   0   0   0   0   0   0   0   0   0   0   0  0.00     0.00
  352 W    -2  -3  -4  -4  -2  -2  -3  -2  -2  -3  -2  -3  -1   1  -4  -3  -2  10   2  -3    0   0   0   0   0   0   0   0   0   0   0   0   0   0   0   0   0   0   0   0  0.00     0.00
  353 I    -1  -3  -3  -3  -1  -3  -3  -4  -3   4   2  -3   1   0  -3  -2  -1  -3  -1   3    0   0   0   0   0   0   0   0   0   0   0   0   0   0   0   0   0   0   0   0  0.00     0.00
  354 Y    -2  -2  -2  -3  -2  -1  -2  -3   2  -1  -1  -2  -1   3  -3  -2  -2   2   7  -1    0   0   0   0   0   0   0   0   0   0   0   0   0   0   0   0   0   0   0   0  0.00     0.00
  355 R    -1   5   0  -2  -3   1   0  -2   0  -3  -2   2  -1  -3  -2  -1  -1  -3  -2  -2    0   0   0   0   0   0   0   0   0   0   0   0   0   0   0   0   0   0   0   0  0.00     0.00
  356 S     1  -1   1   0  -1   0   0   0  -1  -2  -2   0  -1  -2  -1   4   1  -3  -2  -2    0   0   0   0   0   0   0   0   0   0   0   0   0   0   0   0   0   0   0   0  0.00     0.00
  357 L    -1  -2  -3  -4  -1  -2  -3  -4  -3   2   4  -2   2   0  -3  -2  -1  -2  -1   1    0   0   0   0   0   0   0   0   0   0   0   0   0   0   0   0   0   0   0   0  0.00     0.00
  358 L    -1  -2  -3  -4  -1  -2  -3  -4  -3   2   4  -2   2   0  -3  -2  -1  -2  -1   1    0   0   0   0   0   0   0   0   0   0   0   0   0   0   0   0   0   0   0   0  0.00     0.00
  359 G     0  -2   0  -1  -2  -2  -2   6  -2  -4  -4  -2  -3  -3  -2   0  -2  -2  -3  -3    0   0   0   0   0   0   0   0   0   0   0   0   0   0   0   0   0   0   0   0  0.00     0.00
  360 G     0  -2   0  -1  -2  -2  -2   6  -2  -4  -4  -2  -3  -3  -2   0  -2  -2  -3  -3    0   0   0   0   0   0   0   0   0   0   0   0   0   0   0   0   0   0   0   0  0.00     0.00
  361 T     0  -1   0  -1  -1  -1  -1  -2  -2  -1  -1  -1  -1  -2  -1   1   4  -2  -2   0    0   0   0   0   0   0   0   0   0   0   0   0   0   0   0   0   0   0   0   0  0.00     0.00
  362 T     0  -1   0  -1  -1  -1  -1  -2  -2  -1  -1  -1  -1  -2  -1   1   4  -2  -2   0    0   0   0   0   0   0   0   0   0   0   0   0   0   0   0   0   0   0   0   0  0.00     0.00
  363 R    -1   5   0  -2  -3   1   0  -2   0  -3  -2   2  -1  -3  -2  -1  -1  -3  -2  -2    0   0   0   0   0   0   0   0   0   0   0   0   0   0   0   0   0   0   0   0  0.00     0.00
  364 S     1  -1   1   0  -1   0   0   0  -1  -2  -2   0  -1  -2  -1   4   1  -3  -2  -2    0   0   0   0   0   0   0   0   0   0   0   0   0   0   0   0   0   0   0   0  0.00     0.00
  365 L    -1  -2  -3  -4  -1  -2  -3  -4  -3   2   4  -2   2   0  -3  -2  -1  -2  -1   1    0   0   0   0   0   0   0   0   0   0   0   0   0   0   0   0   0   0   0   0  0.00     0.00
  366 P    -1  -2  -2  -1  -3  -1  -1  -2  -2  -3  -3  -1  -2  -4   7  -1  -1  -4  -3  -2    0   0   0   0   0   0   0   0   0   0   0   0   0   0   0   0   0   0   0   0  0.00     0.00
  367 S     1  -1   1   0  -1   0   0   0  -1  -2  -2   0  -1  -2  -1   4   1  -3  -2  -2    0   0   0   0   0   0   0   0   0   0   0   0   0   0   0   0   0   0   0   0  0.00     0.00
  368 P    -1  -2  -2  -1  -3  -1  -1  -2  -2  -3  -3  -1  -2  -4   7  -1  -1  -4  -3  -2    0   0   0   0   0   0   0   0   0   0   0   0   0   0   0   0   0   0   0   0  0.00     0.00
  369 P    -1  -2  -2  -1  -3  -1  -1  -2  -2  -3  -3  -1  -2  -4   7  -1  -1  -4  -3  -2    0   0   0   0   0   0   0   0   0   0   0   0   0   0   0   0   0   0   0   0  0.00     0.00
  370 P    -1  -2  -2  -1  -3  -1  -1  -2  -2  -3  -3  -1  -2  -4   7  -1  -1  -4  -3  -2    0   0   0   0   0   0   0   0   0   0   0   0   0   0   0   0   0   0   0   0  0.00     0.00
  371 A     4  -1  -2  -2   0  -1  -1   0  -2  -1  -1  -1  -1  -2  -1   1   0  -2  -2   0    0   0   0   0   0   0   0   0   0   0   0   0   0   0   0   0   0   0   0   0  0.00     0.00
  372 G     0  -2   0  -1  -2  -2  -2   6  -2  -4  -4  -2  -3  -3  -2   0  -2  -2  -3  -3    0   0   0   0   0   0   0   0   0   0   0   0   0   0   0   0   0   0   0   0  0.00     0.00
  373 G     0  -2   0  -1  -2  -2  -2   6  -2  -4  -4  -2  -3  -3  -2   0  -2  -2  -3  -3    0   0   0   0   0   0   0   0   0   0   0   0   0   0   0   0   0   0   0   0  0.00     0.00
  374 S     1  -1   1   0  -1   0   0   0  -1  -2  -2   0  -1  -2  -1   4   1  -3  -2  -2    0   0   0   0   0   0   0   0   0   0   0   0   0   0   0   0   0   0   0   0  0.00     0.00
  375 A     4  -1  -2  -2   0  -1  -1   0  -2  -1  -1  -1  -1  -2  -1   1   0  -2  -2   0    0   0   0   0   0   0   0   0   0   0   0   0   0   0   0   0   0   0   0   0  0.00     0.00
  376 Q    -1   1   0   0  -3   5   2  -2   0  -3  -2   1   0  -3  -1   0  -1  -2  -1  -2    0   0   0   0   0   0   0   0   0   0   0   0   0   0   0   0   0   0   0   0  0.00     0.00
  377 E    -1   0   0   1  -4   2   5  -2   0  -3  -3   1  -2  -3  -1   0  -1  -3  -2  -2    0   0   0   0   0   0   0   0   0   0   0   0   0   0   0   0   0   0   0   0  0.00     0.00
  378 G     0  -2   0  -1  -2  -2  -2   6  -2  -4  -4  -2  -3  -3  -2   0  -2  -2  -3  -3    0   0   0   0   0   0   0   0   0   0   0   0   0   0   0   0   0   0   0   0  0.00     0.00
  379 C     0  -3  -3  -3   8  -3  -4  -2  -3  -1  -1  -3  -1  -2  -3  -1  -1  -2  -2  -1    0   0   0   0   0   0   0   0   0   0   0   0   0   0   0   0   0   0   0   0  0.00     0.00
  380 E    -1   0   0   1  -4   2   5  -2   0  -3  -3   1  -2  -3  -1   0  -1  -3  -2  -2    0   0   0   0   0   0   0   0   0   0   0   0   0   0   0   0   0   0   0   0  0.00     0.00
  381 W    -2  -3  -4  -4  -2  -2  -3  -2  -2  -3  -2  -3  -1   1  -4  -3  -2  10   2  -3    0   0   0   0   0   0   0   0   0   0   0   0   0   0   0   0   0   0   0   0  0.00     0.00
  382 V     0  -2  -3  -3  -1  -2  -2  -3  -3   3   1  -2   1  -1  -2  -2   0  -3  -1   4    0   0   0   0   0   0   0   0   0   0   0   0   0   0   0   0   0   0   0   0  0.00     0.00
  383 T     0  -1   0  -1  -1  -1  -1  -2  -2  -1  -1  -1  -1  -2  -1   1   4  -2  -2   0    0   0   0   0   0   0   0   0   0   0   0   0   0   0   0   0   0   0   0   0  0.00     0.00
  384 S     1  -1   1   0  -1   0   0   0  -1  -2  -2   0  -1  -2  -1   4   1  -3  -2  -2    0   0   0   0   0   0   0   0   0   0   0   0   0   0   0   0   0   0   0   0  0.00     0.00
  385 A     4  -1  -2  -2   0  -1  -1   0  -2  -1  -1  -1  -1  -2  -1   1   0  -2  -2   0    0   0   0   0   0   0   0   0   0   0   0   0   0   0   0   0   0   0   0   0  0.00     0.00
  386 E    -1   0   0   1  -4   2   5  -2   0  -3  -3   1  -2  -3  -1   0  -1  -3  -2  -2    0   0   0   0   0   0   0   0   0   0   0   0   0   0   0   0   0   0   0   0  0.00     0.00
  387 D    -2  -2   1   6  -3   0   1  -1  -1  -3  -4  -1  -3  -3  -1   0  -1  -4  -3  -3    0   0   0   0   0   0   0   0   0   0   0   0   0   0   0   0   0   0   0   0  0.00     0.00
  388 E    -1   0   0   1  -4   2   5  -2   0  -3  -3   1  -2  -3  -1   0  -1  -3  -2  -2    0   0   0   0   0   0   0   0   0   0   0   0   0   0   0   0   0   0   0   0  0.00     0.00
  389 S     1  -1   1   0  -1   0   0   0  -1  -2  -2   0  -1  -2  -1   4   1  -3  -2  -2    0   0   0   0   0   0   0   0   0   0   0   0   0   0   0   0   0   0   0   0  0.00     0.00
  390 A     4  -1  -2  -2   0  -1  -1   0  -2  -1  -1  -1  -1  -2  -1   1   0  -2  -2   0    0   0   0   0   0   0   0   0   0   0   0   0   0   0   0   0   0   0   0   0  0.00     0.00
  391 R    -1   5   0  -2  -3   1   0  -2   0  -3  -2   2  -1  -3  -2  -1  -1  -3  -2  -2    0   0   0   0   0   0   0   0   0   0   0   0   0   0   0   0   0   0   0   0  0.00     0.00
  392 G     0  -2   0  -1  -2  -2  -2   6  -2  -4  -4  -2  -3  -3  -2   0  -2  -2  -3  -3    0   0   0   0   0   0   0   0   0   0   0   0   0   0   0   0   0   0   0   0  0.00     0.00
  393 K    -1   2   0  -1  -3   1   1  -2  -1  -3  -2   4  -1  -3  -1   0  -1  -3  -2  -2    0   0   0   0   0   0   0   0   0   0   0   0   0   0   0   0   0   0   0   0  0.00     0.00
  394 A     4  -1  -2  -2   0  -1  -1   0  -2  -1  -1  -1  -1  -2  -1   1   0  -2  -2   0    0   0   0   0   0   0   0   0   0   0   0   0   0   0   0   0   0   0   0   0  0.00     0.00
  395 D    -2  -2   1   6  -3   0   1  -1  -1  -3  -4  -1  -3  -3  -1   0  -1  -4  -3  -3    0   0   0   0   0   0   0   0   0   0   0   0   0   0   0   0   0   0   0   0  0.00     0.00
  396 A     4  -1  -2  -2   0  -1  -1   0  -2  -1  -1  -1  -1  -2  -1   1   0  -2  -2   0    0   0   0   0   0   0   0   0   0   0   0   0   0   0   0   0   0   0   0   0  0.00     0.00
  397 E    -1   0   0   1  -4   2   5  -2   0  -3  -3   1  -2  -3  -1   0  -1  -3  -2  -2    0   0   0   0   0   0   0   0   0   0   0   0   0   0   0   0   0   0   0   0  0.00     0.00
  398 P    -1  -2  -2  -1  -3  -1  -1  -2  -2  -3  -3  -1  -2  -4   7  -1  -1  -4  -3  -2    0   0   0   0   0   0   0   0   0   0   0   0   0   0   0   0   0   0   0   0  0.00     0.00
  399 P    -1  -2  -2  -1  -3  -1  -1  -2  -2  -3  -3  -1  -2  -4   7  -1  -1  -4  -3  -2    0   0   0   0   0   0   0   0   0   0   0   0   0   0   0   0   0   0   0   0  0.00     0.00
  400 V     0  -2  -3  -3  -1  -2  -2  -3  -3   3   1  -2   1  -1  -2  -2   0  -3  -1   4    0   0   0   0   0   0   0   0   0   0   0   0   0   0   0   0   0   0   0   0  0.00     0.00
  401 L    -1  -2  -3  -4  -1  -2  -3  -4  -3   2   4  -2   2   0  -3  -2  -1  -2  -1   1    0   0   0   0   0   0   0   0   0   0   0   0   0   0   0   0   0   0   0   0  0.00     0.00
  402 P    -1  -2  -2  -1  -3  -1  -1  -2  -2  -3  -3  -1  -2  -4   7  -1  -1  -4  -3  -2    0   0   0   0   0   0   0   0   0   0   0   0   0   0   0   0   0   0   0   0  0.00     0.00
  403 E    -1   0   0   1  -4   2   5  -2   0  -3  -3   1  -2  -3  -1   0  -1  -3  -2  -2    0   0   0   0   0   0   0   0   0   0   0   0   0   0   0   0   0   0   0   0  0.00     0.00
  404 M    -1  -1  -2  -3  -1   0  -2  -3  -2   1   2  -1   5   0  -2  -1  -1  -1  -1   1    0   0   0   0   0   0   0   0   0   0   0   0   0   0   0   0   0   0   0   0  0.00     0.00
  405 P    -1  -2  -2  -1  -3  -1  -1  -2  -2  -3  -3  -1  -2  -4   7  -1  -1  -4  -3  -2    0   0   0   0   0   0   0   0   0   0   0   0   0   0   0   0   0   0   0   0  0.00     0.00
  406 E    -1   0   0   1  -4   2   5  -2   0  -3  -3   1  -2  -3  -1   0  -1  -3  -2  -2    0   0   0   0   0   0   0   0   0   0   0   0   0   0   0   0   0   0   0   0  0.00     0.00
  407 S     1  -1   1   0  -1   0   0   0  -1  -2  -2   0  -1  -2  -1   4   1  -3  -2  -2    0   0   0   0   0   0   0   0   0   0   0   0   0   0   0   0   0   0   0   0  0.00     0.00
  408 F    -2  -3  -3  -3  -2  -3  -3  -3  -1   0   0  -3   0   6  -4  -2  -2   1   3  -1    0   0   0   0   0   0   0   0   0   0   0   0   0   0   0   0   0   0   0   0  0.00     0.00
  409 E    -1   0   0   1  -4   2   5  -2   0  -3  -3   1  -2  -3  -1   0  -1  -3  -2  -2    0   0   0   0   0   0   0   0   0   0   0   0   0   0   0   0   0   0   0   0  0.00     0.00
  410 M    -1  -1  -2  -3  -1   0  -2  -3  -2   1   2  -1   5   0  -2  -1  -1  -1  -1   1    0   0   0   0   0   0   0   0   0   0   0   0   0   0   0   0   0   0   0   0  0.00     0.00
  411 P    -1  -2  -2  -1  -3  -1  -1  -2  -2  -3  -3  -1  -2  -4   7  -1  -1  -4  -3  -2    0   0   0   0   0   0   0   0   0   0   0   0   0   0   0   0   0   0   0   0  0.00     0.00
  412 E    -1   0   0   1  -4   2   5  -2   0  -3  -3   1  -2  -3  -1   0  -1  -3  -2  -2    0   0   0   0   0   0   0   0   0   0   0   0   0   0   0   0   0   0   0   0  0.00     0.00
  413 S     1  -1   1   0  -1   0   0   0  -1  -2  -2   0  -1  -2  -1   4   1  -3  -2  -2    0   0   0   0   0   0   0   0   0   0   0   0   0   0   0   0   0   0   0   0  0.00     0.00
  414 L    -1  -2  -3  -4  -1  -2  -3  -4  -3   2   4  -2   2   0  -3  -2  -1  -2  -1   1    0   0   0   0   0   0   0   0   0   0   0   0   0   0   0   0   0   0   0   0  0.00     0.00
  415 K    -1   2   0  -1  -3   1   1  -2  -1  -3  -2   4  -1  -3  -1   0  -1  -3  -2  -2    0   0   0   0   0   0   0   0   0   0   0   0   0   0   0   0   0   0   0   0  0.00     0.00
  416 Q    -1   1   0   0  -3   5   2  -2   0  -3  -2   1   0  -3  -1   0  -1  -2  -1  -2    0   0   0   0   0   0   0   0   0   0   0   0   0   0   0   0   0   0   0   0  0.00     0.00
  417 N    -2   0   6   1  -3   0   0   0   1  -3  -3   0  -2  -3  -2   1   0  -4  -2  -3    0   0   0   0   0   0   0   0   0   0   0   0   0   0   0   0   0   0   0   0  0.00     0.00
  418 P    -1  -2  -2  -1  -3  -1  -1  -2  -2  -3  -3  -1  -2  -4   7  -1  -1  -4  -3  -2    0   0   0   0   0   0   0   0   0   0   0   0   0   0   0   0   0   0   0   0  0.00     0.00
  419 V     0  -2  -3  -3  -1  -2  -2  -3  -3   3   1  -2   1  -1  -2  -2   0  -3  -1   4    0   0   0   0   0   0   0   0   0   0   0   0   0   0   0   0   0   0   0   0  0.00     0.00
  420 F    -2  -3  -3  -3  -2  -3  -3  -3  -1   0   0  -3   0   6  -4  -2  -2   1   3  -1    0   0   0   0   0   0   0   0   0   0   0   0   0   0   0   0   0   0   0   0  0.00     0.00
  421 P    -1  -2  -2  -1  -3  -1  -1  -2  -2  -3  -3  -1  -2  -4   7  -1  -1  -4  -3  -2    0   0   0   0   0   0   0   0   0   0   0   0   0   0   0   0   0   0   0   0  0.00     0.00
  422 V     0  -2  -3  -3  -1  -2  -2  -3  -3   3   1  -2   1  -1  -2  -2   0  -3  -1   4    0   0   0   0   0   0   0   0   0   0   0   0   0   0   0   0   0   0   0   0  0.00     0.00
  423 P    -1  -2  -2  -1  -3  -1  -1  -2  -2  -3  -3  -1  -2  -4   7  -1  -1  -4  -3  -2    0   0   0   0   0   0   0   0   0   0   0   0   0   0   0   0   0   0   0   0  0.00     0.00
  424 L    -1  -2  -3  -4  -1  -2  -3  -4  -3   2   4  -2   2   0  -3  -2  -1  -2  -1   1    0   0   0   0   0   0   0   0   0   0   0   0   0   0   0   0   0   0   0   0  0.00     0.00
  425 R    -1   5   0  -2  -3   1   0  -2   0  -3  -2   2  -1  -3  -2  -1  -1  -3  -2  -2    0   0   0   0   0   0   0   0   0   0   0   0   0   0   0   0   0   0   0   0  0.00     0.00
  426 L    -1  -2  -3  -4  -1  -2  -3  -4  -3   2   4  -2   2   0  -3  -2  -1  -2  -1   1    0   0   0   0   0   0   0   0   0   0   0   0   0   0   0   0   0   0   0   0  0.00     0.00
  427 R    -1   5   0  -2  -3   1   0  -2   0  -3  -2   2  -1  -3  -2  -1  -1  -3  -2  -2    0   0   0   0   0   0   0   0   0   0   0   0   0   0   0   0   0   0   0   0  0.00     0.00
  428 P    -1  -2  -2  -1  -3  -1  -1  -2  -2  -3  -3  -1  -2  -4   7  -1  -1  -4  -3  -2    0   0   0   0   0   0   0   0   0   0   0   0   0   0   0   0   0   0   0   0  0.00     0.00
  429 G     0  -2   0  -1  -2  -2  -2   6  -2  -4  -4  -2  -3  -3  -2   0  -2  -2  -3  -3    0   0   0   0   0   0   0   0   0   0   0   0   0   0   0   0   0   0   0   0  0.00     0.00
  430 E    -1   0   0   1  -4   2   5  -2   0  -3  -3   1  -2  -3  -1   0  -1  -3  -2  -2    0   0   0   0   0   0   0   0   0   0   0   0   0   0   0   0   0   0   0   0  0.00     0.00
  431 Q    -1   1   0   0  -3   5   2  -2   0  -3  -2   1   0  -3  -1   0  -1  -2  -1  -2    0   0   0   0   0   0   0   0   0   0   0   0   0   0   0   0   0   0   0   0  0.00     0.00
  432 L    -1  -2  -3  -4  -1  -2  -3  -4  -3   2   4  -2   2   0  -3  -2  -1  -2  -1   1    0   0   0   0   0   0   0   0   0   0   0   0   0   0   0   0   0   0   0   0  0.00     0.00
  433 F    -2  -3  -3  -3  -2  -3  -3  -3  -1   0   0  -3   0   6  -4  -2  -2   1   3  -1    0   0   0   0   0   0   0   0   0   0   0   0   0   0   0   0   0   0   0   0  0.00     0.00
  434 R    -1   5   0  -2  -3   1   0  -2   0  -3  -2   2  -1  -3  -2  -1  -1  -3  -2  -2    0   0   0   0   0   0   0   0   0   0   0   0   0   0   0   0   0   0   0   0  0.00     0.00
  435 D    -2  -2   1   6  -3   0   1  -1  -1  -3  -4  -1  -3  -3  -1   0  -1  -4  -3  -3    0   0   0   0   0   0   0   0   0   0   0   0   0   0   0   0   0   0   0   0  0.00     0.00
  436 P    -1  -2  -2  -1  -3  -1  -1  -2  -2  -3  -3  -1  -2  -4   7  -1  -1  -4  -3  -2    0   0   0   0   0   0   0   0   0   0   0   0   0   0   0   0   0   0   0   0  0.00     0.00
  437 L    -1  -2  -3  -4  -1  -2  -3  -4  -3   2   4  -2   2   0  -3  -2  -1  -2  -1   1    0   0   0   0   0   0   0   0   0   0   0   0   0   0   0   0   0   0   0   0  0.00     0.00
  438 S     1  -1   1   0  -1   0   0   0  -1  -2  -2   0  -1  -2  -1   4   1  -3  -2  -2    0   0   0   0   0   0   0   0   0   0   0   0   0   0   0   0   0   0   0   0  0.00     0.00
  439 S     1  -1   1   0  -1   0   0   0  -1  -2  -2   0  -1  -2  -1   4   1  -3  -2  -2    0   0   0   0   0   0   0   0   0   0   0   0   0   0   0   0   0   0   0   0  0.00     0.00
  440 K    -1   2   0  -1  -3   1   1  -2  -1  -3  -2   4  -1  -3  -1   0  -1  -3  -2  -2    0   0   0   0   0   0   0   0   0   0   0   0   0   0   0   0   0   0   0   0  0.00     0.00
  441 G     0  -2   0  -1  -2  -2  -2   6  -2  -4  -4  -2  -3  -3  -2   0  -2  -2  -3  -3    0   0   0   0   0   0   0   0   0   0   0   0   0   0   0   0   0   0   0   0  0.00     0.00
  442 V     0  -2  -3  -3  -1  -2  -2  -3  -3   3   1  -2   1  -1  -2  -2   0  -3  -1   4    0   0   0   0   0   0   0   0   0   0   0   0   0   0   0   0   0   0   0   0  0.00     0.00
  443 Q    -1   1   0   0  -3   5   2  -2   0  -3  -2   1   0  -3  -1   0  -1  -2  -1  -2    0   0   0   0   0   0   0   0   0   0   0   0   0   0   0   0   0   0   0   0  0.00     0.00
  444 L    -1  -2  -3  -4  -1  -2  -3  -4  -3   2   4  -2   2   0  -3  -2  -1  -2  -1   1    0   0   0   0   0   0   0   0   0   0   0   0   0   0   0   0   0   0   0   0  0.00     0.00
  445 Q    -1   1   0   0  -3   5   2  -2   0  -3  -2   1   0  -3  -1   0  -1  -2  -1  -2    0   0   0   0   0   0   0   0   0   0   0   0   0   0   0   0   0   0   0   0  0.00     0.00
  446 S     1  -1   1   0  -1   0   0   0  -1  -2  -2   0  -1  -2  -1   4   1  -3  -2  -2    0   0   0   0   0   0   0   0   0   0   0   0   0   0   0   0   0   0   0   0  0.00     0.00
  447 R    -1   5   0  -2  -3   1   0  -2   0  -3  -2   2  -1  -3  -2  -1  -1  -3  -2  -2    0   0   0   0   0   0   0   0   0   0   0   0   0   0   0   0   0   0   0   0  0.00     0.00
  448 Q    -1   1   0   0  -3   5   2  -2   0  -3  -2   1   0  -3  -1   0  -1  -2  -1  -2    0   0   0   0   0   0   0   0   0   0   0   0   0   0   0   0   0   0   0   0  0.00     0.00
  449 G     0  -2   0  -1  -2  -2  -2   6  -2  -4  -4  -2  -3  -3  -2   0  -2  -2  -3  -3    0   0   0   0   0   0   0   0   0   0   0   0   0   0   0   0   0   0   0   0  0.00     0.00
  450 G     0  -2   0  -1  -2  -2  -2   6  -2  -4  -4  -2  -3  -3  -2   0  -2  -2  -3  -3    0   0   0   0   0   0   0   0   0   0   0   0   0   0   0   0   0   0   0   0  0.00     0.00
  451 G     0  -2   0  -1  -2  -2  -2   6  -2  -4  -4  -2  -3  -3  -2   0  -2  -2  -3  -3    0   0   0   0   0   0   0   0   0   0   0   0   0   0   0   0   0   0   0   0  0.00     0.00
  452 D    -2  -2   1   6  -3   0   1  -1  -1  -3  -4  -1  -3  -3  -1   0  -1  -4  -3  -3    0   0   0   0   0   0   0   0   0   0   0   0   0   0   0   0   0   0   0   0  0.00     0.00
  453 S     1  -1   1   0  -1   0   0   0  -1  -2  -2   0  -1  -2  -1   4   1  -3  -2  -2    0   0   0   0   0   0   0   0   0   0   0   0   0   0   0   0   0   0   0   0  0.00     0.00
  454 S     1  -1   1   0  -1   0   0   0  -1  -2  -2   0  -1  -2  -1   4   1  -3  -2  -2    0   0   0   0   0   0   0   0   0   0   0   0   0   0   0   0   0   0   0   0  0.00     0.00
  455 G     0  -2   0  -1  -2  -2  -2   6  -2  -4  -4  -2  -3  -3  -2   0  -2  -2  -3  -3    0   0   0   0   0   0   0   0   0   0   0   0   0   0   0   0   0   0   0   0  0.00     0.00
  456 S     1  -1   1   0  -1   0   0   0  -1  -2  -2   0  -1  -2  -1   4   1  -3  -2  -2    0   0   0   0   0   0   0   0   0   0   0   0   0   0   0   0   0   0   0   0  0.00     0.00
  457 T     0  -1   0  -1  -1  -1  -1  -2  -2  -1  -1  -1  -1  -2  -1   1   4  -2  -2   0    0   0   0   0   0   0   0   0   0   0   0   0   0   0   0   0   0   0   0   0  0.00     0.00
  458 A     4  -1  -2  -2   0  -1  -1   0  -2  -1  -1  -1  -1  -2  -1   1   0  -2  -2   0    0   0   0   0   0   0   0   0   0   0   0   0   0   0   0   0   0   0   0   0  0.00     0.00
  459 A     4  -1  -2  -2   0  -1  -1   0  -2  -1  -1  -1  -1  -2  -1   1   0  -2  -2   0    0   0   0   0   0   0   0   0   0   0   0   0   0   0   0   0   0   0   0   0  0.00     0.00
  460 L    -1  -2  -3  -4  -1  -2  -3  -4  -3   2   4  -2   2   0  -3  -2  -1  -2  -1   1    0   0   0   0   0   0   0   0   0   0   0   0   0   0   0   0   0   0   0   0  0.00     0.00
  461 W    -2  -3  -4  -4  -2  -2  -3  -2  -2  -3  -2  -3  -1   1  -4  -3  -2  10   2  -3    0   0   0   0   0   0   0   0   0   0   0   0   0   0   0   0   0   0   0   0  0.00     0.00
  462 A     4  -1  -2  -2   0  -1  -1   0  -2  -1  -1  -1  -1  -2  -1   1   0  -2  -2   0    0   0   0   0   0   0   0   0   0   0   0   0   0   0   0   0   0   0   0   0  0.00     0.00
  463 G     0  -2   0  -1  -2  -2  -2   6  -2  -4  -4  -2  -3  -3  -2   0  -2  -2  -3  -3    0   0   0   0   0   0   0   0   0   0   0   0   0   0   0   0   0   0   0   0  0.00     0.00
  464 G     0  -2   0  -1  -2  -2  -2   6  -2  -4  -4  -2  -3  -3  -2   0  -2  -2  -3  -3    0   0   0   0   0   0   0   0   0   0   0   0   0   0   0   0   0   0   0   0  0.00     0.00
  465 G     0  -2   0  -1  -2  -2  -2   6  -2  -4  -4  -2  -3  -3  -2   0  -2  -2  -3  -3    0   0   0   0   0   0   0   0   0   0   0   0   0   0   0   0   0   0   0   0  0.00     0.00
  466 A     4  -1  -2  -2   0  -1  -1   0  -2  -1  -1  -1  -1  -2  -1   1   0  -2  -2   0    0   0   0   0   0   0   0   0   0   0   0   0   0   0   0   0   0   0   0   0  0.00     0.00
  467 G     0  -2   0  -1  -2  -2  -2   6  -2  -4  -4  -2  -3  -3  -2   0  -2  -2  -3  -3    0   0   0   0   0   0   0   0   0   0   0   0   0   0   0   0   0   0   0   0  0.00     0.00
  468 F    -2  -3  -3  -3  -2  -3  -3  -3  -1   0   0  -3   0   6  -4  -2  -2   1   3  -1    0   0   0   0   0   0   0   0   0   0   0   0   0   0   0   0   0   0   0   0  0.00     0.00
  469 A     4  -1  -2  -2   0  -1  -1   0  -2  -1  -1  -1  -1  -2  -1   1   0  -2  -2   0    0   0   0   0   0   0   0   0   0   0   0   0   0   0   0   0   0   0   0   0  0.00     0.00
  470 L    -1  -2  -3  -4  -1  -2  -3  -4  -3   2   4  -2   2   0  -3  -2  -1  -2  -1   1    0   0   0   0   0   0   0   0   0   0   0   0   0   0   0   0   0   0   0   0  0.00     0.00
  471 G     0  -2   0  -1  -2  -2  -2   6  -2  -4  -4  -2  -3  -3  -2   0  -2  -2  -3  -3    0   0   0   0   0   0   0   0   0   0   0   0   0   0   0   0   0   0   0   0  0.00     0.00
  472 G     0  -2   0  -1  -2  -2  -2   6  -2  -4  -4  -2  -3  -3  -2   0  -2  -2  -3  -3    0   0   0   0   0   0   0   0   0   0   0   0   0   0   0   0   0   0   0   0  0.00     0.00
  473 I    -1  -3  -3  -3  -1  -3  -3  -4  -3   4   2  -3   1   0  -3  -2  -1  -3  -1   3    0   0   0   0   0   0   0   0   0   0   0   0   0   0   0   0   0   0   0   0  0.00     0.00
  474 V     0  -2  -3  -3  -1  -2  -2  -3  -3   3   1  -2   1  -1  -2  -2   0  -3  -1   4    0   0   0   0   0   0   0   0   0   0   0   0   0   0   0   0   0   0   0   0  0.00     0.00
  475 A     4  -1  -2  -2   0  -1  -1   0  -2  -1  -1  -1  -1  -2  -1   1   0  -2  -2   0    0   0   0   0   0   0   0   0   0   0   0   0   0   0   0   0   0   0   0   0  0.00     0.00
  476 V     0  -2  -3  -3  -1  -2  -2  -3  -3   3   1  -2   1  -1  -2  -2   0  -3  -1   4    0   0   0   0   0   0   0   0   0   0   0   0   0   0   0   0   0   0   0   0  0.00     0.00
  477 T     0  -1   0  -1  -1  -1  -1  -2  -2  -1  -1  -1  -1  -2  -1   1   4  -2  -2   0    0   0   0   0   0   0   0   0   0   0   0   0   0   0   0   0   0   0   0   0  0.00     0.00
  478 L    -1  -2  -3  -4  -1  -2  -3  -4  -3   2   4  -2   2   0  -3  -2  -1  -2  -1   1    0   0   0   0   0   0   0   0   0   0   0   0   0   0   0   0   0   0   0   0  0.00     0.00
  479 V     0  -2  -3  -3  -1  -2  -2  -3  -3   3   1  -2   1  -1  -2  -2   0  -3  -1   4    0   0   0   0   0   0   0   0   0   0   0   0   0   0   0   0   0   0   0   0  0.00     0.00
  480 R    -1   5   0  -2  -3   1   0  -2   0  -3  -2   2  -1  -3  -2  -1  -1  -3  -2  -2    0   0   0   0   0   0   0   0   0   0   0   0   0   0   0   0   0   0   0   0  0.00     0.00
  481 V     0  -2  -3  -3  -1  -2  -2  -3  -3   3   1  -2   1  -1  -2  -2   0  -3  -1   4    0   0   0   0   0   0   0   0   0   0   0   0   0   0   0   0   0   0   0   0  0.00     0.00
  482 V     0  -2  -3  -3  -1  -2  -2  -3  -3   3   1  -2   1  -1  -2  -2   0  -3  -1   4    0   0   0   0   0   0   0   0   0   0   0   0   0   0   0   0   0   0   0   0  0.00     0.00
  483 N    -2   0   6   1  -3   0   0   0   1  -3  -3   0  -2  -3  -2   1   0  -4  -2  -3    0   0   0   0   0   0   0   0   0   0   0   0   0   0   0   0   0   0   0   0  0.00     0.00
  484 I    -1  -3  -3  -3  -1  -3  -3  -4  -3   4   2  -3   1   0  -3  -2  -1  -3  -1   3    0   0   0   0   0   0   0   0   0   0   0   0   0   0   0   0   0   0   0   0  0.00     0.00
  485 Y    -2  -2  -2  -3  -2  -1  -2  -3   2  -1  -1  -2  -1   3  -3  -2  -2   2   7  -1    0   0   0   0   0   0   0   0   0   0   0   0   0   0   0   0   0   0   0   0  0.00     0.00
  486 R    -1   5   0  -2  -3   1   0  -2   0  -3  -2   2  -1  -3  -2  -1  -1  -3  -2  -2    0   0   0   0   0   0   0   0   0   0   0   0   0   0   0   0   0   0   0   0  0.00     0.00
  487 R    -1   5   0  -2  -3   1   0  -2   0  -3  -2   2  -1  -3  -2  -1  -1  -3  -2  -2    0   0   0   0   0   0   0   0   0   0   0   0   0   0   0   0   0   0   0   0  0.00     0.00
  488 K    -1   2   0  -1  -3   1   1  -2  -1  -3  -2   4  -1  -3  -1   0  -1  -3  -2  -2    0   0   0   0   0   0   0   0   0   0   0   0   0   0   0   0   0   0   0   0  0.00     0.00
  489 R    -1   5   0  -2  -3   1   0  -2   0  -3  -2   2  -1  -3  -2  -1  -1  -3  -2  -2    0   0   0   0   0   0   0   0   0   0   0   0   0   0   0   0   0   0   0   0  0.00     0.00
  490 G     0  -2   0  -1  -2  -2  -2   6  -2  -4  -4  -2  -3  -3  -2   0  -2  -2  -3  -3    0   0   0   0   0   0   0   0   0   0   0   0   0   0   0   0   0   0   0   0  0.00     0.00
  491 E    -1   0   0   1  -4   2   5  -2   0  -3  -3   1  -2  -3  -1   0  -1  -3  -2  -2    0   0   0   0   0   0   0   0   0   0   0   0   0   0   0   0   0   0   0   0  0.00     0.00

                      K         Lambda
Standard Ungapped    0.1350     0.3173
Standard Gapped      0.0386     0.2670
PSI Ungapped         0.1262     0.3197
PSI Gapped           0.0386     0.2670
