
Last position-specific scoring matrix computed, weighted observed percentages rounded down, information per position, and relative weight of gapless real matches to pseudocounts
            A   R   N   D   C   Q   E   G   H   I   L   K   M   F   P   S   T   W   Y   V   A   R   N   D   C   Q   E   G   H   I   L   K   M   F   P   S   T   W   Y   V
    1 M    -1  -1  -2  -3  -1   0  -2  -3  -2   1   2  -1   5   0  -2  -1  -1  -1  -1   1    0   0   0   0   0   0   0   0   0   0   0   0   0   0   0   0   0   0   0   0  0.00     0.00
    2 P    -1  -2  -2  -1  -3  -1  -1  -2  -2  -3  -3  -1  -2  -4   7  -1  -1  -4  -3  -2    0   0   0   0   0   0   0   0   0   0   0   0   0   0   0   0   0   0   0   0  0.00     0.00
    3 P    -1  -2  -2  -1  -3  -1  -1  -2  -2  -3  -3  -1  -2  -4   7  -1  -1  -4  -3  -2    0   0   0   0   0   0   0   0   0   0   0   0   0   0   0   0   0   0   0   0  0.00     0.00
    4 P    -1  -2  -2  -1  -3  -1  -1  -2  -2  -3  -3  -1  -2  -4   7  -1  -1  -4  -3  -2    0   0   0   0   0   0   0   0   0   0   0   0   0   0   0   0   0   0   0   0  0.00     0.00
    5 P    -1  -2  -2  -1  -3  -1  -1  -2  -2  -3  -3  -1  -2  -4   7  -1  -1  -4  -3  -2    0   0   0   0   0   0   0   0   0   0   0   0   0   0   0   0   0   0   0   0  0.00     0.00
    6 C     0  -3  -3  -3   9  -3  -4  -2  -3  -1  -1  -3  -1  -2  -3  -1  -1  -2  -2  -1    0   0   0   0   0   0   0   0   0   0   0   0   0   0   0   0   0   0   0   0  0.00     0.00
    7 R    -1   5   0  -2  -3   1   0  -2   0  -3  -2   2  -1  -3  -2  -1  -1  -3  -2  -2    0   0   0   0   0   0   0   0   0   0   0   0   0   0   0   0   0   0   0   0  0.00     0.00
    8 S     1  -1   1   0  -1   0   0   0  -1  -2  -2   0  -1  -2  -1   4   1  -3  -2  -2    0   0   0   0   0   0   0   0   0   0   0   0   0   0   0   0   0   0   0   0  0.00     0.00
    9 S     1  -1   1   0  -1   0   0   0  -1  -2  -2   0  -1  -2  -1   4   1  -3  -2  -2    0   0   0   0   0   0   0   0   0   0   0   0   0   0   0   0   0   0   0   0  0.00     0.00
   10 T     0  -1   0  -1  -1  -1  -1  -2  -2  -1  -1  -1  -1  -2  -1   1   5  -2  -2   0    0   0   0   0   0   0   0   0   0   0   0   0   0   0   0   0   0   0   0   0  0.00     0.00
   11 T     0  -1   0  -1  -1  -1  -1  -2  -2  -1  -1  -1  -1  -2  -1   1   5  -2  -2   0    0   0   0   0   0   0   0   0   0   0   0   0   0   0   0   0   0   0   0   0  0.00     0.00
   12 G     0  -2   0  -1  -2  -2  -2   6  -2  -4  -4  -2  -3  -3  -2   0  -2  -2  -3  -3    0   0   0   0   0   0   0   0   0   0   0   0   0   0   0   0   0   0   0   0  0.00     0.00
   13 V     0  -2  -3  -3  -1  -2  -2  -3  -3   3   1  -2   1  -1  -2  -2   0  -3  -1   4    0   0   0   0   0   0   0   0   0   0   0   0   0   0   0   0   0   0   0   0  0.00     0.00
   14 Q    -1   1   0   0  -3   5   2  -2   0  -3  -2   1   0  -3  -1   0  -1  -2  -1  -2    0   0   0   0   0   0   0   0   0   0   0   0   0   0   0   0   0   0   0   0  0.00     0.00
   15 Q    -1   1   0   0  -3   5   2  -2   0  -3  -2   1   0  -3  -1   0  -1  -2  -1  -2    0   0   0   0   0   0   0   0   0   0   0   0   0   0   0   0   0   0   0   0  0.00     0.00
   16 R    -1   5   0  -2  -3   1   0  -2   0  -3  -2   2  -1  -3  -2  -1  -1  -3  -2  -2    0   0   0   0   0   0   0   0   0   0   0   0   0   0   0   0   0   0   0   0  0.00     0.00
   17 G     0  -2   0  -1  -2  -2  -2   6  -2  -4  -4  -2  -3  -3  -2   0  -2  -2  -3  -3    0   0   0   0   0   0   0   0   0   0   0   0   0   0   0   0   0   0   0   0  0.00     0.00
   18 R    -1   5   0  -2  -3   1   0  -2   0  -3  -2   2  -1  -3  -2  -1  -1  -3  -2  -2    0   0   0   0   0   0   0   0   0   0   0   0   0   0   0   0   0   0   0   0  0.00     0.00
   19 S     1  -1   1   0  -1   0   0   0  -1  -2  -2   0  -1  -2  -1   4   1  -3  -2  -2    0   0   0   0   0   0   0   0   0   0   0   0   0   0   0   0   0   0   0   0  0.00     0.00
   20 G     0  -2   0  -1  -2  -2  -2   6  -2  -4  -4  -2  -3  -3  -2   0  -2  -2  -3  -3    0   0   0   0   0   0   0   0   0   0   0   0   0   0   0   0   0   0   0   0  0.00     0.00
   21 R    -1   5   0  -2  -3   1   0  -2   0  -3  -2   2  -1  -3  -2  -1  -1  -3  -2  -2    0   0   0   0   0   0   0   0   0   0   0   0   0   0   0   0   0   0   0   0  0.00     0.00
   22 P    -1  -2  -2  -1  -3  -1  -1  -2  -2  -3  -3  -1  -2  -4   7  -1  -1  -4  -3  -2    0   0   0   0   0   0   0   0   0   0   0   0   0   0   0   0   0   0   0   0  0.00     0.00
   23 R    -1   5   0  -2  -3   1   0  -2   0  -3  -2   2  -1  -3  -2  -1  -1  -3  -2  -2    0   0   0   0   0   0   0   0   0   0   0   0   0   0   0   0   0   0   0   0  0.00     0.00
   24 E    -1   0   0   2  -4   2   5  -2   0  -3  -3   1  -2  -3  -1   0  -1  -3  -2  -2    0   0   0   0   0   0   0   0   0   0   0   0   0   0   0   0   0   0   0   0  0.00     0.00
   25 L    -1  -2  -3  -4  -1  -2  -3  -4  -3   2   4  -2   2   0  -3  -2  -1  -2  -1   1    0   0   0   0   0   0   0   0   0   0   0   0   0   0   0   0   0   0   0   0  0.00     0.00
   26 G     0  -2   0  -1  -2  -2  -2   6  -2  -4  -4  -2  -3  -3  -2   0  -2  -2  -3  -3    0   0   0   0   0   0   0   0   0   0   0   0   0   0   0   0   0   0   0   0  0.00     0.00
   27 V     0  -2  -3  -3  -1  -2  -2  -3  -3   3   1  -2   1  -1  -2  -2   0  -3  -1   4    0   0   0   0   0   0   0   0   0   0   0   0   0   0   0   0   0   0   0   0  0.00     0.00
   28 P    -1  -2  -2  -1  -3  -1  -1  -2  -2  -3  -3  -1  -2  -4   7  -1  -1  -4  -3  -2    0   0   0   0   0   0   0   0   0   0   0   0   0   0   0   0   0   0   0   0  0.00     0.00
   29 A     4  -1  -2  -2   0  -1  -1   0  -2  -1  -1  -1  -1  -2  -1   1   0  -3  -2   0    0   0   0   0   0   0   0   0   0   0   0   0   0   0   0   0   0   0   0   0  0.00     0.00
   30 A     4  -1  -2  -2   0  -1  -1   0  -2  -1  -1  -1  -1  -2  -1   1   0  -3  -2   0    0   0   0   0   0   0   0   0   0   0   0   0   0   0   0   0   0   0   0   0  0.00     0.00
   31 L    -1  -2  -3  -4  -1  -2  -3  -4  -3   2   4  -2   2   0  -3  -2  -1  -2  -1   1    0   0   0   0   0   0   0   0   0   0   0   0   0   0   0   0   0   0   0   0  0.00     0.00
   32 S     1  -1   1   0  -1   0   0   0  -1  -2  -2   0  -1  -2  -1   4   1  -3  -2  -2    0   0   0   0   0   0   0   0   0   0   0   0   0   0   0   0   0   0   0   0  0.00     0.00
   33 R    -1   5   0  -2  -3   1   0  -2   0  -3  -2   2  -1  -3  -2  -1  -1  -3  -2  -2    0   0   0   0   0   0   0   0   0   0   0   0   0   0   0   0   0   0   0   0  0.00     0.00
   34 M    -1  -1  -2  -3  -1   0  -2  -3  -2   1   2  -1   5   0  -2  -1  -1  -1  -1   1    0   0   0   0   0   0   0   0   0   0   0   0   0   0   0   0   0   0   0   0  0.00     0.00
   35 G     0  -2   0  -1  -2  -2  -2   6  -2  -4  -4  -2  -3  -3  -2   0  -2  -2  -3  -3    0   0   0   0   0   0   0   0   0   0   0   0   0   0   0   0   0   0   0   0  0.00     0.00
   36 T     0  -1   0  -1  -1  -1  -1  -2  -2  -1  -1  -1  -1  -2  -1   1   5  -2  -2   0    0   0   0   0   0   0   0   0   0   0   0   0   0   0   0   0   0   0   0   0  0.00     0.00
   37 I    -1  -3  -3  -3  -1  -3  -3  -4  -3   4   2  -3   1   0  -3  -2  -1  -3  -1   3    0   0   0   0   0   0   0   0   0   0   0   0   0   0   0   0   0   0   0   0  0.00     0.00
   38 K    -1   2   0  -1  -3   1   1  -2  -1  -3  -2   4  -1  -3  -1   0  -1  -3  -2  -2    0   0   0   0   0   0   0   0   0   0   0   0   0   0   0   0   0   0   0   0  0.00     0.00
   39 S     1  -1   1   0  -1   0   0   0  -1  -2  -2   0  -1  -2  -1   4   1  -3  -2  -2    0   0   0   0   0   0   0   0   0   0   0   0   0   0   0   0   0   0   0   0  0.00     0.00
   40 Q    -1   1   0   0  -3   5   2  -2   0  -3  -2   1   0  -3  -1   0  -1  -2  -1  -2    0   0   0   0   0   0   0   0   0   0   0   0   0   0   0   0   0   0   0   0  0.00     0.00
   41 D    -2  -2   1   6  -3   0   2  -1  -1  -3  -4  -1  -3  -3  -1   0  -1  -4  -3  -3    0   0   0   0   0   0   0   0   0   0   0   0   0   0   0   0   0   0   0   0  0.00     0.00
   42 A     4  -1  -2  -2   0  -1  -1   0  -2  -1  -1  -1  -1  -2  -1   1   0  -3  -2   0    0   0   0   0   0   0   0   0   0   0   0   0   0   0   0   0   0   0   0   0  0.00     0.00
   43 E    -1   0   0   2  -4   2   5  -2   0  -3  -3   1  -2  -3  -1   0  -1  -3  -2  -2    0   0   0   0   0   0   0   0   0   0   0   0   0   0   0   0   0   0   0   0  0.00     0.00
   44 D    -2  -2   1   6  -3   0   2  -1  -1  -3  -4  -1  -3  -3  -1   0  -1  -4  -3  -3    0   0   0   0   0   0   0   0   0   0   0   0   0   0   0   0   0   0   0   0  0.00     0.00
   45 W    -3  -3  -4  -4  -2  -2  -3  -2  -2  -3  -2  -3  -1   1  -4  -3  -2  10   2  -3    0   0   0   0   0   0   0   0   0   0   0   0   0   0   0   0   0   0   0   0  0.00     0.00
   46 L    -1  -2  -3  -4  -1  -2  -3  -4  -3   2   4  -2   2   0  -3  -2  -1  -2  -1   1    0   0   0   0   0   0   0   0   0   0   0   0   0   0   0   0   0   0   0   0  0.00     0.00
   47 E    -1   0   0   2  -4   2   5  -2   0  -3  -3   1  -2  -3  -1   0  -1  -3  -2  -2    0   0   0   0   0   0   0   0   0   0   0   0   0   0   0   0   0   0   0   0  0.00     0.00
   48 A     4  -1  -2  -2   0  -1  -1   0  -2  -1  -1  -1  -1  -2  -1   1   0  -3  -2   0    0   0   0   0   0   0   0   0   0   0   0   0   0   0   0   0   0   0   0   0  0.00     0.00
   49 E    -1   0   0   2  -4   2   5  -2   0  -3  -3   1  -2  -3  -1   0  -1  -3  -2  -2    0   0   0   0   0   0   0   0   0   0   0   0   0   0   0   0   0   0   0   0  0.00     0.00
   50 I    -1  -3  -3  -3  -1  -3  -3  -4  -3   4   2  -3   1   0  -3  -2  -1  -3  -1   3    0   0   0   0   0   0   0   0   0   0   0   0   0   0   0   0   0   0   0   0  0.00     0.00
   51 G     0  -2   0  -1  -2  -2  -2   6  -2  -4  -4  -2  -3  -3  -2   0  -2  -2  -3  -3    0   0   0   0   0   0   0   0   0   0   0   0   0   0   0   0   0   0   0   0  0.00     0.00
   52 P    -1  -2  -2  -1  -3  -1  -1  -2  -2  -3  -3  -1  -2  -4   7  -1  -1  -4  -3  -2    0   0   0   0   0   0   0   0   0   0   0   0   0   0   0   0   0   0   0   0  0.00     0.00
   53 I    -1  -3  -3  -3  -1  -3  -3  -4  -3   4   2  -3   1   0  -3  -2  -1  -3  -1   3    0   0   0   0   0   0   0   0   0   0   0   0   0   0   0   0   0   0   0   0  0.00     0.00
   54 T     0  -1   0  -1  -1  -1  -1  -2  -2  -1  -1  -1  -1  -2  -1   1   5  -2  -2   0    0   0   0   0   0   0   0   0   0   0   0   0   0   0   0   0   0   0   0   0  0.00     0.00
   55 S     1  -1   1   0  -1   0   0   0  -1  -2  -2   0  -1  -2  -1   4   1  -3  -2  -2    0   0   0   0   0   0   0   0   0   0   0   0   0   0   0   0   0   0   0   0  0.00     0.00
   56 A     4  -1  -2  -2   0  -1  -1   0  -2  -1  -1  -1  -1  -2  -1   1   0  -3  -2   0    0   0   0   0   0   0   0   0   0   0   0   0   0   0   0   0   0   0   0   0  0.00     0.00
   57 R    -1   5   0  -2  -3   1   0  -2   0  -3  -2   2  -1  -3  -2  -1  -1  -3  -2  -2    0   0   0   0   0   0   0   0   0   0   0   0   0   0   0   0   0   0   0   0  0.00     0.00
   58 P    -1  -2  -2  -1  -3  -1  -1  -2  -2  -3  -3  -1  -2  -4   7  -1  -1  -4  -3  -2    0   0   0   0   0   0   0   0   0   0   0   0   0   0   0   0   0   0   0   0  0.00     0.00
   59 I    -1  -3  -3  -3  -1  -3  -3  -4  -3   4   2  -3   1   0  -3  -2  -1  -3  -1   3    0   0   0   0   0   0   0   0   0   0   0   0   0   0   0   0   0   0   0   0  0.00     0.00
   60 G     0  -2   0  -1  -2  -2  -2   6  -2  -4  -4  -2  -3  -3  -2   0  -2  -2  -3  -3    0   0   0   0   0   0   0   0   0   0   0   0   0   0   0   0   0   0   0   0  0.00     0.00
   61 G     0  -2   0  -1  -2  -2  -2   6  -2  -4  -4  -2  -3  -3  -2   0  -2  -2  -3  -3    0   0   0   0   0   0   0   0   0   0   0   0   0   0   0   0   0   0   0   0  0.00     0.00
   62 K    -1   2   0  -1  -3   1   1  -2  -1  -3  -2   4  -1  -3  -1   0  -1  -3  -2  -2    0   0   0   0   0   0   0   0   0   0   0   0   0   0   0   0   0   0   0   0  0.00     0.00
   63 R    -1   5   0  -2  -3   1   0  -2   0  -3  -2   2  -1  -3  -2  -1  -1  -3  -2  -2    0   0   0   0   0   0   0   0   0   0   0   0   0   0   0   0   0   0   0   0  0.00     0.00
   64 W    -3  -3  -4  -4  -2  -2  -3  -2  -2  -3  -2  -3  -1   1  -4  -3  -2  10   2  -3    0   0   0   0   0   0   0   0   0   0   0   0   0   0   0   0   0   0   0   0  0.00     0.00
   65 V     0  -2  -3  -3  -1  -2  -2  -3  -3   3   1  -2   1  -1  -2  -2   0  -3  -1   4    0   0   0   0   0   0   0   0   0   0   0   0   0   0   0   0   0   0   0   0  0.00     0.00
   66 D    -2  -2   1   6  -3   0   2  -1  -1  -3  -4  -1  -3  -3  -1   0  -1  -4  -3  -3    0   0   0   0   0   0   0   0   0   0   0   0   0   0   0   0   0   0   0   0  0.00     0.00
   67 A     4  -1  -2  -2   0  -1  -1   0  -2  -1  -1  -1  -1  -2  -1   1   0  -3  -2   0    0   0   0   0   0   0   0   0   0   0   0   0   0   0   0   0   0   0   0   0  0.00     0.00
   68 S     1  -1   1   0  -1   0   0   0  -1  -2  -2   0  -1  -2  -1   4   1  -3  -2  -2    0   0   0   0   0   0   0   0   0   0   0   0   0   0   0   0   0   0   0   0  0.00     0.00
   69 G     0  -2   0  -1  -2  -2  -2   6  -2  -4  -4  -2  -3  -3  -2   0  -2  -2  -3  -3    0   0   0   0   0   0   0   0   0   0   0   0   0   0   0   0   0   0   0   0  0.00     0.00
   70 G     0  -2   0  -1  -2  -2  -2   6  -2  -4  -4  -2  -3  -3  -2   0  -2  -2  -3  -3    0   0   0   0   0   0   0   0   0   0   0   0   0   0   0   0   0   0   0   0  0.00     0.00
   71 L    -1  -2  -3  -4  -1  -2  -3  -4  -3   2   4  -2   2   0  -3  -2  -1  -2  -1   1    0   0   0   0   0   0   0   0   0   0   0   0   0   0   0   0   0   0   0   0  0.00     0.00
   72 S     1  -1   1   0  -1   0   0   0  -1  -2  -2   0  -1  -2  -1   4   1  -3  -2  -2    0   0   0   0   0   0   0   0   0   0   0   0   0   0   0   0   0   0   0   0  0.00     0.00
   73 D    -2  -2   1   6  -3   0   2  -1  -1  -3  -4  -1  -3  -3  -1   0  -1  -4  -3  -3    0   0   0   0   0   0   0   0   0   0   0   0   0   0   0   0   0   0   0   0  0.00     0.00
   74 F    -2  -3  -3  -3  -2  -3  -3  -3  -1   0   0  -3   0   6  -4  -2  -2   1   3  -1    0   0   0   0   0   0   0   0   0   0   0   0   0   0   0   0   0   0   0   0  0.00     0.00
   75 E    -1   0   0   2  -4   2   5  -2   0  -3  -3   1  -2  -3  -1   0  -1  -3  -2  -2    0   0   0   0   0   0   0   0   0   0   0   0   0   0   0   0   0   0   0   0  0.00     0.00
   76 H    -2   0   1  -1  -3   0   0  -2   7  -3  -3  -1  -2  -1  -2  -1  -2  -2   2  -3    0   0   0   0   0   0   0   0   0   0   0   0   0   0   0   0   0   0   0   0  0.00     0.00
   77 E    -1   0   0   2  -4   2   5  -2   0  -3  -3   1  -2  -3  -1   0  -1  -3  -2  -2    0   0   0   0   0   0   0   0   0   0   0   0   0   0   0   0   0   0   0   0  0.00     0.00
   78 E    -1   0   0   2  -4   2   5  -2   0  -3  -3   1  -2  -3  -1   0  -1  -3  -2  -2    0   0   0   0   0   0   0   0   0   0   0   0   0   0   0   0   0   0   0   0  0.00     0.00
   79 S     1  -1   1   0  -1   0   0   0  -1  -2  -2   0  -1  -2  -1   4   1  -3  -2  -2    0   0   0   0   0   0   0   0   0   0   0   0   0   0   0   0   0   0   0   0  0.00     0.00
   80 F    -2  -3  -3  -3  -2  -3  -3  -3  -1   0   0  -3   0   6  -4  -2  -2   1   3  -1    0   0   0   0   0   0   0   0   0   0   0   0   0   0   0   0   0   0   0   0  0.00     0.00
   81 T     0  -1   0  -1  -1  -1  -1  -2  -2  -1  -1  -1  -1  -2  -1   1   5  -2  -2   0    0   0   0   0   0   0   0   0   0   0   0   0   0   0   0   0   0   0   0   0  0.00     0.00
   82 L    -1  -2  -3  -4  -1  -2  -3  -4  -3   2   4  -2   2   0  -3  -2  -1  -2  -1   1    0   0   0   0   0   0   0   0   0   0   0   0   0   0   0   0   0   0   0   0  0.00     0.00
   83 Y    -2  -2  -2  -3  -2  -1  -2  -3   2  -1  -1  -2  -1   3  -3  -2  -2   2   7  -1    0   0   0   0   0   0   0   0   0   0   0   0   0   0   0   0   0   0   0   0  0.00     0.00
   84 S     1  -1   1   0  -1   0   0   0  -1  -2  -2   0  -1  -2  -1   4   1  -3  -2  -2    0   0   0   0   0   0   0   0   0   0   0   0   0   0   0   0   0   0   0   0  0.00     0.00
   85 C     0  -3  -3  -3   9  -3  -4  -2  -3  -1  -1  -3  -1  -2  -3  -1  -1  -2  -2  -1    0   0   0   0   0   0   0   0   0   0   0   0   0   0   0   0   0   0   0   0  0.00     0.00
   86 H    -2   0   1  -1  -3   0   0  -2   7  -3  -3  -1  -2  -1  -2  -1  -2  -2   2  -3    0   0   0   0   0   0   0   0   0   0   0   0   0   0   0   0   0   0   0   0  0.00     0.00
   87 C     0  -3  -3  -3   9  -3  -4  -2  -3  -1  -1  -3  -1  -2  -3  -1  -1  -2  -2  -1    0   0   0   0   0   0   0   0   0   0   0   0   0   0   0   0   0   0   0   0  0.00     0.00
   88 R    -1   5   0  -2  -3   1   0  -2   0  -3  -2   2  -1  -3  -2  -1  -1  -3  -2  -2    0   0   0   0   0   0   0   0   0   0   0   0   0   0   0   0   0   0   0   0  0.00     0.00
   89 E    -1   0   0   2  -4   2   5  -2   0  -3  -3   1  -2  -3  -1   0  -1  -3  -2  -2    0   0   0   0   0   0   0   0   0   0   0   0   0   0   0   0   0   0   0   0  0.00     0.00
   90 T     0  -1   0  -1  -1  -1  -1  -2  -2  -1  -1  -1  -1  -2  -1   1   5  -2  -2   0    0   0   0   0   0   0   0   0   0   0   0   0   0   0   0   0   0   0   0   0  0.00     0.00
   91 E    -1   0   0   2  -4   2   5  -2   0  -3  -3   1  -2  -3  -1   0  -1  -3  -2  -2    0   0   0   0   0   0   0   0   0   0   0   0   0   0   0   0   0   0   0   0  0.00     0.00
   92 E    -1   0   0   2  -4   2   5  -2   0  -3  -3   1  -2  -3  -1   0  -1  -3  -2  -2    0   0   0   0   0   0   0   0   0   0   0   0   0   0   0   0   0   0   0   0  0.00     0.00
   93 M    -1  -1  -2  -3  -1   0  -2  -3  -2   1   2  -1   5   0  -2  -1  -1  -1  -1   1    0   0   0   0   0   0   0   0   0   0   0   0   0   0   0   0   0   0   0   0  0.00     0.00
   94 Q    -1   1   0   0  -3   5   2  -2   0  -3  -2   1   0  -3  -1   0  -1  -2  -1  -2    0   0   0   0   0   0   0   0   0   0   0   0   0   0   0   0   0   0   0   0  0.00     0.00
   95 K    -1   2   0  -1  -3   1   1  -2  -1  -3  -2   4  -1  -3  -1   0  -1  -3  -2  -2    0   0   0   0   0   0   0   0   0   0   0   0   0   0   0   0   0   0   0   0  0.00     0.00
   96 N    -2   0   6   1  -3   0   0   0   1  -3  -3   0  -2  -3  -2   1   0  -4  -2  -3    0   0   0   0   0   0   0   0   0   0   0   0   0   0   0   0   0   0   0   0  0.00     0.00
   97 P    -1  -2  -2  -1  -3  -1  -1  -2  -2  -3  -3  -1  -2  -4   7  -1  -1  -4  -3  -2    0   0   0   0   0   0   0   0   0   0   0   0   0   0   0   0   0   0   0   0  0.00     0.00
   98 T     0  -1   0  -1  -1  -1  -1  -2  -2  -1  -1  -1  -1  -2  -1   1   5  -2  -2   0    0   0   0   0   0   0   0   0   0   0   0   0   0   0   0   0   0   0   0   0  0.00     0.00
   99 V     0  -2  -3  -3  -1  -2  -2  -3  -3   3   1  -2   1  -1  -2  -2   0  -3  -1   4    0   0   0   0   0   0   0   0   0   0   0   0   0   0   0   0   0   0   0   0  0.00     0.00
  100 K    -1   2   0  -1  -3   1   1  -2  -1  -3  -2   4  -1  -3  -1   0  -1  -3  -2  -2    0   0   0   0   0   0   0   0   0   0   0   0   0   0   0   0   0   0   0   0  0.00     0.00
  101 M    -1  -1  -2  -3  -1   0  -2  -3  -2   1   2  -1   5   0  -2  -1  -1  -1  -1   1    0   0   0   0   0   0   0   0   0   0   0   0   0   0   0   0   0   0   0   0  0.00     0.00
  102 L    -2  -2  -4  -4  -1  -2  -3  -4  -3   2   4  -3   2   0  -3  -3  -1  -2  -1   1    0   0   0   0   0   0   0   0   0   0 100   0   0   0   0   0   0   0   0   0  0.46 0.00
  103 V     3  -2  -2  -3  -1  -2  -2  -1  -2   1   0  -2   0  -2  -2   0   0  -3  -2   3   50   0   0   0   0   0   0   0   0   0   0   0   0   0   0   0   0   0   0  50  0.21 0.00
  104 A     2  -2   0  -1  -1  -1  -1   3  -2  -2  -3  -1  -2  -3  -1   2   0  -3  -2  -2   35   0   0   0   0   0   0  33   0   0   0   0   0   0   0  32   0   0   0   0  0.40 0.01
  105 C    -1  -3  -2  -3   9  -2  -3  -3   3  -2  -2  -3  -2  -3  -3  -1  -1  -3  -2  -1    0   0   0   0  84   0   0   0  16   0   0   0   0   0   0   0   0   0   0   0  1.12 0.04
  106 L    -2  -3  -3  -4  -2  -2  -3  -4  -1   3   2  -3   1   1  -3  -3  -1   0   5   2    0   0   0   0   0   0   0   0   0  33  23   0   0   0   0   0   0   0  35   8  0.41 0.06
  107 D    -1  -1   2   4  -3   1   1  -1  -1  -2  -3   1  -2  -3  -2   2   0  -4  -3  -1    0   0   7  45   0   8   0   0   0   0   0   8   0   0   0  24   0   0   0   9  0.42 0.05
  108 G    -1  -2   0   4  -3  -1   1   1  -2  -3  -3  -1  -2  -3  -2   0   3  -4  -3  -2    0   0   0  43   0   0   7  15   0   0   0   0   0   0   0   0  35   0   0   0  0.47 0.06
  109 G    -1  -3   0   4  -3  -2  -1   5  -2  -4  -4  -2  -3  -4  -2  -1  -2  -4  -4  -4    0   0   0  33   0   0   0  67   0   0   0   0   0   0   0   0   0   0   0   0  0.89 0.08
  110 E     1  -1  -1   0  -2   1   3   1  -1   0  -2   0  -1  -2  -2   0  -1  -2   0  -1   19   0   0   0   0   6  33  13   0  16   0   6   0   0   0   0   0   0   6   0  0.18 0.04
  111 K     0   0   0   1  -3   3   0   3   2  -3  -3   2  -2  -3  -2   0  -1  -3  -2  -3    6   0   0   7   0  29   0  25   7   0   0  20   0   0   0   7   0   0   0   0  0.34 0.05
  112 E    -1   3   0   2  -3   0   2  -2  -1  -3  -3   1  -2  -2   3   1  -1  -3   0  -3    0  32   0  13   0   0  13   0   0   0   0   7   0   0  15  14   0   0   6   0  0.39 0.05
  113 F    -2  -3  -3  -4  -2  -3  -3  -4   0   0   0  -3  -1   5  -4  -2  -2   1   6   2    0   0   0   0   0   0   0   0   0   0   0   0   0  34   0   0   0   0  40  27  0.63 0.08
  114 L    -3  -3  -4  -4  -3  -4  -4  -4  -2   0   1  -4   0   7  -4  -3  -3   0   2  -1    0   0   0   0   0   0   0   0   0   0  13   0   0  87   0   0   0   0   0   0  0.99 0.11
  115 V    -1  -3  -4  -4  -1  -3  -3  -4  -4   2   1  -3   0  -1  -3  -2  -1  -3  -2   5    0   0   0   0   0   0   0   0   0   0   9   0   0   0   0   0   0   0   0  91  0.58 0.10
  116 K    -1   2  -1  -1  -4   1   0  -2  -1  -4  -3   6  -2  -4  -2  -1  -1  -4  -3  -3    0   0   0   0   0   0   0   0   0   0   0 100   0   0   0   0   0   0   0   0  0.87 0.12
  117 T    -1  -3  -2  -3   4  -2  -2  -3  -3   2   1  -2   0  -2  -2  -1   3  -3  -2   3    0   0   0   0  13   0   0   0   0  13   7   0   0   0   0   0  34   0   0  33  0.30 0.06
  118 S    -2  -1   6   3  -3  -1   0  -1   0  -4  -4  -1  -3  -4  -2   1   0  -4  -3  -3    0   0  74  13   0   0   0   0   0   0   0   0   0   0   0  13   0   0   0   0  0.81 0.10
  119 T    -1   2   0   2  -3   2   2   0  -1  -3  -3   1  -2  -3  -2   1   1  -3  -2  -2    0  19   0  15   0  14  13   7   0   0   0   6   0   0   0  13  13   0   0   0  0.30 0.04
  120 M     1   4  -1  -2  -3   0  -1  -2  -1  -2  -2   3   2  -3  -2   0  -1  -3  -2  -2   14  45   0   0   0   0   0   0   0   0   0  22  13   0   0   7   0   0   0   0  0.40 0.06
  121 K    -1   0  -1   1  -3   3   4  -2  -1   0  -2   2  -1  -3  -2   0   0  -3  -2  -1    0   0   0   7   0  19  38   0   0  14   0  13   0   0   0   0   9   0   0   0  0.35 0.05
  122 L     1  -2  -2  -3  -2   0  -2   1  -2   0   1  -2   0   3  -3  -1  -1  -1   2  -1   24   0   0   0   0   7   0  14   0   0  26   0   0  22   0   0   0   0   7   0  0.16 0.04
  123 E    -2   3  -2  -2  -3   0   1  -3  -2  -1   2   0   0  -1   2  -2  -2   4  -1  -1    0  33   0   0   0   0  13   0   0   0  33   0   0   0  14   0   0   7   0   0  0.32 0.06
  124 D     0   1   0   2  -2   2   0  -2   1  -3  -3   0  -2  -3   3   2   1  -3  -2  -2    7  12   0  13   0  19   0   0   6   0   0   0   0   0  13  23   7   0   0   0  0.32 0.04
  125 M    -1  -1  -2  -3  -2  -1  -2   0  -2   1   1   2   7  -1  -3  -2  -1  -3  -2   0    0   0   0   0   0   0   0   7   0   6   0  20  67   0   0   0   0   0   0   0  0.46 0.11
  126 Y    -3  -3  -4  -4  -3  -4  -4  -4  -1  -1   0  -4  -1   7  -4  -3  -3   1   4  -2    0   0   0   0   0   0   0   0   0   0   0   0   0  87   0   0   0   0  13   0  1.10 0.12
  127 L    -1   1  -1   0  -3   2   4  -3  -1  -2   0   0  -1  -3  -2   0   2  -3  -2  -2    0   9   0   0   0  14  43   0   0   0  13   0   0   0   0   0  20   0   0   0  0.35 0.06
  128 G     3  -2  -1  -2  -2  -2  -2   5  -2  -2  -2  -2  -2  -3  -2   0  -1  -3  -3   0   36   0   0   0   0   0   0  51   0   0   0   0   0   0   0   0   0   0   0  13  0.54 0.07
  129 E    -2  -1  -1   1  -5   1   6  -3  -1  -4  -4   0  -3  -4  -2  -1  -2  -4  -3  -3    0   0   0   0   0   0 100   0   0   0   0   0   0   0   0   0   0   0   0   0  1.07 0.13
  130 A     4  -2  -2  -3  -1  -1  -2  -1  -2   0  -1  -2   3  -2  -2   0  -1  -3  -2   1   69   0   0   0   0   0   0   0   0   0   0   0  18   0   0   0   0   0   0  13  0.38 0.08
  131 L     1  -2  -1   3  -2  -1   2  -2  -2  -1   2  -1   0  -2  -2  -1  -1  -3  -2  -1   24   0   0  22   0   0  20   0   0   0  34   0   0   0   0   0   0   0   0   0  0.20 0.05
  132 A     1  -1   2  -1  -2   3   0   2  -1  -3  -3   0  -2  -3  -2   2   0  -3  -2  -2   13   0  14   0   0  22   0  21   0   0   0   0   0   0   0  30   0   0   0   0  0.35 0.05
  133 N    -2  -2   1  -3  -2  -2  -3  -4  -3   1   4  -3   1   0  -3  -2  -2  -2  -2   0    0   0  13   0   0   0   0   0   0   0  87   0   0   0   0   0   0   0   0   0  0.50 0.08
  134 R    -1   3  -1   0  -3   1   3  -3   2  -2  -1   1  -1  -3  -2  -1   1  -3  -2  -2    0  27   0   0   0   0  39   0   6   0   9   7   0   0   0   0  12   0   0   0  0.36 0.06
  135 A     3  -2  -3  -3  -1  -2  -2  -1  -3   0   2  -2   0  -1  -2   0  -1  -3  -2   1   58   0   0   0   0   0   0   0   0   0  35   0   0   0   0   0   0   0   0   7  0.30 0.07
  136 I    -2  -3  -4  -4  -2  -2  -3  -4  -3   3   3  -3   4   0  -3  -3  -1  -2  -2   1    0   0   0   0   0   0   0   0   0  25  47   0  28   0   0   0   0   0   0   0  0.47 0.07
  137 E     1   3  -1  -1  -2   0   1  -2  -1  -2   0   0  -1  -1  -2   1  -1  -2   2  -2   16  32   0   0   0   0  13   0   0   0  12   0   0   0   0  13   0   0  14   0  0.20 0.05
  138 A     1   2   1   1  -3   2   2  -1  -1  -3  -3   2  -2  -3  -1   1  -1  -3  -2  -2   21  13   6   7   0   7  20   0   0   0   0  21   0   0   0   6   0   0   0   0  0.30 0.03
  139 T     0  -2  -1  -2   2  -1  -1  -2  -2  -2  -2  -1  -1  -3  -2   2   5  -3  -2  -1    0   0   0   0   6   0   0   0   0   0   0   0   0   0   0  14  80   0   0   0  0.63 0.10
  140 H    -1   1   3   1  -3   1   0   2   3  -4  -3   1  -2  -3  -2   0  -1  -3  -2  -3    0   7  29   7   0   7   0  18  13   0   0  13   0   0   0   6   0   0   0   0  0.35 0.04
  141 S     0  -2  -1  -2  -1  -1  -1  -2  -2  -1   0  -1  -1  -2  -2   3   5  -3  -2  -1    0   0   0   0   0   0   0   0   0   0  12   0   0   0   0  27  61   0   0   0  0.45 0.08
  142 V    -1  -3  -4  -4  -1  -3  -3  -4  -4   4   1  -3   1  -1  -3  -2  -1  -3  -2   4    0   0   0   0   0   0   0   0   0  36   0   0   0   0   0   0   0   0   0  64  0.54 0.08
  143 K    -1   4   1  -1  -3   1   0  -2  -1  -3  -2   3  -2   0  -2   0   1  -3  -1  -2    0  33   9   0   0   7   0   0   0   0   0  25   0   6   0   6  14   0   0   0  0.35 0.05
  144 V    -1  -3  -4  -4  -1  -3  -3  -4  -4   2   1  -3   0  -1  -3  -2  -1  -3  -2   5    0   0   0   0   0   0   0   0   0   0   7   0   0   0   0   0   0   0   0  93  0.60 0.10
  145 P    -2  -3  -3  -2  -4  -2  -2  -3  -3  -4  -4  -2  -3  -5   8  -2  -2  -5  -4  -3    0   0   0   0   0   0   0   0   0   0   0   0   0   0 100   0   0   0   0   0  2.34 0.15
  146 K    -1   2   2   0  -3   2   2  -2  -1  -3  -1   3  -1  -3  -2  -1  -1  -3  -2  -2    0  13  16   0   0   6  20   0   0   0   7  38   0   0   0   0   0   0   0   0  0.38 0.05
  147 V    -1  -3  -3  -3  -2  -2  -2  -3  -3   0   0  -2  -1  -1   6  -2  -1  -3   1   3    0   0   0   0   0   0   0   0   0   0   7   0   0   0  45   0   0   0   7  41  0.76 0.08
  148 M    -2  -2  -3  -4  -2  -2  -3  -4   2   3   1  -2   4   2  -3  -2  -1   4   3   2    0   0   0   0   0   0   0   0   7  26   0   0  25   6   0   0   0   7  16  13  0.32 0.06
  149 T     1   0  -1  -2   2   0  -1  -2  -2  -1   1   3   0  -2  -2   0   2  -3  -2  -1   13   0   0   0   7   0   0   0   0   0  20  38   0   0   0   0  22   0   0   0  0.19 0.05
  150 Y     0  -2  -2  -3  -2  -2  -2  -3   3   2   0  -2   0   0  -3  -2  -1  -2   3   4    7   0   0   0   0   0   0   0  14   7   0   0   0   0   0   0   0   0  13  58  0.31 0.07
  151 G     0  -2  -1  -2  -2  -2  -2   6  -2   0  -2  -2  -2  -3  -2  -1  -2  -3  -3  -2    1   1   1   1   0   1   1  77   0  12   1   1   0   0   1   1   1   0   0   1  0.77 0.07
  152 E     1   0   1   0   3   0   2  -1  -1  -2  -2   1  -1  -2  -1   2   1  -2  -2  -1    9   1   8   1   9   1  22   2   1   1   2   7   1   1   1  22   8   0   1   2  0.18 0.02
  153 E     0  -1   0   2  -1   0   2  -1  -1  -1  -2   0  -1  -2  -1   2   2  -2  -1  -1    3   2   2  15   1   2  16   3   1   2   3   2   1   1   2  26  15   0   1   2  0.18 0.02
  154 R     0   3   0  -1  -2   1   0  -1   2  -2  -1   2  -1  -2  -1   0  -1  -2  -1  -1   10  28   2   2   1   2   2   3  10   2   3  22   1   1   2   3   2   0   1   2  0.20 0.02
  155 M     0  -1   0   2  -1   0   0  -1  -1  -1   0   0   2  -1   0   1   2  -1  -1   0    4   3   2  16   1   2   3   4   1   3   5   3  14   2   3  11  19   1   2   3  0.08 0.01
  156 W     0   0  -1  -1  -1   0   0  -1   0  -1  -1   0   0   1   0   0   0   6   3  -1    6   4   3   4   1   3   5   5   2   4   7   4   2   3   4   5   4  14  16   5  0.17 0.01
  157 T     0   0   0   0   0   0   0   0   0   0   0   0   0  -1   0   0   1   0   0   0    7   4   4   5   2   4   5   6   2   4   8   5   2   3   5   6  18   1   3   6  0.04 0.00
  158 I     0   0   0   0   0   0   0   0   0   1   0   0   0   0   0   0   0   0   0   0    7   4   4   5   2   4   5   6   2  18   8   5   2   3   5   6   5   1   3   6  0.00 0.00
  159 S     0   0   0   0  -1   0   0   0   0   0   0   0   0  -1   0   1   0   0   0   0    6   4   3   4   1   3   5   6   2   4  13   4   2   3   4  19   4   1   2  11  0.02 0.00
  160 E     0   0   0   3  -1   0   2  -1   0  -1  -1   0  -1  -1   0   0   0  -1  -1  -1    5   3   3  27   1   3  17   5   1   3   6   4   1   2   3   4   4   1   2   4  0.16 0.01
  161 A     2  -1  -1  -1  -1  -1  -1  -1  -1   0   2  -1   0  -1   0   0   0  -1  -1   0   29   3   2   3   1   2   3   4   1   3  30   3   1   2   3   4   3   1   2   3  0.06 0.01
  162 I    -1  -1  -1  -1  -1  -1  -1  -1  -1   1  -1  -1  -1  -1   5  -1  -1  -1  -1   0    4   3   2   3   1   2   3   4   1  16   4   3   1   2  40   4   3   1   2   3  0.50 0.02
  163 L     0  -1   0  -1  -1  -1  -1   3  -1  -1   0  -1   0  -1  -1   0   1  -1  -1  -1    4   3   2   3   1   2   3  27   1   3  18   3   1   2   3   4  17   1   2   3  0.10 0.01
  164 P     0  -1   1  -1  -2  -1  -1   4  -1  -2  -2  -1  -2  -2   3   0  -1  -2  -2  -2    3   2   7   2   1   2   2  48   1   2   3   2   1   1  15   3   2   0   1   2  0.42 0.03
  165 R    -1   2   2  -1  -3   0  -1   4   5  -3  -3   0  -2  -2  -2  -1  -1  -2  -1  -3    1  14  13   1   0   1   1  38  23   1   1   1   0   1   1   1   1   0   0   1  0.42 0.05
  166 S     3  -1   0  -1  -1  -1  -1  -1  -2  -3  -3  -1  -2  -3  -1   4   1  -3  -2  -2   32   0   0   0   0   0   0   0   0   0   0   0   0   0   0  68   0   0   0   0  0.53 0.09
  167 Y    -1  -3  -3  -4  -2  -3  -3  -3   0   0   0  -3   1   5  -4  -2  -2   1   5   1    6   0   0   0   0   0   0   0   0   0   0   0   6  42   0   0   0   0  34  12  0.60 0.08
  168 L    -2  -3  -4  -4  -2  -3  -4  -4  -3   3   4  -3   1   2  -3  -3  -2  -2  -1   1    0   0   0   0   0   0   0   0   0  27  62   0   0  12   0   0   0   0   0   0  0.47 0.06
  169 V    -1  -3  -4  -4  -1  -3  -3  -4  -4   3   1  -3   1  -1  -3  -2  -1  -3  -2   4    0   0   0   0   0   0   0   0   0  27   9   0   0   0   0   0   0   0   0  65  0.49 0.07
  170 L    -2  -2  -3  -4  -2  -2  -3  -4  -3   1   4  -2   6   0  -3  -3  -1  -2  -2   0    0   0   0   0   0   0   0   0   0   0  49   0  51   0   0   0   0   0   0   0  0.61 0.10
  171 E    -2  -1   3   2  -4   1   5  -2  -1  -4  -4   0  -3  -4  -2   0  -1  -4  -3  -3    0   0  20   7   0   0  73   0   0   0   0   0   0   0   0   0   0   0   0   0  0.77 0.10
  172 H     0  -2  -1  -3  -3  -1  -2  -3   6  -2  -2  -2  -1   4  -3  -2  -2   4   5  -2    9   0   0   0   0   0   0   0  37   0   0   0   0  21   0   0   0   7  26   0  0.66 0.08
  173 L    -2  -3  -4  -4  -2  -3  -3  -4  -3   2   4  -3   3   0  -3  -3  -2  -2  -2   1    0   0   0   0   0   0   0   0   0  14  80   0   6   0   0   0   0   0   0   0  0.56 0.08
  174 E     0  -1  -1   3  -3   0   3  -2  -1  -3  -3   1  -3  -4   5  -1  -1  -4  -3  -3    7   0   0  19   0   0  27   0   0   0   0  12   0   0  35   0   0   0   0   0  0.73 0.06
  175 S    -1  -2  -1  -2  -2  -1  -2  -2  -2   0   1  -1   3   3  -2   1   2  -1   0   0    1   1   1   1   0   1   1   1   0   1  10   1  24  22   1  14  21   0   0   1  0.17 0.04
  176 D    -1   0   0   3  -2   0   0   2  -1  -2  -2   3  -2  -2  -1   0  -1  -2  -2  -2    2   1   1  23   0   1   2  23   1   1   2  33   1   1   1   2   1   0   1   2  0.27 0.03
  177 P    -1   1  -1  -1   2  -1  -1   0  -2  -3  -3   1  -2  -3   6   1  -1  -3  -2  -2    1   8   1   1   7   1   1   8   0   1   1  10   0   0  47  13   1   0   0   1  0.76 0.05
  178 P    -1   2  -1  -2  -2  -1  -1   0  -2  -1   2   0   0  -1   2   1   1  -3  -2  -1    0  20   0   0   0   0   0   8   0   0  32   0   0   0  14  14   9   0   0   0  0.17 0.03
  179 P    -1   2   2   2  -3   0   1  -2   2  -3  -3   0  -2  -3   4  -1  -1  -3  -2  -3    1  20  17  13   0   1   8   1   6   1   1   1   0   0  27   1   1   0   0   1  0.48 0.04
  180 Y    -1  -1  -1  -1  -2  -1  -1   1   2  -1   1  -1   0   0   2  -1  -1   0   3  -1    2   2   1   2   1   1   2  16   8   2  22   2   1   1  10   2   2   0  20   2  0.13 0.02
  181 D    -1  -2   2   5  -3  -1   1  -2  -1  -2  -1  -1  -2  -3  -2   0  -1  -3  -2  -1    1   1   7  61   0   1   1   1   0   1   7   1   0   0   1   7   1   0   0  10  0.51 0.06
  182 Q     2  -1   0   1  -2   3   0  -1  -1  -3  -3   0  -2  -3   1   2   1  -3  -2  -2   20   0   0   9   0  27   0   0   0   0   0   0   0   0   6  31   7   0   0   0  0.33 0.06
  183 P     1  -1   0   0  -2   0   2  -1   4  -3  -3   0  -2  -3   3   2   0  -3  -1  -2   16   0   0   0   0   0  20   1  20   0   1   0   0   0  14  25   0   0   0   0  0.35 0.05
  184 A     2   1   2   0  -2   2   1  -1   2  -2  -2   0   1  -2  -2   1   0  -3  -1  -1   27   7  20   0   0  12   7   1   6   0   1   0   9   0   0   7   0   0   0   0  0.18 0.03
  185 G     3  -2  -1  -1  -1  -1  -1   3  -2  -2  -2  -1  -2  -2  -1   2   0   4  -1  -1   38   1   1   1   0   1   1  23   0   1   1   1   0   1   1  21   1   8   0   1  0.33 0.04
  186 Q    -1   0  -1  -1  -2   2   0  -2   0  -2  -1   1  -1   3  -2   1   0   0   4  -1    1   1   1   1   0  14   1   1   0   1   1  16   0  20   1  13   7   0  22   1  0.21 0.04
  187 I    -1   1  -1  -1  -2   0   1  -2  -1   1   0   3   0  -1  -1  -1  -1  -2  -1   0    2   9   1   2   1   1   9   2   1  22   9  32   1   1   1   2   2   0   1   2  0.10 0.02
  188 F    -2  -3  -4  -4  -2  -3  -4  -4  -2   1   3  -3   2   5  -4  -3  -2  -1   1   0    0   0   0   0   0   0   0   0   0   0  51   0   7  42   0   0   0   0   0   0  0.55 0.07
  189 G     0  -3  -1  -2  -3  -2  -3   6  -3  -5  -4  -2  -3  -4  -3  -1  -2  -3  -4  -4    0   0   0   0   0   0   0 100   0   0   0   0   0   0   0   0   0   0   0   0  1.34 0.11
  190 R     0   3  -1  -1  -3   4   3  -2  -1  -2  -2   1  -1  -3  -2   0   0  -3  -2  -1    6  27   0   0   0  33  21   0   0   0   0   0   0   0   0   0   6   0   0   7  0.41 0.06
  191 R    -1   2   1  -1  -4   6   1  -2   0  -4  -3   2  -1  -4  -2  -1  -1  -3  -2  -3    0  13   7   0   0  66   0   0   0   0   0  14   0   0   0   0   0   0   0   0  0.70 0.10
  192 M    -2  -3  -4  -4  -2  -2  -3  -4  -3   2   4  -3   4   0  -3  -3  -1  -2  -2   1    0   0   0   0   0   0   0   0   0  13  62   0  25   0   0   0   0   0   0   0  0.51 0.07
  193 A     5  -2  -2  -2  -1  -1  -1   0  -2  -2  -2  -1  -2  -3  -1   1  -1  -3  -2  -1  100   0   0   0   0   0   0   0   0   0   0   0   0   0   0   0   0   0   0   0  0.69 0.11
  194 E     0   1   1   3  -3   1   3  -2   2  -3  -3   1  -2  -2  -2   0  -1  -3   1  -3    7   7   7  24   0   6  27   0   6   0   0   9   0   0   0   0   0   0   7   0  0.35 0.04
  195 M    -2  -3  -4  -4  -2  -2  -3  -4  -3   1   4  -3   5   0  -3  -3  -2  -2  -2   0    0   0   0   0   0   0   0   0   0   0  73   0  27   0   0   0   0   0   0   0  0.59 0.09
  196 H    -3  -1   0  -2  -4   0  -1  -3   9  -4  -4  -2  -2  -2  -3  -2  -3  -3   1  -4    0   0   0   0   0   0   0   0 100   0   0   0   0   0   0   0   0   0   0   0  1.58 0.17
  197 S    -1   1  -1  -2  -2   3   0  -3  -1  -1   2   1   0  -1  -2   1  -1  -3  -2  -1    0   7   0   0   0  26   0   0   0   0  40  14   0   0   0  13   0   0   0   0  0.21 0.05
  198 A     2  -2  -3  -3  -2  -2  -1   0  -2   0  -1  -2  -1  -1  -3  -1  -1   8   2   0   34   0   0   0   0   0   6   6   0   9   0   0   0   0   0   0   0  33   6   6  0.64 0.07
  199 E     0  -1   2   0  -3   0   1   4  -1  -4  -4   1  -2  -3  -2   1  -1  -3  -3  -3    7   0  12   0   0   0  13  46   0   0   0   9   0   0   0  13   0   0   0   0  0.46 0.05
  200 P    -1   1   0   2  -4   1   2   2  -1  -4  -3   2  -2  -4   3  -1  -1  -3  -3  -3    0   6   0  13   0   6  20  22   0   0   0  20   0   0  13   0   0   0   0   0  0.40 0.04
  201 R     0   3   0  -1  -3   4   1  -2  -1  -3  -3   1  -1  -3  -2   1   1  -3  -2  -2    9  25   0   0   0  39   0   0   0   0   0   6   0   0   0  14   7   0   0   0  0.42 0.06
  202 D     1  -1   0   3  -3   0   1   1  -2  -3  -3   2  -2  -4   3   0  -1  -4  -3  -3   13   0   0  29   0   0   6  12   0   0   0  20   0   0  13   7   0   0   0   0  0.37 0.04
  203 Q    -1   0   1   0  -4   4   4  -2   0  -4  -3   2  -2  -4  -2   0  -1  -3  -2  -3    0   0   9   0   0  34  44   0   0   0   0  14   0   0   0   0   0   0   0   0  0.62 0.08
  204 E     0   1   0   0  -2   1   1   2  -1  -2  -1   0  -1  -2   1   0  -1  -1  -1  -1    4   9   2   3   1   8  16  23   1   3   4   3   1   2   9   4   3   1   2   3  0.16 0.01
  205 A     2   0   0   0  -1   1   0   0  -1  -1  -1   0  -1  -1   2   0   0  -1  -1   0   30   3   3   3   1   9   4   5   1   3   6   4   1   2   9   4   4   1   2   4  0.10 0.01
  206 K     0   0   0   0  -1   0   1   1   0  -1  -1   1  -1   1   0   0   0  -1   0  -1    5   3   3   3   1   3  16  11   1   3   6  17   1   9   3   4   4   1   2   4  0.06 0.00
  207 D     0   1   0   2  -1   0   0  -1  -1   0  -1   0   0  -1   2   0   0  -1  -1   0    5   9   3  17   1   3   4   5   1   3   6   4   1   2   9   4   4   1   2  16  0.06 0.00
  208 G     1   0   0   0  -1   1   0   2   0  -1  -1   0  -1  -1   0   0   1  -1  -1  -1   11   3   3   3   1  14   4  18   1   3   6   4   1   2   3   4  10   1   2   4  0.08 0.00
  209 Y     0   1   0  -1  -1   0   0  -1   0  -1  -1   1  -1   1   0   0   0   1   4  -1    5   9   3   3   1   3   4   5   1   3   6  10   1   2   3   4   4   1  27   4  0.10 0.01
  210 F    -3  -3  -4  -4  -3  -3  -4  -4  -1  -1   0  -4  -1   7  -4  -3  -3   1   5  -2    0   0   0   0   0   0   0   0   0   0   0   0   0  77   0   0   0   0  23   0  1.05 0.11
  211 G     0  -3  -1  -2  -3  -2  -3   6  -3  -5  -4  -2  -3  -4  -3  -1  -2  -3  -4  -4    0   0   0   0   0   0   0 100   0   0   0   0   0   0   0   0   0   0   0   0  1.34 0.11
  212 S    -2  -3  -3  -3   2  -3  -3  -3  -2   0   2  -3   0   5  -3   0  -2   4   1  -1    0   0   0   0   7   0   0   0   0   0  22   0   0  50   0  13   0   7   0   0  0.47 0.07
  213 Q    -2  -1   0   5  -4   3   2  -2   3  -4  -4  -1  -2  -2  -2  -1  -2  -3   1  -3    0   0   0  54   0  21   7   0  12   0   0   0   0   0   0   0   0   0   7   0  0.64 0.08
  214 A     1  -2  -2  -3  -2   0  -2  -2  -2   1   0  -2   0   3  -2   0   2  -2   0   2   13   0   0   0   0   7   0   0   0   7   0   0   0  22   0   0  25   0   0  26  0.17 0.05
  215 S    -1  -2   0   5  -3  -1   0  -2  -2  -1  -2  -1  -2  -3  -2   1  -1  -4  -3   1    0   0   0  63   0   0   0   0   0   0   0   0   0   0   0  13   0   0   0  24  0.57 0.08
  216 T    -1  -1   5   0  -2  -1  -1  -1  -1  -2  -3  -1  -2  -3  -2   1   4  -4  -3  -2    0   0  54   0   0   0   0   0   0   0   0   0   0   0   0   0  46   0   0   0  0.65 0.10
  217 I     0  -3  -2   0   5  -2  -2  -3  -1   1  -1  -2  -1   0  -3  -1   2   5   3   0    7   0   0   6  24   0   0   0   0  13   0   0   0   0   0   0  21   9  20   0  0.35 0.06
  218 V    -1  -3  -4  -4   6  -3  -4  -4  -4   3   3  -3   1  -1  -3  -2  -1  -3  -2   2    0   0   0   0  24   0   0   0   0  28  35   0   0   0   0   0   0   0   0  13  0.45 0.06
  219 E     0  -2  -1  -1  -3  -1   1   6  -2  -4  -4  -1  -3  -4  -2   1  -1  -3  -3  -3    0   0   0   0   0   0  13  74   0   0   0   0   0   0   0  13   0   0   0   0  0.83 0.08
  220 G     2  -2  -1  -2  -2  -1  -1   1  -1  -2  -2  -1  -1   2   2   2   1  -1   2  -1   21   0   0   0   0   0   0  13   0   0   0   0   0  12   9  20  13   0  12   0  0.22 0.04
  221 V    -1  -2  -1  -2  -2  -1   0  -3  -2   1   1  -1   0  -2  -2   0   4  -3  -2   1    0   0   0   0   0   0   9   0   0  12  12   0   0   0   0   0  54   0   0  13  0.29 0.06
  222 H    -2  -2  -2  -2  -3  -2  -2  -3   3  -2   0  -2  -1  -2   7  -2  -2  -3   2  -1    0   0   0   0   0   0   0   0  13   0  13   0   0   0  58   0   0   0   9   7  1.03 0.08
  223 Q    -2   0  -1  -1  -4   7   1  -3   0  -4  -3   1  -1  -4  -2  -1  -1  -3  -2  -3    0   0   0   0   0 100   0   0   0   0   0   0   0   0   0   0   0   0   0   0  1.12 0.15
  224 D    -1  -3  -2   1  -3  -2  -1  -3  -3   1  -1  -2  -1  -3   6  -2  -1  -4  -3   2    0   0   0  13   0   0   0   0   0  14   0   0   0   0  49   0   0   0   0  24  0.83 0.07
  225 N    -2  -1   7   1  -4  -1  -1  -1   0  -4  -4  -1  -3  -4  -3   0  -1  -5  -3  -4    0   0 100   0   0   0   0   0   0   0   0   0   0   0   0   0   0   0   0   0  1.17 0.14
  226 E     1  -1  -1   2  -2   1   2   0  -1  -3  -3   0  -2  -3   3   0   2  -3  -3  -2   13   0   0  12   0   6  25   9   0   0   0   0   0   0  14   0  20   0   0   0  0.34 0.04
  227 W    -4  -4  -5  -6  -3  -3  -4  -4  -3  -4  -3  -4  -2   0  -5  -4  -4  12   1  -4    0   0   0   0   0   0   0   0   0   0   0   0   0   0   0   0   0 100   0   0  3.11 0.20
  228 V    -1   0   0  -1  -3   4   0  -2   4  -1  -2   1  -1  -3  -2   0   1  -3  -1   0    0   0   0   0   0  37   0   0  20   0   0   9   0   0   0   7  14   0   0  13  0.33 0.07
  229 D     0   2   0   3  -3   1   3  -2  -1  -3  -3   3  -2  -4  -2   0  -1  -4  -3  -3    7  13   0  26   0   0  21   0   0   0   0  26   0   0   0   7   0   0   0   0  0.41 0.05
  230 D    -2   2   3   5  -4   0   1  -2  -1  -4  -4   2  -3  -4  -2   0  -1  -4  -3  -3    0  13  15  45   0   0   0   0   0   0   0  20   0   0   0   7   0   0   0   0  0.53 0.06
  231 W    -4  -4  -5  -6  -3  -3  -4  -4  -3  -4  -3  -4  -2   0  -5  -4  -4  12   1  -4    0   0   0   0   0   0   0   0   0   0   0   0   0   0   0   0   0 100   0   0  3.11 0.20
  232 P     2  -2  -2  -2   2  -2  -2  -2  -2   1  -1  -1  -1  -2   4   1   0  -3  -2   1   23   0   0   0   6   0   0   0   0  14   0   0   0   0  25  20   0   0   0  12  0.37 0.05
  233 I    -1  -2  -1   1  -2  -1   2  -3  -2   1   0  -1   1  -2  -2   0   3  -3  -2   1    0   0   0   7   0   0  20   0   0  13   7   0   6   0   0   0  41   0   0   6  0.21 0.05
  234 F    -3  -4  -4  -4  -3  -4  -4  -4  -2  -1   0  -4  -1   8  -5  -3  -3   0   3  -2    0   0   0   0   0   0   0   0   0   0   0   0   0 100   0   0   0   0   0   0  1.24 0.14
  235 F    -3  -3  -4  -4  -3  -3  -4  -4  -1  -1   0  -3  -1   7  -4  -3  -3   1   5  -2    0   0   0   0   0   0   0   0   0   0   0   0   0  74   0   0   0   0  26   0  1.04 0.11
  236 R     3   1  -1  -2  -1  -1  -1   1  -2  -2  -2   0  -2  -3  -1   2   1  -3  -2  -1   51  13   0   0   0   0   0   7   0   0   0   0   0   0   0  23   6   0   0   0  0.33 0.06
  237 E    -2   3  -1   1  -4   1   5  -3  -1  -4  -3   2  -2  -4  -2  -1  -1  -4  -3  -3    0  24   0   0   0   0  69   0   0   0   0   7   0   0   0   0   0   0   0   0  0.73 0.09
  238 Q    -2   0   0  -1  -4   6   1  -3   5  -4  -3   1  -1  -3  -2  -1  -2  -3  -1  -3    0   0   0   0   0  67   0   0  26   0   0   7   0   0   0   0   0   0   0   0  0.80 0.12
  239 R    -2   7  -1  -2  -4   0  -1  -3  -1  -4  -3   2  -2  -4  -3  -1  -2  -4  -2  -3    0 100   0   0   0   0   0   0   0   0   0   0   0   0   0   0   0   0   0   0  1.15 0.13
  240 I    -2  -3  -4  -4  -2  -3  -4  -4  -4   5   3  -3   1   0  -3  -3  -1  -3  -2   2    0   0   0   0   0   0   0   0   0  67  33   0   0   0   0   0   0   0   0   0  0.54 0.08
  241 E    -1  -1  -1  -1  -3   3   1   5  -1  -4  -4  -1  -2  -4  -2  -1  -2  -3  -3  -3    0   0   0   0   0  24  13  63   0   0   0   0   0   0   0   0   0   0   0   0  0.73 0.08
  242 Y     0  -3  -3  -4  -3  -2  -3  -3  -1  -2  -2  -3  -2   2   2  -2  -2   9   5  -2   12   0   0   0   0   0   0   0   0   0   0   0   0   7  12   0   0  42  27   0  1.16 0.10
  243 Q    -2   0  -1  -1  -4   7   1  -3   0  -4  -3   1  -1  -4  -2  -1  -1  -3  -2  -3    0   0   0   0   0 100   0   0   0   0   0   0   0   0   0   0   0   0   0   0  1.12 0.15
  244 L    -2  -3  -4  -4  -2  -2  -3  -4  -3   1   5  -3   3   0  -3  -3  -2  -2  -2   0    0   0   0   0   0   0   0   0   0   0  88   0  12   0   0   0   0   0   0   0  0.63 0.09
  245 Q     0   0   0   3  -3   4   3  -2  -1  -3  -3   1  -2  -4  -2   0  -1  -3  -2  -3    7   0   0  24   0  42  20   0   0   0   0   7   0   0   0   0   0   0   0   0  0.55 0.07
  246 I    -2  -3  -4  -4  -2  -2  -3  -4  -3   3   4  -3   3   0  -3  -3  -1  -2  -2   1    0   0   0   0   0   0   0   0   0  22  66   0  12   0   0   0   0   0   0   0  0.50 0.07
  247 A     3  -2  -3  -3   3  -2  -2  -2  -3   2   1  -2   1  -1  -2  -1  -1  -3  -2   2   41   0   0   0   9   0   0   0   0  19  13   0   7   0   0   0   0   0   0  12  0.22 0.05
  248 Y    -1   3  -1   0  -2   1   2  -2   0  -2  -2   1  -1  -1  -1   0   0  -1   2  -2    2  24   1   1   1   1  26   2   1   1   2   7   1   1   1   2   8   0  14   2  0.22 0.03
  249 Q    -1   2   0   1  -2   3   2  -1   0  -2  -2   3  -1  -2  -1   0  -1  -2  -1  -2    2   9   1   8   1  21  16   2   1   1   2  25   1   1   1   2   2   0   1   2  0.28 0.03
  250 F    -1   2   0   2  -2   1   1  -1  -1  -2  -1   2  -1   2  -1   0  -1  -1   0  -2    2  16   1  13   1   8   8   2   1   1   2  22   1  14   1   2   2   0   1   2  0.16 0.02
  251 N     0  -1   3   0  -1   0  -1  -1   0  -1  -1  -1  -1   1  -1   1   0   0   3  -1   10   2  24   2   1   1   2   2   1   2   3   2   1   8   2  14   2   0  20   2  0.15 0.02
  252 R     1   1  -1  -1  -2   1  -1   3  -1  -2   0   0  -1  -2  -1   0  -1  -2  -2  -1   14  15   1   1   1   8   2  35   1   1  11   1   1   1   1   2   2   0   1   2  0.21 0.02
  253 D    -1  -1   2   5  -2   0   2  -1  -1  -2  -2   0  -2  -2  -1   0  -1  -2  -2  -2    3   2   9  53   1   1   9   3   1   2   3   2   1   1   2   2   2   0   1   2  0.44 0.03
  254 S     1   3   0  -1  -2   0   0  -1  -1  -2  -2   2  -1   0  -1   2   0  -2  -1  -2   14  25   1   1   0   1   1   1   0   1   1  15   0   8   1  28   1   0   0   1  0.21 0.03
  255 Q     1  -1  -1   0  -2   2   4   0  -1  -3  -2   0  -2  -3   2   0  -1  -2  -2  -2   15   1   1   1   0  14  45   8   0   1   1   1   0   1   8   1   1   0   0   1  0.37 0.04
  256 T     1   0  -1   0  -1   0   0  -1  -2   1  -1   2  -1  -2  -1   0   2  -2  -2   1   19   1   1   8   0   1   1   1   0  14   1  21   0   1   1   1  20   0   0   8  0.10 0.03
  257 E    -1  -1   1   0  -2   1   1   2   0  -2  -2   0  -1  -1   2   0  -1  -1   2  -2    3   2   8   2   1   7  15  23   1   2   3   2   1   1   9   2   2   0  15   2  0.18 0.02
  258 L     0  -1  -1   0  -1   0   0  -1  -1   1   2  -1   1  -1  -1  -1   0  -1  -1   1   10   2   2   9   1   9   2   3   1   9  30   2   1   1   2   3   2   1   1  10  0.04 0.01
  259 K     0   0   0  -1  -1   0   0  -1   2  -1  -1   2  -1  -1  -1   0   1  -2  -1   0   10   2   2   2   1   2   2   3   7   2   3  29   1   1   2   3  16   1   1  10  0.09 0.02
  260 F    -1  -1   1  -1  -2  -1  -1   1  -1   0   0  -1   0   4  -1  -1  -1   0   1   0    3   2   9   2   1   2   2  17   1   2   3   2   1  35   2   3   2   1   1  10  0.13 0.02
  261 K    -1   1  -1  -1  -2   1  -1   3   2   0   0   1  -1  -2  -1  -1  -1  -2  -1  -1    2   7   1   1   0   8   1  28   7   8  14  15   0   1   1   2   1   0   1   1  0.12 0.02
  262 R    -1   2   2   1  -2   1   2  -2  -1  -1  -2   0  -1  -2  -1   0   0  -2  -2   0    1  21  14   7   0   7  19   1   0   1   1   1   0   1   1   1   8   0   1  14  0.18 0.03
  263 E    -1  -1  -2  -1  -2   0   2  -2  -2   1   2  -1   1  -1  -2  -1   0  -2  -1   1    2   1   1   1   0   1  22   2   0   8  39   1   0   1   1   1   7   0   1  10  0.13 0.03
  264 W    -1  -2  -2   0  -2  -1  -1  -2  -1  -1   0  -2  -1   3  -2  -1  -1   9   1  -1    3   2   2   9   1   1   2   3   1   2   9   2   1  17   2   2   2  38   1   2  0.69 0.05
  265 K     0   0   0   0  -1   0   1   1  -1  -1  -1   1  -1  -2  -1   2   0  -2  -1   0    3   2   2   2   1   1   9  11   1   2   3  15   1   1   2  26   2   0   1  15  0.09 0.02
  266 H     0   1   0   3  -2   0   1  -1   3  -1  -1   0  -1  -2  -1   0  -1  -2  -1  -1   12  12   1  22   1   1   8   2  15   9   3   2   1   1   2   2   2   0   1   2  0.14 0.02
  267 L    -1  -2  -2  -3  -1  -2  -2  -3  -2   3   3  -2   2   0  -2  -2  -1  -2  -1   2    2   1   1   1   0   1   1   1   0  33  37   1   7   1   1   1   1   0   1   8  0.24 0.03
  268 Q    -1   0   0   3  -2   4   3  -1   0  -2  -2   0  -1  -2  -1   0  -1  -2  -2  -2    2   1   1  24   0  36  18   2   1   1   2   1   1   1   1   2   2   0   1   2  0.39 0.04
  269 G     0  -1   0   0  -1  -1  -1   1  -2   1   0  -1   0  -1  -1   0   0  -2  -1   2    8   1   7   7   0   1   2  16   1   1  12   1   1   1   1   2   7   0   1  29  0.05 0.01
  270 A     1   0  -1  -2  -1   0  -1  -1  -1   1   1   1   0   0  -1  -1  -1  -2  -1   1   16   1   1   1   0   1   2   2   1  13  17  22   1   6   1   2   2   0   1   9  0.04 0.01
  271 T     0  -2  -2  -3  -1  -2  -2  -3  -3   3   1  -2   0  -1  -2  -1   1  -3  -2   3    8   0   0   0   0   0   0   0   0  39   1   0   0   0   0   0  15   0   0  34  0.27 0.04
  272 N    -1   1   2   2  -3   1   2  -2  -1  -3  -3   1  -2  -3   4   0  -1  -3  -2  -3    1   8  15  11   0   6  19   0   0   0   1  10   0   0  27   0   0   0   0   0  0.52 0.04
  273 Q    -1   0   2   3  -3   3   1  -2   2  -2  -2   2   0  -3  -2   0  -1  -3  -2  -1    1   0  13  21   0  22   0   0   7   0   1  16   6   0   0   6   0   0   0   6  0.26 0.04
  274 L    -1  -3  -4  -4  -1  -2  -3  -4  -3   2   3  -3   3   0  -3  -2  -1  -3  -2   3    0   0   0   0   0   0   0   0   0   6  42   0  13   0   0   0   0   0   0  39  0.39 0.05
  275 R     1   2  -1  -1  -2   2   0  -1   2  -2  -1   2  -1  -2  -1   0  -1  -2  -1  -1   17  15   1   1   0  18   1   2   7   1   9  19   0   1   1   1   1   0   1   1  0.17 0.02
  276 A     1   0  -1   0  -2   3   2  -1  -1  -2  -2   0  -1  -2   3   0   0  -2  -1  -1   17   1   1   1   1  30  11   2   1   1   3   2   1   1  14   2   8   0   1   2  0.28 0.03
  277 F    -1   3  -1  -2  -2  -1  -1  -2  -1   0   2   0   1   2  -2  -1  -1  -1   0   0    2  25   1   1   1   1   2   2   1   1  37   2   1  15   1   2   2   0   1   2  0.14 0.02
  278 F    -2  -3  -3  -4  -2  -3  -3  -3  -2   0   3  -3   1   5  -3  -3  -2   0   1   0    1   0   0   0   0   0   0   1   0   0  46   0   0  48   0   1   0   0   0   0  0.51 0.06
  279 R     2   3  -1  -1   2   0   1   0  -1  -2  -2   0  -2  -3  -1   1  -1  -3  -2  -1   39  25   0   0   5   0  13   7   0   0   1   0   0   0   0   6   0   0   0   0  0.24 0.04
  280 G    -1  -1   4   2  -3  -1   0   3  -1  -4  -4   1  -3  -4  -2   1  -1  -4  -3  -3    0   0  31  16   0   0   0  32   0   0   0  10   0   0   0  12   0   0   0   0  0.47 0.05
  281 V     0   0  -1  -2  -2  -1  -1  -3   6   0   1  -1   0  -1  -3  -2  -1  -3   0   1    7   7   0   0   0   0   0   0  46   5  15   0   0   0   0   0   0   0   0  21  0.36 0.06
  282 V    -1   0   1   0  -2   3   2  -2  -1   0  -1   1  -1  -3  -2   0   0  -3  -2   1    0   0   7   0   0  24  21   0   0   0   0  10   0   0   0   7   5   0   0  27  0.22 0.04
  283 I    -2  -3  -3  -3  -3  -2  -2  -3  -3   3   0  -2   1  -2   6  -2  -1  -4  -3   0    0   0   0   0   0   0   0   0   0  41   0   0   7   0  52   0   0   0   0   0  0.96 0.08
  284 K    -1   2  -1  -1  -3   3   2  -3  -1   0  -2   2  -1  -3  -2  -1   0  -3  -2   1    0  14   0   0   0  27  18   0   0   5   0  14   0   0   0   0   7   0   0  16  0.27 0.04
  285 P    -2  -3  -3  -2  -4  -2  -2  -3  -3  -4  -4  -2  -3  -5   8  -2  -2  -5  -4  -3    0   0   0   0   0   0   0   0   0   0   0   0   0   0 100   0   0   0   0   0  2.32 0.13
  286 A     3  -2  -1  -2   4  -1  -1  -1  -2  -2  -2  -1  -2  -3  -1   3   0  -3  -2  -1   51   0   0   0  13   0   0   0   0   0   0   0   0   0   0  36   0   0   0   0  0.44 0.07
  287 T    -2  -3  -3  -4  -2  -2  -3  -4  -3   1   4  -3   1   0  -3  -2   1  -2  -2   0    0   0   0   0   0   0   0   0   0   0  86   0   0   0   0   0  14   0   0   0  0.51 0.07
  288 L    -2  -3  -4  -4  -2  -3  -3  -4  -3   2   4  -3   2   0  -3  -3  -2  -2  -2   1    0   0   0   0   0   0   0   0   0   7  86   0   0   0   0   0   0   0   0   7  0.58 0.07
  289 H    -3  -1   0  -2  -4   0  -1  -3   9  -4  -4  -2  -2  -2  -3  -2  -3  -3   1  -4    0   0   0   0   0   0   0   0 100   0   0   0   0   0   0   0   0   0   0   0  1.55 0.15
  290 G     0  -3  -1  -2  -3  -2  -3   6  -3  -5  -4  -2  -3  -4  -3  -1  -2  -3  -4  -4    0   0   0   0   0   0   0 100   0   0   0   0   0   0   0   0   0   0   0   0  1.32 0.10
  291 A     0  -2   2   6  -3  -1   1  -1  -2  -3  -4  -1  -3  -4  -2   0  -1  -5  -3  -3   14   0  10  76   0   0   0   0   0   0   0   0   0   0   0   0   0   0   0   0  0.85 0.09
  292 L    -2  -3  -4  -4  -2  -3  -4  -4  -3   1   5  -3   2   0  -4  -3  -2  -2  -2   0    0   0   0   0   0   0   0   0   0   0 100   0   0   0   0   0   0   0   0   0  0.69 0.09
  293 H    -3  -3  -4  -5  -3  -2  -3  -3   4  -4  -3  -4  -2   0  -4  -3  -3  12   1  -4    0   0   0   0   0   0   0   0  14   0   0   0   0   0   0   0   0  86   0   0  2.51 0.16
  294 K     0  -1   1  -1  -2  -1  -1   1   2   0  -2   1  -1   0  -2   3   0  -3  -1  -1    0   0   5   0   0   0   0  10   7  10   0  14   0   7   0  47   0   0   0   0  0.19 0.05
  295 A     1  -2  -1  -1  -3  -2   0   6  -2  -4  -4  -2  -3  -4  -2   0  -2  -3  -3  -3   14   0   0   0   0   0  10  76   0   0   0   0   0   0   0   0   0   0   0   0  0.86 0.07
  296 N    -2  -1   7   1  -4  -1  -1  -1   0  -4  -4  -1  -3  -4  -3   0  -1  -5  -3  -4    0   0 100   0   0   0   0   0   0   0   0   0   0   0   0   0   0   0   0   0  1.15 0.12
  297 V    -1  -3  -3  -4   6  -3  -3  -1  -4   2   0  -3   0  -2  -3  -2  -1  -3  -2   4    0   0   0   0  27   0   0   7   0  13   0   0   0   0   0   0   0   0   0  54  0.46 0.07
  298 G     4  -2  -2  -2  -1  -1  -1   2  -2  -2  -2  -1  -2  -3  -1   1  -1  -3  -2  -1   79   0   0   0   0   0   0  14   0   0   0   0   0   0   0   7   0   0   0   0  0.52 0.08
  299 S    -1  -1   1   1  -2   0   2  -2  -1  -1   2  -1   0  -1  -2   1   1  -3  -2  -1    0   0   7   6   0   0  21   0   0   0  36   0   0   0   0  21  10   0   0   0  0.16 0.04
  300 V    -1  -2   0   3  -2  -1  -1   2  -2   0  -1   0  -1  -2  -2   0   1  -3  -2   1    0   0   0  27   0   0   0  17   0   7   0   6   0   0   0   7  12   0   0  24  0.17 0.03
  301 G     1  -1   1   1  -2  -1  -1   1  -2  -2  -2   0  -2  -3   3   1   1  -3  -2  -1   12   0   6  11   0   0   0  14   0   0   0  10   0   0  17  10  13   0   0   7  0.27 0.02
  302 G    -1  -1   3   2  -3   2   0   2  -1  -2  -2  -1  -2   1  -2   1  -1  -2  -1  -1    0   0  25  12   0  15   0  21   0   0   0   0   0  12   0  10   0   0   0   5  0.24 0.04
  303 W    -1  -2  -1  -1  -3  -1   2   5  -2  -4  -4  -1  -3  -3  -3  -1  -2   6  -2  -4    0   0   0   0   0   0  22  63   0   0   0   0   0   0   0   0   0  14   0   0  0.81 0.07
  304 P    -2  -3  -3  -2  -3  -2  -2  -3  -3   0  -3  -2  -3  -4   8  -2  -2  -4  -4  -2    0   0   0   0   0   0   0   0   0  10   0   0   0   0  90   0   0   0   0   0  1.96 0.12
  305 T    -1  -3  -3  -3  -2  -2  -3  -3  -2   2   1  -2   0   2  -3  -1   1  -1   3   3    0   0   0   0   0   0   0   0   0  23   7   0   0  10   0   0  14   0  17  30  0.26 0.04
  306 L    -1  -3  -3  -4   5  -3  -3  -4  -4   4   2  -3   1  -1  -3  -2   1  -3  -2   2    0   0   0   0  19   0   0   0   0  57  14   0   0   0   0   0  10   0   0   0  0.42 0.06
  307 F    -2  -3  -3  -4  -3  -3  -3  -4  -1   0   1  -3   0   6  -4  -3  -2   1   5  -1    0   0   0   0   0   0   0   0   0   0  19   0   0  53   0   0   0   0  27   0  0.73 0.08
  308 H    -2  -2   1   6  -4  -1   1  -2   4  -4  -4  -1  -4  -4  -2  -1  -2  -5  -2  -4    0   0   0  86   0   0   0   0  14   0   0   0   0   0   0   0   0   0   0   0  1.06 0.10
  309 S    -1  -3  -2  -2  -3  -2  -2  -3  -3  -4  -4  -2  -3  -4   8   1  -1  -4  -4  -3    0   0   0   0   0   0   0   0   0   0   0   0   0   0  86  14   0   0   0   0  1.86 0.11
  310 V     5  -2  -2  -3  -1  -1  -2  -1  -2  -1  -2  -1  -1  -3  -2   0   0  -3  -2   1   86   0   0   0   0   0   0   0   0   0   0   0   0   0   0   0   0   0   0  14  0.50 0.08
  311 G     0  -3  -2  -3   8  -2  -3   1  -3  -2  -2  -2  -2  -3  -3   2   0  -3  -3  -2    0   0   0   0  59   0   0  14   0   0   0   0   0   0   0  21   7   0   0   0  0.86 0.09
  312 Y    -3  -3  -3  -4  -3  -2  -3  -4   1  -2  -1  -3  -1   4  -4  -3  -2   2   8  -2    0   0   0   0   0   0   0   0   0   0   0   0   0  21   0   0   0   0  79   0  1.16 0.11
  313 Y    -3  -3  -4  -4  -3  -2  -3  -4   0  -3  -2  -3  -2   2  -4  -3  -3  10   7  -3    0   0   0   0   0   0   0   0   0   0   0   0   0   0   0   0   0  46  54   0  1.67 0.13
  314 G     0  -3  -1  -2  -3  -2  -3   6  -3  -5  -4  -2  -3  -4  -3  -1  -2  -3  -4  -4    0   0   0   0   0   0   0 100   0   0   0   0   0   0   0   0   0   0   0   0  1.32 0.10
  315 H    -2  -1   1   5  -4   0   0  -2   7  -4  -4  -1  -3  -3  -2  -1  -2  -4   0  -4    0   0   0  52   0   0   0   0  48   0   0   0   0   0   0   0   0   0   0   0  0.92 0.10
  316 H    -1   4   2  -1  -3   0  -1   0   4  -4  -3   1  -2  -3  -2   1  -1  -3  -1  -3    0  46  13   0   0   0   0   7  14   0   0   0   0   0   0  21   0   0   0   0  0.44 0.06
  317 E    -2  -1  -1   1  -5   1   6  -3  -1  -4  -4   0  -3  -4  -2  -1  -2  -4  -3  -3    0   0   0   0   0   0 100   0   0   0   0   0   0   0   0   0   0   0   0   0  1.05 0.12
  318 A     2  -3  -3  -3   8  -3  -3  -2  -2  -1  -1  -3  -1   2  -3  -1  -1  -2   2   0   27   0   0   0  46   0   0   0   0   0   0   0   0  11   0   0   0   0  10   7  0.61 0.07
  319 D    -2  -2   1   6  -4   0   3  -2  -1  -4  -4  -1  -3  -4  -2  -1  -2  -5  -3  -4    0   0   0  73   0   0  27   0   0   0   0   0   0   0   0   0   0   0   0   0  0.98 0.09
  320 F    -2  -3  -4  -4  -2  -3  -4  -4  -3   2   3  -3   1   4  -4  -3  -2  -1   0   1    0   0   0   0   0   0   0   0   0  19  54   0   0  27   0   0   0   0   0   0  0.46 0.06
  321 G     4  -2  -2  -2  -1  -2  -2   3  -2  -2  -2  -1  -2  -3  -2   0  -1  -3  -3  -1   73   0   0   0   0   0   0  27   0   0   0   0   0   0   0   0   0   0   0   0  0.55 0.08
  322 L    -2  -2  -3  -4  -2  -2  -3  -4  -3   3   3  -3   6   2  -3  -2  -1  -2  -1   1    0   0   0   0   0   0   0   0   0  21  21   0  49  10   0   0   0   0   0   0  0.46 0.08
  323 S     2  -2  -1  -2  -1  -1  -1  -1  -2  -1   0  -1  -1  -2  -1   3   2  -3  -2  -1   27   0   0   0   0   0   0   0   0   0  17   0   0   0   0  37  19   0   0   0  0.26 0.05
  324 W    -1  -2  -2  -1  -3   0   3   0  -2  -3  -2  -1  -2  -2   3   0  -2   8  -1  -3    0   0   0   0   0   0  35  10   0   0   5   0   0   0  17   5   0  27   0   0  0.69 0.07
  325 C    -2  -3  -3  -4   6  -2  -3  -4  -3   0   3  -3   4  -1  -3  -2  -1   4  -1   0    0   0   0   0  27   0   0   0   0   0  40   0  26   0   0   0   0   7   0   0  0.54 0.07
  326 T     0  -2  -2  -3  -2  -2  -2  -3   4  -1  -1  -2  -1   6  -3  -1   1  -1   2  -1   13   0   0   0   0   0   0   0  17   0   0   0   0  55   0   0  14   0   0   0  0.46 0.07
  327 E    -1  -2  -1  -1  -3  -1   2   5  -2  -4  -4  -1  -3  -4   2  -1   0  -3  -3  -3    0   0   0   0   0   0  24  59   0   0   0   0   0   0  11   0   6   0   0   0  0.66 0.06
  328 E     0  -1  -1   0  -3   0   3   4  -1  -3  -3  -1  -2  -3   2   0  -1  -3  -3  -3    1   1   1   1   0   1  33  47   0   1   1   1   0   0  10   1   1   0   0   1  0.51 0.05
  329 L    -2  -2  -3  -3  -3   2  -2  -4  -2  -1   1  -2   0   6  -4  -2  -2   0   2  -1    0   0   0   0   0  17   0   0   0   0  14   0   0  68   0   0   0   0   0   0  0.63 0.08
  330 G    -1  -2   1  -1  -3   1  -1   3  -2  -4  -4  -1  -3  -4   6   1  -1  -4  -3  -3    0   0   7   0   0  12   0  27   0   0   0   0   0   0  44  10   0   0   0   0  0.85 0.06
  331 E     1   2  -1  -1  -3   0   2   0  -1  -3  -3   0  -2  -3   5   1  -1  -3  -3  -2   14  20   0   0   0   0  21   7   0   0   0   0   0   0  29  10   0   0   0   0  0.51 0.05
  332 D     0   0   0   2  -3   3   3  -2  -1  -3  -3   0  -2  -3  -1   2   0  -3  -2  -2    7   0   0  14   0  27  25   0   0   0   0   0   0   0   0  27   0   0   0   0  0.43 0.05
  333 F    -3  -4  -4  -4  -3  -4  -4  -4  -2   2   0  -4   0   7  -4  -3  -2   0   2   0    0   0   0   0   0   0   0   0   0  17   0   0   0  83   0   0   0   0   0   0  0.90 0.10
  334 W    -3  -3  -3  -4  -3  -2  -3  -4   1  -2  -1  -3  -1   4  -4  -3  -2   6   7  -2    0   0   0   0   0   0   0   0   0   0   0   0   0  17   0   0   0  14  69   0  1.15 0.11
  335 S     0   1   1   2  -2   2   2  -1  -1  -3  -3   0  -2  -3  -2   2   1  -3  -2  -2    0   7   6  17   0  18  10   0   0   0   0   0   0   0   0  31  11   0   0   0  0.34 0.04
  336 G     2  -2  -1  -2  -2  -2  -2   5  -2  -3  -3  -1  -2  -3  -2   1  -1  -3  -3  -2   27   0   0   0   0   0   0  57   0   0   0   0   0   0   0  16   0   0   0   0  0.65 0.06
  337 Y    -3  -3  -3  -4  -3  -2  -3  -4   1  -2  -2  -3  -2   2  -4  -3  -2   2   8  -2    0   0   0   0   0   0   0   0   0   0   0   0   0   0   0   0   0   0 100   0  1.41 0.14
  338 R    -2   2   0   1  -4   3   2  -3   5  -3  -2   0  -2   1  -2  -1  -2  -2   0  -3    0  14   0  10   0  17  19   0  27   0   0   0   0  13   0   0   0   0   0   0  0.39 0.05
  339 Q     0   3   0   1  -2   2   1   0  -1  -3  -3   1  -2  -3  -2   3   0  -3  -2  -3    0  20   0   7   0  14   7   5   0   0   0   6   0   0   0  40   0   0   0   0  0.34 0.05
  340 I    -1  -1  -2  -3  -2  -1  -2  -3  -3   3   0   1   0  -1  -2  -1   1  -3  -2   3    0   0   0   0   0   0   0   0   0  28   0  21   0   0   0   0  10   0   0  42  0.24 0.05
  341 L     0  -2  -2  -3  -2  -1  -2  -2  -2   2   1  -2   3   0  -2   1   0   4   2   0    7   0   0   0   0   0   0   0   0  21  14   0  18   0   0  24   0   7  10   0  0.17 0.04
  342 P    -2  -3  -3  -2  -4  -2  -2  -3  -3  -4  -4  -2  -3  -5   8  -2  -2  -5  -4  -3    0   0   0   0   0   0   0   0   0   0   0   0   0   0 100   0   0   0   0   0  2.32 0.13
  343 E     0   0  -2  -1  -2   0   1  -3  -2   1   2   3   0  -1  -2  -1  -1  -3  -2   0    7   0   0   0   0   0  14   0   0  10  36  33   0   0   0   0   0   0   0   0  0.17 0.04
  344 S     1  -1  -1   2  -2   2   1  -2  -1  -2  -2  -1  -2  -3   4   1   0  -3  -2  -2   16   0   0  16   0  13   7   0   0   0   5   0   0   0  25  14   5   0   0   0  0.41 0.04
  345 P     1  -2  -2  -2  -3  -1   0  -2  -2  -3  -3  -1  -2   0   6   0  -1   4  -1  -2   18   0   0   0   0   0  10   0   0   0   0   0   0   7  53   6   0   7   0   0  0.95 0.07
  346 G     0  -3  -1   0  -3  -2  -2   6  -3  -4  -4  -2  -3  -4  -3  -1  -2  -3  -4  -4    0   0   0   6   0   0   0  94   0   0   0   0   0   0   0   0   0   0   0   0  1.18 0.09
  347 F    -3  -3  -3  -4  -3  -3  -3  -4   0  -1  -1  -3  -1   6  -4  -3  -3   1   6  -2    0   0   0   0   0   0   0   0   0   0   0   0   0  59   0   0   0   0  41   0  0.99 0.10
  348 G    -1  -1  -1   2  -3   1   3   1   1  -2   0  -1  -1  -2   2  -1   0  -3  -2  -2    0   0   0  11   0   7  29  14   5   0  17   0   0   0  10   0   7   0   0   0  0.22 0.03
  349 A     1   1  -1   1  -3   3   3  -2  -1  -3  -3   3  -2  -4  -1   0  -1  -3  -2  -2   14   0   0   6   0  19  33   0   0   0   0  28   0   0   0   0   0   0   0   0  0.44 0.05
  350 R    -2   7  -1  -2  -4   0  -1  -3  -1  -4  -3   2  -2  -4  -3  -1  -2  -4  -2  -3    0 100   0   0   0   0   0   0   0   0   0   0   0   0   0   0   0   0   0   0  1.13 0.12
  351 K    -1   3  -1  -2  -3   3   0  -2  -1  -2   1   4   0  -2  -2  -1  -1  -3  -2  -2    0  13   0   0   0  17   0   0   0   0  21  49   0   0   0   0   0   0   0   0  0.36 0.06
  352 I     0  -2  -1   3  -2   1   1  -2  -2   1   0  -1  -1  -2   3  -1  -1  -3  -2   0   10   0   0  24   0  10   7   0   0  21  11   0   0   0  17   0   0   0   0   0  0.25 0.04
  353 L    -2  -3  -4  -4  -2  -3  -4  -4  -4   4   4  -3   1   0  -3  -3  -1  -3  -2   2    0   0   0   0   0   0   0   0   0  39  54   0   0   0   0   0   0   0   0   6  0.48 0.06
  354 Y    -3  -3  -3  -4  -3  -2  -3  -4   1  -2  -2  -3  -2   2  -4  -3  -2   2   8  -2    0   0   0   0   0   0   0   0   0   0   0   0   0   0   0   0   0   0 100   0  1.41 0.14
  355 E    -2   0   3   0  -3   5   2  -2   0  -2   0   0  -1  -3  -2  -1  -1  -3  -2  -2    0   0  25   0   0  48  14   0   0   0  13   0   0   0   0   0   0   0   0   0  0.46 0.07
  356 L    -2  -3  -4  -4  -2  -3  -4  -4  -3   1   5  -3   2   0  -4  -3  -2  -2  -2   0    0   0   0   0   0   0   0   0   0   0 100   0   0   0   0   0   0   0   0   0  0.69 0.09
  357 Y    -3  -3  -3  -4  -3  -2  -3  -4   1  -2  -1  -3  -1   4  -4  -3  -2   2   8  -2    0   0   0   0   0   0   0   0   0   0   0   0   0  21   0   0   0   0  79   0  1.16 0.11
  358 H    -2  -1   2  -1  -3   0  -1  -2   8  -3  -3  -1  -2  -1  -3  -1   1  -2   3  -3    0   0  11   0   0   0   0   0  62   0   0   0   0   0   0   0  17   0  10   0  0.78 0.10
  359 R    -2   1  -3  -3  -2  -2  -2  -4  -1   2   2  -1   0   1  -3  -2  -1   0   5   1    0  14   0   0   0   0   0   0   0  19  27   0   0   0   0   0   0   0  33   7  0.31 0.05
  360 L    -2  -3  -4  -4  -2  -3  -4  -4  -3   1   5  -3   2   0  -4  -3  -2  -2  -2   0    0   0   0   0   0   0   0   0   0   0 100   0   0   0   0   0   0   0   0   0  0.69 0.09
  361 L    -2  -1   7   0  -3  -1  -1  -1   0  -3   0  -1  -2  -3  -3   0  -1  -4  -3  -3    0   0  86   0   0   0   0   0   0   0  14   0   0   0   0   0   0   0   0   0  0.80 0.10
  362 L    -2   2  -1  -2  -3   0  -1  -3   7  -2   0  -1  -1   1  -3  -2  -2  -2   1  -2    0  17   0   0   0   0   0   0  59   0  14   0   0  10   0   0   0   0   0   0  0.64 0.09
  363 Y     1  -2  -2  -3   4  -2  -2  -2  -1  -2  -2  -2  -2   2  -3   0  -1   7   5  -2   17   0   0   0  12   0   0   0   0   0   0   0   0   7   0  10   0  21  34   0  0.63 0.07
  364 N    -2   1   6   0  -3  -1  -1  -1   3   0  -3  -1  -2  -3  -3   0  -1  -4  -2  -2    0   6  73   0   0   0   0   0  10  11   0   0   0   0   0   0   0   0   0   0  0.65 0.09
  365 V    -2   1  -2  -3  -2   2  -1  -3   4   0   2  -1   1  -1  -3  -2  -1  -2  -1   1    0  10   0   0   0  14   0   0  21   0  42   0   0   0   0   0   0   0   0  14  0.22 0.05
  366 P    -3  -3  -4  -4  -3  -4  -4  -4  -2  -1   0  -3  -1   7   2  -3  -3   0   2  -2    0   0   0   0   0   0   0   0   0   0   0   0   0  86  14   0   0   0   0   0  0.98 0.11
  367 L    -1  -3   1  -2  -3  -2  -3   6  -2  -3   0  -2  -2  -3  -3  -1  -2  -3  -3  -3    0   0  10   0   0   0   0  76   0   0  14   0   0   0   0   0   0   0   0   0  0.78 0.07
  368 K     0   1   0  -1  -3   0  -1   4  -2  -4  -3   2  -2  -3  -2   2  -1  -3  -3  -3    0  11   0   0   0   0   0  43   0   0   0  24   0   0   0  23   0   0   0   0  0.46 0.05
  369 L    -1  -1  -1  -1  -3   2   1   3   6  -2   0  -1  -1  -2  -2  -1  -2  -3  -1  -2    0   0   0   0   0  12  11  29  34   0  14   0   0   0   0   0   0   0   0   0  0.38 0.06
  370 P    -2  -2  -2  -3  -3  -2  -2  -4   4  -2  -1  -2  -2   2   3  -2  -2   1   7  -2    0   0   0   0   0   0   0   0  12   0   6   0   0   0  14   0   0   0  68   0  0.86 0.10
  371 L    -1   2  -3  -3  -2   1  -2  -4  -2   1   3  -1   1  -1  -3  -2  -1  -2  -2   1    0  17   0   0   0   9   0   0   0   0  55   0   0   0   0   0   0   0   0  19  0.25 0.04
  372 E     0  -1   0   0  -2   2   4  -2  -1  -1  -2   0  -1  -3  -1   1   1  -3  -2   0    1   0   0   0   0   9  44   1   0   0   1   1   0   0   0  18   8   0   0  15  0.29 0.03
  373 T     0  -1  -1  -1  -1   3   0  -2  -1   0   0   0   0  -2  -1   1   2  -2  -2   0    8   0   0   0   0  25   1   1   0   8  12   1   0   0   0  18  23   0   0   1  0.16 0.03
  374 R     4   2  -1  -2  -1  -1  -1  -1  -2  -2  -2   0  -1  -2  -1   1   1  -3  -2  -1   64  17   0   0   0   0   1   1   0   0   1   1   0   0   0   1  12   0   0   1  0.30 0.04
  375 R    -1   3  -1  -1  -3   4   1  -2   0  -2  -1   2   3  -2  -2  -1  -1  -2  -2  -2    1  17   0   0   0  46   1   1   0   0   1  12  18   0   0   1   1   0   0   1  0.38 0.05
  376 K    -1   1   0  -1  -2   3   1  -2  -1  -2  -1   3  -1  -3  -1   1   0  -3  -2  -2    1   0   0   0   0  24   1   1   0   0   8  44   0   0   0  18   1   0   0   1  0.31 0.04
  377 Y     1  -2  -1  -2  -1  -1  -2  -2  -1   1   0  -1   1   2  -2   1   1  -1   3   0   14   0   0   0   0   0   1   1   0  18   1   1   9  12   0  17   8   0  17   1  0.12 0.02
  378 G    -1  -3  -2  -3  -2  -2  -3   1  -3   3   2  -2   1   0  -3  -2  -1  -2  -2   1    1   0   0   0   0   0   1  17   0  45  31   1   0   0   0   1   1   0   0   1  0.23 0.03
  379 D    -2  -1   2   6  -4   0   1  -2   3  -4  -4   1  -3  -4  -2  -1  -1  -4  -2  -4    0   0   7  72   0   0   0   0  12   0   0   9   0   0   0   0   0   0   0   0  0.79 0.07
  380 E    -1   1   0   4  -4   2   3  -2  -1  -3  -3   2  -2  -4  -2   0  -1  -4  -3  -3    0   8   0  36   0   9  32   0   0   0   0  16   0   0   0   0   0   0   0   0  0.55 0.04
  381 V     1  -3  -3  -3   3  -2  -3  -3  -2   2   1  -2   0   0  -3  -1  -1  -1   3   2   15   0   0   0   9   0   0   0   0  27   8   0   0   0   0   0   0   0  17  23  0.21 0.03
  382 L    -2  -2  -3  -4  -2   0  -2  -4  -3   2   4  -2   2   0  -3  -3  -1  -2  -1   1    0   0   0   0   0   9   0   0   0   7  84   0   0   0   0   0   0   0   0   0  0.46 0.06
  383 K    -1   4   0  -1  -4   3   1  -2   0  -3  -3   4  -1  -3  -2  -1  -1  -3  -2  -3    0  43   0   0   0  17   0   0   0   0   0  39   0   0   0   0   0   0   0   0  0.57 0.03
  384 L    -1  -2  -3  -4  -2  -2  -3  -4  -3   2   3  -2   4   0  -3  -2  -1  -2  -1   1    0   0   0   0   0   0   0   0   0  19  48   0  33   0   0   0   0   0   0   0  0.37 0.02
  385 F    -2  -3  -4  -4  -2  -3  -3  -4  -3   2   3  -3   1   4  -3  -3  -1  -1   1   1    0   0   0   0   0   0   0   0   0  29  41   0   0  30   0   0   0   0   0   0  0.35 0.01
  386 N    -1   1   3   1  -3   1   3  -1   0  -3  -3   3  -2  -3  -1   0  -1  -3  -2  -3    0   0  30   0   0   0  29   0   0   0   0  41   0   0   0   0   0   0   0   0  0.43 0.01
  387 I    -1   1  -1  -2  -2   0  -1  -3  -2   2   0   3   0  -1  -2  -1  -1  -3  -2   1    0   0   0   0   0   0   0   0   0  50   0  50   0   0   0   0   0   0   0   0  0.16 0.00
  388 L    -2  -3  -4  -4  -1  -3  -3  -4  -3   3   3  -3   2   0  -3  -3  -1  -2  -1   2    0   0   0   0   0   0   0   0   0  50  50   0   0   0   0   0   0   0   0   0  0.37 0.00
  389 I    -2  -3  -4  -4  -1  -3  -3  -4  -3   3   3  -3   2   0  -3  -3  -1  -2  -1   2    0   0   0   0   0   0   0   0   0  50  50   0   0   0   0   0   0   0   0   0  0.37 0.00
  390 S     1  -1   1   0  -1   0   0   0  -1  -3  -3   0  -2  -3  -1   4   1  -3  -2  -2    0   0   0   0   0   0   0   0   0   0   0   0   0   0   0 100   0   0   0   0  0.46 0.00
  391 A     4  -1  -2  -2   0  -1  -1   0  -2  -1  -1  -1  -1  -2  -1   1   0  -3  -2   0    0   0   0   0   0   0   0   0   0   0   0   0   0   0   0   0   0   0   0   0  0.00     0.00
  392 Y    -2  -2  -2  -3  -2  -1  -2  -3   2  -1  -1  -2  -1   3  -3  -2  -2   2   7  -1    0   0   0   0   0   0   0   0   0   0   0   0   0   0   0   0   0   0   0   0  0.00     0.00
  393 S     1  -1   1   0  -1   0   0   0  -1  -2  -2   0  -1  -2  -1   4   1  -3  -2  -2    0   0   0   0   0   0   0   0   0   0   0   0   0   0   0   0   0   0   0   0  0.00     0.00
  394 R    -1   5   0  -2  -3   1   0  -2   0  -3  -2   2  -1  -3  -2  -1  -1  -3  -2  -2    0   0   0   0   0   0   0   0   0   0   0   0   0   0   0   0   0   0   0   0  0.00     0.00
  395 R    -1   5   0  -2  -3   1   0  -2   0  -3  -2   2  -1  -3  -2  -1  -1  -3  -2  -2    0   0   0   0   0   0   0   0   0   0   0   0   0   0   0   0   0   0   0   0  0.00     0.00
  396 R    -1   5   0  -2  -3   1   0  -2   0  -3  -2   2  -1  -3  -2  -1  -1  -3  -2  -2    0   0   0   0   0   0   0   0   0   0   0   0   0   0   0   0   0   0   0   0  0.00     0.00
  397 R    -1   5   0  -2  -3   1   0  -2   0  -3  -2   2  -1  -3  -2  -1  -1  -3  -2  -2    0   0   0   0   0   0   0   0   0   0   0   0   0   0   0   0   0   0   0   0  0.00     0.00
  398 R    -1   5   0  -2  -3   1   0  -2   0  -3  -2   2  -1  -3  -2  -1  -1  -3  -2  -2    0   0   0   0   0   0   0   0   0   0   0   0   0   0   0   0   0   0   0   0  0.00     0.00
  399 R    -1   5   0  -2  -3   1   0  -2   0  -3  -2   2  -1  -3  -2  -1  -1  -3  -2  -2    0   0   0   0   0   0   0   0   0   0   0   0   0   0   0   0   0   0   0   0  0.00     0.00
  400 R    -1   5   0  -2  -3   1   0  -2   0  -3  -2   2  -1  -3  -2  -1  -1  -3  -2  -2    0   0   0   0   0   0   0   0   0   0   0   0   0   0   0   0   0   0   0   0  0.00     0.00
  401 L    -1  -2  -3  -4  -1  -2  -3  -4  -3   2   4  -2   2   0  -3  -2  -1  -2  -1   1    0   0   0   0   0   0   0   0   0   0   0   0   0   0   0   0   0   0   0   0  0.00     0.00
  402 Q    -1   1   0   0  -3   5   2  -2   0  -3  -2   1   0  -3  -1   0  -1  -2  -1  -2    0   0   0   0   0   0   0   0   0   0   0   0   0   0   0   0   0   0   0   0  0.00     0.00
  403 A     4  -1  -2  -2   0  -1  -1   0  -2  -1  -1  -1  -1  -2  -1   1   0  -3  -2   0    0   0   0   0   0   0   0   0   0   0   0   0   0   0   0   0   0   0   0   0  0.00     0.00
  404 A     4  -1  -2  -2   0  -1  -1   0  -2  -1  -1  -1  -1  -2  -1   1   0  -3  -2   0    0   0   0   0   0   0   0   0   0   0   0   0   0   0   0   0   0   0   0   0  0.00     0.00
  405 D    -2  -2   1   6  -3   0   2  -1  -1  -3  -4  -1  -3  -3  -1   0  -1  -4  -3  -3    0   0   0   0   0   0   0   0   0   0   0   0   0   0   0   0   0   0   0   0  0.00     0.00
  406 A     4  -1  -2  -2   0  -1  -1   0  -2  -1  -1  -1  -1  -2  -1   1   0  -3  -2   0    0   0   0   0   0   0   0   0   0   0   0   0   0   0   0   0   0   0   0   0  0.00     0.00
  407 A     4  -1  -2  -2   0  -1  -1   0  -2  -1  -1  -1  -1  -2  -1   1   0  -3  -2   0    0   0   0   0   0   0   0   0   0   0   0   0   0   0   0   0   0   0   0   0  0.00     0.00
  408 P    -1  -2  -2  -1  -3  -1  -1  -2  -2  -3  -3  -1  -2  -4   7  -1  -1  -4  -3  -2    0   0   0   0   0   0   0   0   0   0   0   0   0   0   0   0   0   0   0   0  0.00     0.00
  409 N    -2   0   6   1  -3   0   0   0   1  -3  -3   0  -2  -3  -2   1   0  -4  -2  -3    0   0   0   0   0   0   0   0   0   0   0   0   0   0   0   0   0   0   0   0  0.00     0.00
  410 A     4  -1  -2  -2   0  -1  -1   0  -2  -1  -1  -1  -1  -2  -1   1   0  -3  -2   0    0   0   0   0   0   0   0   0   0   0   0   0   0   0   0   0   0   0   0   0  0.00     0.00
  411 S     1  -1   1   0  -1   0   0   0  -1  -2  -2   0  -1  -2  -1   4   1  -3  -2  -2    0   0   0   0   0   0   0   0   0   0   0   0   0   0   0   0   0   0   0   0  0.00     0.00
  412 A     4  -1  -2  -2   0  -1  -1   0  -2  -1  -1  -1  -1  -2  -1   1   0  -3  -2   0    0   0   0   0   0   0   0   0   0   0   0   0   0   0   0   0   0   0   0   0  0.00     0.00
  413 A     4  -1  -2  -2   0  -1  -1   0  -2  -1  -1  -1  -1  -2  -1   1   0  -3  -2   0    0   0   0   0   0   0   0   0   0   0   0   0   0   0   0   0   0   0   0   0  0.00     0.00
  414 A     4  -1  -2  -2   0  -1  -1   0  -2  -1  -1  -1  -1  -2  -1   1   0  -3  -2   0    0   0   0   0   0   0   0   0   0   0   0   0   0   0   0   0   0   0   0   0  0.00     0.00
  415 A     4  -1  -2  -2   0  -1  -1   0  -2  -1  -1  -1  -1  -2  -1   1   0  -3  -2   0    0   0   0   0   0   0   0   0   0   0   0   0   0   0   0   0   0   0   0   0  0.00     0.00
  416 L    -1  -2  -3  -4  -1  -2  -3  -4  -3   2   4  -2   2   0  -3  -2  -1  -2  -1   1    0   0   0   0   0   0   0   0   0   0   0   0   0   0   0   0   0   0   0   0  0.00     0.00
  417 A     4  -1  -2  -2   0  -1  -1   0  -2  -1  -1  -1  -1  -2  -1   1   0  -3  -2   0    0   0   0   0   0   0   0   0   0   0   0   0   0   0   0   0   0   0   0   0  0.00     0.00
  418 E    -1   0   0   2  -4   2   5  -2   0  -3  -3   1  -2  -3  -1   0  -1  -3  -2  -2    0   0   0   0   0   0   0   0   0   0   0   0   0   0   0   0   0   0   0   0  0.00     0.00
  419 A     4  -1  -2  -2   0  -1  -1   0  -2  -1  -1  -1  -1  -2  -1   1   0  -3  -2   0    0   0   0   0   0   0   0   0   0   0   0   0   0   0   0   0   0   0   0   0  0.00     0.00
  420 D    -2  -2   1   6  -3   0   2  -1  -1  -3  -4  -1  -3  -3  -1   0  -1  -4  -3  -3    0   0   0   0   0   0   0   0   0   0   0   0   0   0   0   0   0   0   0   0  0.00     0.00
  421 A     4  -1  -2  -2   0  -1  -1   0  -2  -1  -1  -1  -1  -2  -1   1   0  -3  -2   0    0   0   0   0   0   0   0   0   0   0   0   0   0   0   0   0   0   0   0   0  0.00     0.00
  422 R    -1   5   0  -2  -3   1   0  -2   0  -3  -2   2  -1  -3  -2  -1  -1  -3  -2  -2    0   0   0   0   0   0   0   0   0   0   0   0   0   0   0   0   0   0   0   0  0.00     0.00
  423 A     4  -1  -2  -2   0  -1  -1   0  -2  -1  -1  -1  -1  -2  -1   1   0  -3  -2   0    0   0   0   0   0   0   0   0   0   0   0   0   0   0   0   0   0   0   0   0  0.00     0.00
  424 E    -1   0   0   2  -4   2   5  -2   0  -3  -3   1  -2  -3  -1   0  -1  -3  -2  -2    0   0   0   0   0   0   0   0   0   0   0   0   0   0   0   0   0   0   0   0  0.00     0.00
  425 L    -1  -2  -3  -4  -1  -2  -3  -4  -3   2   4  -2   2   0  -3  -2  -1  -2  -1   1    0   0   0   0   0   0   0   0   0   0   0   0   0   0   0   0   0   0   0   0  0.00     0.00
  426 G     0  -2   0  -1  -2  -2  -2   6  -2  -4  -4  -2  -3  -3  -2   0  -2  -2  -3  -3    0   0   0   0   0   0   0   0   0   0   0   0   0   0   0   0   0   0   0   0  0.00     0.00
  427 A     4  -1  -2  -2   0  -1  -1   0  -2  -1  -1  -1  -1  -2  -1   1   0  -3  -2   0    0   0   0   0   0   0   0   0   0   0   0   0   0   0   0   0   0   0   0   0  0.00     0.00
  428 L    -1  -2  -3  -4  -1  -2  -3  -4  -3   2   4  -2   2   0  -3  -2  -1  -2  -1   1    0   0   0   0   0   0   0   0   0   0   0   0   0   0   0   0   0   0   0   0  0.00     0.00
  429 D    -2  -2   1   6  -3   0   2  -1  -1  -3  -4  -1  -3  -3  -1   0  -1  -4  -3  -3    0   0   0   0   0   0   0   0   0   0   0   0   0   0   0   0   0   0   0   0  0.00     0.00
  430 S     1  -1   1   0  -1   0   0   0  -1  -2  -2   0  -1  -2  -1   4   1  -3  -2  -2    0   0   0   0   0   0   0   0   0   0   0   0   0   0   0   0   0   0   0   0  0.00     0.00
  431 S     1  -1   1   0  -1   0   0   0  -1  -2  -2   0  -1  -2  -1   4   1  -3  -2  -2    0   0   0   0   0   0   0   0   0   0   0   0   0   0   0   0   0   0   0   0  0.00     0.00
  432 W    -3  -3  -4  -4  -2  -2  -3  -2  -2  -3  -2  -3  -1   1  -4  -3  -2  10   2  -3    0   0   0   0   0   0   0   0   0   0   0   0   0   0   0   0   0   0   0   0  0.00     0.00
  433 A     4  -1  -2  -2   0  -1  -1   0  -2  -1  -1  -1  -1  -2  -1   1   0  -3  -2   0    0   0   0   0   0   0   0   0   0   0   0   0   0   0   0   0   0   0   0   0  0.00     0.00
  434 R    -1   5   0  -2  -3   1   0  -2   0  -3  -2   2  -1  -3  -2  -1  -1  -3  -2  -2    0   0   0   0   0   0   0   0   0   0   0   0   0   0   0   0   0   0   0   0  0.00     0.00
  435 R    -1   5   0  -2  -3   1   0  -2   0  -3  -2   2  -1  -3  -2  -1  -1  -3  -2  -2    0   0   0   0   0   0   0   0   0   0   0   0   0   0   0   0   0   0   0   0  0.00     0.00
  436 V     0  -2  -3  -3  -1  -2  -2  -3  -3   3   1  -2   1  -1  -2  -2   0  -3  -1   4    0   0   0   0   0   0   0   0   0   0   0   0   0   0   0   0   0   0   0   0  0.00     0.00
  437 L    -1  -2  -3  -4  -1  -2  -3  -4  -3   2   4  -2   2   0  -3  -2  -1  -2  -1   1    0   0   0   0   0   0   0   0   0   0   0   0   0   0   0   0   0   0   0   0  0.00     0.00
  438 S     1  -1   1   0  -1   0   0   0  -1  -2  -2   0  -1  -2  -1   4   1  -3  -2  -2    0   0   0   0   0   0   0   0   0   0   0   0   0   0   0   0   0   0   0   0  0.00     0.00
  439 E    -1   0   0   2  -4   2   5  -2   0  -3  -3   1  -2  -3  -1   0  -1  -3  -2  -2    0   0   0   0   0   0   0   0   0   0   0   0   0   0   0   0   0   0   0   0  0.00     0.00
  440 A     4  -1  -2  -2   0  -1  -1   0  -2  -1  -1  -1  -1  -2  -1   1   0  -3  -2   0    0   0   0   0   0   0   0   0   0   0   0   0   0   0   0   0   0   0   0   0  0.00     0.00
  441 A     4  -1  -2  -2   0  -1  -1   0  -2  -1  -1  -1  -1  -2  -1   1   0  -3  -2   0    0   0   0   0   0   0   0   0   0   0   0   0   0   0   0   0   0   0   0   0  0.00     0.00
  442 A     4  -1  -2  -2   0  -1  -1   0  -2  -1  -1  -1  -1  -2  -1   1   0  -3  -2   0    0   0   0   0   0   0   0   0   0   0   0   0   0   0   0   0   0   0   0   0  0.00     0.00
  443 A     4  -1  -2  -2   0  -1  -1   0  -2  -1  -1  -1  -1  -2  -1   1   0  -3  -2   0    0   0   0   0   0   0   0   0   0   0   0   0   0   0   0   0   0   0   0   0  0.00     0.00
  444 G     0  -2   0  -1  -2  -2  -2   6  -2  -4  -4  -2  -3  -3  -2   0  -2  -2  -3  -3    0   0   0   0   0   0   0   0   0   0   0   0   0   0   0   0   0   0   0   0  0.00     0.00
  445 Q    -1   1   0   0  -3   5   2  -2   0  -3  -2   1   0  -3  -1   0  -1  -2  -1  -2    0   0   0   0   0   0   0   0   0   0   0   0   0   0   0   0   0   0   0   0  0.00     0.00
  446 L    -1  -2  -3  -4  -1  -2  -3  -4  -3   2   4  -2   2   0  -3  -2  -1  -2  -1   1    0   0   0   0   0   0   0   0   0   0   0   0   0   0   0   0   0   0   0   0  0.00     0.00
  447 S     1  -1   1   0  -1   0   0   0  -1  -2  -2   0  -1  -2  -1   4   1  -3  -2  -2    0   0   0   0   0   0   0   0   0   0   0   0   0   0   0   0   0   0   0   0  0.00     0.00
  448 R    -1   5   0  -2  -3   1   0  -2   0  -3  -2   2  -1  -3  -2  -1  -1  -3  -2  -2    0   0   0   0   0   0   0   0   0   0   0   0   0   0   0   0   0   0   0   0  0.00     0.00
  449 E    -1   0   0   2  -4   2   5  -2   0  -3  -3   1  -2  -3  -1   0  -1  -3  -2  -2    0   0   0   0   0   0   0   0   0   0   0   0   0   0   0   0   0   0   0   0  0.00     0.00
  450 S     1  -1   1   0  -1   0   0   0  -1  -2  -2   0  -1  -2  -1   4   1  -3  -2  -2    0   0   0   0   0   0   0   0   0   0   0   0   0   0   0   0   0   0   0   0  0.00     0.00
  451 C     0  -3  -3  -3   9  -3  -4  -2  -3  -1  -1  -3  -1  -2  -3  -1  -1  -2  -2  -1    0   0   0   0   0   0   0   0   0   0   0   0   0   0   0   0   0   0   0   0  0.00     0.00
  452 A     4  -1  -2  -2   0  -1  -1   0  -2  -1  -1  -1  -1  -2  -1   1   0  -3  -2   0    0   0   0   0   0   0   0   0   0   0   0   0   0   0   0   0   0   0   0   0  0.00     0.00
  453 L    -1  -2  -3  -4  -1  -2  -3  -4  -3   2   4  -2   2   0  -3  -2  -1  -2  -1   1    0   0   0   0   0   0   0   0   0   0   0   0   0   0   0   0   0   0   0   0  0.00     0.00
  454 T     0  -1   0  -1  -1  -1  -1  -2  -2  -1  -1  -1  -1  -2  -1   1   5  -2  -2   0    0   0   0   0   0   0   0   0   0   0   0   0   0   0   0   0   0   0   0   0  0.00     0.00
  455 R    -1   5   0  -2  -3   1   0  -2   0  -3  -2   2  -1  -3  -2  -1  -1  -3  -2  -2    0   0   0   0   0   0   0   0   0   0   0   0   0   0   0   0   0   0   0   0  0.00     0.00
  456 V     0  -2  -3  -3  -1  -2  -2  -3  -3   3   1  -2   1  -1  -2  -2   0  -3  -1   4    0   0   0   0   0   0   0   0   0   0   0   0   0   0   0   0   0   0   0   0  0.00     0.00
  457 S     1  -1   1   0  -1   0   0   0  -1  -2  -2   0  -1  -2  -1   4   1  -3  -2  -2    0   0   0   0   0   0   0   0   0   0   0   0   0   0   0   0   0   0   0   0  0.00     0.00
  458 E    -1   0   0   2  -4   2   5  -2   0  -3  -3   1  -2  -3  -1   0  -1  -3  -2  -2    0   0   0   0   0   0   0   0   0   0   0   0   0   0   0   0   0   0   0   0  0.00     0.00
  459 G     0  -2   0  -1  -2  -2  -2   6  -2  -4  -4  -2  -3  -3  -2   0  -2  -2  -3  -3    0   0   0   0   0   0   0   0   0   0   0   0   0   0   0   0   0   0   0   0  0.00     0.00
  460 E    -1   0   0   2  -4   2   5  -2   0  -3  -3   1  -2  -3  -1   0  -1  -3  -2  -2    0   0   0   0   0   0   0   0   0   0   0   0   0   0   0   0   0   0   0   0  0.00     0.00
  461 I    -1  -3  -3  -3  -1  -3  -3  -4  -3   4   2  -3   1   0  -3  -2  -1  -3  -1   3    0   0   0   0   0   0   0   0   0   0   0   0   0   0   0   0   0   0   0   0  0.00     0.00
  462 A     4  -1  -2  -2   0  -1  -1   0  -2  -1  -1  -1  -1  -2  -1   1   0  -3  -2   0    0   0   0   0   0   0   0   0   0   0   0   0   0   0   0   0   0   0   0   0  0.00     0.00
  463 A     4  -1  -2  -2   0  -1  -1   0  -2  -1  -1  -1  -1  -2  -1   1   0  -3  -2   0    0   0   0   0   0   0   0   0   0   0   0   0   0   0   0   0   0   0   0   0  0.00     0.00
  464 K    -1   2   0  -1  -3   1   1  -2  -1  -3  -2   4  -1  -3  -1   0  -1  -3  -2  -2    0   0   0   0   0   0   0   0   0   0   0   0   0   0   0   0   0   0   0   0  0.00     0.00
  465 T     0  -1   0  -1  -1  -1  -1  -2  -2  -1  -1  -1  -1  -2  -1   1   5  -2  -2   0    0   0   0   0   0   0   0   0   0   0   0   0   0   0   0   0   0   0   0   0  0.00     0.00
  466 E    -1   0   0   2  -4   2   5  -2   0  -3  -3   1  -2  -3  -1   0  -1  -3  -2  -2    0   0   0   0   0   0   0   0   0   0   0   0   0   0   0   0   0   0   0   0  0.00     0.00
  467 G     0  -2   0  -1  -2  -2  -2   6  -2  -4  -4  -2  -3  -3  -2   0  -2  -2  -3  -3    0   0   0   0   0   0   0   0   0   0   0   0   0   0   0   0   0   0   0   0  0.00     0.00
  468 W    -3  -3  -4  -4  -2  -2  -3  -2  -2  -3  -2  -3  -1   1  -4  -3  -2  10   2  -3    0   0   0   0   0   0   0   0   0   0   0   0   0   0   0   0   0   0   0   0  0.00     0.00
  469 Y    -2  -2  -2  -3  -2  -1  -2  -3   2  -1  -1  -2  -1   3  -3  -2  -2   2   7  -1    0   0   0   0   0   0   0   0   0   0   0   0   0   0   0   0   0   0   0   0  0.00     0.00
  470 K    -1   2   0  -1  -3   1   1  -2  -1  -3  -2   4  -1  -3  -1   0  -1  -3  -2  -2    0   0   0   0   0   0   0   0   0   0   0   0   0   0   0   0   0   0   0   0  0.00     0.00
  471 E    -1   0   0   2  -4   2   5  -2   0  -3  -3   1  -2  -3  -1   0  -1  -3  -2  -2    0   0   0   0   0   0   0   0   0   0   0   0   0   0   0   0   0   0   0   0  0.00     0.00
  472 W    -3  -3  -4  -4  -2  -2  -3  -2  -2  -3  -2  -3  -1   1  -4  -3  -2  10   2  -3    0   0   0   0   0   0   0   0   0   0   0   0   0   0   0   0   0   0   0   0  0.00     0.00
  473 H    -2   0   1  -1  -3   0   0  -2   7  -3  -3  -1  -2  -1  -2  -1  -2  -2   2  -3    0   0   0   0   0   0   0   0   0   0   0   0   0   0   0   0   0   0   0   0  0.00     0.00
  474 S     1  -1   1   0  -1   0   0   0  -1  -2  -2   0  -1  -2  -1   4   1  -3  -2  -2    0   0   0   0   0   0   0   0   0   0   0   0   0   0   0   0   0   0   0   0  0.00     0.00
  475 R    -1   5   0  -2  -3   1   0  -2   0  -3  -2   2  -1  -3  -2  -1  -1  -3  -2  -2    0   0   0   0   0   0   0   0   0   0   0   0   0   0   0   0   0   0   0   0  0.00     0.00
  476 L    -1  -2  -3  -4  -1  -2  -3  -4  -3   2   4  -2   2   0  -3  -2  -1  -2  -1   1    0   0   0   0   0   0   0   0   0   0   0   0   0   0   0   0   0   0   0   0  0.00     0.00
  477 R    -1   5   0  -2  -3   1   0  -2   0  -3  -2   2  -1  -3  -2  -1  -1  -3  -2  -2    0   0   0   0   0   0   0   0   0   0   0   0   0   0   0   0   0   0   0   0  0.00     0.00
  478 E    -1   0   0   2  -4   2   5  -2   0  -3  -3   1  -2  -3  -1   0  -1  -3  -2  -2    0   0   0   0   0   0   0   0   0   0   0   0   0   0   0   0   0   0   0   0  0.00     0.00
  479 W    -3  -3  -4  -4  -2  -2  -3  -2  -2  -3  -2  -3  -1   1  -4  -3  -2  10   2  -3    0   0   0   0   0   0   0   0   0   0   0   0   0   0   0   0   0   0   0   0  0.00     0.00
  480 W    -3  -3  -4  -4  -2  -2  -3  -2  -2  -3  -2  -3  -1   1  -4  -3  -2  10   2  -3    0   0   0   0   0   0   0   0   0   0   0   0   0   0   0   0   0   0   0   0  0.00     0.00
  481 L    -1  -2  -3  -4  -1  -2  -3  -4  -3   2   4  -2   2   0  -3  -2  -1  -2  -1   1    0   0   0   0   0   0   0   0   0   0   0   0   0   0   0   0   0   0   0   0  0.00     0.00
  482 A     4  -1  -2  -2   0  -1  -1   0  -2  -1  -1  -1  -1  -2  -1   1   0  -3  -2   0    0   0   0   0   0   0   0   0   0   0   0   0   0   0   0   0   0   0   0   0  0.00     0.00
  483 A     4  -1  -2  -2   0  -1  -1   0  -2  -1  -1  -1  -1  -2  -1   1   0  -3  -2   0    0   0   0   0   0   0   0   0   0   0   0   0   0   0   0   0   0   0   0   0  0.00     0.00
  484 P    -1  -2  -2  -1  -3  -1  -1  -2  -2  -3  -3  -1  -2  -4   7  -1  -1  -4  -3  -2    0   0   0   0   0   0   0   0   0   0   0   0   0   0   0   0   0   0   0   0  0.00     0.00
  485 L    -1  -2  -3  -4  -1  -2  -3  -4  -3   2   4  -2   2   0  -3  -2  -1  -2  -1   1    0   0   0   0   0   0   0   0   0   0   0   0   0   0   0   0   0   0   0   0  0.00     0.00
  486 G     0  -2   0  -1  -2  -2  -2   6  -2  -4  -4  -2  -3  -3  -2   0  -2  -2  -3  -3    0   0   0   0   0   0   0   0   0   0   0   0   0   0   0   0   0   0   0   0  0.00     0.00
  487 A     4  -1  -2  -2   0  -1  -1   0  -2  -1  -1  -1  -1  -2  -1   1   0  -3  -2   0    0   0   0   0   0   0   0   0   0   0   0   0   0   0   0   0   0   0   0   0  0.00     0.00
  488 D    -2  -2   1   6  -3   0   2  -1  -1  -3  -4  -1  -3  -3  -1   0  -1  -4  -3  -3    0   0   0   0   0   0   0   0   0   0   0   0   0   0   0   0   0   0   0   0  0.00     0.00
  489 L    -1  -2  -3  -4  -1  -2  -3  -4  -3   2   4  -2   2   0  -3  -2  -1  -2  -1   1    0   0   0   0   0   0   0   0   0   0   0   0   0   0   0   0   0   0   0   0  0.00     0.00
  490 G     0  -2   0  -1  -2  -2  -2   6  -2  -4  -4  -2  -3  -3  -2   0  -2  -2  -3  -3    0   0   0   0   0   0   0   0   0   0   0   0   0   0   0   0   0   0   0   0  0.00     0.00
  491 V     0  -2  -3  -3  -1  -2  -2  -3  -3   3   1  -2   1  -1  -2  -2   0  -3  -1   4    0   0   0   0   0   0   0   0   0   0   0   0   0   0   0   0   0   0   0   0  0.00     0.00
  492 C     0  -3  -3  -3   9  -3  -4  -2  -3  -1  -1  -3  -1  -2  -3  -1  -1  -2  -2  -1    0   0   0   0   0   0   0   0   0   0   0   0   0   0   0   0   0   0   0   0  0.00     0.00
  493 A     4  -1  -2  -2   0  -1  -1   0  -2  -1  -1  -1  -1  -2  -1   1   0  -3  -2   0    0   0   0   0   0   0   0   0   0   0   0   0   0   0   0   0   0   0   0   0  0.00     0.00
  494 Q    -1   1   0   0  -3   5   2  -2   0  -3  -2   1   0  -3  -1   0  -1  -2  -1  -2    0   0   0   0   0   0   0   0   0   0   0   0   0   0   0   0   0   0   0   0  0.00     0.00
  495 A     4  -1  -2  -2   0  -1  -1   0  -2  -1  -1  -1  -1  -2  -1   1   0  -3  -2   0    0   0   0   0   0   0   0   0   0   0   0   0   0   0   0   0   0   0   0   0  0.00     0.00
  496 L    -1  -2  -3  -4  -1  -2  -3  -4  -3   2   4  -2   2   0  -3  -2  -1  -2  -1   1    0   0   0   0   0   0   0   0   0   0   0   0   0   0   0   0   0   0   0   0  0.00     0.00
  497 G     0  -2   0  -1  -2  -2  -2   6  -2  -4  -4  -2  -3  -3  -2   0  -2  -2  -3  -3    0   0   0   0   0   0   0   0   0   0   0   0   0   0   0   0   0   0   0   0  0.00     0.00
  498 M    -1  -1  -2  -3  -1   0  -2  -3  -2   1   2  -1   5   0  -2  -1  -1  -1  -1   1    0   0   0   0   0   0   0   0   0   0   0   0   0   0   0   0   0   0   0   0  0.00     0.00
  499 H    -2   0   1  -1  -3   0   0  -2   7  -3  -3  -1  -2  -1  -2  -1  -2  -2   2  -3    0   0   0   0   0   0   0   0   0   0   0   0   0   0   0   0   0   0   0   0  0.00     0.00
  500 L    -1  -2  -3  -4  -1  -2  -3  -4  -3   2   4  -2   2   0  -3  -2  -1  -2  -1   1    0   0   0   0   0   0   0   0   0   0   0   0   0   0   0   0   0   0   0   0  0.00     0.00
  501 S     1  -1   1   0  -1   0   0   0  -1  -2  -2   0  -1  -2  -1   4   1  -3  -2  -2    0   0   0   0   0   0   0   0   0   0   0   0   0   0   0   0   0   0   0   0  0.00     0.00
  502 S     1  -1   1   0  -1   0   0   0  -1  -2  -2   0  -1  -2  -1   4   1  -3  -2  -2    0   0   0   0   0   0   0   0   0   0   0   0   0   0   0   0   0   0   0   0  0.00     0.00
  503 R    -1   5   0  -2  -3   1   0  -2   0  -3  -2   2  -1  -3  -2  -1  -1  -3  -2  -2    0   0   0   0   0   0   0   0   0   0   0   0   0   0   0   0   0   0   0   0  0.00     0.00
  504 L    -1  -2  -3  -4  -1  -2  -3  -4  -3   2   4  -2   2   0  -3  -2  -1  -2  -1   1    0   0   0   0   0   0   0   0   0   0   0   0   0   0   0   0   0   0   0   0  0.00     0.00
  505 E    -1   0   0   2  -4   2   5  -2   0  -3  -3   1  -2  -3  -1   0  -1  -3  -2  -2    0   0   0   0   0   0   0   0   0   0   0   0   0   0   0   0   0   0   0   0  0.00     0.00
  506 S     1  -1   1   0  -1   0   0   0  -1  -2  -2   0  -1  -2  -1   4   1  -3  -2  -2    0   0   0   0   0   0   0   0   0   0   0   0   0   0   0   0   0   0   0   0  0.00     0.00
  507 A     4  -1  -2  -2   0  -1  -1   0  -2  -1  -1  -1  -1  -2  -1   1   0  -3  -2   0    0   0   0   0   0   0   0   0   0   0   0   0   0   0   0   0   0   0   0   0  0.00     0.00
  508 H    -2   0   1  -1  -3   0   0  -2   7  -3  -3  -1  -2  -1  -2  -1  -2  -2   2  -3    0   0   0   0   0   0   0   0   0   0   0   0   0   0   0   0   0   0   0   0  0.00     0.00
  509 R    -1   5   0  -2  -3   1   0  -2   0  -3  -2   2  -1  -3  -2  -1  -1  -3  -2  -2    0   0   0   0   0   0   0   0   0   0   0   0   0   0   0   0   0   0   0   0  0.00     0.00
  510 R    -1   5   0  -2  -3   1   0  -2   0  -3  -2   2  -1  -3  -2  -1  -1  -3  -2  -2    0   0   0   0   0   0   0   0   0   0   0   0   0   0   0   0   0   0   0   0  0.00     0.00
  511 W    -3  -3  -4  -4  -2  -2  -3  -2  -2  -3  -2  -3  -1   1  -4  -3  -2  10   2  -3    0   0   0   0   0   0   0   0   0   0   0   0   0   0   0   0   0   0   0   0  0.00     0.00
  512 R    -1   5   0  -2  -3   1   0  -2   0  -3  -2   2  -1  -3  -2  -1  -1  -3  -2  -2    0   0   0   0   0   0   0   0   0   0   0   0   0   0   0   0   0   0   0   0  0.00     0.00
  513 G     0  -2   0  -1  -2  -2  -2   6  -2  -4  -4  -2  -3  -3  -2   0  -2  -2  -3  -3    0   0   0   0   0   0   0   0   0   0   0   0   0   0   0   0   0   0   0   0  0.00     0.00
  514 A     4  -1  -2  -2   0  -1  -1   0  -2  -1  -1  -1  -1  -2  -1   1   0  -3  -2   0    0   0   0   0   0   0   0   0   0   0   0   0   0   0   0   0   0   0   0   0  0.00     0.00
  515 R    -1   5   0  -2  -3   1   0  -2   0  -3  -2   2  -1  -3  -2  -1  -1  -3  -2  -2    0   0   0   0   0   0   0   0   0   0   0   0   0   0   0   0   0   0   0   0  0.00     0.00
  516 A     4  -1  -2  -2   0  -1  -1   0  -2  -1  -1  -1  -1  -2  -1   1   0  -3  -2   0    0   0   0   0   0   0   0   0   0   0   0   0   0   0   0   0   0   0   0   0  0.00     0.00
  517 S     1  -1   1   0  -1   0   0   0  -1  -2  -2   0  -1  -2  -1   4   1  -3  -2  -2    0   0   0   0   0   0   0   0   0   0   0   0   0   0   0   0   0   0   0   0  0.00     0.00
  518 G     0  -2   0  -1  -2  -2  -2   6  -2  -4  -4  -2  -3  -3  -2   0  -2  -2  -3  -3    0   0   0   0   0   0   0   0   0   0   0   0   0   0   0   0   0   0   0   0  0.00     0.00
  519 N    -2   0   6   1  -3   0   0   0   1  -3  -3   0  -2  -3  -2   1   0  -4  -2  -3    0   0   0   0   0   0   0   0   0   0   0   0   0   0   0   0   0   0   0   0  0.00     0.00

                      K         Lambda
Standard Ungapped    0.1330     0.3179
Standard Gapped      0.0391     0.2670
PSI Ungapped         0.1278     0.3175
PSI Gapped           0.0391     0.2670
