
Last position-specific scoring matrix computed, weighted observed percentages rounded down, information per position, and relative weight of gapless real matches to pseudocounts
            A   R   N   D   C   Q   E   G   H   I   L   K   M   F   P   S   T   W   Y   V   A   R   N   D   C   Q   E   G   H   I   L   K   M   F   P   S   T   W   Y   V
    1 G     0  -2   0  -1  -2  -2  -2   5  -2  -4  -3  -1  -3  -3  -2   0  -2  -2  -3  -3    0   0   0   0   0   0   0   0   0   0   0   0   0   0   0   0   0   0   0   0  0.00     0.00
    2 S     1  -1   1   0  -1   0   0   0  -1  -2  -2   0  -1  -2  -1   4   1  -3  -2  -2    0   0   0   0   0   0   0   0   0   0   0   0   0   0   0   0   0   0   0   0  0.00     0.00
    3 I    -1  -3  -3  -3  -1  -3  -3  -4  -3   4   1  -3   1   0  -3  -2  -1  -2  -1   2    0   0   0   0   0   0   0   0   0   0   0   0   0   0   0   0   0   0   0   0  0.00     0.00
    4 S     1  -1   1   0  -1   0   0   0  -1  -2  -2   0  -1  -2  -1   4   1  -3  -2  -2    0   0   0   0   0   0   0   0   0   0   0   0   0   0   0   0   0   0   0   0  0.00     0.00
    5 S     1  -1   1   0  -1   0   0   0  -1  -2  -2   0  -1  -2  -1   4   1  -3  -2  -2    0   0   0   0   0   0   0   0   0   0   0   0   0   0   0   0   0   0   0   0  0.00     0.00
    6 K    -1   2   0  -1  -3   1   1  -1  -1  -3  -2   4  -1  -3  -1   0  -1  -3  -2  -2    0   0   0   0   0   0   0   0   0   0   0   0   0   0   0   0   0   0   0   0  0.00     0.00
    7 G     0  -2   0  -1  -2  -2  -2   5  -2  -4  -3  -1  -3  -3  -2   0  -2  -2  -3  -3    0   0   0   0   0   0   0   0   0   0   0   0   0   0   0   0   0   0   0   0  0.00     0.00
    8 G     0  -2   0  -1  -2  -2  -2   5  -2  -4  -3  -1  -3  -3  -2   0  -2  -2  -3  -3    0   0   0   0   0   0   0   0   0   0   0   0   0   0   0   0   0   0   0   0  0.00     0.00
    9 L    -1  -2  -3  -3  -1  -2  -3  -3  -3   1   4  -2   2   0  -3  -2  -1  -2  -1   1    0   0   0   0   0   0   0   0   0   0   0   0   0   0   0   0   0   0   0   0  0.00     0.00
   10 S     1  -1   1   0  -1   0   0   0  -1  -2  -2   0  -1  -2  -1   4   1  -3  -2  -2    0   0   0   0   0   0   0   0   0   0   0   0   0   0   0   0   0   0   0   0  0.00     0.00
   11 P    -1  -2  -2  -1  -3  -1  -1  -2  -2  -3  -3  -1  -2  -3   7  -1  -1  -4  -3  -2    0   0   0   0   0   0   0   0   0   0   0   0   0   0   0   0   0   0   0   0  0.00     0.00
   12 S     1  -1   1   0  -1   0   0   0  -1  -2  -3   0  -2  -3  -1   4   1  -3  -2  -2    0   0   0   0   0   0   0   0   0   0   0   0   0   0   0 100   0   0   0   0  0.46 0.00
   13 G    -1  -1   4   0  -3  -1  -1   4   0  -4  -4  -1  -3  -3  -2   0  -1  -3  -3  -3    0   0  50   0   0   0   0  50   0   0   0   0   0   0   0   0   0   0   0   0  0.62 0.00
   14 L    -1  -2  -3  -2  -2  -2  -2  -3  -3   0   2  -2   1  -1   6  -2  -1  -3  -2   0    0   0   0   0   0   0   0   0   0   0  50   0   0   0  50   0   0   0   0   0  0.80 0.00
   15 P    -1  -2  -2  -2  -3  -1  -1  -2  -2  -3  -3  -1  -3  -4   8  -1  -1  -4  -3  -3    0   0   0   0   0   0   0   0   0   0   0   0   0   0 100   0   0   0   0   0  2.08 0.03
   16 G    -1   3  -1  -2  -2  -1  -2   3  -2   1  -1   0  -1  -2  -2  -1  -1  -3  -2   0    0  33   0   0   0   0   0  34   0  34   0   0   0   0   0   0   0   0   0   0  0.22 0.01
   17 T     1  -1   0  -1  -1   0   0  -1  -1  -2  -2   0  -1  -2  -1   4   3  -3  -2  -1    0   0   0   0   0   0   0   0   0   0   0   0   0   0   0  66  34   0   0   0  0.41 0.01
   18 S     1  -1   1   0  -1   0   0   0  -1  -3  -3   0  -2  -3  -1   4   1  -3  -2  -2    0   0   0   0   0   0   0   0   0   0   0   0   0   0   0 100   0   0   0   0  0.49 0.02
   19 I    -2  -3  -4  -4  -1  -2  -3  -4  -3   3   3  -3   2   0  -3  -3  -1  -2  -1   2    0   0   0   0   0   0   0   0   0  34  66   0   0   0   0   0   0   0   0   0  0.40 0.01
   20 D    -2  -1   1   5  -4   1   3  -2  -1  -3  -4   0  -3  -4  -1   0  -1  -4  -3  -3    0   0   0  67   0   0  33   0   0   0   0   0   0   0   0   0   0   0   0   0  0.76 0.01
   21 M     2  -1  -1  -2  -1   0  -1  -1  -1  -1   0  -1   3  -1  -1   2   0  -2  -2   0   33   0   0   0   0   0   0   0   0   0   0   0  34   0   0  34   0   0   0   0  0.19 0.01
   22 A     2  -2  -1  -2   6  -2  -2   3  -2  -2  -2  -2  -2  -3  -2   0  -1  -3  -3  -1   34   0   0   0  33   0   0  34   0   0   0   0   0   0   0   0   0   0   0   0  0.49 0.01
   23 R    -1   3  -1  -2  -3   0   0  -3  -1   2   0   3   0  -2  -2  -1  -1  -3  -2   0    0  34   0   0   0   0   0   0   0  34   0  33   0   0   0   0   0   0   0   0  0.24 0.01
   24 L     2  -1  -1  -2  -1  -1  -1  -1  -2   0   1  -1   0  -1  -1   2   0  -2  -2   0   33   0   0   0   0   0   0   0   0   0  34   0   0   0   0  34   0   0   0   0  0.17 0.01
   25 E     2  -1  -1   1  -2   1   4  -1  -1  -3  -2   0  -2  -3  -1   0  -1  -3  -2  -2   33   0   0   0   0   0  67   0   0   0   0   0   0   0   0   0   0   0   0   0  0.46 0.01
   26 G     2  -2  -1  -2  -2  -2  -2   5  -2  -3  -3  -1  -2  -3  -2   0  -1  -3  -3  -2   34   0   0   0   0   0   0  66   0   0   0   0   0   0   0   0   0   0   0   0  0.66 0.01
   27 L     0  -1  -1  -1  -1  -1  -1  -1  -1   0   2  -1   1  -1  -1   0   2  -1  -1   0    3   2   1   2   1   1   2   2   1   2  37   2   1   1   2   2  36   0   1   2  0.11 0.00
   28 R     0   3   0  -1  -2   3   1  -1   0  -3  -2   1  -1  -3  -1   2   0  -3  -2  -2    0  34   0   0   0  33   0   0   0   0   0   0   0   0   0  34   0   0   0   0  0.40 0.01
   29 P     2  -2  -2  -2  -2  -1  -1  -1  -2  -2  -3  -1  -2  -3   7   0  -1  -3  -3  -2   33   0   0   0   0   0   0   0   0   0   0   0   0   0  67   0   0   0   0   0  1.24 0.02
   30 P     0  -2  -1  -1  -2  -1  -1  -2  -2  -3  -3  -1  -2  -4   7   2   0  -4  -3  -2    0   0   0   0   0   0   0   0   0   0   0   0   0   0  74  26   0   0   0   0  1.44 0.04
   31 F    -2  -2  -3  -3  -2   1  -2  -3  -1   0   0  -2   0   6  -3  -2  -2   0   2   1    0   0   0   0   0  16   0   0   0   0   0   0   0  67   0   0   0   0   0  17  0.49 0.07
   32 E    -1   3   0   2  -3   2   2  -2   0  -3  -3   1  -2  -3  -2   1  -1  -3  -2  -3    0  34   0  17   0  16  17   0   0   0   0   0   0   0   0  16   0   0   0   0  0.42 0.04
   33 L    -1   2   2  -1  -2   0  -1  -2  -1   0   0   1   0  -2  -2   1   0  -3  -2   1    0  16  17   0   0   0   0   0   0   0  17  16   0   0   0  17   0   0   0  17  0.12 0.02
   34 M     1  -1  -1  -2  -2  -1  -1  -2  -2   0   1   1   4  -1  -2   1   1  -2  -2   0   11   0   0   0   0   0   0   0   0   0  13  14  37   0   0  13  12   0   0   0  0.19 0.07
   35 E     1  -1   0   2  -2   2   3   1  -1  -3  -3   0  -2  -3  -1   2   0  -3  -2  -2   13   0   0  11   0  12  26  13   0   0   0   0   0   0   0  25   0   0   0   0  0.33 0.05
   36 P     0  -2  -2  -2  -3   1  -1  -2  -2  -3  -3  -1  -3  -4   7   1  -1  -4  -3  -3   10   0   0   0   0  10   0   0   0   0   0   0   0   0  69  12   0   0   0   0  1.38 0.13
   37 L     1   0  -1  -2  -2  -1  -1   1  -2  -1   1   2   3  -2  -2   0  -1  -3  -2  -1   16   0   0   0   0   0   0   9   0   0  19  27  19   0   0  10   0   0   0   0  0.15 0.08
   38 P     1  -2  -1   1  -3  -1   1   0  -2  -2  -3   0  -2  -3   5  -1  -1  -4  -3   0   18   0   0  10   0   0  10   8   0   0   0   7   0   0  36   0   0   0   0   9  0.57 0.08
   39 F    -3  -3  -4  -4  -4   1  -3  -2  -3   0  -1   1   8  -1  -4  -3   0  -4  -3   0    0   0   0   0   0   6   0   3   0   5   0   9  65   2   0   0   6   0   0   4  1.16 0.42
   40 K    -2   4   2  -2  -4  -1  -1  -3   0  -4  -4   5  -3  -4  -3   0   1  -4  -1  -4    1  27   9   0   0   0   0   0   2   0   0  44   0   0   0   5  10   0   2   0  0.79 0.32
   41 V    -1  -4  -5  -5   1  -4  -4  -5  -4   4   1  -4  -1  -2  -4  -2  -1  -4   0   5    2   0   0   0   4   0   0   0   0  24  10   0   0   0   0   3   1   0   4  51  0.83 0.35
   42 L    -2  -5  -5  -6   2  -4  -5  -6  -5   0   5  -5  -1   2  -5  -3  -1  -4  -3   2    2   0   0   0   5   0   0   0   0   2  66   0   0   8   0   2   3   0   0  13  0.98 0.42
   43 V    -3  -6  -6  -6  -4  -5  -6  -6  -6   3   0  -5  -2  -1  -5  -5  -3  -6  -4   7    0   0   0   0   0   0   0   0   0  14   5   0   0   2   0   0   0   0   0  79  1.64 0.61
   44 I    -3  -4  -4  -4  -4  -4  -4  -5  -5   2  -1  -4  -3  -2  -4  -1   7  -5  -4   1    0   0   0   0   0   0   0   0   0  13   5   0   0   1   0   2  71   0   0   8  1.39 0.60
   45 G    -3  -6  -4  -5  -6  -5  -6   7  -6  -3  -7  -5  -6  -7  -6  -4  -5  -6  -6  -6    0   0   0   0   0   0   0  98   0   2   0   0   0   0   0   0   0   0   0   0  2.45 0.76
   46 G     4  -5  -4  -4  -4  -4  -4   6  -5  -6  -6  -4  -5  -6  -4  -1  -4  -5  -5  -5   34   0   0   0   0   0   0  64   0   0   0   0   0   0   0   2   0   0   0   0  1.57 0.58
   47 S     2  -1  -1  -3   3  -3  -3   2  -3  -4  -3  -3  -1  -4  -3   3   3  -5  -4  -3   16   4   2   0   7   0   0  19   0   0   1   0   2   0   0  22  25   0   0   0  0.58 0.34
   48 G    -3  -5  -4  -5  -6  -5  -5   7  -5  -7  -7  -3  -6  -7  -5  -2  -5  -6  -6  -7    0   0   0   0   0   0   0  96   0   0   0   2   0   0   0   2   0   0   0   0  2.37 0.74
   49 Y    -5  -5  -5  -6  -5  -5  -6  -1  -3  -4  -3  -5  -3   7  -6  -3  -2  -2   6  -3    0   0   0   0   0   0   0   6   0   0   0   0   0  56   0   1   3   0  32   1  1.88 0.65
   50 V    -2  -5  -6  -6  -4  -5  -5  -6  -5   5   4  -5  -1   1  -5  -5  -3  -4  -3   2    3   0   0   0   0   0   0   0   0  45  36   0   0   6   0   0   0   0   0  10  1.06 0.43
   51 G     1  -5  -4  -5  -5  -5  -5   7  -5  -7  -7  -5  -6  -6  -5  -3  -5  -6  -6  -6   11   0   0   0   0   0   0  89   0   0   0   0   0   0   0   0   0   0   0   0  2.13 0.69
   52 R    -1   4  -2  -3  -4   3   0  -2   0  -4  -3   1  -3   1  -4   3  -1  -4  -3  -4    2  24   0   0   0  15   4   2   2   0   1   9   0   7   0  32   2   0   0   0  0.62 0.37
   53 E    -1   3   1  -3  -5   0  -1  -3   7  -4  -3  -2  -3   1  -4  -1  -2   4   2  -3    6  19   7   0   0   4   4   1  31   0   2   0   0   5   0   4   2   6   6   2  0.76 0.37
   54 V    -1  -4  -5  -5  -3  -4  -5  -5  -5   5   3  -4   1   0  -5  -3   0  -4  -1   2    6   0   0   0   0   0   0   0   0  38  30   0   3   2   0   0   7   0   2  13  0.75 0.34
   55 C     0  -5  -5  -5   5  -4  -5  -1  -5   2  -1  -5  -2  -3  -5  -2  -2  -5  -4   5    7   0   0   0  15   0   0   5   0  12   4   0   0   0   0   3   1   0   0  52  0.94 0.42
   56 K    -1   3  -1  -2   2   2   2  -3   1  -3  -1   3   0  -4  -3   0  -1  -4  -3  -1    3  18   2   0   5   9  14   0   4   0   6  24   2   0   0   5   3   0   0   5  0.40 0.25
   57 R     1   2  -1  -1  -1   3   1  -2   1  -2   0  -1   2  -1  -3   0   0  -4  -2  -1   16  15   2   1   2  14  12   1   3   1   8   2   9   3   0   5   5   0   0   2  0.21 0.20
   58 A     0  -5  -5  -6  -4  -4  -5  -5  -5  -1   6  -5   1  -1  -5  -1  -2  -4  -4  -2    9   0   0   0   0   0   0   0   0   2  78   0   2   1   0   6   1   0   0   1  1.17 0.50
   59 I     0  -2  -1  -3   2  -3  -3  -4   0   3   4  -4   0  -2  -4  -2  -2  -4  -3   2   10   2   3   1   4   0   1   0   2  17  45   0   1   0   0   1   1   0   0  12  0.52 0.29
   60 Q     1   2   0   1  -4   4   3  -3  -2  -3  -3   2  -3  -4  -3   1  -1  -4  -3  -3   11   9   3   6   0  20  22   0   0   1   2  15   0   0   0   9   3   0   0   0  0.50 0.28
   61 A     1   3   0   0  -3   1   0  -3   0  -3  -1   3  -2  -3  -1   1  -1  -4   0  -3   14  20   5   6   0   7   3   0   2   0   5  21   0   0   2  10   1   0   3   0  0.34 0.22
   62 G    -2  -4   0   0  -5  -3   1   6  -4  -5  -5  -1  -5  -5  -4  -1  -2  -5  -5  -5    2   0   4   4   0   0  10  70   0   0   0   3   0   0   0   4   1   0   0   0  1.31 0.47
   63 L    -1  -4  -2  -3  -4  -3  -3  -5   6   1   1  -4  -1   1   0  -2  -1  -2   6  -1    4   0   2   1   0   0   0   0  23  10  13   0   1   4   4   1   3   0  29   4  0.78 0.37
   64 R    -1   3   0   1  -4   3   2  -3   1  -4  -4   1  -3  -1   1   0   0   1  -1  -3    4  17   5   8   0  17  13   0   4   0   0   7   0   3   6   6   6   2   1   0  0.37 0.22
   65 V    -1  -4  -5  -4  -1  -4   1  -5  -5   2  -1  -4   0  -3  -2  -4   0  -5  -4   6    3   0   0   0   1   0   9   0   0   7   3   0   1   0   2   0   6   0   0  67  1.02 0.46
   66 A    -1   2   0  -4  -3  -3  -3  -4  -1   2   0  -1  -1   1  -4  -2   1  -4  -2   4    3  14   4   0   0   0   0   0   2  15   7   2   0   7   0   2   8   0   0  35  0.40 0.26
   67 S     2   1  -1  -1   1  -2  -1   1  -1   1  -1  -2  -2  -3  -3   1   0  -4  -3   1   23  11   1   4   3   0   2  12   1   9   6   0   0   0   0  12   5   0   0  11  0.16 0.16
   68 L    -1  -4  -2  -4  -3  -3  -4  -4  -4   2   2  -4   0   4  -3  -3   2  -3  -1   3    4   0   2   0   0   0   0   0   0  11  25   0   1  19   1   0  14   0   0  21  0.49 0.27
   69 S     1  -2  -1   3  -3  -2  -1  -1  -1  -1  -1  -1  -2  -2  -3   2   0  -4  -2   2   13   1   2  22   0   0   1   3   2   2   7   2   0   1   0  16   4   0   1  22  0.25 0.21
   70 R    -2   6   0   2  -4   0   0  -4  -3   0  -2   1  -3  -4  -3  -1  -3  -4  -2  -1    2  51   4  11   0   2   4   0   0   8   4   5   0   0   1   3   0   0   1   4  0.76 0.36
   71 R     0   2   1   0  -2   0   1  -2   0  -2  -1   1  -2   0  -2   2   1  -3  -1  -1    6  12   7   4   0   2   9   2   2   1   4   9   0   5   1  21   8   0   2   4  0.16 0.13
   72 G     0   0   0   1  -2   1   1   2   1  -2  -2   0  -2  -2   1   1   0  -3  -2  -1    6   3   5   7   0   6   8  20   4   1   3   6   0   2   6  14   3   0   0   6  0.16 0.10
   73 V     0   1   1   1   0  -1   0  -1   0  -1   0  -1   0   0   0   1   1   0  -1   0    8   8   7   9   2   0   5   3   2   4   7   2   4   7   5   9   8   2   0   6  0.04 0.05
   74 N     0   1   1   0  -2  -1   0   1  -1  -1   0   0  -1   0  -1   0   0  -2   1  -1    8  10   8   6   0   0   8  15   0   3  11   8   0   4   2   4   4   0   5   3  0.07 0.07
   75 P     0  -1  -1   0  -3   0   0  -2  -1  -1   0   0  -2  -3   5   0  -2  -4  -3  -2   10   2   3   6   0   4   7   3   2   4  11   7   0   0  32   5   0   0   0   2  0.48 0.22
   76 K     0   2   3   0  -3   0   1  -3   3  -2   0   1  -2  -2  -1  -1  -1  -1  -2  -1    6  13  16   5   0   3  12   0   8   2  12  11   0   1   2   2   1   1   0   4  0.21 0.17
   77 P    -2  -1   0  -1  -3  -1  -1  -1  -2   1   2  -1   0   1   2   0  -1  -1  -2  -1    1   4   4   2   0   3   4   3   1   9  28   3   1   8  12  10   3   1   0   3  0.15 0.14
   78 K     0   2   1   0  -3   1   2  -2   2  -1  -1   2  -1  -3   0   0  -1  -4  -2  -1    7  11   6   3   0   4  17   2   7   5   8  16   2   0   4   4   3   0   0   3  0.18 0.14
   79 D    -1  -1   1   1  -3   0   3  -2   0  -1   1   2  -2  -1   0  -1   0  -4  -3  -1    3   2   6   7   0   3  25   2   2   3  15  16   0   2   3   1   5   0   0   5  0.21 0.18
   80 Q    -1   0  -1  -2  -3   2   1  -1  -2   0   2   0   2  -2   1   1   0  -3  -2  -1    4   4   2   1   0  14  10   3   0   4  22   6   6   0   7  10   6   0   0   1  0.16 0.15
   81 W     0  -1  -1  -2  -3   0  -1   2   1  -1  -2   0  -2   1  -1   0   1   6  -1  -1   10   2   2   1   0   3   3  19   3   4   1   7   0   7   3   5   9  16   1   4  0.35 0.19
   82 L     0   0  -1  -2   0  -1  -1   1  -2   0   1   1   0   0   1   0  -1  -2  -2   0   10   4   2   2   2   2   2  11   0   4  23  10   3   3   7   8   2   0   0   5  0.06 0.07
   83 S     0   0   0   1  -3   0   1   2  -2  -2  -2   1  -2  -3   1   0   1  -3  -2  -1   10   3   5   9   0   4  11  15   0   3   3  12   0   0   5   7   8   0   1   3  0.16 0.10
   84 Q    -1   2   1   1  -3   3   1   1  -1  -3  -2   2  -2   0  -1  -1  -1  -3  -2  -2    3  11   7   9   0  15  11  10   1   0   3  15   1   5   3   2   2   0   0   2  0.25 0.16
   85 V     0  -4  -4  -4  -3  -2  -3  -4  -4   3   2  -3  -1   1   0  -2  -1  -3  -1   4    8   0   0   0   0   2   0   0   0  15  22   0   0   6   5   3   3   0   1  35  0.46 0.25
   86 E    -2   2  -1   0  -3   2   2  -1   0  -2  -3   2  -2  -4   0   0   3  -4  -3  -2    1  12   2   3   0  13  12   4   2   3   1  11   0   0   5   5  24   0   0   2  0.34 0.22
   87 W    -1  -3  -2  -2   0  -3  -2  -3  -3   1   1  -3   1   5  -1  -3  -1   5   2   1    6   0   3   2   2   0   2   1   0   9  11   1   4  29   4   1   2   8   6  10  0.43 0.22
   88 H    -2  -3  -3  -2   0  -2  -2  -4   3   2   1  -2   0   2  -3  -2  -1   1   1   3    1   0   0   2   2   0   3   1   8  16  16   2   1  10   0   3   3   2   6  24  0.30 0.18
   89 A     0   1  -1  -2   1   2   2  -3   1   0  -1   1  -1  -2  -2   0   1  -3   0  -1    8  10   1   0   4  10  16   0   4   6   7  11   1   1   0   4   8   0   4   3  0.15 0.13
   90 G     3  -4  -3  -4  -1  -4  -3   5  -4  -2  -4  -4  -4  -4  -4  -2  -1  -4  -1  -1   24   0   0   0   1   0   1  57   0   2   1   0   0   0   0   1   3   0   2   5  1.04 0.43
   91 D    -4  -4   0   8  -6  -3   1  -4  -4  -6  -6  -4  -6  -6  -4  -1  -1  -7  -6  -6    0   0   3  82   0   0   7   0   0   0   0   0   0   0   0   3   3   0   0   0  1.99 0.66
   92 A    -2  -4  -5  -5  -3  -4  -3  -5  -5   5   4  -4  -1  -1  -5  -4  -3  -4  -3   2    2   0   0   0   0   0   2   0   0  32  46   0   0   1   0   0   0   0   0  15  0.95 0.39
   93 L     1   3   0  -1   2   0  -1  -1  -1  -2   1   0   0  -1  -3   0   1  -3   0   0   13  20   5   2   4   2   3   3   1   0  15   2   2   2   0   7   9   0   3   6  0.11 0.13
   94 D    -4  -2   2   6  -2   0   0  -4   0  -5  -4   1  -5  -6  -2   0  -2  -1  -5  -4    0   1  10  58   1   3   5   0   2   0   1   7   0   0   2   7   1   1   0   1  1.13 0.47
   95 A     1   1  -2  -1  -2   1   1  -2   2  -3  -1   1  -2  -2   2  -1  -1   4   1  -1   17   8   0   3   1   6  11   1   6   0   5  10   0   1  13   2   1   6   4   4  0.25 0.18
   96 D     0  -1   0   3  -4   3   3  -1   0  -2  -3  -1  -1  -4   0   1   0  -4  -3  -2    6   2   4  18   0  16  22   5   2   2   2   0   2   0   4   8   5   0   0   2  0.38 0.23
   97 T     2  -1  -1   1   2   1   1  -2  -2  -1  -1  -1  -2  -2  -2   2   0  -3  -1  -1   17   3   1  11   6   7   9   2   0   3   6   1   0   2   0  20   6   0   2   3  0.18 0.16
   98 V    -1  -4  -4  -4  -1  -3  -3  -4  -4   2   4  -4   1   1  -4  -3   0  -3  -1   3    3   0   0   0   1   0   2   0   0   8  41   0   2   6   0   0   6   0   2  26  0.56 0.28
   99 K     0   2  -1   1  -2  -1   2  -3   1  -1  -1   2  -2  -1  -1  -1  -1  -3   0   1    7  12   2  11   1   0  13   0   3   2   7  18   0   3   2   0   4   0   3  12  0.16 0.16
  100 R     0   2   1   0  -4   2   2  -1  -1  -3  -3   3  -2  -4   1   1  -1  -4  -3  -2    9  14   6   4   0   9  11   5   1   0   2  19   0   0   6   8   2   0   0   2  0.30 0.18
  101 H     5  -3  -3  -1   1  -1  -3  -1  -2   0  -1  -3   0  -3  -2   0  -2  -4  -3   1   52   0   0   3   3   3   0   4   1   6   6   0   2   0   1   6   1   0   0  11  0.53 0.32
  102 V    -2  -4  -5  -5   3  -4  -3  -5  -4   3   2  -4   3   4  -5  -4  -2  -3  -1   2    2   0   0   0   8   0   2   0   0  18  23   0   8  22   0   0   2   0   0  14  0.65 0.30
  103 T     1   1   1   1  -1   4   1  -1   0  -4  -3   2  -2  -4  -3   0   0  -4  -3  -3   15   6   6  10   1  22   9   3   1   0   1  11   1   0   0   6   7   0   0   0  0.35 0.23
  104 T    -1  -3  -1   2  -5   1   1   5  -4  -6  -6   0  -5  -5  -4  -1  -3  -5  -5  -5    4   0   2  12   0   6   9  57   0   0   0   6   0   0   0   3   1   0   0   0  1.02 0.42
  105 A     3  -4  -4  -4   4  -3  -4  -3  -2   3  -1  -4   1   0   0   0  -1  -4  -3   3   26   0   0   0  12   0   0   0   1  19   2   0   3   4   4   7   1   0   0  22  0.51 0.30
  106 D    -2  -1   1   5  -4  -1   1  -2   2  -4  -5  -1  -4  -4  -3   1   1  -5  -2  -3    2   3   6  44   0   2   7   2   5   0   0   3   0   0   0  14   9   0   2   1  0.74 0.35
  107 A     2  -3  -2  -2   2  -2  -3   1  -4   0  -1  -2  -2  -2  -3   0   1  -4  -3   4   21   0   2   2   4   2   0  11   0   3   5   1   0   1   0   5   9   0   0  36  0.37 0.26
  108 V    -3  -5  -5  -5   1  -5  -3  -6  -6   2   1  -5  -2  -3  -5  -4  -3  -5  -4   6    0   0   0   0   3   0   2   0   0   8   9   0   0   0   0   0   0   0   0  76  1.40 0.54
  109 V    -3  -3  -5  -5  -4  -5  -5  -5  -4   5  -1  -5   1   6  -5  -4  -3   1  -1   3    2   2   0   0   0   0   0   0   0  36   1   0   3  34   0   0   0   2   0  19  1.07 0.43
  110 H    -3  -4   0  -1  -5  -3  -3  -2  10  -6  -6  -4  -5  -4  -5   1  -4  -5   0  -6    2   0   4   3   0   0   0   2  74   0   0   0   0   0   0  10   0   0   2   0  2.32 0.73
  111 A     0  -3   0   0   3  -2  -1  -2  -3   0  -1  -3   0   3  -3   0   4  -3  -2   0    6   0   4   4   7   0   3   2   0   6   4   0   3  15   0   4  32   0   0   7  0.33 0.23
  112 A     6  -4  -4  -4  -3  -3  -3  -3  -4  -2  -1  -3   0  -4  -3  -2  -2  -4  -4   2   73   0   0   0   0   0   0   1   0   1   4   0   2   0   0   1   0   0   0  14  1.13 0.51
  113 G     3  -3  -2  -1  -1  -2  -2   3  -1  -3  -3  -2  -3  -2  -2   3   1   0  -3  -3   30   1   1   3   1   1   1  26   1   1   1   1   0   2   1  22   7   1   0   1  0.53 0.28
  114 L    -1  -2  -2  -1  -2  -1   0  -1   0   2   1  -1   0  -1   3  -1  -1  -2   1   1    5   1   1   3   0   3   5   6   2  12  20   2   3   1  15   2   1   0   6  12  0.17 0.12
  115 L     0  -1  -1   0  -2  -1  -1   0   0   1   1  -1   2   0   0  -1   0  -2   0   1    6   1   1   5   0   2   2   9   3  12  19   5   6   2   5   2   4   0   4  11  0.05 0.06
  116 F    -1  -1  -1   2  -2   0   0  -1   2   0   0   0   2   1  -1   0   0  -2   0  -1    3   3   1  19   1   6   5   5   6   6   9   4   8   7   3   7   4   0   3   2  0.08 0.08
  117 D     0  -1   0   1  -1   0   0   0   0   0   0  -1  -1   1   0   1   0  -2  -1   1    5   2   5   7   1   3   8   6   3   3   8   2   1   9   4  12   3   0   1  17  0.03 0.05
  118 V     0   0   1   1  -1   0  -1   0   1   0   0  -1   0   1   0   0   0   0  -1   0    9   5  11   7   1   4   2   9   4   4   8   2   3   7   4   4   7   1   1   5  0.03 0.03
  119 N     0   1   1   1  -2   1   1   1   0  -1  -2   0  -1  -2   1   1  -1   1   0  -1    6   8  10   6   1   7   9  10   1   4   3   3   1   1   6  10   2   2   3   5  0.10 0.05
  120 S     0  -1   0  -1  -2   0   1   0   0  -1  -1   1  -1   1   0   0   0   1   1   0    6   2   5   2   1   5   9   6   3   2   5  10   1   6   4   8   5   2   8  11  0.04 0.04
  121 M     0   0   0   0  -1   1   0  -1   0   0   0   1   0   0   0   1   1  -2   0   0    4   3   2   7   1   8   3   4   3  10   7   9   2   3   3  12   8   0   2   8  0.03 0.04
  122 P    -1  -1   0   0  -2   1   0  -1   1   0   0  -1   0  -2   4   0   0  -2  -2   0    4   2   5   4   1   6   6   3   3   6  11   3   2   1  24   5   7   0   1   6  0.26 0.10
  123 A     0   0   0   0   0   0   1  -1  -1   1   0   0   0   0   0   0   0  -1   0   1    7   6   5   3   3   4  11   3   1  10   6   4   1   5   4   4   6   1   2  13  0.02 0.02
  124 L     0   0   0   1   0   1   0  -1   2   0   0   0  -1   0   0   0   0  -1   1  -1    6   7   6   7   2   6   5   3   6  10   8   3   1   3   3   8   7   1   5   3  0.03 0.02
  125 N     0   0   1   1  -1   0   0   0   2  -1  -1   1  -1  -1   0   0   0  -1   0  -1   10   5   9  10   1   2   6   5   6   2   6  13   1   2   3   6   4   1   4   5  0.07 0.04
  126 L     0  -1  -1   0  -1   0   0  -1  -1   1   1   0   0   0  -1   0   0  -1   0   1   11   3   3   4   1   2   9   4   1   9  15   5   2   4   3   7   7   1   3   9  0.02 0.02
  127 I     0  -1  -1   0  -1   0   0  -1  -1   2   0   0   0   0   0   0   0  -1   0   1   10   3   2   4   1   5   8   4   1  19   8   8   2   4   4   4   3   1   3   7  0.02 0.03
  128 V     0   0   0   0   2   0   0   0  -1   0  -1   1  -1  -1  -1   0   0  -1   0   0    5   6   6   7   5   2   8   5   1   6   5   9   1   2   3   8   5   1   3  13  0.02 0.02
  129 S     1   1   0  -1   0   0   0   0   0  -1  -1   0  -1  -1   2   0   0  -1  -1  -1   15   7   5   3   3   5   6   7   3   3   8   7   1   2   9   8   3   1   2   3  0.07 0.03
  130 G     0   0  -1   0  -1   0   0   1  -1   0   0  -1   0   0  -1   0   0  -1   0   0    8   4   2   5   1   2   7  15   1   6   9   3   4   4   3   7   3   1   3  12  0.02 0.02
  131 S     0  -1   1   0  -1   0   0   1   1   0  -1   0  -1  -1   0   1   1  -1  -1   0    5   2   7   5   1   2   4   9   3   5   6   6   1   4   4  18   9   1   1   5  0.06 0.04
  132 R     0   1   0  -1  -1   0   1   0  -1   0   0   0  -1   0   0   0   0  -1  -1   0    6  13   3   2   1   2   9   6   1   6   6   5   1   5   3   9   7   1   1  11  0.03 0.03
  133 S     1   0   1   0  -1   0   0   1  -1  -1  -1   1  -1  -1  -1   1   0  -1  -1  -1   13   6   7   3   1   2   6  10   1   2   4  11   1   4   2  17   3   1   1   5  0.09 0.05
  134 K    -1   1   0  -1  -1   0   0   0  -1   0   0   1   1  -1   0   0   0  -1  -1   1    4  12   5   3   1   2   5   6   1   6   5  13   4   2   4   5   6   1   2  15  0.05 0.04
  135 P     1  -1  -1   0  -1   0   0   0  -1  -1  -1   0  -1   1   3   0   0   3  -1  -1   14   3   2   5   1   4   4   7   1   2   4   4   1   9  15   7   6   5   1   3  0.15 0.06
  136 G     0  -1   0   0  -1   0   1   2  -1  -1   0   0  -1   0  -1   1   0  -1  -1  -1    5   2   5   6   1   2   9  18   1   3  10   7   1   6   2  13   4   1   2   3  0.07 0.04
  137 P     0  -1   1   1  -2  -1   0  -1  -1  -1  -1  -1  -1  -2   4   0   0  -2  -2   0    7   2   9  10   1   2   7   3   2   4   5   2   1   1  26   5   5   0   1   6  0.34 0.12
  138 E    -1   2  -1  -1  -1   1   1  -2   0  -1   0   1  -1   0   0   0   0   2   1  -1    3  16   1   3   2   5  12   2   2   2  11   8   1   4   4   7   4   4   4   5  0.10 0.07
  139 S     0   0   0   2  -2   2   3   0   0  -2  -2   1  -1   0  -1   0  -1  -2  -1  -2    5   3   3  12   1   8  25   9   2   1   3   8   2   4   1   5   3   0   2   2  0.22 0.12
  140 T     0  -1   0   0  -2   0   0  -1   0   0  -1   0   1   1  -1   1   2  -1   1  -1   10   2   3   4   0   4   7   3   2   7   6   4   4   6   1  10  17   0   7   2  0.07 0.08
  141 Y    -2  -2  -1  -2  -2  -2  -2  -1   0   2   0  -1   2   3  -2  -1   0   2   4   1    2   1   2   1   0   1   1   6   1  14   6   3   6  12   1   3   4   3  22   9  0.28 0.16
  142 D    -1  -1   0   2  -2   0   1  -2   1   0   0   0   0   1  -2  -1  -1   2   1   0    5   1   3  16   0   3  14   2   4   5  10   5   3   7   1   2   3   3   7   5  0.10 0.09
  143 N     0   3   2   2  -1   0   1  -2   1  -2  -2   1  -1  -3  -2   1   0  -3  -2  -2    7  17  12  14   1   2   7   1   5   2   3   9   2   1   1  10   5   0   1   1  0.24 0.14
  144 I     0  -1  -1  -2   0  -2  -2  -3  -1   2  -1  -2   0  -2   2  -1   0  -3   0   3    6   3   4   2   2   1   1   1   2  14   2   1   2   1  11   4   6   0   4  34  0.27 0.18
  145 T     0  -3   7   1  -4  -2  -2  -3   2  -3  -3  -1  -1  -4  -4  -1   0  -5  -4  -4    8   0  60   6   0   0   2   1   5   2   2   2   2   0   0   2   7   0   0   1  1.11 0.48
  146 R     0  -1  -2  -3  -1  -1  -3  -2  -1   2   1  -1  -1  -1  -1  -2  -1  -3   0   4    7   4   2   0   1   3   1   2   1  11  15   4   0   1   3   1   3   0   3  38  0.29 0.21
  147 K    -1   1   0   1  -3   2   1   0  -2  -1  -1   2  -1  -2  -1   0   1  -3  -1   0    4   8   3   7   0  10   7   8   0   3   4  16   1   1   2   5  13   0   2   6  0.13 0.12
  148 T     0  -2   0  -2  -4  -3  -1   5  -3  -4  -4  -2  -4  -1  -4   0   0  -4  -4   0    6   1   5   2   0   0   4  57   0   0   0   2   0   3   0   5   6   0   0   7  0.83 0.37
  149 A     1  -3   0  -3  -3  -3  -3  -2  -3  -2  -1  -1  -1  -2   0   0   5  -4  -3  -1   13   0   5   0   0   0   0   2   0   1   5   4   2   2   4   4  53   0   0   4  0.69 0.40
  150 F     0   1  -1  -1  -3   2   0  -3  -2   1   1   0   0   1  -3  -1  -1  -3  -2   1    7   7   2   2   0  15   5   0   0  12  17   7   1   6   0   3   2   0   0  11  0.13 0.14
  151 N    -2   0   5   0  -4  -1   0  -1  -1  -1  -1   0  -3  -3  -4  -1   1  -5  -3   1    2   4  42   4   0   2   6   3   1   4   5   6   0   1   0   2  10   0   0  11  0.54 0.33
  152 A     1  -4  -4  -5  -3  -4  -4  -4  -4   3   3  -4  -1  -1   1  -2  -2  -4  -3   4   11   0   0   0   0   0   0   0   0  15  29   0   0   2   6   1   1   0   0  34  0.60 0.33
  153 I     0  -3  -4  -5  -1  -4  -4  -3  -4   4   4  -4   1  -2  -4  -2  -1  -4  -3   2   10   1   0   0   1   0   0   2   0  26  40   0   4   0   0   3   2   0   0  10  0.60 0.32
  154 D    -1   0   1   4  -4   1   3  -2  -1  -4  -4   1  -1  -1  -3   0  -1  -4  -3  -2    6   4   7  24   0   7  26   1   1   0   0   8   1   3   0   7   2   0   0   2  0.48 0.28
  155 A     5  -2  -2  -3   2  -2   0  -1  -3  -2  -2  -1  -1  -4  -3   1   0   1  -3  -1   53   2   1   0   4   0   6   4   0   2   2   2   1   0   0  11   5   2   0   3  0.56 0.35
  156 L     1  -4  -4  -3   8  -4  -4  -3  -4   0   0  -4   4  -1  -4  -1  -1  -4  -4   0   12   0   0   2  41   0   0   2   0   6   7   0  14   2   0   4   3   0   0   6  1.10 0.45
  157 L     1   3  -2  -3  -3   1  -1  -2  -2   0   0   2  -1   0  -1  -1  -2  -3  -2   1   12  18   0   0   0   6   1   2   0   5  11  19   0   4   2   4   0   0   0  15  0.22 0.19
  158 A     3   2   0   1  -3   2   2  -2   0  -3  -3   1  -3  -4  -3   0  -1  -4  -1  -1   30  12   4   8   0  11  12   1   2   0   0   8   0   0   0   3   3   0   2   3  0.34 0.24
  159 K     2   1   0  -2  -1   0  -1  -1   3  -1  -1   1  -1  -1  -1   0   1   1   0  -1   24   8   5   0   1   2   1   4  11   4   3  10   1   3   2   3   9   2   3   4  0.14 0.15
  160 P    -2   0   0  -1   0  -1  -1   4  -3   1  -2   1  -3  -4   0   1  -1  -4  -4  -3    0   5   5   2   2   1   4  38   0  10   4  11   0   0   5  10   4   0   0   0  0.39 0.25
  161 V    -1   0  -2  -4  -3  -4  -4  -5  -4   3   0  -3  -1  -3  -4  -1   0   1  -3   5    3   6   2   0   0   0   0   0   0  18   5   0   0   0   0   4   5   2   0  54  0.77 0.40
  162 R    -1   3   1  -1  -4   3  -1   0  -2  -2  -2   2  -3  -3   3  -2  -2   1  -3  -3    4  17   8   3   0  16   2   8   0   2   4  16   0   1  16   0   1   2   0   0  0.40 0.25
  163 E     1   4   1  -2  -4   0   0  -3   0  -2  -2   2  -1  -2  -2  -1   0  -4  -1  -1   11  31   8   1   0   2   6   0   2   2   2  16   1   1   2   2   4   0   2   6  0.38 0.25
  164 D    -2  -2  -4  -3  -3  -2  -2  -3  -3   3   3  -2   0   4  -4  -1  -1  -3  -1   1    2   1   0   1   0   2   2   2   0  17  29   3   1  22   0   4   2   0   0  11  0.42 0.25
  165 A     0  -1  -4  -1  -3  -3   0  -4  -4   4   0  -3  -1  -2  -2  -3   0  -5  -3   4    8   3   0   4   0   0   8   0   0  29   3   0   0   1   2   0   4   0   0  37  0.58 0.34
  166 P     1  -4   0  -4  -4  -3  -4  -3   3  -2  -1  -4  -3   4   0  -2  -3  -1   6  -1   11   0   5   0   0   0   0   2   6   1   5   0   0  19   5   2   0   0  37   5  0.83 0.41
  167 K    -1  -1  -1  -2   0  -1   2  -2  -3   0  -2  -1  -1  -4  -1   2   4  -4  -3  -1    3   3   2   0   2   2  13   2   0   5   3   3   1   0   2  17  38   0   0   4  0.44 0.31
  168 R     1  -1  -1  -3  -3  -3  -3   0  -4  -2  -3  -3  -4  -5  -3   6  -1  -5  -4  -1   10   3   2   0   0   0   0   8   0   2   1   0   0   0   0  67   1   0   0   5  1.00 0.53
  169 T    -2  -2  -1  -3  -3  -3  -3  -3   0   2  -3  -3  -3  -4  -3   5   4  -4  -4  -3    0   2   2   0   0   0   0   0   2  11   1   0   0   0   0  48  30   0   0   0  0.91 0.49
  170 P     2  -2  -1  -1   1  -2  -2  -2  -2  -2  -1  -1   0   0   4   0  -1  -3   0   1   21   1   3   3   3   1   2   2   0   1   5   3   3   5  24   8   2   0   4  10  0.34 0.20
  171 F     1  -2   3  -1  -3  -1   1  -1   1  -3  -2  -1  -2   1  -3   2   1  -3   2  -2   11   0  16   2   0   2   9   3   4   0   3   1   0   7   0  21   8   0   9   3  0.27 0.22
  172 V     0  -4  -4  -4   2  -3  -4  -4  -4   0  -1  -2  -2  -3  -4   0   3  -5  -4   5    7   0   0   0   5   0   0   0   0   2   5   2   0   0   0   8  24   0   0  47  0.72 0.41
  173 F    -1  -3  -1  -2  -3  -3  -2  -3   0   0   0  -3  -2   3  -4  -1  -1  -1   6   2    4   0   3   3   0   0   2   2   1   5   8   0   0  10   0   3   4   0  38  15  0.64 0.34
  174 V    -1  -2  -1  -3  -2  -1  -2   1   0   2   0  -1   0   2  -3   0  -1  -2   0   3    3   1   3   1   0   3   2  13   3  11   4   4   1  12   1   7   1   0   2  29  0.18 0.16
  175 S     1   1   0   2  -3   0   1   2  -2  -2  -3  -1  -2  -3  -1   2  -1  -3  -2  -2   13  11   3  12   0   4   7  14   0   3   1   1   0   1   2  22   1   0   2   2  0.24 0.18
  176 A     2  -1   0  -2   1   0   0   2  -2   0  -2  -1  -2  -1   1   1   0  -2  -1  -1   22   2   4   1   3   3   5  16   0   6   3   4   0   3   8  10   4   0   2   3  0.15 0.11
  177 A     0   1   2   1  -2   0   0   0   0  -2  -2   0  -2  -1   2   0   0  -2  -1  -1    9   7  15  10   0   4   6   6   2   2   2   4   0   3   9   5   6   0   2   5  0.14 0.08
  178 E    -1   0   1   2   0   1   1   0   2  -1  -1   1  -1   0  -1  -1   0   0   0  -1    4   3   9  17   2   6   6   7   6   5   4   9   0   5   2   2   4   1   2   5  0.09 0.07
  179 A     0   0   0  -1  -2  -1   0  -1   0   0   0   0   0   2   0   0   0  -1   0   0    7   5   4   4   0   1   4   4   3   8  12   7   0  15   3   9   3   0   2   7  0.03 0.06
  180 G     1  -1  -1  -2  -3  -2  -2   5  -3  -1  -3  -2  -3  -2   0   0  -2  -3   1  -2   15   4   3   2   0   0   1  44   0   3   2   2   0   1   5   6   1   0   6   3  0.52 0.26
  181 W     1  -1  -1   0  -2  -1  -1   1   1   0   0   0   0   0  -2   0   0   3   1   0   12   3   1   8   0   1   2  13   4   5  13   5   2   4   1   4   4   5   5   8  0.05 0.07
  182 P    -2  -2   1   2  -4   0   2  -2   1  -3  -4   0  -3  -2   5  -1   0  -3   3  -3    3   2   6  10   0   3  12   2   4   1   0   4   0   1  32   2   5   0  11   1  0.63 0.31
  183 E    -1  -1  -2   1  -3   0   3   0   1  -1  -1   1  -2   1   0   0  -1  -3   1  -1    2   2   0   6   0   3  24   8   4   5   7  10   0   9   4   6   4   0   5   3  0.15 0.15
  184 V    -1  -3  -1  -2  -2  -1  -2  -3  -3   3   1  -2   1   2  -3   0   1  -3   0   2    4   0   3   1   0   2   1   1   0  19  17   2   5  10   0   7  11   0   2  14  0.21 0.17
  185 P    -1   0  -2  -1  -1   0  -1  -1  -2  -1  -1  -2  -1  -4   6   0  -1  -4  -4   0    2   6   2   2   1   6   3   4   1   3   6   1   2   0  41   5   4   0   0  10  0.67 0.32
  186 M    -1  -1   3  -1  -3  -1  -1  -1   2  -2   1  -2   1   1   1  -1   0   1   3  -1    5   4  16   2   0   1   3   4   5   0  14   0   5   5   8   2   7   2  15   2  0.19 0.19
  187 G     0  -1   0   1  -3  -1   0   3   0   0   1  -2  -1  -3  -3   0   0   0  -3  -1    9   3   6  10   0   2   4  23   3   6  17   0   1   0   0   5   8   1   0   3  0.15 0.14
  188 A     1  -1   1   1  -1  -1   2  -1   1  -1  -1  -1   0  -3   0   1   1  -3  -1  -1   14   3   6   8   2   0  16   4   4   4   6   0   2   0   5  10  11   0   1   3  0.13 0.13
  189 K     0   0  -1   1  -3   2   3  -2   1  -2  -2   1  -2  -3  -1   0   1  -3  -1   0    7   3   0   8   0  11  26   2   4   1   2   7   0   0   1   6   8   0   2  10  0.26 0.19
  190 V    -2  -1   0   1  -3   0   2  -2   1   0  -1  -1  -2   0   2   0   0   1  -2   0    1   3   4  10   0   3  16   2   5   5   7   1   0   4  13   9   6   3   0   8  0.17 0.14
  191 D    -1  -2   0   3   2  -1   2   0   3  -3  -1  -2  -1  -2   1   0   0   3  -1  -3    3   1   2  20   4   1  16   9   8   1   6   1   1   2   7   7   5   5   1   1  0.27 0.19
  192 A     1   0  -1  -1  -1   0   0  -2   2  -1   0  -1   0   0   1   0   0   1   2   0   13   6   1   3   2   3   7   2   6   1   6   1   3   5   6   5   8   2  10  10  0.07 0.09
  193 A     0   2   0   0  -1   2   0  -1   1  -2  -2   0  -2  -1   1   0   1  -2   1  -1    7  12   5   5   1  12   5   4   4   2   2   3   0   2   7   8   9   0   5   4  0.12 0.10
  194 A     1  -1  -1  -1  -2   0   0  -1   0  -1   0   0   0  -2   1   1   0  -2   1   1   17   2   2   2   0   3   8   2   2   1   7   6   4   0   8  11   6   0   6  12  0.10 0.10
  195 P    -2   0  -2  -3  -3  -2  -1  -2   0  -2  -2   0   0  -3   6   1   0  -4  -3  -2    2   5   1   1   0   1   2   3   3   3   3   7   3   1  48  11   4   0   1   3  0.92 0.35
  196 A     0   0   0   0  -2  -1   0   0   0  -1   0   0   0  -2   3   0   0  -2   0   0    6   5   5   4   0   2   5   7   3   2   9   8   2   1  18   4   6   0   5   8  0.14 0.08
  197 F    -2   1  -1  -2  -2  -1  -1  -1   2  -1   1  -1  -1   3   1   0   0   4   0  -1    2  10   2   1   0   1   3   3   6   3  14   3   0  16   7  10   4   8   2   4  0.18 0.13
  198 L     0   0   0   2   0   1   0  -1   1   1   0   1   0  -2  -1   0   0  -3  -2  -1    5   4   4  15   2   6   6   2   4  12  10   8   2   1   1  10   5   0   0   3  0.08 0.08
  199 K     0  -1   3   2  -3  -1   0  -1  -2  -2  -3   2  -2   0   1   0  -1   1  -1  -1    6   1  19  15   0   1   3   4   0   2   1  15   1   5   7   8   2   3   2   4  0.23 0.16
  200 K    -1   0  -1  -1  -3   1  -1   1   1  -1  -1  -1   0  -2   3  -1  -1   2   1   0    4   6   3   2   0   6   3  15   5   2   5   2   3   1  17   3   3   3   6   9  0.18 0.12
  201 Y    -1   0  -5  -6  -5  -5  -5  -6  -2   0  -2  -5  -4   1  -6  -5  -5  -2   9  -1    4   6   0   0   0   0   0   0   0   4   4   0   0   4   0   0   0   0  72   5  1.97 0.74
  202 L     2  -1   0  -3  -1  -2  -1   1  -3   2  -1  -2  -2  -1   3   0   0  -4  -3   0   22   2   5   0   1   0   4  11   0  15   3   1   0   3  13   8   6   0   0   5  0.21 0.19
  203 A     1   2  -1  -1   2  -1   1  -2  -1  -1  -1   2  -2   0  -2  -1  -1  -3   2   0   16  11   2   2   5   1   9   2   1   2   8  19   0   4   1   0   3   0   9   5  0.16 0.17
  204 A     0  -4  -2  -3  -3  -3  -3   1  -4  -3  -1  -3  -3  -2  -4   4   4  -5  -4  -1    7   0   0   0   0   0   0  13   0   0   6   0   0   2   0  41  28   0   0   4  0.74 0.45
  205 K    -2   0  -3   1   0  -2  -2  -5  -1  -5  -4   7  -4  -6  -4  -2  -4  -6  -5  -2    3   2   0   9   2   0   0   0   1   0   2  76   0   0   0   2   0   0   0   3  1.46 0.64
  206 R     2   2  -2  -3  -3  -1  -2   2  -1  -1   0   1   1   0  -3   0   0  -3   0  -2   21  13   0   0   0   2   0  15   2   3   8  12   5   4   0   5   6   0   4   1  0.18 0.19
  207 A     1  -3   1  -3  -3   0   2  -3  -3   2   1  -2   4   0  -4  -1  -2   0   0   0   15   0  10   0   0   3  15   0   0  11  15   0  16   3   0   2   0   1   3   6  0.28 0.26
  208 V     5  -2  -2  -2  -3  -1  -3   0  -4  -1  -3  -1  -3  -4  -2   0   0   1  -4   1   58   2   2   1   0   3   0   6   0   2   0   2   0   0   1   6   4   2   0  10  0.68 0.41
  209 E    -1  -2  -1   0  -6  -1   7  -3  -3  -3  -6   1  -5  -2  -4  -3  -4  -6  -5  -5    6   1   3   4   0   0  74   2   0   1   0   7   0   2   0   0   0   0   0   0  1.44 0.64
  210 A     2   1  -1   0  -1   3   0  -1  -2  -1  -1   2   0  -1  -3  -1  -1  -1  -3  -2   24   6   1   6   1  17   3   5   0   4   4  18   2   4   0   0   1   1   0   2  0.25 0.23
  211 R     2   1  -3  -3  -3   0   0  -2  -2   1   0   1   3   1  -3  -1  -1   1   0   0   22  11   0   0   0   2   6   2   0   7   9   7  12   6   0   1   3   2   3   5  0.17 0.19
  212 L     1  -2  -4  -2  -3  -1   0  -4  -3   2   2  -3   1   0  -3  -2  -1   1  -1   3   11   2   0   2   0   2   8   0   0   9  22   0   3   3   1   0   3   2   1  30  0.30 0.23
  213 L     1  -2  -2  -2  -3  -2   0  -4  -1   1   4  -3   2   0  -4  -1  -1  -4  -1   0   12   1   1   2   0   1   9   0   2   6  48   0   4   2   0   3   2   0   1   5  0.40 0.28
  214 E     2   0   1   3  -4   0   2  -3  -2  -4  -4   3   0  -4  -1   1  -1  -5  -4  -2   20   3   5  17   0   3  12   0   0   0   0  22   2   0   2  10   1   0   0   2  0.41 0.27
  215 E     3  -1   1   1  -3   0   3  -1  -2  -3  -2   1   0  -4  -2  -1  -1  -4  -1  -3   37   3   8   7   0   3  20   3   0   0   3   7   3   0   1   1   2   0   3   0  0.39 0.29
  216 E    -2   0   5   2  -5   1   2   0  -2  -2  -4   1   0  -4  -1  -1  -2  -5  -2  -4    3   3  33  14   0   7  14   5   0   3   0   7   4   0   2   1   0   0   2   0  0.57 0.33
  217 S    -1   2   2   0  -4   0  -2   2  -3  -4  -3   1  -3  -2   3   1  -2  -4  -4  -2    4  11  11   3   0   4   0  20   0   0   2  12   0   2  18  13   0   0   0   2  0.43 0.26
  218 A     0  -1   2   0  -3   1  -1   2  -2  -1  -3  -2  -3  -3  -3   2   2  -3   1  -2    5   4  11   4   0   7   1  20   0   5   0   0   0   0   0  17  18   0   7   1  0.32 0.25
  219 L    -3  -4  -2  -5  -3  -4  -4  -3  -4   1   4  -4   3   4  -5  -4  -1   2  -2   0    0   0   2   0   0   0   0   2   0   6  51   0   7  19   0   0   4   3   0   5  0.76 0.36
  220 R     0   3   1   1  -3   0   0  -3   2  -3   0   2  -2  -3  -3   0   1  -3   1  -2    6  17   6  11   0   2   3   0   7   0  11  15   0   0   0   6   8   0   5   2  0.23 0.19
  221 P    -2  -4  -1  -2  -3  -3  -3  -3  -4  -1   0  -3  -1   0   1   0   5  -4   1   1    1   0   2   2   0   0   0   2   0   2  10   0   1   4   7   4  48   0   5  12  0.59 0.38
  222 V     1  -4  -4  -4   7  -4  -4  -4  -4   3  -1  -4   0  -1  -4   0   0  -4  -3   3    9   0   0   0  27   0   0   0   0  18   2   0   2   2   0   7   5   0   0  26  0.80 0.37
  223 L     3  -3  -3  -4   1  -3  -3  -2  -3   2   1  -3  -1  -1  -1   0   1  -3   1   2   29   0   0   0   4   0   0   2   0  15  11   0   0   2   3   4   8   0   6  16  0.29 0.22
  224 M    -3  -4  -5  -5  -3  -4  -5  -5  -5   4   4  -4   1  -1  -4  -4  -1  -4  -3   3    0   0   0   0   0   0   0   0   0  25  48   0   2   2   0   0   2   0   0  19  0.90 0.39
  225 R    -4   7   1  -4  -6  -2  -3  -5  -3  -1  -3   1  -4  -5  -2  -3  -4  -5  -4  -2    0  75   7   0   0   0   0   0   0   4   2   6   0   0   2   0   0   0   0   3  1.59 0.62
  226 P    -3  -5  -5  -4  -5  -4  -4  -5   0  -1  -1  -3  -4  -6   8  -2  -4  -6  -5  -3    1   0   0   0   0   0   0   0   2   4   7   1   0   0  80   2   0   0   0   2  2.19 0.67
  227 S     1   1  -2  -2  -3   0  -1   1   1  -3  -3  -1   2  -3   3   2   1  -4  -3  -1   12   8   0   0   0   3   2  12   5   0   0   3   9   0  14  17  12   0   0   3  0.29 0.20
  228 L     0  -3   0  -3  -2  -2  -3   2  -2  -1   1  -2   0   3  -3   0  -1  -2   3  -1    6   0   5   0   1   0   0  19   0   2  21   2   2  17   0   8   2   0  10   3  0.24 0.18
  229 I    -3  -3  -4  -5  -3  -4  -4  -5  -4   5   1  -4   3   1  -4  -3  -1  -4  -2   3    0   1   0   0   0   0   0   0   0  47   7   0   8   5   0   0   2   0   0  27  0.84 0.35
  230 W    -2  -4  -5  -5  -4  -4  -2  -5  -2  -2  -1  -4   0   5  -5  -4  -4   6   6   0    4   0   0   0   0   0   3   0   0   0   5   0   2  29   0   0   0  13  36   9  1.24 0.45
  231 D    -2  -4  -1   0  -5  -3  -4   6  -4  -5  -5   0  -1  -5  -4  -1  -3  -5  -5  -3    0   0   2   4   0   0   0  77   0   0   0   6   2   0   0   5   0   0   0   3  1.42 0.49
  232 W    -1   0  -2  -2  -3   0   1  -1  -2  -3  -3   0  -2   1   5   0  -2   4   1  -3    4   5   1   1   0   3  13   6   0   1   1   7   0   8  29   6   1   8   4   1  0.51 0.20
  233 T    -1   3   1   0  -3   0   1   2   0  -2  -2   0  -2   0  -2   0   0  -2  -2  -1    1  20  10   6   0   4   8  19   3   1   3   2   0   7   1   7   6   0   0   4  0.19 0.12
  234 K    -1   1  -1   3  -3   0   2  -1  -1  -1  -1   1   0  -2  -2   0  -1  -3  -2  -1    5   9   1  20   0   3  18   4   0   3   7  12   2   1   1   5   1   0   0   6  0.20 0.11
  235 F    -1   0   0  -2   0   2  -1  -1   0   0   0   0   0   3   1   0   1  -2  -1  -1    1   5   3   1   2  14   1   4   2   6   9   4   3  17   7   6  11   0   1   3  0.09 0.09
  236 D     1   2   1   1  -2   2   1  -1   0  -1  -2   0  -1  -3   0   1   0  -3  -2  -1   13  12   8   6   0  11  13   4   2   3   1   1   0   0   3   9   7   0   0   6  0.16 0.09
  237 V     0  -1  -1  -1  -2  -1  -2   2   3   0   1  -1  -1   0   0  -1  -1  -2  -1   0   10   4   1   3   0   1   1  23  10   9  17   3   0   5   4   3   1   0   0   6  0.12 0.10
  238 L    -1  -1  -2  -1  -2   0  -2  -1  -2   2   2   1   1  -1  -2  -1  -1  -2  -2   2    5   1   1   3   0   4   1   4   0  10  28  13   3   1   1   3   1   0   1  21  0.16 0.12
  239 P     0  -2   0  -3  -4  -1  -3  -4  -3  -4  -4  -1   0  -5   7  -1   1  -5  -4  -4    6   2   5   0   0   3   0   0   0   0   0   4   3   0  64   3   8   0   0   0  1.47 0.43
  240 L    -1   2  -1  -3  -2  -1  -2  -1   1   1   2   0   1   1  -3  -1  -1  -2   2   0    3  14   2   0   0   0   0   4   4   8  34   4   4   6   0   5   0   0   8   2  0.16 0.12
  241 I     0  -2   0   2  -2  -1   1  -2  -2   2   0  -1   1  -2  -2   1   0  -3  -2   1    4   0   3  16   0   0  14   1   0  22   9   2   3   0   0  12   4   0   0   9  0.15 0.11
  242 G    -1  -1   0  -2  -3   0  -1   2  -2  -1  -2   3   2   0   0   0  -1  -3  -2   1    1   0   4   0   0   5   0  21   0   0   1  28   8   4   5   6   0   0   0  14  0.21 0.15
  243 I    -2  -3  -1  -3  -2  -3  -3  -3  -3   4   2  -3   0   3   0   0  -1  -2  -1   2    1   0   3   0   0   0   0   1   0  35  17   0   0  16   4  11   0   0   0  11  0.32 0.17
  244 F    -3  -2   0  -3  -3  -2  -3   0   1  -1   1   0  -1   5  -4  -2  -2   0   5  -2    0   0   5   0   0   0   0   9   4   4  12   6   0  27   0   0   0   0  32   0  0.58 0.23
  245 D    -1  -2   0   3  -3   0  -1   0  -2   1  -2  -2   1  -2   0   0   2  -3   0   0    0   0   3  28   0   5   0   7   0  13   0   0   4   0   4   4  19   0   4   7  0.22 0.14
  246 L     0  -1   0  -1   1  -1   2  -2   0  -1   0  -1   1  -2   2   1   0   2  -1   0    5   1   3   1   4   1  17   1   3   3   8   1   5   1  11  18   5   4   0   8  0.15 0.09
  247 A     1   0   0  -1  -2   0   1   0   0   0   0   0  -1   0  -1   1   0  -2  -1   0   12   3   3   1   0   4  11   5   3   5   8   7   0   5   1  18   3   0   0   9  0.06 0.05
  248 C     0   0  -1  -1   5   0   4   1  -2  -3  -2  -1   0  -3  -2   0   0  -3  -3  -2    6   5   1   1  19   1  36  12   0   1   1   1   4   1   1   5   5   0   0   1  0.42 0.18
  249 A    -1   1  -1   1  -2   2   0  -1   1   0   1   2  -1  -2  -2   0  -1  -2  -2  -1    4   8   1   9   0  12   1   5   5   6  18  19   0   1   1   5   1   0   0   4  0.10 0.08
  250 L    -1  -1  -3  -3  -2  -2  -2  -3  -2   2   2  -2   0   4  -3  -2  -1  -1   2   0    5   5   1   1   0   1   1   1   0  14  25   1   0  30   1   1   4   0   5   5  0.30 0.12
  251 G    -1   0   1   0  -3  -2  -2   3  -2   0   2  -1   1  -2  -3   0  -1  -3  -2   0    0   5  10   4   0   0   0  26   0   4  29   4   4   0   0   9   0   0   0   4  0.18 0.12
  252 V    -1   2   0  -2  -3  -1   0   1  -2   1  -1   2  -1   1  -2  -1  -1  -3  -1   1    1  15   5   0   0   0   5  11   0  13   1  25   0  10   0   0   0   0   0  13  0.15 0.12
  253 P     0  -2  -2   0  -2   0  -1  -2  -2   0   1   0   0   0   4  -1  -1  -2   0   0   10   1   1   9   0   5   1   1   0   1  24   5   0   4  22   1   1   0   5  10  0.25 0.10
  254 F    -1  -2  -3  -3   3  -2  -2  -3  -2   1   2  -2   0   3  -2  -1  -1  -1   2   1    5   1   1   1  10   1   1   1   0   9  30   1   0  14   1   4   1   0  10  10  0.24 0.10
  255 I     0  -2   0  -2  -2   1  -2   1  -2   2   2  -2   0   1  -2  -1  -1  -2  -1   0   10   1   6   1   0   9   1  16   0  19  24   1   0   9   1   1   1   0   0   1  0.12 0.10
  256 D     2   0  -1   3   3  -1   1   1   1  -3  -3  -1  -2  -3  -2   1  -1  -3  -2  -1   23   5   0  23  10   0   9   9   5   0   0   0   0   0   0  12   0   0   0   3  0.28 0.13
  257 K    -1   0   2   0  -3   1   0   0   1  -4  -4   3  -3  -4   3   1   0  -4  -3  -3    0   0  12   5   0   5   5   6   5   0   0  32   0   0  19   8   4   0   0   0  0.45 0.17
  258 T    -2   0  -2   0  -4   1  -2  -1  -3  -3  -3   0   0   0   6  -1   1  -4  -3  -3    0   5   0   4   0   9   0   4   0   0   0   7   4   5  49   0  13   0   0   0  0.92 0.25
  259 V     0  -4  -4  -4  -2  -3  -4  -4  -4   4   1  -3   0   0  -4  -3  -1  -4  -2   5    5   0   0   0   0   0   0   0   0  29   5   0   0   5   0   0   0   0   0  57  0.70 0.25
  260 K    -2  -2   2   0  -4  -1   0  -3   6  -4  -4   0  -3  -2   2   2  -2  -3   3  -3    0   0   9   6   0   0   4   0  33   0   0   4   0   0  13  19   0   0  12   0  0.64 0.24
  261 V     0  -3  -3  -2  -2  -2   0  -3  -3   3  -1  -2  -1  -2  -3   0   1  -4  -2   4    5   0   0   0   0   0  10   0   0  18   0   0   0   0   0  10   9   0   0  48  0.37 0.19
  262 V    -2   0   1   4  -4   2   2   1  -2  -3  -4  -1  -3  -4  -2   0  -2  -4  -3  -2    0   6   6  40   0  10  14  15   0   0   0   0   0   0   0   6   0   0   0   4  0.52 0.17
  263 D    -3  -2   4   5  -4   1   1  -2  -2  -1  -4  -1  -3  -4   1  -1  -2  -5  -4  -3    0   0  29  50   0   5   5   0   0   6   0   0   0   0   6   0   0   0   0   0  0.84 0.25
  264 L    -2  -3  -4  -4  -2  -3  -4  -4  -4   2   3  -3   2  -1  -4  -3  -2  -3  -2   4    0   0   0   0   0   0   0   0   0   3  40   0   6   0   0   0   0   0   0  51  0.67 0.23
  265 G     4  -3  -3  -3  -2  -2  -2   0  -3  -1  -2  -2   1  -3   1   0  -1  -4  -3   2   61   0   0   0   0   0   0   4   0   0   0   0   6   0   6   5   0   0   0  18  0.50 0.22
  266 A     2   1   0  -2  -2   1  -1  -2  -2  -2   0   2  -1  -2  -2   0  -1   6  -1  -2   27  10   6   0   0   8   0   0   0   0  16  15   0   0   0   5   0  14   0   0  0.30 0.14
  267 A     4  -3  -3  -3  -2  -2  -2  -1  -3   0   0  -2  -1   2   1   0  -1  -3  -2  -1   65   0   0   0   0   0   0   0   0   6   6   0   0  11   6   5   0   0   0   0  0.48 0.21
  268 I    -1  -2   1  -3   2  -2  -2  -3   7   2  -1  -2   1  -2  -3  -2  -2  -4  -1   2    6   0   6   0   5   0   0   0  41  22   0   0   5   0   0   0   0   0   0  16  0.57 0.22
  269 V     0  -3  -3  -4  -2  -3  -3  -4   2   5   1  -3   0  -1  -3  -2  -2  -3   1   2   11   0   0   0   0   0   0   0   6  56  11   0   0   0   0   0   0   0   6  10  0.48 0.19
  270 A     0  -1   0   1  -2  -1   1  -2  -2   0   2   0   1   0  -2   0  -1  -2  -1   0   10   0   5  11   0   0  12   0   0   0  32   6   4   5   0   7   0   0   0   6  0.10 0.08
  271 A     5  -3   0  -3   4  -2  -2  -1  -2  -2  -1  -2  -2  -3  -2   0  -1  -3   0  -1   74   0   5   0  11   0   0   0   0   0   5   0   0   0   0   0   0   0   5   0  0.67 0.26
  272 I    -2  -3  -3  -3  -2  -3  -3  -4  -3   3   3  -3   2   2  -3  -3  -1  -2  -1   2    1   0   0   0   0   0   0   0   0  32  31   0   6  14   0   0   0   0   0  12  0.39 0.11
  273 L    -1   1   1   0  -2   0   2  -2  -1  -1   1   1  -1  -2  -2   1   1  -3  -2   0    1  11   7   0   0   0  26   0   0   0  18   6   0   0   0  13   8   0   0   8  0.16 0.08
  274 D    -2   0   3   3  -3   0   3  -2   2  -3  -3   2  -2  -3  -2  -1  -1  -3  -2  -3    1   0  16  27   0   0  21   1   8   0   1  23   0   0   0   1   0   0   0   0  0.47 0.11
  275 E     0  -2   1   2  -3  -1   2   0  -2  -3  -4  -1  -3  -4   5   0  -1  -4  -3  -3    8   0   7  14   0   0  20   8   0   0   0   0   0   0  36   8   0   0   0   0  0.69 0.13
  276 T    -1  -1   3   3  -2  -1   0  -1  -1  -2  -3   0  -2  -3  -2   3   2  -4  -3  -1    0   0  17  23   0   0   0   0   0   0   0   7   0   0   0  32  15   0   0   7  0.36 0.11
  277 V     1  -3  -3  -3  -2  -3  -3  -3  -2   2   1  -3   0   3  -3  -2  -1  -1   2   2   16   0   0   0   0   0   0   0   0   9   9   0   0  24   0   0   0   0  10  32  0.29 0.09
  278 S    -1   1  -1  -1  -3   2   0  -2  -1  -3  -2   4  -2   0   2   1   1  -3  -1  -2    0   0   0   0   0  10   0   0   0   0   0  46   0   8   8  16  12   0   0   0  0.35 0.10
  279 G    -1  -3   2  -2  -3  -2  -3   6  -2  -5  -4  -2  -3  -4  -3  -1  -2  -3  -4  -4    0   0  12   0   0   0   0  88   0   0   0   0   0   0   0   0   0   0   0   0  1.21 0.17
  280 F    -2   0  -3  -3  -2  -3  -3  -4  -2   2   0  -2   0   5   1  -2  -2  -1   1   2    0   9   0   0   0   0   0   0   0  18   0   0   0  42   9   0   0   0   0  21  0.37 0.10
  281 Q     1  -1  -1  -2  -2   1  -1  -2  -1   0  -1   1  -1   1  -2   1   0  -1   2   2   12   0   0   0   0  10   0   0   0   0   0  14   0  10   0  12   0   0  10  32  0.11 0.05
  282 R    -1   1  -1  -1  -2  -1   1  -3  -2   2  -1  -1  -1  -2   2   0   3  -3  -2   0    0  10   0   0   0   0  10   0   0  24   0   0   0   0  10   0  45   0   0   0  0.27 0.08
  283 Y    -2  -2  -2  -2   3   1   1  -3  -1   2   1  -1   0   0  -3  -2  -1  -1   3   0    0   0   0   0  10  12  14   0   0  30  11   0   0   0   0   0   0   0  22   0  0.20 0.07
  284 P     0  -1  -1   0  -2   0   3  -1  -1  -3  -3   0  -2  -3   4   2   0  -3  -2  -2    1   1   1   1   0   1  32   1   0   1   1   1   0   0  25  34   1   0   0   1  0.53 0.07
  285 Q     0   0   0   0  -2   3   3  -2  -1   0  -2   0  -1  -2  -1   2   0  -2  -2  -1    1   1   1   1   0  20  32   1   0  13   1   1   0   0   1  25   1   0   0   1  0.28 0.06
  286 I    -1  -2  -3  -3  -1  -2  -3  -3  -2   3   2  -2   2   2  -2  -2  -1  -1   0   2    1   1   1   1   0   1   1   1   0  32  24   1  10  14   1   1   1   0   0  11  0.25 0.04
  287 G    -1   0   2   2  -3   0   1   3  -1  -3  -3   2  -2  -3  -2   1  -1  -3  -3  -3    0   0  13  14   0   0  12  27   0   0   0  23   0   0   0  11   0   0   0   0  0.36 0.05
  288 M    -1  -1  -2  -2  -2   1   1  -3  -2   2   1  -1   3  -1  -2   0  -1  -2  -2   1    0   0   0   0   0  11  11   0   0  13  14   0  23   0   0  12   0   0   0  15  0.15 0.05
  289 L     0  -2  -2  -2  -2  -1   1   1  -2   1   2  -2   2  -1  -2  -1  -1  -2  -2   0   11   0   0   0   0   0  15  13   0  14  34   0  12   0   0   0   0   0   0   0  0.13 0.04
  290 A     4   1  -1  -2  -1  -1  -1  -1  -2  -2  -2   0  -2  -3  -1   2   0  -3  -2  -1   63  14   0   0   0   0   0   0   0   0   0   0   0   0   0  23   0   0   0   0  0.40 0.08
  291 A     3  -1  -1  -1  -1   0  -1  -1   3  -2  -2   1  -1  -3  -1   2   1  -3  -1  -1   47   0   0   0   0   0   0   0  12   0   0  14   0   0   0  15  12   0   0   0  0.29 0.06
  292 R    -1   2   0   2  -4   1   3  -2  -1  -3  -3   4  -2  -4  -2  -1  -1  -3  -2  -3    0  12   0  14   0   0  28   0   0   0   0  46   0   0   0   0   0   0   0   0  0.52 0.08
  293 F    -2  -3  -3  -4  -3  -3  -3  -4  -1   0   1  -3   0   6  -4  -3  -2   1   4  -1    0   0   0   0   0   0   0   0   0   0  17   0   0  70   0   0   0   0  13   0  0.76 0.09
  294 P    -1  -2  -2  -2  -3  -2  -1  -2  -2  -3  -3  -1  -3  -4   8  -1  -1  -4  -3  -3    0   0   0   0   0   0   0   0   0   0   0   0   0   0 100   0   0   0   0   0  2.12 0.05
  295 S     0   0   0   0  -3   4   3  -2   0  -3  -3   1  -1  -3  -1   2   0  -3  -2  -2    0   0   0   0   0  50  23   0   0   0   0   0   0   0   0  27   0   0   0   0  0.48 0.03
  296 F    -2  -3  -3  -4  -2  -3  -3  -3  -1   0   2  -3   0   5  -3  -2  -2   1   4   0    0   0   0   0   0   0   0   0   0   0  27   0   0  50   0   0   0   0  23   0  0.53 0.02
  297 S     0  -1   1   4  -2   0   1  -1  -1  -3  -3   0  -2  -3  -1   3   0  -4  -2  -2    0   0   0  50   0   0   0   0   0   0   0   0   0   0   0  50   0   0   0   0  0.49 0.00
  298 K     0   1   0  -1  -2   1   0  -1  -1  -3  -3   3  -1  -3  -1   3   1  -3  -2  -2    0   0   0   0   0   0   0   0   0   0   0  50   0   0   0  50   0   0   0   0  0.34 0.00
  299 G     0  -1   0  -1  -1  -1  -1   4  -1  -2  -2  -1  -1  -1  -1   0  -1  -1  -1  -1    4   3   2   3   1   2   3  54   1   3   5   3   1   2   3   4   3   1   2   3  0.33 0.00
  300 A     3   0  -1  -1  -1   4   1  -1   0  -2  -2   0  -1  -3  -1   1   0  -2  -2  -1   50   0   0   0   0  50   0   0   0   0   0   0   0   0   0   0   0   0   0   0  0.34 0.00
  301 L    -2  -2  -4  -4  -1  -2  -3  -4  -3   2   4  -3   2   0  -3  -3  -1  -2  -1   1    0   0   0   0   0   0   0   0   0   0 100   0   0   0   0   0   0   0   0   0  0.46 0.00
  302 P    -1  -2  -2  -2  -3  -1  -1  -2  -2  -3  -3  -1  -3  -4   8  -1  -1  -4  -3  -2    0   0   0   0   0   0   0   0   0   0   0   0   0   0 100   0   0   0   0   0  2.05 0.01
  303 P    -1   1  -1  -1  -3   0   0  -2  -1  -3  -3   3  -2  -3   6  -1  -1  -3  -2  -2    0   0   0   0   0   0   0   0   0   0   0  50   0   0  50   0   0   0   0   0  0.92 0.00
  304 G     0  -2   0  -1  -3  -2  -2   6  -2  -4  -4  -2  -3  -3  -2   0  -2  -3  -3  -3    0   0   0   0   0   0   0 100   0   0   0   0   0   0   0   0   0   0   0   0  1.04 0.00
  305 G    -1  -2   1   4  -3  -1   0   4  -2  -4  -4  -1  -3  -3  -2   0  -1  -3  -3  -3    0   0   0  50   0   0   0  50   0   0   0   0   0   0   0   0   0   0   0   0  0.66 0.00
  306 G     0  -2  -1  -1  -3  -2  -2   4  -2  -3  -3  -1  -3  -4   6  -1  -1  -3  -3  -3    0   0   0   0   0   0   0  50   0   0   0   0   0   0  50   0   0   0   0   0  1.09 0.00
  307 Q     0   0   0   0  -2   4   1  -1   0  -3  -2   1  -1  -3  -1   3   1  -2  -2  -2    0   0   0   0   0  50   0   0   0   0   0   0   0   0   0  50   0   0   0   0  0.40 0.00
  308 S     0   0   0   0  -2   4   1  -1   0  -3  -2   1  -1  -3  -1   3   1  -2  -2  -2    0   0   0   0   0  50   0   0   0   0   0   0   0   0   0  50   0   0   0   0  0.40 0.00
  309 A     4  -1  -2  -2   0  -1  -1   0  -2  -1  -2  -1  -1  -2  -1   1   0  -3  -2   0  100   0   0   0   0   0   0   0   0   0   0   0   0   0   0   0   0   0   0   0  0.41 0.00
  310 A     2  -2   0   4  -2  -1   1  -1  -1  -2  -2  -1  -2  -3  -1   1  -1  -3  -2  -1   50   0   0  50   0   0   0   0   0   0   0   0   0   0   0   0   0   0   0   0  0.41 0.00
  311 A     4  -1  -2  -2   0  -1  -1   0  -2  -1  -2  -1  -1  -2  -1   1   0  -3  -2   0  100   0   0   0   0   0   0   0   0   0   0   0   0   0   0   0   0   0   0   0  0.41 0.00
  312 N    -1   0   5   1  -3   0   0   0   1  -3  -3   0  -2  -3  -2   1   0  -4  -2  -3    0   0   0   0   0   0   0   0   0   0   0   0   0   0   0   0   0   0   0   0  0.00     0.00
  313 E    -1   0   0   1  -3   2   5  -2   0  -3  -3   1  -2  -3  -1   0  -1  -3  -2  -2    0   0   0   0   0   0   0   0   0   0   0   0   0   0   0   0   0   0   0   0  0.00     0.00
  314 P    -1  -2  -2  -1  -3  -1  -1  -2  -2  -3  -3  -1  -2  -3   7  -1  -1  -4  -3  -2    0   0   0   0   0   0   0   0   0   0   0   0   0   0   0   0   0   0   0   0  0.00     0.00
  315 L    -1  -2  -3  -3  -1  -2  -3  -3  -3   1   4  -2   2   0  -3  -2  -1  -2  -1   1    0   0   0   0   0   0   0   0   0   0   0   0   0   0   0   0   0   0   0   0  0.00     0.00
  316 P    -1  -2  -2  -1  -3  -1  -1  -2  -2  -3  -3  -1  -2  -3   7  -1  -1  -4  -3  -2    0   0   0   0   0   0   0   0   0   0   0   0   0   0   0   0   0   0   0   0  0.00     0.00
  317 D    -2  -2   1   6  -3   0   1  -1  -1  -3  -3  -1  -3  -3  -1   0  -1  -4  -3  -3    0   0   0   0   0   0   0   0   0   0   0   0   0   0   0   0   0   0   0   0  0.00     0.00
  318 Y    -2  -2  -2  -3  -2  -1  -2  -3   2  -1  -1  -2  -1   3  -3  -2  -2   2   6  -1    0   0   0   0   0   0   0   0   0   0   0   0   0   0   0   0   0   0   0   0  0.00     0.00
  319 G     0  -2   0  -1  -2  -2  -2   5  -2  -4  -3  -1  -3  -3  -2   0  -2  -2  -3  -3    0   0   0   0   0   0   0   0   0   0   0   0   0   0   0   0   0   0   0   0  0.00     0.00
  320 G     0  -2   0  -1  -2  -2  -2   5  -2  -4  -3  -1  -3  -3  -2   0  -2  -2  -3  -3    0   0   0   0   0   0   0   0   0   0   0   0   0   0   0   0   0   0   0   0  0.00     0.00
  321 I    -1  -3  -3  -3  -1  -3  -3  -4  -3   4   1  -3   1   0  -3  -2  -1  -2  -1   2    0   0   0   0   0   0   0   0   0   0   0   0   0   0   0   0   0   0   0   0  0.00     0.00
  322 T     0  -1   0  -1  -1  -1  -1  -2  -2  -1  -1  -1  -1  -2  -1   1   4  -2  -2   0    0   0   0   0   0   0   0   0   0   0   0   0   0   0   0   0   0   0   0   0  0.00     0.00
  323 D    -2  -2   1   6  -3   0   1  -1  -1  -3  -3  -1  -3  -3  -1   0  -1  -4  -3  -3    0   0   0   0   0   0   0   0   0   0   0   0   0   0   0   0   0   0   0   0  0.00     0.00
  324 D    -2  -2   1   6  -3   0   1  -1  -1  -3  -3  -1  -3  -3  -1   0  -1  -4  -3  -3    0   0   0   0   0   0   0   0   0   0   0   0   0   0   0   0   0   0   0   0  0.00     0.00
  325 S     1  -1   1   0  -1   0   0   0  -1  -2  -2   0  -1  -2  -1   4   1  -3  -2  -2    0   0   0   0   0   0   0   0   0   0   0   0   0   0   0   0   0   0   0   0  0.00     0.00
  326 P    -1  -2  -2  -1  -3  -1  -1  -2  -2  -3  -3  -1  -2  -3   7  -1  -1  -4  -3  -2    0   0   0   0   0   0   0   0   0   0   0   0   0   0   0   0   0   0   0   0  0.00     0.00
  327 P    -1  -2  -2  -1  -3  -1  -1  -2  -2  -3  -3  -1  -2  -3   7  -1  -1  -4  -3  -2    0   0   0   0   0   0   0   0   0   0   0   0   0   0   0   0   0   0   0   0  0.00     0.00
  328 P    -1  -2  -2  -1  -3  -1  -1  -2  -2  -3  -3  -1  -2  -3   7  -1  -1  -4  -3  -2    0   0   0   0   0   0   0   0   0   0   0   0   0   0   0   0   0   0   0   0  0.00     0.00
  329 D    -2  -2   1   6  -3   0   1  -1  -1  -3  -3  -1  -3  -3  -1   0  -1  -4  -3  -3    0   0   0   0   0   0   0   0   0   0   0   0   0   0   0   0   0   0   0   0  0.00     0.00
  330 E    -1   0   0   1  -3   2   5  -2   0  -3  -3   1  -2  -3  -1   0  -1  -3  -2  -2    0   0   0   0   0   0   0   0   0   0   0   0   0   0   0   0   0   0   0   0  0.00     0.00
  331 A     4  -1  -1  -2   0  -1  -1   0  -2  -1  -1  -1  -1  -2  -1   1   0  -2  -2   0    0   0   0   0   0   0   0   0   0   0   0   0   0   0   0   0   0   0   0   0  0.00     0.00
  332 D    -2  -2   1   6  -3   0   1  -1  -1  -3  -3  -1  -3  -3  -1   0  -1  -4  -3  -3    0   0   0   0   0   0   0   0   0   0   0   0   0   0   0   0   0   0   0   0  0.00     0.00
  333 E    -1   0   0   1  -3   2   5  -2   0  -3  -3   1  -2  -3  -1   0  -1  -3  -2  -2    0   0   0   0   0   0   0   0   0   0   0   0   0   0   0   0   0   0   0   0  0.00     0.00
  334 G     0  -2   0  -1  -2  -2  -2   5  -2  -4  -3  -1  -3  -3  -2   0  -2  -2  -3  -3    0   0   0   0   0   0   0   0   0   0   0   0   0   0   0   0   0   0   0   0  0.00     0.00
  335 G     0  -2   0  -1  -2  -2  -2   5  -2  -4  -3  -1  -3  -3  -2   0  -2  -2  -3  -3    0   0   0   0   0   0   0   0   0   0   0   0   0   0   0   0   0   0   0   0  0.00     0.00
  336 R    -1   5   0  -2  -3   1   0  -2   0  -3  -2   2  -1  -3  -2  -1  -1  -3  -2  -2    0   0   0   0   0   0   0   0   0   0   0   0   0   0   0   0   0   0   0   0  0.00     0.00
  337 R    -1   5   0  -2  -3   1   0  -2   0  -3  -2   2  -1  -3  -2  -1  -1  -3  -2  -2    0   0   0   0   0   0   0   0   0   0   0   0   0   0   0   0   0   0   0   0  0.00     0.00
  338 L    -1  -2  -3  -3  -1  -2  -3  -3  -3   1   4  -2   2   0  -3  -2  -1  -2  -1   1    0   0   0   0   0   0   0   0   0   0   0   0   0   0   0   0   0   0   0   0  0.00     0.00
  339 E    -1   0   0   1  -3   2   5  -2   0  -3  -3   1  -2  -3  -1   0  -1  -3  -2  -2    0   0   0   0   0   0   0   0   0   0   0   0   0   0   0   0   0   0   0   0  0.00     0.00
  340 T     0  -1   0  -1  -1  -1  -1  -2  -2  -1  -1  -1  -1  -2  -1   1   4  -2  -2   0    0   0   0   0   0   0   0   0   0   0   0   0   0   0   0   0   0   0   0   0  0.00     0.00
  341 P    -1  -2  -2  -1  -3  -1  -1  -2  -2  -3  -3  -1  -2  -3   7  -1  -1  -4  -3  -2    0   0   0   0   0   0   0   0   0   0   0   0   0   0   0   0   0   0   0   0  0.00     0.00
  342 S     1  -1   1   0  -1   0   0   0  -1  -2  -2   0  -1  -2  -1   4   1  -3  -2  -2    0   0   0   0   0   0   0   0   0   0   0   0   0   0   0   0   0   0   0   0  0.00     0.00
  343 A     4  -1  -1  -2   0  -1  -1   0  -2  -1  -1  -1  -1  -2  -1   1   0  -2  -2   0    0   0   0   0   0   0   0   0   0   0   0   0   0   0   0   0   0   0   0   0  0.00     0.00
  344 E    -1   0   0   1  -3   2   5  -2   0  -3  -3   1  -2  -3  -1   0  -1  -3  -2  -2    0   0   0   0   0   0   0   0   0   0   0   0   0   0   0   0   0   0   0   0  0.00     0.00
  345 T     0  -1   0  -1  -1  -1  -1  -2  -2  -1  -1  -1  -1  -2  -1   1   4  -2  -2   0    0   0   0   0   0   0   0   0   0   0   0   0   0   0   0   0   0   0   0   0  0.00     0.00
  346 P    -1  -2  -2  -1  -3  -1  -1  -2  -2  -3  -3  -1  -2  -3   7  -1  -1  -4  -3  -2    0   0   0   0   0   0   0   0   0   0   0   0   0   0   0   0   0   0   0   0  0.00     0.00
  347 S     1  -1   1   0  -1   0   0   0  -1  -2  -2   0  -1  -2  -1   4   1  -3  -2  -2    0   0   0   0   0   0   0   0   0   0   0   0   0   0   0   0   0   0   0   0  0.00     0.00
  348 A     4  -1  -1  -2   0  -1  -1   0  -2  -1  -1  -1  -1  -2  -1   1   0  -2  -2   0    0   0   0   0   0   0   0   0   0   0   0   0   0   0   0   0   0   0   0   0  0.00     0.00
  349 A     4  -1  -1  -2   0  -1  -1   0  -2  -1  -1  -1  -1  -2  -1   1   0  -2  -2   0    0   0   0   0   0   0   0   0   0   0   0   0   0   0   0   0   0   0   0   0  0.00     0.00
  350 K    -1   2   0  -1  -3   1   1  -1  -1  -3  -2   4  -1  -3  -1   0  -1  -3  -2  -2    0   0   0   0   0   0   0   0   0   0   0   0   0   0   0   0   0   0   0   0  0.00     0.00
  351 S     1  -1   1   0  -1   0   0   0  -1  -2  -2   0  -1  -2  -1   4   1  -3  -2  -2    0   0   0   0   0   0   0   0   0   0   0   0   0   0   0   0   0   0   0   0  0.00     0.00
  352 A     4  -2  -1  -2  -1  -1  -1   0  -2  -1  -2  -1  -1  -2  -1   1   2  -3  -2   0   79   0   0   0   0   0   0   0   0   0   0   0   0   0   0   0  21   0   0   0  0.39 0.03
  353 L    -2  -2  -4  -4  -1  -2  -3  -4  -3   1   4  -3   2   0  -3  -3  -1  -2  -1   1    0   0   0   0   0   0   0   0   0   0 100   0   0   0   0   0   0   0   0   0  0.54 0.03
  354 V    -1  -3  -3  -3  -1  -3  -3  -4  -3   4   2  -3   1   0  -3  -2  -1  -3  -1   3    0   0   0   0   0   0   0   0   0  60  21   0   0   0   0   0   0   0   0  19  0.38 0.02
  355 I    -1  -3  -3  -3  -1  -3  -3  -4  -3   4   2  -3   1   0  -3  -2  -1  -3  -1   3    0   0   0   0   0   0   0   0   0  58  21   0   0   0   0   0   0   0   0  21  0.38 0.02
  356 V     0  -3  -3  -3  -1  -2  -3  -3  -3   2   1  -3   1  -1  -3  -2   0  -3  -1   4    0   0   0   0   0   0   0   0   0   0   0   0   0   0   0   0   0   0   0 100  0.45 0.04
  357 D    -2  -2   1   6  -4  -1   1  -2  -1  -3  -4  -1  -3  -4  -2   0  -1  -5  -3  -4    0   0   0 100   0   0   0   0   0   0   0   0   0   0   0   0   0   0   0   0  1.06 0.04
  358 V    -1  -2  -3  -3  -1  -2  -3  -3  -3   2   2  -2   3   0  -3  -2  -1  -2  -1   3    0   0   0   0   0   0   0   0   0   0  21   0  21   0   0   0   0   0   0  58  0.32 0.02
  359 Q    -1   1   0  -1  -3   6   2  -2   0  -3  -2   1  -1  -4  -2   0  -1  -2  -2  -3    0   0   0   0   0 100   0   0   0   0   0   0   0   0   0   0   0   0   0   0  0.81 0.05
  360 E    -2  -1   6   1  -3   0   2  -1   0  -4  -4   0  -2  -3  -2   0   0  -4  -2  -3    0   0  81   0   0   0  19   0   0   0   0   0   0   0   0   0   0   0   0   0  0.70 0.04
  361 C    -2  -2   1   6   4  -1   1  -2  -2  -3  -3  -1  -3  -4  -2  -1  -1  -4  -3  -3    0   0   0  81  19   0   0   0   0   0   0   0   0   0   0   0   0   0   0   0  0.82 0.04
  362 F    -3  -3  -3  -4  -3  -4  -4  -3  -2   0   0  -3   0   7  -4  -3  -2   1   3  -1    0   0   0   0   0   0   0   0   0   0   0   0   0 100   0   0   0   0   0   0  0.91 0.04
  363 V    -1  -3  -3  -4   7  -3  -3  -3  -3   2   0  -3   0  -1  -3  -2  -1  -3  -2   3    0   0   0   0  41   0   0   0   0  21   0   0   0   0   0   0   0   0   0  38  0.52 0.03
  364 D     1  -1   0   2  -2   0   2  -1   4  -3  -3   0  -2  -3  -1   2   0  -3  -1  -2   21   0   0  19   0   0  20   0  19   0   0   0   0   0   0  21   0   0   0   0  0.31 0.02
  365 G     0  -2  -1  -2  -3  -2  -2   5  -2  -4  -4  -2  -3  -4   5  -1  -2  -3  -3  -3    0   0   0   0   0   0   0  60   0   0   0   0   0   0  40   0   0   0   0   0  1.04 0.03
  366 G     0  -3  -1  -2  -2  -2  -2   5  -2  -1  -2  -2  -2  -3  -2  -1  -1  -3  -3   0    0   0   0   0   0   0   0  81   0   0   0   0   0   0   0   0   0   0   0  19  0.75 0.03
  367 S     2  -1   0  -1  -1  -1  -1  -1   0  -2  -2  -1  -1   0  -1   3   1  -1   3  -1   21   0   0   0   0   0   0   0   0   0   0   0   0   0   0  59   0   0  19   0  0.32 0.03
  368 L    -2  -3  -4  -4  -1  -2  -3  -4  -3   2   4  -3   2   0  -3  -3  -1  -2  -1   1    0   0   0   0   0   0   0   0   0  19  81   0   0   0   0   0   0   0   0   0  0.46 0.02
  369 S     3  -1   0  -1  -1  -1  -1   0  -1  -2  -2  -1  -1  -2  -1   3   2  -3  -2  -1   41   0   0   0   0   0   0   0   0   0   0   0   0   0   0  38  21   0   0   0  0.34 0.02
  370 V     0  -2  -2  -3  -1  -2  -2  -3  -3   2   0  -2   0  -1  -2   1   0  -3  -2   4    0   0   0   0   0   0   0   0   0   0   0   0   0   0   0  19   0   0   0  81  0.28 0.03
  371 G     0  -2  -1  -2  -2  -2  -2   3  -2  -3  -3  -1  -2  -3   5   0   1  -3  -3  -2    0   0   0   0   0   0   0  38   0   0   0   0   0   0  42   0  20   0   0   0  0.85 0.02
  372 A     1   0  -1   0  -3   1   3   2  -1  -3  -3   2  -2  -3  -1   0  -1  -3  -2  -2   19   0   0   0   0   0  41  20   0   0   0  21   0   0   0   0   0   0   0   0  0.34 0.02
  373 S     0  -2   0  -1  -2  -1  -1   5  -2  -3  -3  -1  -2  -3  -2   2   0  -3  -3  -3    0   0   0   0   0   0   0  62   0   0   0   0   0   0   0  38   0   0   0   0  0.66 0.03
  374 A     3  -1  -1   3  -2   0   2  -1  -1  -2  -2   0  -2  -3  -1   1  -1  -3  -2  -1   58   0   0  21   0   0  21   0   0   0   0   0   0   0   0   0   0   0   0   0  0.34 0.02
  375 A     2  -1  -1   0  -2   1   3  -1  -1  -2  -2   0  -2  -3  -1   2   0  -3  -2  -1   39   0   0   0   0   0  40   0   0   0   0   0   0   0   0  21   0   0   0   0  0.35 0.02
  376 I    -1  -2  -2  -3  -1  -2  -2  -3  -3   2   3  -2   1   0  -2  -1   2  -2  -1   2    0   0   0   0   0   0   0   0   0  19  40   0   0   0   0   0  21   0   0  19  0.25 0.01
  377 V     1  -3  -3  -3  -1  -2  -2  -2  -3   3   1  -2   0  -1  -2  -1   0  -3  -2   3   20   0   0   0   0   0   0   0   0  21   0   0   0   0   0   0   0   0   0  60  0.28 0.02
  378 P    -1   2   2   3  -3   0   0  -2  -1  -3  -3   0  -2  -4   5   0  -1  -4  -3  -3    0  20  21  21   0   0   0   0   0   0   0   0   0   0  38   0   0   0   0   0  0.73 0.02
  379 N     1  -2   2  -1  -1  -1  -1  -2  -2   1  -1  -1  -1  -2   3   0   0  -3  -2   2   20   0  19   0   0   0   0   0   0   0   0   0   0   0  21   0   0   0   0  41  0.28 0.02
  380 I     1  -3  -3  -3  -1  -2  -3  -3  -3   4   1  -2   1  -1  -2  -1  -1  -3  -2   2   21   0   0   0   0   0   0   0   0  79   0   0   0   0   0   0   0   0   0   0  0.31 0.03
  381 N    -1  -1   5   3  -3   0   0  -1   0  -3  -3   0  -2  -3  -2   2   0  -4  -2  -3    0   0  60  20   0   0   0   0   0   0   0   0   0   0   0  21   0   0   0   0  0.58 0.03
  382 S    -1   4   0   2  -3   0   0  -2   0  -3  -2   1  -2  -1  -2   1  -1  -1   3  -2    0  41   0  21   0   0   0   0   0   0   0   0   0   0   0  19   0   0  20   0  0.32 0.02
  383 L    -2  -2  -4  -4  -1  -2  -3  -4  -3   1   4  -3   2   0  -3  -3  -1  -2  -1   1    0   0   0   0   0   0   0   0   0   0 100   0   0   0   0   0   0   0   0   0  0.54 0.03
  384 R     1   2  -2  -1  -2   0   1  -2  -1   1   0   0   2  -1  -2  -1  -1  -3  -2   0   20  19   0   0   0   0  19   0   0  21   0   0  21   0   0   0   0   0   0   0  0.11 0.02
  385 Q    -1   0   3   3  -3   4   3  -2   0  -3  -3   0  -2  -3  -2   0  -1  -3  -2  -3    0   0  19  21   0  40  20   0   0   0   0   0   0   0   0   0   0   0   0   0  0.51 0.02
  386 E     1  -1   0   4  -3   3   3  -1  -1  -3  -3   0  -2  -3  -1   0  -1  -3  -2  -2   20   0   0  40   0  21  19   0   0   0   0   0   0   0   0   0   0   0   0   0  0.45 0.02
  387 Y     2  -2  -1  -2  -1  -1  -1  -1   0  -2  -2  -1  -1   1  -2   2   0   0   4  -1   40   0   0   0   0   0   0   0   0   0   0   0   0   0   0  21   0   0  38   0  0.33 0.02
  388 P    -1   2   0   4  -3   0   1  -2  -1  -3  -3   2  -2  -4   3  -1  -1  -4  -3  -3    0  21   0  40   0   0   0   0   0   0   0  19   0   0  19   0   0   0   0   0  0.55 0.02
  389 F    -2   2  -2  -3  -3  -1  -2   2  -1  -2  -2  -1  -1   3  -3  -2  -2   6   3  -2    0  21   0   0   0   0   0  21   0   0   0   0   0  19   0   0   0  19  20   0  0.48 0.02
  390 D    -2  -1   1   5  -4   0   3  -2   4  -3  -4   0  -3  -3  -2  -1  -1  -4  -1  -3    0   0   0  59   0   0  21   0  20   0   0   0   0   0   0   0   0   0   0   0  0.68 0.03
  391 L     1  -2  -1  -2  -2  -1  -1  -2   4  -1   1  -2   0  -1  -2   0   1   6   0  -1   21   0   0   0   0   0   0   0  20   0  19   0   0   0   0   0  19  21   0   0  0.35 0.02
  392 V    -1  -3  -3  -3  -1  -3  -3  -4  -3   3   1  -3   1  -1  -3  -2   0  -3  -1   4    0   0   0   0   0   0   0   0   0  21   0   0   0   0   0   0   0   0   0  79  0.41 0.03
  393 V    -1  -3  -3  -3  -1  -3  -3  -4  -3   4   1  -3   1  -1  -3  -2   0  -3  -1   4    0   0   0   0   0   0   0   0   0  41   0   0   0   0   0   0   0   0   0  59  0.40 0.02
  394 L     3  -2  -2  -3  -1  -1  -2  -1  -2   0   1  -1   0  -1  -2   0   0  -3  -2   1   60   0   0   0   0   0   0   0   0   0  19   0   0   0   0   0   0   0   0  21  0.23 0.02
  395 T     0  -1   0  -1  -1  -1  -1  -1  -2  -1  -2  -1  -1  -2  -1   2   5  -3  -2  -1    0   0   0   0   0   0   0   0   0   0   0   0   0   0   0  21  79   0   0   0  0.49 0.03
  396 R    -1   4   0  -1  -3   3   1  -2   0  -3  -2   3  -1  -3  -2  -1  -1  -3  -2  -3    0  40   0   0   0  21   0   0   0   0   0  39   0   0   0   0   0   0   0   0  0.55 0.02
  397 D    -2  -2   1   6  -4  -1   1  -2  -1  -3  -4  -1  -3  -4  -2   0  -1  -5  -3  -4    0   0   0 100   0   0   0   0   0   0   0   0   0   0   0   0   0   0   0   0  1.06 0.04
  398 F    -2  -3  -4  -4  -2  -3  -3  -3  -2   0   0  -3  -1   4  -4  -3  -2   9   2   1    0   0   0   0   0   0   0   0   0   0   0   0   0  39   0   0   0  42   0  19  1.01 0.04
  399 H    -2  -1   0  -1  -3   0   0  -2   8  -4  -3  -1  -2  -2  -3  -1  -2  -3   1  -4    0   0   0   0   0   0   0   0 100   0   0   0   0   0   0   0   0   0   0   0  1.12 0.06
  400 P    -1  -2  -2  -2  -3  -2  -1  -2  -3  -3  -3  -1  -3  -4   8  -1  -1  -4  -3  -3    0   0   0   0   0   0   0   0   0   0   0   0   0   0 100   0   0   0   0   0  2.15 0.05
  401 P     2   0  -1  -1  -2   0  -1   2  -2  -3  -3   1  -2  -3   3   1   0  -3  -2  -2   21   0   0   0   0   0   0  20   0   0   0  19   0   0  19  21   0   0   0   0  0.38 0.01
  402 E    -2   2   3   4  -4   0   2  -2   0  -3  -3   0  -2  -3  -2   0  -1  -4  -3  -3    0  21  21  39   0   0  19   0   0   0   0   0   0   0   0   0   0   0   0   0  0.52 0.02
  403 H    -2  -1   0  -1  -3   0   0  -2   8  -4  -3  -1  -2  -2  -3  -1  -2  -3   1  -4    0   0   0   0   0   0   0   0 100   0   0   0   0   0   0   0   0   0   0   0  1.12 0.06
  404 I    -1  -3  -3  -3  -2  -3  -3   2  -3   3   2  -3   1   3  -3  -2  -1  -1   0   1    0   0   0   0   0   0   0  21   0  40  19   0   0  20   0   0   0   0   0   0  0.21 0.01
  405 S     1  -1   0   0  -1   0   0  -1  -1  -3  -3   0  -2  -3  -1   5   1  -3  -2  -2    0   0   0   0   0   0   0   0   0   0   0   0   0   0   0 100   0   0   0   0  0.55 0.04
  406 F    -2  -3  -3  -3  -3  -3  -3   2  -2  -1   0  -3  -1   6  -4  -2  -2   0   2  -1    0   0   0   0   0   0   0  20   0   0   0   0   0  80   0   0   0   0   0   0  0.63 0.03
  407 A     3  -1  -1  -2  -1  -1  -1  -1  -2  -1  -2  -1  -1  -2  -1   1   3  -3  -2   0   61   0   0   0   0   0   0   0   0   0   0   0   0   0   0   0  39   0   0   0  0.36 0.03
  408 S     0   0   0  -1  -2   0   0  -1  -1  -2  -2   2  -2  -3   3   3   2  -3  -2  -2    0   0   0   0   0   0   0   0   0   0   0  21   0   0  20  40  19   0   0   0  0.42 0.02
  409 T    -1  -1   3   3  -2   2   1  -1   0  -2  -3   0  -2  -3  -1   2   2  -3  -2  -2    0   0  21  20   0  21   0   0   0   0   0   0   0   0   0  19  19   0   0   0  0.35 0.02
  410 H    -2  -1   0  -2  -3   0  -1  -3   8  -3  -3  -1  -2   0  -3  -1  -2  -1   4  -3    0   0   0   0   0   0   0   0  80   0   0   0   0   0   0   0   0   0  20   0  0.91 0.05
  411 G     0   0   0  -1  -2   0  -1   4  -1  -3  -3   2  -2  -3  -1   2   0  -3  -2  -3    0   0   0   0   0   0   0  40   0   0   0  21   0   0   0  39   0   0   0   0  0.43 0.02
  412 I     0  -2  -1  -1  -1  -1  -1  -1  -2   1  -1  -1   0  -2  -2   3   1  -3  -2   2    0   0   0   0   0   0   0   0   0  19   0   0   0   0   0  60   0   0   0  21  0.21 0.02
  413 S     1  -1   0  -1  -1   0  -1  -1  -1  -2  -2  -1  -1  -2  -1   3   4  -3  -2  -1    0   0   0   0   0   0   0   0   0   0   0   0   0   0   0  49  51   0   0   0  0.42 0.02
  414 F    -2  -2  -2  -2  -2  -1  -2  -2   0  -1  -1  -2  -1   4  -2  -2  -1   7   4  -1    2   1   1   1   0   1   2   2   1   1   2   1   1  26   1   2   1  25  27   2  0.60 0.01
  415 G     0  -1  -1  -1  -2  -1  -1   2  -1  -2  -2  -1  -1  -2   4   0   2  -2  -2  -1    2   1   1   1   0   1   2  26   1   1   2   1   1   1  26   2  27   0   1   2  0.41 0.01
  416 A     1  -1  -1  -1  -1  -1  -1  -1   0  -1  -1  -1  -1   0   4   0  -1   0   3  -1   27   1   1   1   0   1   2   2   1   1   2   1   1   1  26   2   1   0  27   2  0.36 0.01
  417 G    -1  -1   0  -1  -2   0   0   2   6  -2  -2  -1  -1  -1  -1  -1  -1  -2   1  -2    2   1   1   1   0   1   2  26  51   1   2   1   1   1   1   2   1   0   1   2  0.40 0.01
  418 G     1  -1   0   0  -1   0   0   3  -1  -2  -2   0  -1  -2  -1   3   1  -2  -2  -2    2   1   1   1   0   1   2  26   1   1   2   1   1   1   1  52   1   0   1   2  0.29 0.01
  419 G     0  -2  -1  -2  -3  -2  -2   4  -2  -3  -3  -1  -3  -4   6  -1  -1  -3  -3  -3    0   0   0   0   0   0   0  49   0   0   0   0   0   0  51   0   0   0   0   0  1.12 0.02
  420 A     1   3  -1  -1  -2   0   0  -1  -1  -2  -2   2  -1  -3  -1   0   2  -3  -2  -1   25  26   0   0   0   0   0   0   0   0   0  25   0   0   0   0  25   0   0   0  0.27 0.01
  421 P    -1  -2  -2  -2  -3  -1  -1  -2  -2  -3  -3  -1  -3  -4   8  -1  -1  -4  -3  -3    0   0   0   0   0   0   0   0   0   0   0   0   0   0 100   0   0   0   0   0  2.10 0.03
  422 G     0  -2   0  -1  -2  -1  -2   5  -2  -4  -4  -1  -3  -3  -2   2  -1  -3  -3  -3    0   0   0   0   0   0   0  75   0   0   0   0   0   0   0  25   0   0   0   0  0.76 0.02
  423 G     2  -2   0   3  -2  -1  -1   4  -2  -3  -3  -1  -2  -3  -2   0  -1  -3  -3  -2   25   0   0  26   0   0   0  50   0   0   0   0   0   0   0   0   0   0   0   0  0.51 0.01
  424 G    -1  -2   1   5  -3  -1   1   3  -2  -4  -4  -1  -3  -4  -2   0  -1  -4  -3  -3    0   0   0  66   0   0   0  34   0   0   0   0   0   0   0   0   0   0   0   0  0.69 0.01
  425 A     3  -1   0  -1  -1   0  -1   0  -1  -2  -2   0  -1  -2  -1   3   1  -3  -2  -1   50   0   0   0   0   0   0   0   0   0   0   0   0   0   0  50   0   0   0   0  0.35 0.00
  426 S     1  -1   0  -1  -1   0  -1  -1  -1  -1  -2   0  -1  -2  -1   3   4  -3  -2  -1    0   0   0   0   0   0   0   0   0   0   0   0   0   0   0  50  50   0   0   0  0.39 0.00
  427 K    -1   2   0  -1  -3   4   1  -2   0  -3  -2   4  -1  -3  -1   0  -1  -3  -2  -2    0   0   0   0   0  50   0   0   0   0   0  50   0   0   0   0   0   0   0   0  0.49 0.00
  428 S     0   0   0   1  -2   1   4  -1  -1  -3  -3   0  -2  -3  -1   3   0  -3  -2  -2    0   0   0   0   0   0  50   0   0   0   0   0   0   0   0  50   0   0   0   0  0.43 0.00
  429 G     0  -2   0  -1  -3  -2  -2   6  -2  -4  -4  -2  -3  -3  -2   0  -2  -3  -3  -3    0   0   0   0   0   0   0 100   0   0   0   0   0   0   0   0   0   0   0   0  1.04 0.00
  430 R    -1   5   0  -2  -3   1   0  -2   0  -3  -2   2  -1  -3  -2  -1  -1  -3  -2  -2    0   0   0   0   0   0   0   0   0   0   0   0   0   0   0   0   0   0   0   0  0.00     0.00
  431 R    -1   5   0  -2  -3   1   0  -2   0  -3  -2   2  -1  -3  -2  -1  -1  -3  -2  -2    0   0   0   0   0   0   0   0   0   0   0   0   0   0   0   0   0   0   0   0  0.00     0.00
  432 S     1  -1   1   0  -1   0   0   0  -1  -2  -2   0  -1  -2  -1   4   1  -3  -2  -2    0   0   0   0   0   0   0   0   0   0   0   0   0   0   0   0   0   0   0   0  0.00     0.00
  433 P    -1  -2  -2  -1  -3  -1  -1  -2  -2  -3  -3  -1  -2  -3   7  -1  -1  -4  -3  -2    0   0   0   0   0   0   0   0   0   0   0   0   0   0   0   0   0   0   0   0  0.00     0.00
  434 S     1  -1   1   0  -1   0   0   0  -1  -2  -2   0  -1  -2  -1   4   1  -3  -2  -2    0   0   0   0   0   0   0   0   0   0   0   0   0   0   0   0   0   0   0   0  0.00     0.00
  435 R    -1   5   0  -2  -3   1   0  -2   0  -3  -2   2  -1  -3  -2  -1  -1  -3  -2  -2    0   0   0   0   0   0   0   0   0   0   0   0   0   0   0   0   0   0   0   0  0.00     0.00
  436 A     4  -1  -1  -2   0  -1  -1   0  -2  -1  -1  -1  -1  -2  -1   1   0  -2  -2   0    0   0   0   0   0   0   0   0   0   0   0   0   0   0   0   0   0   0   0   0  0.00     0.00
  437 S     1  -1   1   0  -1   0   0   0  -1  -2  -2   0  -1  -2  -1   4   1  -3  -2  -2    0   0   0   0   0   0   0   0   0   0   0   0   0   0   0   0   0   0   0   0  0.00     0.00
  438 S     1  -1   1   0  -1   0   0   0  -1  -2  -2   0  -1  -2  -1   4   1  -3  -2  -2    0   0   0   0   0   0   0   0   0   0   0   0   0   0   0   0   0   0   0   0  0.00     0.00
  439 P    -1  -2  -2  -1  -3  -1  -1  -2  -2  -3  -3  -1  -2  -3   7  -1  -1  -4  -3  -2    0   0   0   0   0   0   0   0   0   0   0   0   0   0   0   0   0   0   0   0  0.00     0.00
  440 P    -1  -2  -2  -1  -3  -1  -1  -2  -2  -3  -3  -1  -2  -3   7  -1  -1  -4  -3  -2    0   0   0   0   0   0   0   0   0   0   0   0   0   0   0   0   0   0   0   0  0.00     0.00
  441 A     4  -1  -1  -2   0  -1  -1   0  -2  -1  -1  -1  -1  -2  -1   1   0  -2  -2   0    0   0   0   0   0   0   0   0   0   0   0   0   0   0   0   0   0   0   0   0  0.00     0.00
  442 E    -1   0   0   1  -3   2   5  -2   0  -3  -3   1  -2  -3  -1   0  -1  -3  -2  -2    0   0   0   0   0   0   0   0   0   0   0   0   0   0   0   0   0   0   0   0  0.00     0.00
  443 R    -1   5   0  -2  -3   1   0  -2   0  -3  -2   2  -1  -3  -2  -1  -1  -3  -2  -2    0   0   0   0   0   0   0   0   0   0   0   0   0   0   0   0   0   0   0   0  0.00     0.00
  444 P    -1  -2  -2  -1  -3  -1  -1  -2  -2  -3  -3  -1  -2  -3   7  -1  -1  -4  -3  -2    0   0   0   0   0   0   0   0   0   0   0   0   0   0   0   0   0   0   0   0  0.00     0.00
  445 G     0  -2   0  -1  -2  -2  -2   5  -2  -4  -3  -1  -3  -3  -2   0  -2  -2  -3  -3    0   0   0   0   0   0   0   0   0   0   0   0   0   0   0   0   0   0   0   0  0.00     0.00
  446 S     1  -1   1   0  -1   0   0   0  -1  -2  -2   0  -1  -2  -1   4   1  -3  -2  -2    0   0   0   0   0   0   0   0   0   0   0   0   0   0   0   0   0   0   0   0  0.00     0.00
  447 C     0  -3  -3  -3   8  -3  -3  -2  -3  -1  -1  -3  -1  -2  -3  -1  -1  -2  -2  -1    0   0   0   0   0   0   0   0   0   0   0   0   0   0   0   0   0   0   0   0  0.00     0.00
  448 P    -1  -2  -2  -1  -3  -1  -1  -2  -2  -3  -3  -1  -2  -3   7  -1  -1  -4  -3  -2    0   0   0   0   0   0   0   0   0   0   0   0   0   0   0   0   0   0   0   0  0.00     0.00
  449 R    -1   5   0  -2  -3   1   0  -2   0  -3  -2   2  -1  -3  -2  -1  -1  -3  -2  -2    0   0   0   0   0   0   0   0   0   0   0   0   0   0   0   0   0   0   0   0  0.00     0.00
  450 L    -1  -2  -3  -3  -1  -2  -3  -3  -3   1   4  -2   2   0  -3  -2  -1  -2  -1   1    0   0   0   0   0   0   0   0   0   0   0   0   0   0   0   0   0   0   0   0  0.00     0.00
  451 R    -1   5   0  -2  -3   1   0  -2   0  -3  -2   2  -1  -3  -2  -1  -1  -3  -2  -2    0   0   0   0   0   0   0   0   0   0   0   0   0   0   0   0   0   0   0   0  0.00     0.00
  452 A     4  -1  -1  -2   0  -1  -1   0  -2  -1  -1  -1  -1  -2  -1   1   0  -2  -2   0    0   0   0   0   0   0   0   0   0   0   0   0   0   0   0   0   0   0   0   0  0.00     0.00
  453 A     4  -1  -1  -2   0  -1  -1   0  -2  -1  -1  -1  -1  -2  -1   1   0  -2  -2   0    0   0   0   0   0   0   0   0   0   0   0   0   0   0   0   0   0   0   0   0  0.00     0.00
  454 C     0  -3  -3  -3   8  -3  -3  -2  -3  -1  -1  -3  -1  -2  -3  -1  -1  -2  -2  -1    0   0   0   0   0   0   0   0   0   0   0   0   0   0   0   0   0   0   0   0  0.00     0.00
  455 S     1  -1   1   0  -1   0   0   0  -1  -2  -2   0  -1  -2  -1   4   1  -3  -2  -2    0   0   0   0   0   0   0   0   0   0   0   0   0   0   0   0   0   0   0   0  0.00     0.00
  456 S     1  -1   1   0  -1   0   0   0  -1  -2  -2   0  -1  -2  -1   4   1  -3  -2  -2    0   0   0   0   0   0   0   0   0   0   0   0   0   0   0   0   0   0   0   0  0.00     0.00
  457 A     4  -1  -1  -2   0  -1  -1   0  -2  -1  -1  -1  -1  -2  -1   1   0  -2  -2   0    0   0   0   0   0   0   0   0   0   0   0   0   0   0   0   0   0   0   0   0  0.00     0.00
  458 P    -1  -2  -2  -1  -3  -1  -1  -2  -2  -3  -3  -1  -2  -3   7  -1  -1  -4  -3  -2    0   0   0   0   0   0   0   0   0   0   0   0   0   0   0   0   0   0   0   0  0.00     0.00
  459 R    -1   5   0  -2  -3   1   0  -2   0  -3  -2   2  -1  -3  -2  -1  -1  -3  -2  -2    0   0   0   0   0   0   0   0   0   0   0   0   0   0   0   0   0   0   0   0  0.00     0.00
  460 A     4  -1  -1  -2   0  -1  -1   0  -2  -1  -1  -1  -1  -2  -1   1   0  -2  -2   0    0   0   0   0   0   0   0   0   0   0   0   0   0   0   0   0   0   0   0   0  0.00     0.00
  461 N    -1   0   5   1  -3   0   0   0   1  -3  -3   0  -2  -3  -2   1   0  -4  -2  -3    0   0   0   0   0   0   0   0   0   0   0   0   0   0   0   0   0   0   0   0  0.00     0.00
  462 P    -1  -2  -2  -1  -3  -1  -1  -2  -2  -3  -3  -1  -2  -3   7  -1  -1  -4  -3  -2    0   0   0   0   0   0   0   0   0   0   0   0   0   0   0   0   0   0   0   0  0.00     0.00
  463 M    -1  -1  -2  -3  -1   0  -2  -3  -1   1   2  -1   5   0  -2  -1  -1  -1  -1   1    0   0   0   0   0   0   0   0   0   0   0   0   0   0   0   0   0   0   0   0  0.00     0.00
  464 G     0  -2   0  -1  -2  -2  -2   5  -2  -4  -3  -1  -3  -3  -2   0  -2  -2  -3  -3    0   0   0   0   0   0   0   0   0   0   0   0   0   0   0   0   0   0   0   0  0.00     0.00
  465 A     4  -1  -1  -2   0  -1  -1   0  -2  -1  -1  -1  -1  -2  -1   1   0  -2  -2   0    0   0   0   0   0   0   0   0   0   0   0   0   0   0   0   0   0   0   0   0  0.00     0.00
  466 R    -1   5   0  -2  -3   1   0  -2   0  -3  -2   2  -1  -3  -2  -1  -1  -3  -2  -2    0   0   0   0   0   0   0   0   0   0   0   0   0   0   0   0   0   0   0   0  0.00     0.00
  467 P    -1  -2  -2  -1  -3  -1  -1  -2  -2  -3  -3  -1  -2  -3   7  -1  -1  -4  -3  -2    0   0   0   0   0   0   0   0   0   0   0   0   0   0   0   0   0   0   0   0  0.00     0.00
  468 P    -1  -2  -2  -1  -3  -1  -1  -2  -2  -3  -3  -1  -2  -3   7  -1  -1  -4  -3  -2    0   0   0   0   0   0   0   0   0   0   0   0   0   0   0   0   0   0   0   0  0.00     0.00
  469 P    -1  -2  -2  -1  -3  -1  -1  -2  -2  -3  -3  -1  -2  -3   7  -1  -1  -4  -3  -2    0   0   0   0   0   0   0   0   0   0   0   0   0   0   0   0   0   0   0   0  0.00     0.00
  470 V     0  -2  -3  -3  -1  -2  -2  -3  -3   2   1  -2   1  -1  -2  -2   0  -3  -1   4    0   0   0   0   0   0   0   0   0   0   0   0   0   0   0   0   0   0   0   0  0.00     0.00
  471 T     0  -1   0  -1  -1  -1  -1  -2  -2  -1  -1  -1  -1  -2  -1   1   4  -2  -2   0    0   0   0   0   0   0   0   0   0   0   0   0   0   0   0   0   0   0   0   0  0.00     0.00
  472 Q    -1   1   0   0  -3   5   2  -2   0  -3  -2   1   0  -3  -1   0  -1  -2  -1  -2    0   0   0   0   0   0   0   0   0   0   0   0   0   0   0   0   0   0   0   0  0.00     0.00
  473 P    -1  -2  -2  -1  -3  -1  -1  -2  -2  -3  -3  -1  -2  -3   7  -1  -1  -4  -3  -2    0   0   0   0   0   0   0   0   0   0   0   0   0   0   0   0   0   0   0   0  0.00     0.00
  474 T     0  -1   0  -1  -1  -1  -1  -2  -2  -1  -1  -1  -1  -2  -1   1   4  -2  -2   0    0   0   0   0   0   0   0   0   0   0   0   0   0   0   0   0   0   0   0   0  0.00     0.00
  475 A     4  -1  -1  -2   0  -1  -1   0  -2  -1  -1  -1  -1  -2  -1   1   0  -2  -2   0    0   0   0   0   0   0   0   0   0   0   0   0   0   0   0   0   0   0   0   0  0.00     0.00
  476 R    -1   5   0  -2  -3   1   0  -2   0  -3  -2   2  -1  -3  -2  -1  -1  -3  -2  -2    0   0   0   0   0   0   0   0   0   0   0   0   0   0   0   0   0   0   0   0  0.00     0.00
  477 A     4  -1  -1  -2   0  -1  -1   0  -2  -1  -1  -1  -1  -2  -1   1   0  -2  -2   0    0   0   0   0   0   0   0   0   0   0   0   0   0   0   0   0   0   0   0   0  0.00     0.00
  478 P    -1  -2  -2  -1  -3  -1  -1  -2  -2  -3  -3  -1  -2  -3   7  -1  -1  -4  -3  -2    0   0   0   0   0   0   0   0   0   0   0   0   0   0   0   0   0   0   0   0  0.00     0.00
  479 F    -2  -3  -3  -3  -2  -3  -3  -3  -1   0   0  -3   0   6  -3  -2  -2   1   3  -1    0   0   0   0   0   0   0   0   0   0   0   0   0   0   0   0   0   0   0   0  0.00     0.00
  480 A     4  -1  -1  -2   0  -1  -1   0  -2  -1  -1  -1  -1  -2  -1   1   0  -2  -2   0    0   0   0   0   0   0   0   0   0   0   0   0   0   0   0   0   0   0   0   0  0.00     0.00
  481 P    -1  -2  -2  -1  -3  -1  -1  -2  -2  -3  -3  -1  -2  -3   7  -1  -1  -4  -3  -2    0   0   0   0   0   0   0   0   0   0   0   0   0   0   0   0   0   0   0   0  0.00     0.00
  482 P    -1  -2  -2  -1  -3  -1  -1  -2  -2  -3  -3  -1  -2  -3   7  -1  -1  -4  -3  -2    0   0   0   0   0   0   0   0   0   0   0   0   0   0   0   0   0   0   0   0  0.00     0.00
  483 R    -1   5   0  -2  -3   1   0  -2   0  -3  -2   2  -1  -3  -2  -1  -1  -3  -2  -2    0   0   0   0   0   0   0   0   0   0   0   0   0   0   0   0   0   0   0   0  0.00     0.00
  484 L    -1  -2  -3  -3  -1  -2  -3  -3  -3   1   4  -2   2   0  -3  -2  -1  -2  -1   1    0   0   0   0   0   0   0   0   0   0   0   0   0   0   0   0   0   0   0   0  0.00     0.00
  485 R    -1   5   0  -2  -3   1   0  -2   0  -3  -2   2  -1  -3  -2  -1  -1  -3  -2  -2    0   0   0   0   0   0   0   0   0   0   0   0   0   0   0   0   0   0   0   0  0.00     0.00
  486 T     0  -1   0  -1  -1  -1  -1  -2  -2  -1  -1  -1  -1  -2  -1   1   4  -2  -2   0    0   0   0   0   0   0   0   0   0   0   0   0   0   0   0   0   0   0   0   0  0.00     0.00
  487 A     4  -1  -1  -2   0  -1  -1   0  -2  -1  -1  -1  -1  -2  -1   1   0  -2  -2   0    0   0   0   0   0   0   0   0   0   0   0   0   0   0   0   0   0   0   0   0  0.00     0.00
  488 S     1  -1   1   0  -1   0   0   0  -1  -2  -2   0  -1  -2  -1   4   1  -3  -2  -2    0   0   0   0   0   0   0   0   0   0   0   0   0   0   0   0   0   0   0   0  0.00     0.00
  489 T     0  -1   0  -1  -1  -1  -1  -2  -2  -1  -1  -1  -1  -2  -1   1   4  -2  -2   0    0   0   0   0   0   0   0   0   0   0   0   0   0   0   0   0   0   0   0   0  0.00     0.00

                      K         Lambda
Standard Ungapped    0.1342     0.3162
Standard Gapped      0.0381     0.2670
PSI Ungapped         0.1244     0.3174
PSI Gapped           0.0381     0.2670
