
Last position-specific scoring matrix computed, weighted observed percentages rounded down, information per position, and relative weight of gapless real matches to pseudocounts
            A   R   N   D   C   Q   E   G   H   I   L   K   M   F   P   S   T   W   Y   V   A   R   N   D   C   Q   E   G   H   I   L   K   M   F   P   S   T   W   Y   V
    1 R    -1   5   0  -1  -3   1   0  -2  -1  -3  -2   4  -1  -3  -2  -1  -1  -3  -2  -3    0  50   0   0   0   0   0   0   0   0   0  50   0   0   0   0   0   0   0   0  0.56 0.00
    2 D    -1  -2   0   4  -3  -1   1  -2  -2  -3  -3  -1  -3  -4   6  -1  -1  -4  -3  -3    0   0   0  50   0   0   0   0   0   0   0   0   0   0  50   0   0   0   0   0  1.07 0.00
    3 C     0  -4  -3  -4   9  -3  -4  -3  -3  -1  -1  -3  -2  -3  -3  -1  -1  -3  -3  -1    0   0   0   0 100   0   0   0   0   0   0   0   0   0   0   0   0   0   0   0  1.22 0.01
    4 R    -1   3  -2  -3  -2  -1  -2  -3  -2   2   0   0   0  -2  -3  -1   0  -3  -2   3    0  33   0   0   0   0   0   0   0   0   0   0   0   0   0   0   0   0   0  67  0.23 0.01
    5 Q     0   0   0   0  -2   5   1  -1   0  -3  -2   1  -1  -3  -1   2   0  -2  -2  -2    0   0   0   0   0  66   0   0   0   0   0   0   0   0   0  34   0   0   0   0  0.48 0.02
    6 A     3   3  -1  -2  -1   0  -1  -1  -1  -2  -2   1  -1  -3  -1   1   0  -3  -2  -1   66  34   0   0   0   0   0   0   0   0   0   0   0   0   0   0   0   0   0   0  0.33 0.01
    7 A     5  -2  -2  -2  -1  -1  -1   0  -2  -2  -2  -1  -1  -3  -1   1   0  -3  -2   0  100   0   0   0   0   0   0   0   0   0   0   0   0   0   0   0   0   0   0   0  0.48 0.04
    8 S     2  -1   0  -1  -1   0   0   0  -1  -2  -2   0  -2  -3  -1   4   1  -3  -2  -1   25   0   0   0   0   0   0   0   0   0   0   0   0   0   0  75   0   0   0   0  0.43 0.03
    9 K    -1   0   0   3  -3   0   2  -2  -1   0  -2   2  -1  -3  -2  -1  -1  -3  -2   1    0   0   0  27   0   0  24   0   0   0   0  24   0   0   0   0   0   0   0  25  0.26 0.02
   10 R    -1   6  -1  -2  -3   1   0  -3  -1  -3  -2   2  -2  -3  -2   0   1  -3  -2  -2    0  81   0   0   0   0   0   0   0   0   0   0   0   0   0   0  19   0   0   0  0.67 0.06
   11 V    -1  -1  -1   2   5  -1  -1  -3  -2   1  -1   1  -1  -2  -2  -1  -1  -3  -2   1    0   0   0  20  21   0   0   0   0  18   0  19   0   0   0   0   0   0   0  21  0.19 0.03
   12 L     1  -2  -3  -4  -2  -1  -3  -3  -2   1   3  -2   6  -1  -3  -2  -1  -2  -2   0   15   0   0   0   0   0   0   0   0   0  25   0  60   0   0   0   0   0   0   0  0.48 0.11
   13 H    -1  -1   0  -1  -3   0   2  -2   5  -3  -3  -1  -2  -2  -2   2   1   6   0  -3    0   0   0   0   0   0  25   0  27   0   0   0   0   0   0  22  11  15   0   0  0.49 0.08
   14 H     0   2   0  -1  -2   0  -1  -2   3  -3  -3   1  -2  -1  -2   3   1  -2   2  -2    0  15   0   0   0   0   0   0  14   0   0   9   0   0   0  39  10   0  13   0  0.29 0.06
   15 R     2   3   1  -1  -2   1   0  -1  -1  -3  -3   0  -2  -3  -2   3   0  -3  -2  -2   24  24   6   0   0   7   0   0   0   0   0   0   0   0   0  38   0   0   0   0  0.35 0.08
   16 G     2  -2  -1  -2  -2   1  -1   4  -2  -2  -3  -1  -2  -3  -2   0   0  -3  -3  -1   25   0   0   0   0  12   0  49   0   0   0   0   0   0   0   0   7   0   0   7  0.48 0.08
   17 A     2  -1  -1  -1  -2  -1   0   2  -2  -2   0   0  -1  -2   2   0  -1  -3  -2  -1   30   1   0   1   0   0   6  21   0   1  12   7   0   0  13   6   1   0   0   1  0.23 0.04
   18 A     2  -2  -2  -3  -1  -2  -2  -2  -3   2  -1  -2   0  -2  -2   2   0  -3  -2   3   26   0   0   0   0   0   0   0   0  19   0   0   0   0   0  23   0   0   0  32  0.28 0.10
   19 P    -2  -1  -3  -3  -4  -2  -2  -4  -3  -3  -4  -2  -3  -5   8  -2  -2  -5  -4   0    0   5   0   0   0   0   0   0   0   0   0   0   0   0  86   0   0   0   0   9  1.99 0.25
   20 M     1   1  -2  -1  -2  -1   0  -2  -2   0   1  -1   2  -2   1   0   2  -3  -2   1   17  12   0   4   0   0   4   0   0   0  13   0  12   0   5   0  21   0   0  12  0.13 0.07
   21 A     1   0  -3  -3  -2  -2  -2  -3  -3   3   1  -2   2  -1  -3  -1   0  -3  -2   3   18   8   0   0   0   0   0   0   0  31   6   0   6   0   0   4   5   0   0  23  0.24 0.10
   22 H     0   0   2  -1  -3   0   0  -2   2  -2  -2   3  -2  -3   2   1   2  -4  -2  -2    3   0  10   0   0   0   3   0   7   0   5  26   0   0  12  10  23   0   0   0  0.31 0.11
   23 L    -1  -3  -4  -5  -2  -3  -4  -4  -4   1   5  -3   3  -1  -4  -2  -2  -3  -2   1    3   0   0   0   0   0   0   0   0   0  80   0   8   0   0   3   0   0   0   6  0.75 0.21
   24 A     1   0   3  -1   1  -1  -2   3  -1  -3  -4  -1  -3  -3  -2   2   0  -3  -1  -3   14   6  25   0   4   0   0  31   0   0   0   0   0   0   0  15   3   0   3   0  0.43 0.13
   25 H    -1  -1   0   2  -3   0  -1  -2   4  -2  -1  -1   1  -2  -2   4   0  -3   0  -1    0   2   3  11   0   4   0   0  14   0   3   0   7   0   0  45   0   0   4   6  0.34 0.17
   26 G    -1  -2  -1  -1  -3   2  -2   6   1  -5  -4  -2  -3  -4  -3   2  -2  -4  -3  -4    0   0   0   2   0  12   0  64   4   0   0   0   0   0   0  17   0   0   0   0  0.91 0.23
   27 R    -1   3   1  -1  -3   1   0   2   2  -3  -3   1  -2  -2   1   0  -1  -2   1  -3    3  28   5   0   0   8   6  18   8   0   1   4   0   0   6   3   4   0   6   0  0.30 0.10
   28 V     0  -2  -3  -3  -2  -1  -2  -3  -3   1   2  -2   7  -1  -1  -1  -1  -3  -2   1    8   1   1   1   0   3   1   1   0   3  18   1  42   1   3   4   3   0   0  10  0.48 0.20
   29 A     3   0  -1  -1   1   0   1  -1  -2  -2  -1  -1   1  -1   0   2   0  -2  -2  -1   31   5   1   3   4   5  10   1   0   1   4   1   5   3   4  17   2   0   1   3  0.17 0.10
   30 N     0   0   0  -1  -1  -1  -1  -1   0   0   0  -1   0  -1   0   1   2  -2   0   1   10   7   5   1   0   1   1   3   3   4   6   1   3   1   4  11  21   0   5  14  0.08 0.06
   31 P    -1   0  -1  -2  -2  -1  -1   0   1   0  -1  -1  -2   1   5   1   0  -2  -1  -2    2   5   1   1   0   1   4   8   5   7   4   1   0  10  28  19   3   0   1   1  0.36 0.11
   32 P     1   0  -1  -2  -2  -1  -1  -2  -2  -1  -1  -1  -1  -1   4   0   1  -2   0   0   14   8   3   1   0   1   1   2   0   2   6   1   0   3  26   7   9   0   5  10  0.31 0.09
   33 P     0   0  -1  -1   1   1   1  -2  -1  -1  -1   0   0  -2   4   0   0  -2  -2  -1    8   4   2   1   4   9  12   2   0   3   5   5   4   1  23   4   6   0   1   4  0.28 0.08
   34 P    -1  -1   0  -2  -2  -1  -1   1  -2   1   1   0   0  -1   2  -1  -1  -2  -2   1    3   1   4   1   0   1   1  16   0   9  20  11   0   1  14   3   2   0   1  12  0.13 0.07
   35 P    -1   0   1  -1  -2  -1  -1  -1   0   0   1   0   0   0   3   1   0  -2  -1  -1    2   6   7   1   0   1   1   3   3   4  24   5   0   4  14  16   2   0   2   4  0.13 0.08
   36 R     0   0   5   0  -3  -1  -2   3  -2  -3  -2  -1  -2  -3  -2   1   0  -3  -3  -2    6   5  32   5   0   1   1  25   0   1   4   1   0   1   1   8   6   0   0   3  0.44 0.19
   37 T     0  -2   1  -1   2  -1  -1   4  -1  -2  -3  -1   0  -3  -3   0  -1  -3  -1  -2    8   1   6   3   6   1   4  43   1   1   1   4   4   0   1   7   3   0   3   3  0.43 0.18
   38 A     2  -1   1   0  -2   0   0   0  -2  -1   0  -1   1  -1  -1   0   0  -2  -1   0   21   1   8   6   0   4   5   8   0   1  10   2   7   2   3   8   2   0   2   9  0.07 0.08
   39 R    -1   1  -1   0  -3   0   1   1   0  -3  -2   4  -2  -3  -1   0   1  -4  -3  -2    3   8   1   4   0   3  11  11   2   0   2  31   1   0   2   6  10   0   0   3  0.29 0.17
   40 L    -2  -2  -5  -5  -1  -3  -4  -5  -4   4   1  -2   8  -1  -5  -4  -3  -4  -3   1    2   2   0   0   1   0   0   0   0  30  10   2  41   2   0   0   0   0   0   7  1.10 0.44
   41 P    -2  -4  -4  -4  -5  -1  -2  -2  -3  -5  -5  -2  -5  -6   8   1  -4  -6  -5  -5    2   0   0   0   0   2   2   3   1   0   0   2   0   0  77   9   0   0   0   0  2.11 0.62
   42 K     2   1  -2  -3  -1   1  -1  -2  -3   1   1   0  -1  -2  -3   0   1  -1  -3   1   23   9   0   0   1   8   1   2   0   9  14   4   1   0   0   5   9   1   0  12  0.16 0.16
   43 M    -2  -3  -5  -5  -3  -4  -5  -5  -4   3   3  -4   4   1  -5  -4  -2  -4  -1   4    2   1   0   0   0   0   0   0   0  19  27   0  13   5   0   0   1   0   2  29  0.74 0.33
   44 L    -1  -5  -2  -4  -1  -4  -1   7  -2  -5  -4  -3  -5  -5  -5  -2  -1  -5  -5  -3    4   0   2   0   1   0   4  75   1   0   2   1   0   0   0   3   4   0   0   2  1.45 0.52
   45 Y    -4  -5  -5  -6  -4  -3  -5  -4  -4  -2   4  -4   4   6  -3  -5  -2  -3   4  -2    0   0   0   0   0   1   0   1   0   0  38   1  10  32   2   0   2   0  13   1  1.07 0.46
   46 G    -4  -6  -4  -5  -6  -5  -6   8  -6  -7  -7  -5  -2  -7  -6  -4  -5  -6  -7  -7    0   0   0   0   0   0   0  98   0   0   0   0   1   0   0   0   0   0   0   0  2.52 0.80
   47 T     0   0   0  -1   0  -3  -2  -2  -3  -2  -3  -3  -3  -4  -1   1   6  -4  -3   1    7   4   3   2   2   0   2   2   0   1   1   1   0   0   3   7  50   0   0  12  0.68 0.36
   48 A     1   1  -1  -1   2   0  -1   0  -1  -2  -1  -1   2   0   0  -1  -1   3   3  -1   14  10   2   2   5   5   3   6   0   1   6   3   7   4   5   4   3   4  13   2  0.13 0.12
   49 W    -1  -3  -4  -5  -2  -3  -2  -2  -2  -1   0   0   3  -2  -5  -3   1  10   0   0    6   1   1   0   1   0   3   3   1   3   9   8   9   1   0   1   8  35   2   7  1.11 0.46
   50 R    -1   1   0   2  -3   1  -1  -2  -1  -4  -3   3  -1  -2   4   1  -1  -5  -3  -2    4   5   4  12   0   7   1   1   1   0   2  21   2   2  19  12   2   0   1   3  0.41 0.26
   51 N     0  -1   2   2  -4  -1   2   1  -2  -2  -2   1  -3  -4   1   2  -1  -4  -2  -1    8   1  12  10   0   1  17   9   0   2   4   8   0   0   6  15   1   0   1   4  0.24 0.18
   52 E     0   1   0   3  -5  -1   4  -1  -3  -5  -5   0  -4  -6   2   0  -1  -6  -5  -5    6   7   4  18   0   1  35   5   0   0   0   6   0   0   9   6   4   0   0   0  0.63 0.34
   53 K    -1   0  -1   2  -5   3   4  -4  -1  -3  -3   2  -2  -5   0  -1   1  -5  -3  -1    4   3   1   9   0  14  26   0   1   0   2  15   1   0   5   3   9   0   1   4  0.45 0.29
   54 T     3  -2  -2  -1   4  -2  -2  -1  -4  -1   0  -3   1  -3  -3   0   2  -4  -2   2   24   1   1   3   9   1   2   3   0   2   8   0   4   0   0   7  17   0   1  16  0.32 0.25
   55 R     1   1  -1  -1  -3   0   1  -1   0   0  -1   2  -1   1  -3   0   0   0   0   0   11   7   1   3   0   2   9   4   2   8   3  17   1   8   0   6   6   1   3   7  0.08 0.11
   56 E     3   0   0   2  -3   2   3  -2  -1  -4  -3   0  -3  -5  -2   0  -1  -5  -4  -2   25   5   4  11   0  10  24   1   1   0   2   4   0   0   1   5   2   0   0   2  0.44 0.29
   57 L     4  -4  -4  -4  -2   0  -3  -2  -4   2   2  -3  -1  -2  -4   1  -1  -5  -4   0   44   0   0   1   1   6   0   1   0  11  20   0   0   1   0   8   3   0   0   5  0.55 0.35
   58 V    -2  -5  -5  -5   0  -5  -5  -6  -5   4   1  -5   3   0  -5  -4   0  -5  -3   5    2   0   0   1   2   0   0   0   0  20  14   0   7   4   0   0   7   0   0  45  0.89 0.41
   59 L    -2   2  -1   1  -2  -1   1  -4   1  -1   0   3  -2  -2  -3  -1   1  -3   2  -2    2  10   1   9   1   1   8   0   4   4  10  26   0   0   0   4   8   0   9   1  0.27 0.22
   60 M     2   0   0  -1  -2   0   2  -3   3  -1  -1   0  -1  -1  -3  -1   0   2   1   0   22   6   3   2   1   3  13   0   9   3   5   4   2   2   0   1   7   3   5   9  0.17 0.18
   61 A     7  -5  -3  -5   1  -4  -5  -2  -2  -5  -5  -4  -4   1  -5  -1  -2  -6  -5  -4   82   0   1   0   3   0   0   2   1   0   0   0   0   6   0   2   2   0   0   0  1.55 0.67
   62 L    -3  -2  -6  -6  -4  -5  -5  -6  -2   5   4  -5   0   0  -6  -5  -4   1   3   1    1   2   0   0   0   0   0   0   1  37  36   0   1   3   0   0   0   2  11   5  0.95 0.43
   63 R    -1   0   1   5  -4   0   4  -3  -1  -5  -5   3  -4  -6  -4  -1  -3  -6  -5  -4    6   5   5  30   0   3  24   1   1   0   0  18   0   0   0   4   1   0   0   0  0.77 0.38
   64 Y     2   0   0  -3   2  -1  -2  -2   1   0   1  -1  -1  -3  -3   1  -1  -4  -1   1   23   7   6   0   4   3   1   1   3   4  19   2   0   0   0   9   3   0   2  11  0.16 0.17
   65 G    -4  -6  -2  -5  -7  -6  -5   8  -6  -8  -8  -6  -7  -7  -6  -4  -6  -7  -7  -7    0   0   2   0   0   0   1  97   0   0   0   0   0   0   0   0   0   0   0   0  2.57 0.84
   66 F    -4  -5  -5  -6   0  -5  -5  -1   2   4  -2  -5  -3   2  -6  -5  -4  -2   7   2    0   0   0   0   2   0   0   5   5  21   2   0   0   8   0   0   0   0  42  14  1.22 0.52
   67 R    -4   7   4  -2  -4  -1  -3  -5  -2  -4  -6  -2  -5  -6  -5  -2   3  -6  -5  -5    0  54  21   2   0   2   0   0   1   1   0   0   0   0   0   1  17   0   0   0  1.42 0.62
   68 A    -2  -4  -4  -5  -1  -2   0  -5   8  -4   2  -4  -2   4  -5  -3   0  -4   1  -3    3   0   0   0   1   1   6   0  38   0  21   0   1  18   0   1   7   0   3   1  1.08 0.50
   69 L    -5  -6  -6  -7  -5  -6  -6  -7  -5   6   1  -6  -2   6  -6  -6  -4   3   0   0    0   0   0   0   0   0   0   0   0  46  13   0   0  33   0   0   0   3   2   3  1.42 0.56
   70 D    -6  -6  -3   9  -8  -5  -3  -6  -5  -8  -8  -5  -8  -8  -6  -5  -5  -9  -8  -8    0   0   0 100   0   0   0   0   0   0   0   0   0   0   0   0   0   0   0   0  3.00 0.99
   71 T    -2  -5  -2  -5   6  -4  -5   1  -1  -4  -3  -4  -4  -6  -5   0   6  -6  -5  -2    2   0   1   0  14   0   0  10   2   0   2   0   0   0   0   6  61   0   0   2  1.34 0.62
   72 A     7  -5  -5  -5  -4  -5  -5  -4  -5  -5  -5  -5  -5  -6  -5   1  -4  -7  -6  -4   90   0   0   0   0   0   0   0   0   0   0   0   0   0   0  10   0   0   0   0  1.96 0.80
   73 A     1  -2   2   3   1   0   2  -3   1  -3  -3  -1  -2   2   0  -1  -2   0   2  -2   15   1  11  16   4   4  13   0   4   1   0   2   0   9   4   3   0   1   9   2  0.29 0.23
   74 Q     0  -3  -2   0  -1  -2  -3  -2   0   3   0  -3   3   1  -4  -1  -1  -4  -1   3    9   1   2   7   1   2   1   2   3  21   7   0   9   6   0   6   1   0   1  22  0.26 0.20
   75 P    -6  -6  -7  -8  -7  -6  -7  -8  -3  -6  -6  -6  -6  -1  -3  -6  -6  -2  10  -6    0   0   0   0   0   0   0   0   0   0   0   0   0   0   2   0   0   0  98   0  3.46 1.10
   76 S     1  -1   0  -1   0   1  -1   5   0  -4  -4  -1  -2  -2  -2   1  -2  -4  -4  -4    9   4   3   2   3   7   3  44   2   0   1   2   1   1   2  13   1   0   0   1  0.58 0.29
   77 V     0  -1   3   0  -2  -1  -1   0   0  -1  -1  -1  -2  -1   2   0   1   0   0   0    8   2  22   5   1   1   3   5   2   3   5   2   1   3  10   4  12   2   3   6  0.18 0.11
   78 Y    -1  -1   0  -1  -3   2   3   2   3  -3  -2   0  -2  -2  -1  -1  -2  -2   1  -2    3   2   3   2   1  10  27  20   7   2   4   4   1   1   3   3   2   0   6   2  0.35 0.18
   79 D    -2  -1   6   0  -4   0  -1  -3  -2  -4  -4   2  -3  -2  -1   2  -1  -4  -3  -2    1   3  40   4   0   3   3   1   0   1   1  15   0   2   3  14   3   0   0   3  0.70 0.35
   80 E    -4  -2  -1  -2  -6  -1   7  -5  -3  -5  -5  -3  -5  -5  -4  -1  -4  -5  -5  -5    1   1   3   0   0   1  84   1   0   0   1   0   0   0   0   4   0   0   0   1  1.87 0.71
   81 A     1   1  -1   0   0   0   2  -2   0   0  -1   1  -1  -3   0  -1  -1  -3  -2   1   15   8   2   4   2   3  19   2   3   5   7   9   2   0   4   2   2   0   0  12  0.13 0.12
   82 G     0  -2  -1  -1   0   0   2   2  -1   1   1  -2  -1  -1  -1  -1  -1   3  -2  -1    6   1   2   2   2   3  18  20   2  11  14   1   1   2   3   2   3   4   1   3  0.17 0.16
   83 L    -1  -3  -4  -1   1  -1  -2  -4  -4   3   2  -2   1  -1  -2  -3  -1  -4  -3   4    3   1   0   4   3   2   3   0   0  17  21   2   4   2   1   0   2   0   0  35  0.47 0.26
   84 G    -2  -1  -3  -4  -5  -4  -4   7  -4  -3  -3  -4  -5  -5  -4  -2  -3  -5  -5  -5    3   3   0   0   0   0   0  81   0   2   3   0   0   0   0   3   2   0   0   0  1.69 0.59
   85 E    -2   1   0   0  -4   3   4  -2  -2  -1  -2   3  -3  -4  -3  -1  -2  -4  -3  -1    2   8   5   3   0  12  32   3   1   5   3  18   0   0   1   4   1   0   0   4  0.48 0.28
   86 A     5  -3  -3  -3  -3  -3  -3   1  -4  -1  -3  -3  -3  -1  -3   0  -2   4  -3  -2   58   1   1   2   0   0   1  11   0   4   1   1   0   3   1   7   2   6   0   2  0.82 0.40
   87 L    -2  -2  -4  -4  -3  -2  -1  -4  -4   4   4  -2   2   0  -4  -3  -3  -3  -3   1    2   3   0   1   0   2   4   1   0  32  36   3   5   3   1   1   1   0   0   6  0.61 0.29
   88 Y     2   2  -1  -2  -3   2   0   0  -2  -3  -2   3  -2  -2  -2   0   0   1   1  -2   17  13   2   1   0  12   3   6   0   1   3  18   0   1   1   5   7   2   5   1  0.26 0.17
   89 V    -1   0   0   1  -2   1   3  -1  -1  -1   0   0  -1  -2   0   0  -1  -2  -2  -1    5   4   3   8   1   5  29   5   1   4  12   6   1   1   4   5   2   0   1   4  0.20 0.12
   90 S     1   1   0  -1  -1  -1  -1   1   0  -1   0   0  -1   0  -1   1   0  -1   1  -1   15   9   5   3   1   2   3  10   2   2   9   3   1   3   2  12   7   1   7   3  0.06 0.05
   91 D     0  -1  -1   0   0   0   1   1  -1   0   0   0   0   0   0   0   0  -1   0   0    5   3   2   5   2   5   9  11   1   6  10   7   2   3   5   5   4   1   3  11  0.01 0.01
   92 K     0   1   0   0  -1   0   0   2   1   0   0   0   0  -1   0   0   0   0  -1   0    6   8   3   4   1   4   4  17   4   5  10   8   1   2   3   4   3   2   2   8  0.03 0.02
   93 L     0   1   0  -1  -1   0   0   0  -1   0   1   0   0   0   0   0   0  -1  -1   0    5   9   4   3   1   4   4   9   1   3  18   6   1   4   4   8   6   1   2   5  0.02 0.01
   94 P     0   0   0   0  -1   0   0   1  -1   0  -1   1  -1  -1   0   1   0  -1  -1  -1    6   4   4   5   1   3   7  14   1   6   8  10   1   2   5  11   3   1   2   4  0.05 0.02
   95 K     0   0  -1  -1  -1   0   0   0  -1   0   1   2   0   0  -1  -1  -1   2  -1  -1    8   4   3   4   1   2   4   7   1   5  16  19   1   4   3   4   3   4   2   4  0.06 0.04
   96 V     0  -1  -1  -1   0  -1   0   0  -1   3   1  -1   0   1  -1  -1  -1  -1  -1   1    8   4   2   2   3   2   6   6   1  24  10   3   2   6   2   3   3   1   1  10  0.06 0.05
   97 A     1   1  -1   0  -2   1   1  -1  -1  -2  -1   3   0  -1   0   0   0  -2  -1  -1   17   6   2   5   1   5   9   3   1   2   5  22   2   3   3   5   5   0   1   4  0.14 0.09
   98 G     0   0   1   2  -2   1   2   0  -1  -2  -2   1  -2  -2  -1   1  -1  -2  -1  -1    9   4   6  12   1   4  19   8   1   2   5  10   1   1   3   9   2   0   2   3  0.17 0.09
   99 G     0  -1   0  -1  -1   0   0   3   0  -2  -1   1  -1  -1  -1   1  -1  -2   0  -1    5   2   3   3   2   5   4  29   3   2   6   9   1   3   3   9   3   0   3   6  0.17 0.08
  100 D     0  -1   1   0  -2   0  -1   3  -1   0  -1  -1  -1  -1  -1   0   1  -2  -2   0    7   4   7   5   1   4   3  25   1   6   6   3   1   2   2   7   9   0   1   8  0.13 0.07
  101 L    -1  -2  -2  -1  -2  -1  -2  -2  -1   2   1  -1  -1  -1  -2  -2  -1   3   0   4    4   1   1   3   1   2   2   4   2  13  10   3   1   2   1   2   3   4   3  39  0.33 0.17
  102 Q    -1   2   1  -1   0   0  -1  -3  -2  -3  -3   4  -2  -3   4   0  -2  -3  -1  -2    4  12   7   4   2   3   1   1   0   1   2  30   1   1  19   5   2   0   2   3  0.50 0.24
  103 R    -5   8  -4  -3  -6  -1  -4  -4  -4  -6  -6  -2  -5  -6  -5  -4  -5  -6  -5  -6    0  91   0   1   0   2   0   2   0   0   1   0   0   0   0   0   0   0   0   0  2.52 0.86
  104 A    -1  -3   0   3  -2   0   6  -4  -1  -5  -5  -1  -4  -5  -4   1  -1  -5  -5  -3    5   0   4  17   1   2  48   1   1   0   0   3   0   0   0  11   3   0   0   2  0.91 0.45
  105 A    -2   0  -1   5  -6   1   5  -4  -3  -5  -5   2  -5  -6  -4  -1  -3  -6  -5  -5    3   4   1  34   0   5  33   0   0   0   0  13   0   0   0   5   1   0   0   0  1.02 0.47
  106 V    -4  -5  -5  -5  -4  -4  -5  -6  -5   4   3  -5   3  -1  -5  -4  -3  -4   0   4    0   0   0   0   0   0   0   0   0  27  33   0   7   2   0   0   0   0   4  24  0.92 0.41
  107 W    -4  -4  -5  -5  -4  -2   0  -5  -4   1  -3  -1  -3   7  -5  -3  -1   4   0   3    0   0   0   0   0   2   7   0   0   6   1   4   0  43   0   1   3   5   2  25  1.04 0.47
  108 L    -4  -5  -5  -5  -2  -5  -5  -6  -5   6   2  -5  -2  -1  -5  -5  -3  -4   2   4    0   0   0   0   1   0   0   0   0  41  20   0   0   1   0   0   0   0   8  25  1.06 0.45
  109 Q     3  -4  -3  -3   1  -2  -3  -3  -4  -2  -2  -3   1  -4  -4   1   5  -5  -4   2   23   0   0   1   2   2   1   1   0   1   2   0   4   0   0  10  35   0   0  16  0.65 0.39
  110 T    -1  -4  -3  -2  -2  -4  -4  -2  -5  -4  -5  -4  -4  -5  -4   4   6  -6  -5  -4    3   0   0   2   1   0   0   2   0   1   0   0   0   0   0  34  54   0   0   0  1.41 0.65
  111 K    -5  -2  -4  -5  -7  -3  -3  -5  -5  -6  -6   8  -2  -7  -5  -4  -5  -6  -6  -6    0   0   0   0   0   0   0   0   0   0   0  95   1   0   0   0   0   0   0   0  2.52 0.91
  112 F    -2  -4  -4  -5   2  -4  -4  -5  -4   2   4  -4  -1   3  -4  -4  -2  -3   2   1    3   0   0   1   4   0   1   1   0  10  45   1   0  13   0   1   1   0   8  10  0.70 0.32
  113 V     0  -3  -1  -4  -3  -3  -3   1  -3  -3  -3  -3   0   2  -2  -1  -2  10   2  -1    8   1   3   1   0   1   1  13   0   1   2   1   2   7   2   5   2  41   5   4  1.38 0.45
  114 P     0  -1   3  -1   5  -2  -1  -1  -2   1  -2  -2  -1  -2   1   0   0  -3  -1  -1    7   4  18   3  17   1   4   5   0  10   2   1   1   2   8   7   5   0   2   3  0.30 0.18
  115 L     0   0   1  -1   0  -1  -1   0  -1  -2  -1  -1  -2  -2   0   1   3  -3   0   0    6   6   6   3   2   1   4   6   1   1   7   2   0   2   4  12  27   0   3   7  0.18 0.15
  116 S     0   0   1   2   0  -1   0   0  -1  -1  -1   0   0   1  -1   0   0   0   0  -1    6   7   6  14   3   1   3   7   1   3   6   6   2  10   2   9   4   1   4   4  0.05 0.05
  117 E     1   0   0   0  -2   1   0   1   5  -2  -1  -1  -1   0  -1   0  -1  -2   0  -1   11   4   3   5   0   7   4  11  20   1   7   3   2   4   3   6   3   0   2   4  0.21 0.14
  118 H    -1  -1   1   1  -2   0   1   0   5  -1  -1   0  -1   0  -1   0  -1   0   1  -1    5   2   6   8   1   2   9   9  19   4   5   5   1   3   3   5   4   1   5   3  0.18 0.10
  119 D     0   0   0   1  -2   0   1   0   1  -1  -1   1  -1   1   1   0  -1  -2  -1  -2    7   6   4  10   1   2   8   9   4   2   5  13   1   9   8   5   3   0   2   2  0.09 0.06
  120 I    -1  -1   0   2  -2  -1   1  -1  -1  -1  -1   1  -1   0   2   0   0   4  -1  -1    5   3   4  14   1   2   7   4   1   4   5  10   2   4  10   8   6   6   1   4  0.13 0.07
  121 H    -1   1   0   0  -2   0   1   0   2  -1   0   1  -1   0   0   0  -1   1   0  -1    4   8   5   6   1   4   8   8   7   3   9   8   1   4   5   7   2   3   3   4  0.05 0.03
  122 S     1   0   0   0  -1   0   1   1  -1  -1  -1   0   0  -1   0   1   0   1  -1   0   11   4   3   7   1   1   9  11   1   3   6   7   2   2   5   9   3   2   1  11  0.05 0.04
  123 V    -1   0   0   0   0   0   0   0  -1   1   0   0   0  -1  -1   0   0   0  -1   1    4   5   6   4   2   5   7   7   1  11  11   8   1   3   3   4   4   1   1  12  0.01 0.02
  124 P     0  -1   0  -1  -1   0   0   1  -1  -2  -2   0  -2  -2   5   0  -1  -2  -1  -2    6   4   4   4   1   3   6  12   1   2   4   6   1   2  29   5   3   1   2   3  0.40 0.13
  125 Y     1  -1   0   0  -1   0   1   1  -1   0  -1   0   0   0   0   0  -1   3   1  -1   15   2   3   5   1   4   9  11   1   6   5   5   2   4   4   7   3   6   5   3  0.07 0.04
  126 D     0   0   1   1   0  -1   0   0   0   0  -1   0  -1   1   0   0   0  -1   0  -1    6   4  10  12   3   2   4   9   2   5   7   4   2   7   3   5   6   1   4   5  0.03 0.03
  127 S     0   0  -1   0  -1   1   1   1   0  -1  -1   0   0   0   0   0   0  -1   0  -1    4   4   2   3   1  10   8  11   2   3   7   7   2   5   5   8   6   1   3   4  0.05 0.03
  128 E     0   1   0   0   0   1   0   0   0  -1  -1   1  -1  -1   0   0   0   2   0  -1    4  10   4   6   2   7   6   8   2   5   6  13   1   3   4   7   4   3   3   4  0.06 0.03
  129 A     1   1   0  -1   0   0   0   2   1  -1  -1   0  -1   0  -1   1   1  -1   0  -1   11   7   4   3   2   2   4  16   4   4   4   7   1   4   3   9  11   1   4   3  0.08 0.05
  130 S     0  -1   1  -1  -2  -1  -1   0   0  -1   2   0   0   0  -1   0   0  -2  -1   0    7   2   7   3   1   2   4   8   3   2  27   5   1   5   3   9   6   0   1   5  0.05 0.06
  131 V     0   1   0   1  -1   0   0   0   0  -2  -1   1  -1  -1  -1   2   0  -2   1  -1    6   7   4  11   1   3   3   9   3   1   5   8   1   2   1  19   5   0   6   4  0.10 0.08
  132 A     0   2   0   1   0   0  -1  -1  -1  -3  -2  -1  -2  -2   4   0  -1  -2   0  -2    9  16   4   9   2   3   3   5   1   1   4   3   1   1  23   8   4   1   3   1  0.35 0.17
  133 V     0   0  -1   2  -3   0   2  -1  -2  -2  -1   2  -2  -1  -2   0  -1   0  -1  -1   10   3   1  14   0   4  17   4   0   2   8  18   0   3   2   5   2   1   3   3  0.19 0.14
  134 Q    -1   1   1  -1  -3   1  -1  -2   4  -2   0   1   0   0  -2   2  -1  -2   2  -2    4   8   5   3   0   5   4   2  12   1  11   8   2   3   1  19   1   0   8   3  0.20 0.16
  135 V    -2  -3  -4  -4  -3  -1  -3  -4  -1   3   1  -3   1  -1  -1  -2   0  -4  -3   4    3   1   1   1   0   2   1   1   2  19  14   1   3   2   4   2   7   0   0  38  0.54 0.27
  136 E    -2   4  -2   0  -1   0   1  -3   1   0   0   1  -2   0  -2  -2  -2   0  -1   0    2  31   0   7   1   3   8   1   4   7  10   8   0   4   2   2   1   1   2   6  0.31 0.21
  137 Q     1   0   1   1  -2   1   2  -2  -1  -2  -1   1  -2  -1   2   1   0  -1   1  -2   13   4   6  10   0   5  12   1   1   2   7   8   0   2   9   9   4   1   6   2  0.15 0.13
  138 S     4  -2  -1  -2   1   1  -1   0   0  -2  -1  -3  -3  -4  -4   2  -2  -5  -2  -3   44   2   3   2   2   6   3   8   2   2   6   0   0   0   0  19   1   0   1   0  0.55 0.36
  139 T    -2  -5  -5   0   5  -4  -2  -5  -5   1   4  -5  -2   0  -5  -4  -1  -4  -3   3    3   0   0   6  14   0   3   0   0   6  39   0   0   4   0   0   3   0   0  21  0.72 0.37
  140 L    -2   3   0   3  -5   0   5  -4   0  -4   0   1  -2  -5  -4  -3  -3  -5  -4  -3    2  17   4  14   0   4  35   0   2   1   9   9   1   0   0   0   1   0   0   2  0.66 0.37
  141 G     2   1   0   1  -3   1   0   1  -2  -3  -2   2   1  -3  -3  -1   0  -4   1  -3   23   9   5   7   0   6   6   9   0   0   3  13   4   0   0   2   6   0   6   0  0.23 0.21
  142 S    -1  -4  -3  -3  -4  -1  -4  -2  -4  -5  -1  -4  -4  -5  -4   6   2  -6  -3  -4    4   0   0   1   0   3   0   2   0   0   6   0   0   0   0  70  10   0   1   1  1.31 0.65
  143 L    -3  -3  -5  -5   2  -2  -5  -5  -5  -1   6  -5   0  -2  -5  -5  -4  -4  -4   0    2   1   0   0   4   2   0   1   0   1  78   0   2   1   0   1   0   0   0   5  1.33 0.55
  144 R     0   3  -1   0  -4   2   1  -2   0  -3  -3   4  -1  -4  -2   1  -1  -2  -3  -3    6  18   1   6   0  10  10   1   2   1   1  28   2   0   0  10   1   1   0   1  0.43 0.23
  145 N    -1   5   2   2  -4  -1  -1  -3   0  -3  -3   2  -3  -4  -3  -2  -2  -4  -3  -1    5  42  11  12   0   1   1   1   2   1   1  14   0   0   0   1   1   0   0   5  0.65 0.29
  146 L    -3  -4  -5  -5  -1  -4  -4  -5  -4  -1   6  -4   1  -1  -4  -4  -1   3  -3  -1    1   0   0   0   1   0   1   1   0   1  80   0   2   1   0   1   3   4   0   2  1.14 0.42
  147 R    -2   0   1   0  -4   5  -1   4  -2  -4  -4   1  -3  -4  -3  -2  -3  -4  -4  -4    2   5   6   4   0  30   2  37   0   0   1   8   0   0   0   1   0   0   0   1  0.77 0.34
  148 T    -2  -2  -3  -4   1  -3  -3  -4  -4   2   4  -3   2  -1  -2  -2   2  -3  -3   2    1   2   0   0   3   0   0   1   0   8  43   0   4   1   1   1  19   0   0  14  0.50 0.26
  149 S    -1  -3   0   6  -4  -1   2  -1  -3  -4  -4  -1  -4  -4   1   0  -2  -4  -4  -4    5   1   3  51   0   1  13   5   0   1   1   2   0   0   6   7   2   0   0   1  0.85 0.32
  150 Y    -4   0  -4  -4   3   1  -3  -5   2  -4  -4  -2  -3   0  -4  -2  -4   1   8  -2    1   5   0   0   5   8   0   1   3   0   1   2   0   0   0   3   0   1  64   3  1.52 0.53
  151 V    -3  -4  -4  -5  -3  -4  -4  -5  -4   4   2  -4  -1   1  -4  -4  -2  -4  -2   4    1   0   0   0   0   0   0   1   0  32  22   0   0   5   0   1   0   0   0  36  0.80 0.32
  152 D    -4  -4  -2   8  -5  -3  -1  -2  -4  -5  -6  -3  -5  -5  -2  -3  -4  -6  -5  -5    1   0   0  88   0   0   2   3   0   0   1   0   0   0   2   1   0   0   0   0  2.06 0.61
  153 C    -2  -4  -4  -5   0  -4  -3  -5  -4   2   5  -4   1  -2  -4  -2  -3  -4  -3   1    1   0   0   0   2   0   1   1   0  12  66   0   2   0   0   3   0   0   0   8  0.86 0.34
  154 L    -3  -2  -4  -5  -2  -2  -4  -3  -2  -1   1  -4  -2   4  -4  -4  -2   1   7   1    1   2   0   0   1   1   0   3   0   1  15   0   0  15   0   1   2   2  46  10  0.99 0.38
  155 L    -3  -3  -3  -4  -3   2  -3  -4   0   2   3  -3   2   1  -4  -3  -3  -2   4  -1    1   0   0   0   0  13   0   1   3  13  37   0   5   5   0   1   0   0  18   2  0.55 0.28
  156 L    -1  -4  -5  -5   1   0  -4  -5  -5   5   2  -4   4  -2  -5  -3  -2  -4  -3   2    5   0   0   0   3   6   0   0   0  47  16   0  10   0   0   1   1   0   0  11  0.77 0.35
  157 S    -2  -4   0  -4  -6  -1  -2  -5  11  -7  -6  -4  -5  -5  -3  -3  -5  -6  -2  -7    3   0   5   0   0   1   2   0  86   0   0   0   0   0   1   2   0   0   0   0  2.84 0.82
  158 Q    -2   3  -4  -2  -5   0  -4  -2   0  -3  -3  -3   0   3  -5   1  -4  10   0  -3    2  18   0   2   0   3   0   2   2   1   1   0   3  13   0  11   0  38   2   1  1.31 0.48
  159 P    -3  -4  -4  -1  -4  -3  -3  -4  -4  -2  -4  -3  -1  -5   8  -1  -2  -5  -4  -4    1   1   1   4   0   1   1   1   0   2   1   1   1   0  77   6   2   0   0   1  2.03 0.55
  160 Y     0  -2  -1   1  -3  -2  -1  -2  -1   2  -1  -2   0   3  -3  -1  -1   3   2   2    7   1   3  11   0   1   3   3   1  12   2   2   2  14   0   2   4   4   9  18  0.17 0.14
  161 P     0  -2  -1   2  -4  -3  -1   0   0  -4  -3  -2  -4  -1   6  -1  -2  -5  -4  -2    8   1   2  11   0   0   4   6   2   1   2   2   0   3  49   4   2   0   0   2  0.99 0.37
  162 T    -1   0   0  -1  -1  -1  -1   0   0   0   0   0   0   1   0   1   1   1   0   0    3   5   5   3   1   1   2   8   2   4   8   9   2   7   3  12  14   2   3   6  0.04 0.06
  163 H    -1   1   0   2  -2   0   1  -1   1  -2  -3   2   0  -3   0   1   1  -1  -1  -1    1   8   4  16   1   1  11   2   4   2   1  14   3   0   5   9  10   1   2   4  0.20 0.14
  164 E     0  -1   0   1  -2  -1   2   0  -1  -1  -2   1  -2  -2   3  -1   0  -3   0   0    6   1   5   7   1   0  16   6   1   5   3  11   1   1  15   3   7   0   5   8  0.19 0.14
  165 E    -1  -1   1   3  -3   0   2  -1   1  -2  -2   1   1  -3   2   0  -1  -4  -3   0    3   1   7  19   0   4  12   5   3   1   2  10   5   1   9   6   3   0   0   8  0.23 0.16
  166 T    -1   0  -1   1  -3   0   2   1  -1   0  -2  -1  -1   1  -2   0   0   1   2  -1    3   5   2   8   0   3  17  14   1   9   1   2   1   5   1   6   5   2  11   3  0.13 0.13
  167 M    -1  -1   0  -1  -2   0   2  -2  -1   2   1   0   0   0  -1  -1   0  -3  -1   2    2   3   5   2   1   2  17   2   1  12  11   8   3   3   3   2   4   0   1  18  0.11 0.12
  168 L    -1  -2  -2   3  -4   0   4  -4  -2   1   1  -1   1  -3  -3  -1  -2  -4  -3   0    4   1   1  18   0   3  29   0   1   9  15   2   4   0   0   4   2   0   0   8  0.38 0.25
  169 A     1  -3  -3  -3  -3  -2  -1  -2  -4  -1  -2  -3   0  -4  -3   1   5  -4  -4   1   13   0   0   0   0   1   3   2   0   2   3   0   2   0   0  11  49   0   0  11  0.72 0.38
  170 W    -3  -4  -4  -4  -4  -3  -4  -4  -4   0  -1  -4   3   1  -4  -4  -3  11   0  -1    3   1   1   1   0   1   1   1   0   6   5   1   7   5   1   1   1  57   2   4  2.16 0.57
  171 R    -1   3  -1   1  -4   1   3   1   0  -4  -4   3  -3  -5   0  -1  -1  -4  -4  -4    6  20   1   6   0   5  24  10   2   0   0  16   0   0   4   2   4   0   0   0  0.48 0.27
  172 A     6  -3  -4  -3  -4  -1   1   2  -4  -4  -4  -2  -4  -4  -4   0  -3  -5  -3  -2   64   1   0   1   0   3   9  13   0   0   1   1   0   1   0   4   0   0   1   3  0.96 0.48
  173 M    -3  -5  -6  -7   2  -5  -6  -6  -5  -2   4  -5   8   1  -6  -5  -4  -5  -4  -3    1   0   0   0   4   0   0   0   0   0  43   0  46   6   0   0   0   0   0   0  1.70 0.65
  174 E    -1  -1   1  -2  -5   1   5  -3   3  -1  -3   1  -1  -5  -4  -2   0  -5  -4  -2    4   2   8   0   0   6  49   1   6   4   3   7   2   0   0   1   5   0   0   2  0.69 0.37
  175 A     0   0   0   2  -5   2   3  -3   2  -3  -3   4  -3  -3  -3  -1  -1  -1  -1  -3    6   2   4  11   0  10  22   1   5   1   1  26   0   1   0   3   4   1   2   0  0.47 0.27
  176 Q     0  -3  -5  -5   5  -1  -4  -4  -1   0   4  -4   1  -1  -5  -2  -2  -4  -2   1    9   1   0   0  12   3   0   1   1   3  52   0   3   1   0   2   1   0   1   9  0.69 0.35
  177 V    -3   0  -4  -4  -4   1  -3  -5   2   1   0   2  -2  -2  -2  -3  -3  -4   2   4    0   5   0   0   0   6   0   0   6   8   7  16   0   0   1   1   0   0   6  42  0.55 0.35
  178 A     0   0   1   4  -2   3   3  -1  -3  -4  -5   2  -3  -4  -3  -1  -2  -5  -4  -3    7   5   6  26   1  15  19   4   0   1   0  12   0   0   0   1   1   0   0   1  0.59 0.31
  179 N     2  -2   0   1  -4   3   3  -3  -1  -4  -1   1  -1  -4  -3   2   0  -5  -3  -3   16   1   3   6   0  13  25   0   1   0   8   7   1   0   0  14   4   0   0   1  0.40 0.27
  180 G    -3  -4  -2  -5  -6  -5  -4   7  -2  -7  -7   0  -6  -7  -6  -4  -5  -6  -6  -7    0   1   1   0   0   0   1  90   1   0   0   5   0   0   0   0   0   0   0   0  2.13 0.70
  181 N    -4   0  -2  -1  -5  -2  -3  -5   1  -2   4   5   2  -1  -4  -4  -3  -1  -4  -2    0   5   1   3   0   1   0   0   4   1  41  37   4   2   0   0   0   1   0   2  0.74 0.41
  182 A     3  -5  -5  -5  -1  -4  -4  -4  -5   3  -1  -4  -2   0  -4  -2   1  -5  -3   4   25   0   0   0   1   0   0   0   0  21   2   0   0   4   0   1  10   0   0  37  0.74 0.39
  183 L    -2   1   1   1  -3  -1  -1   0   3  -1   0   1   2   1  -3  -1  -2  -3  -1   0    0  10  10  10   0   0   0  10  10   0  10  10  10  10   0   0   0   0   0  10  0.11 0.12
  184 S     2  -1   0  -1  -3  -1   0  -1   2  -3  -3   0  -2   0  -3   2  -1  -1   5  -2   20   2   3   2   0   2   5   2   5   0   0   4   0   2   0  18   2   0  34   0  0.40 0.16
  185 L    -1  -4  -4  -5  -3  -4  -4  -4  -4   5   2  -4   0   1  -4  -3  -2   6   0   1    5   0   0   0   0   0   0   0   0  56  14   0   0   3   0   0   0  13   3   6  0.73 0.20
  186 G    -2  -4  -2  -3  -4  -4  -4   7  -4  -6  -6  -3  -5  -5  -4  -2  -3  -4  -5  -5    0   0   0   0   0   0   0 100   0   0   0   0   0   0   0   0   0   0   0   0  1.88 0.34
  187 L     0  -3  -3  -4  -2  -3  -3  -4  -4   3   1  -3   0  -2  -3   0   1  -4  -2   4    5   0   0   0   0   0   0   0   0  15  14   0   0   0   0   5  13   0   0  48  0.44 0.16
  188 S    -1  -5  -4  -4   2  -4  -4  -4  -5  -6  -7  -4  -6  -7  -5   7  -1  -7  -6  -6    2   0   0   0   5   0   0   0   0   0   0   0   0   0   0  91   2   0   0   0  2.11 0.93
  189 N    -4  -3   8   1  -4  -3   0  -3  -3  -5  -5  -3  -4  -5  -4   1  -2  -5  -4  -5    1   1  67   7   0   1   6   1   0   1   1   1   0   0   1   8   2   0   0   1  1.56 0.61
  190 C     1   0  -1  -1   1   0   0   0   0   0   0   0   1   0   0   0   0  -1   1   0   16   7   2   3   3   2   7   6   2   4   9   3   4   4   4   6   4   1   6   6  0.02 0.02
  191 Y    -2  -4  -2  -5  -2  -4  -4  -4  -1  -3  -1  -4  -3   7  -5  -2  -4   7   5  -3    3   1   3   1   1   0   1   1   1   1   4   1   0  46   1   3   1  15  17   1  1.43 0.53
  192 D     1  -1   3   1  -3   0   0   0   1  -3  -3  -1  -3  -4  -1   3   1  -4  -3  -1   15   2  15   6   0   5   5   6   4   0   2   1   0   0   3  22   8   0   0   4  0.29 0.23
  193 L     1   0  -1  -1   1  -1  -1  -1   1   1   0   0  -1  -1   1   0   0  -3  -1   1   16   4   1   2   3   0   3   5   5  11   6   6   0   3   7   9   6   0   2  11  0.06 0.09
  194 E     1   1   0   0  -3   2   2  -2   2  -2  -2   1   0  -1   0   1   0   3  -2  -2   11   8   3   4   0  10  16   1   6   2   2   8   4   2   4   9   5   5   0   2  0.20 0.17
  195 S    -2   0   0   0  -4   4   1  -3   5  -2  -1   2  -1  -1  -3  -1   0  -4   0  -2    2   5   4   3   0  22  10   1  16   2   8  11   1   3   0   2   6   0   2   2  0.41 0.29
  196 L    -1  -4  -4  -5   0  -4  -4  -2  -4   3   4  -4   2   0  -3  -3  -1   0  -1   1    6   0   0   0   2   0   0   3   0  21  42   0   4   4   1   1   3   1   2   7  0.54 0.30
  197 K     0   1   1   2  -2   2   3  -3   0  -3  -2   1   2  -3  -3  -1   0  -4  -1  -1    7   8   6  10   1  12  21   0   2   0   4   9   6   0   0   2   5   0   2   4  0.29 0.22
  198 K    -2   2   0   3  -4   1   3  -3   2  -4  -3   1   0  -4  -3  -1   1  -4  -1  -3    3  12   4  15   0   6  23   0   4   0   2   9   3   0   0   2  12   0   2   1  0.41 0.28
  199 V     1  -4  -4  -4  -1  -4  -4  -4  -4   4   3  -4  -1   0  -1  -3  -1  -3   1   1   14   0   0   0   1   0   0   0   0  25  34   0   1   3   3   0   3   0   6   7  0.52 0.30
  200 Y     1   0  -2  -4   1   0  -2  -4  -3   2   3  -2   0   1  -4  -3  -2   2   2   0   11   6   2   0   3   4   2   0   0  11  35   1   2   4   0   0   2   3   8   3  0.31 0.23
  201 D     1   3   2   1  -4   1   1  -2  -1  -3  -4   2  -3  -4  -2   2   0  -5  -3  -3   12  15   9   9   0   6   8   2   1   1   0  13   0   0   1  18   5   0   0   1  0.36 0.25
  202 E     1   0  -1  -1  -3   0   0  -1   1   0   0   2   1   0  -3  -1   0   2   2   0   14   3   1   3   0   2   7   3   3   5   9  15   4   4   0   3   4   3   8   9  0.07 0.11
  203 A     4  -2   1  -3   3  -3  -2  -1   3  -4  -2  -2  -3  -4   2   0   0   0   0  -2   38   1   7   0   6   0   1   4   9   0   3   1   0   0  12   5   7   1   3   1  0.49 0.34
  204 T     0   2   0  -1  -4   1   0   3  -1  -3  -2   2  -3  -1  -1  -1   1  -4  -1  -2    5  13   4   3   0   6   6  25   1   0   5  12   0   2   2   2   8   0   2   3  0.25 0.20
  205 V    -2  -4  -3  -2  -3  -4  -3  -1   0   4   2  -2  -1   0  -3  -4  -3   3  -1   3    1   0   1   2   0   0   2   5   3  31  16   3   0   3   1   0   0   4   2  24  0.51 0.31
  206 K    -1   2  -2  -2  -2   0  -1  -2   2  -3  -2   4  -2  -3   3  -2   1  -4  -2  -1    4  10   0   2   1   3   2   2   6   1   5  28   1   1  17   1  11   0   1   4  0.42 0.28
  207 P    -4  -1  -4  -4  -1  -1  -4  -5   1  -1  -1  -1  -4  -3   7  -4  -4   2   1  -3    1   3   0   0   1   3   0   1   3   4   6   5   0   1  61   1   0   3   6   1  1.48 0.58
  208 K     3  -2   0  -3   0  -2  -3  -2  -2   0  -1   0   0   2  -1   0   1  -3  -2   2   27   1   5   0   2   1   0   1   1   6   3   7   2   9   2   3  11   0   0  17  0.23 0.23
  209 V     0  -5  -4  -5   2  -4  -4  -5  -5   2  -2  -4   0  -4   1   0   1  -1  -2   5    8   0   0   0   4   0   0   0   0  11   0   0   2   0   7   6  11   1   1  47  0.71 0.43
  210 L    -2  -3   5   0  -2  -3   0  -2   1   0   1  -3  -3  -1  -4   0  -1  -4   1   1    3   0  37   3   1   0   5   2   3   5  13   0   0   2   0   6   2   0   6  12  0.48 0.34
  211 Q    -3  -3  -1  -4   2   8  -2  -6  -4  -5  -3  -3   3  -6  -5  -4  -2  -6  -1  -1    2   0   3   0   4  72   0   0   0   0   3   0   6   0   0   0   2   0   3   4  1.80 0.83
  212 N    -1  -1   2  -4  -4   1  -3  -1  -1   4  -1  -3   1   0   0  -3  -3  -5  -3   3    5   3  10   0   0   9   1   5   1  25   2   0   3   4   4   0   0   0   0  27  0.41 0.32
  213 R    -4  -2   2   0  -6   3   6  -2   0  -3  -1  -2   1  -5  -3  -2  -2   0  -5  -5    0   1   8   4   0  12  53   3   2   1   6   1   4   0   1   1   2   1   0   0  0.93 0.52
  214 F    -2  -2  -2  -2  -2  -2   0  -2   1   0   1  -2   0   3  -2  -1  -1   2   5   0    2   2   2   1   1   1   7   2   4   6  11   2   1  14   1   6   3   3  21   8  0.27 0.16
  215 V    -2  -3   1  -3   2  -1   1  -4   6  -1   2  -3   1  -1  -4   0  -3   4   1  -1    3   0   6   0   5   2  12   0  21   3  20   0   3   1   0   8   0   5   5   4  0.43 0.30
  216 R     0  -1   2  -3   4   0  -3  -3   6  -3  -2  -3  -1  -4   2   1  -2   3  -2  -4    9   4  12   0   9   3   0   1  25   2   5   0   2   0  12  10   1   4   1   0  0.63 0.39
  217 E    -2   1  -2  -1   0  -1  -2  -4   3  -2   0  -1  -2   2   5   0  -1  -4   1  -2    2  10   2   4   2   2   1   0  10   2   9   2   1   8  28   7   3   0   5   2  0.48 0.29
  218 T    -1   1  -1  -1   0  -2  -1  -3   0   0   2  -3  -1  -1   1  -2   0   3   4  -1    4   9   3   3   2   1   4   1   2   6  21   0   1   0   7   2   6   5  19   4  0.26 0.24
  219 G    -2   1  -1   0  -1  -1  -1  -1  -1  -2   2   0   0   1   0   0  -2   4   3  -1    1   8   2   6   1   2   3   4   1   1  21   5   3   6   5   6   1   7  13   4  0.18 0.18
  220 F    -1   2   1  -1  -3   4   0  -3  -1  -1   0   0   1   1  -2  -2   0  -3  -2   1    6  12   7   2   0  21   6   0   1   2   8   2   5   8   1   1   6   0   0  11  0.22 0.22
  221 D    -3  -1   2   1  -5   6   4  -4  -3  -5  -3  -1  -4  -6   0  -1  -2  -5  -4  -2    1   2   9   7   0  36  27   0   0   0   3   2   0   0   5   3   1   0   0   3  0.88 0.49
  222 V     0   3   0   1  -4   1   2  -3  -2  -2  -2   2   1  -3   1  -1   0  -4  -2  -1    6  15   3   7   0   4  18   0   0   1   2  12   5   1   8   3   7   0   1   6  0.25 0.20
  223 S    -1   0  -1   2  -5   1   4   0  -2  -5  -5   3  -4  -3  -2   0  -1  -5  -2  -4    3   3   2  12   0   4  33   8   0   0   0  21   0   1   1   5   4   0   1   1  0.59 0.35
  224 L    -2  -4  -5  -5  -4  -4  -2  -5  -2   3   5  -4   3   0  -5  -4  -2   0  -3   1    3   0   0   0   0   0   3   0   1  16  54   0   7   4   0   0   2   1   0   7  0.82 0.41
  225 R    -2   1  -3  -4  -2  -2  -3  -5   0   3   3  -1   2  -1  -1  -3  -1  -4  -2   2    2  10   1   0   0   1   1   0   3  20  30   3   4   2   3   0   3   0   1  15  0.39 0.26
  226 Q     0  -2  -1   2  -5   0   3  -4  -3  -5  -3   1  -4  -1   5  -1  -2  -5  -3  -4   10   1   2  11   0   4  24   0   0   0   2   8   0   3  30   4   1   0   1   0  0.75 0.40
  227 F    -1  -4  -4  -5  -2  -2  -2  -5   1  -2   1  -3   2   5  -1  -3   0   3   5  -1    6   0   0   0   1   1   3   0   3   1  14   1   5  22   3   1   7   4  23   4  0.60 0.34
  228 C     1  -1   1  -6  10  -1  -5  -5   0  -4  -1  -5  -3  -3  -6  -2  -3  -5   0  -3   13   3   6   0  55   3   0   0   2   0   7   0   1   1   0   2   1   0   4   2  1.70 0.67
  229 S     0   3  -1   0  -5   4   1  -4   2  -3  -2   4  -2  -2  -4  -2  -2  -3  -2  -4    7  16   2   4   0  21   6   0   6   1   4  26   1   2   0   2   1   0   1   0  0.57 0.36
  230 Q    -1   1   0   1  -3   3   3  -2   0  -3  -2   2  -1  -4  -2   2   0  -4  -2  -4    4   5   4   7   0  12  18   2   2   1   3  16   2   0   1  18   4   0   1   0  0.35 0.26
  231 R    -3   0   2  -2  -5   1   1  -4   6  -1   1   3  -3  -1  -4  -2  -1  -4   1  -3    1   3  10   1   0   5  11   0  20   3  14  20   0   3   0   1   3   0   4   0  0.46 0.33
  232 G    -3  -2   2   2  -6   0  -3   6  -3  -7  -7  -2  -6  -7  -5  -3  -3  -6  -6  -6    0   2   9  11   0   4   1  69   1   0   0   2   0   0   0   0   1   0   0   0  1.52 0.64
  233 I    -4  -3  -6  -6  -4  -5  -3  -6  -6   7   1  -5   2  -3  -5  -4  -4  -5  -2   3    0   1   0   0   0   0   2   0   0  58  11   0   5   0   0   1   0   0   1  20  1.28 0.55
  234 Q     1   0  -2  -3  -3   1  -2   3   2   0  -1  -1  -1  -2  -1   0   0  -4  -3   1   12   6   0   0   0   8   2  27   7   5   5   2   1   1   3   5   5   0   0  14  0.25 0.21
  235 Y    -1  -4  -5  -5  -1  -4  -4  -5  -4   3   3  -4   0   1  -1  -3   1  -4  -1   4    4   0   0   0   1   0   0   0   0  18  27   0   1   6   4   1   8   0   2  28  0.56 0.32
  236 Q    -1  -2  -3  -3   0   0   1  -4  -3   2   0  -3   3  -3  -4  -1   3  -4   0   3    4   2   0   0   2   5  11   0   0  13   6   0   7   0   0   4  22   0   3  20  0.34 0.28
  237 S     5  -4  -4  -4  -1  -3  -3   0  -4  -4  -3  -2  -4  -5   3   1   1  -5  -5  -2   54   0   0   0   1   0   0   6   0   0   1   2   0   0  14  11   7   0   0   3  0.88 0.47
  238 F    -3  -3  -6  -7  -6  -5  -6  -6   0  -4  -3  -6  -4   3  -6  -5  -5   9   8  -5    2   2   0   0   0   0   0   0   2   1   2   0   0   9   0   0   0  25  57   0  2.37 0.82
  239 G    -1  -1   0  -3  -1  -3  -3   2  -4  -5  -5  -3  -1  -1  -4   6   0  -5  -2  -5    3   3   5   0   1   0   0  18   0   0   0   0   2   2   0  61   3   0   1   0  1.04 0.56
  240 T    -1  -6  -4  -5   0  -5  -5  -5  -6  -5  -6  -5  -5  -6   8   0   1  -7  -2  -1    6   0   1   0   2   0   0   0   0   0   0   0   0   0  70   8   8   0   2   4  1.96 0.75
  241 I    -5  -5  -3  -6  -5  -2  -3  -7   0  -1   6  -5  -1   2  -3  -5  -4  -5  -4  -1    0   0   1   0   0   2   2   0   3   2  79   0   0   7   1   0   1   0   0   3  1.31 0.58
  242 S     3  -4  -1  -4   1  -2  -3   5  -5  -5  -5  -3  -2  -5  -5  -1  -2   6  -4  -3   25   0   2   0   3   2   1  47   0   0   0   1   1   0   0   3   1  11   0   2  1.06 0.50
  243 G    -1   1  -1  -1  -4   1  -2   3  -1  -4  -1  -1  -3  -4   2   2   0  -4  -2  -2    3  10   2   2   0   7   0  26   2   0   8   2   0   0   9  22   4   0   2   2  0.36 0.27
  244 N    -1  -2  -1  -2  -5   1  -2   5  -2  -5  -3   0  -4  -3   1   1  -1  -5  -5  -5    3   2   2   1   0   6   2  48   1   0   2   7   0   1   8  12   4   0   0   0  0.74 0.39
  245 E     1   1   2   2  -3   1   2  -2  -1  -2  -2   2  -2  -3   0   1  -1  -3   0  -3   12   9   9  13   0   4  12   1   1   1   3  12   0   0   5  11   2   0   4   1  0.23 0.17
  246 E     0   2   0   1  -4   0   1   0  -1  -2  -2   2  -2  -1   2  -1  -1   0   1  -2    6  16   3   8   0   2  11   7   1   1   4  17   0   2  10   2   1   2   6   2  0.22 0.16
  247 V    -1  -1  -2  -4  -3  -1  -3  -2  -1   1   3  -1   0   0  -2  -2  -1  -3  -2   3    4   3   1   0   0   3   0   3   2   7  39   3   0   3   2   3   4   0   1  22  0.32 0.21
  248 I    -2  -2  -2  -3  -3  -1  -1  -3  -3   1   3  -1   3   1   1  -2  -1  -3  -2   0    1   2   2   1   0   3   4   2   0   9  39   4   8   7   8   2   4   0   1   3  0.31 0.22
  249 N     0  -1   1   3  -4   0   3  -1  -1  -2  -3   1  -3  -4  -2   1   0  -4  -3  -1    6   2   6  21   0   3  21   4   1   2   1   8   0   0   1  13   6   0   0   4  0.36 0.23
  250 S    -1  -1   3   4  -4   0   2  -2   3  -3  -4  -1  -2  -4  -1   2  -1  -5  -3  -2    5   2  17  23   0   3  15   2   8   1   0   3   1   0   2  15   2   0   0   2  0.48 0.28
  251 N    -1  -2   1   2  -5  -1   3  -2   0  -3  -5   1  -4  -5   5  -1  -1  -5  -4  -4    5   1   5  10   0   1  25   2   2   1   0   9   0   0  31   3   4   0   0   0  0.75 0.36
  252 E    -1   1  -2   0  -3   0   1  -3  -3   0  -1   1  -2  -2   0  -1   2  -4  -3   3    4   9   0   5   0   4   9   1   0   6   3   8   0   1   4   3  17   0   0  24  0.20 0.20
  253 V    -3  -5  -5  -6  -4  -5  -5  -6  -5   4   5  -5  -1   0  -5  -4  -2   0  -3   3    0   0   0   0   0   0   0   0   0  22  52   0   0   3   0   0   1   1   0  20  0.98 0.43
  254 W     0   1   1   1   1   2   1  -2   0  -2  -1   2  -2  -3  -3   0   1   0  -3  -1    6   5   7   6   4   9  10   2   2   1   5  19   0   0   0   7  10   1   0   3  0.19 0.15
  255 N     2   0  -1   1  -3   1   2  -1  -2  -3  -4   2  -2  -4   1   1  -1  -4  -3  -2   20   3   1   8   0   6  16   4   0   1   0  17   1   0   6  11   3   0   0   1  0.32 0.22
  256 I    -1  -5  -5  -5  -3  -4  -5  -4  -5   6   2  -5   4  -3  -5  -4  -3  -5  -4   3    4   0   0   0   0   0   0   1   0  44  21   0  10   0   0   0   0   0   0  19  0.97 0.42
  257 A     6  -4  -4  -4   2   0  -3  -1  -4  -4  -5  -4  -4  -5  -4   1  -3  -5  -5  -3   76   0   0   0   5   4   1   3   0   0   0   0   0   0   0   9   0   0   0   0  1.34 0.60
  258 E     1  -1   0   1  -4   2   4  -1   1  -4  -3   3  -2  -4  -3   0  -1  -5  -3  -1   12   1   3   6   0   7  30   3   3   0   1  23   1   0   0   4   2   0   0   4  0.47 0.29
  259 R     0   2  -2  -1  -5   2   2  -4  -3  -5  -5   5  -4  -5  -1   1  -2  -5  -4  -3    9  10   1   3   0   7  14   0   0   0   0  41   0   0   2  11   1   0   0   1  0.69 0.38
  260 L    -4   1  -1  -4  -5  -2  -3  -5   6   0   1   2  -1  -2  -5  -3  -4   2   5  -2    0   6   2   0   0   1   0   0  23   7  14  16   1   0   0   0   0   2  24   2  0.80 0.43
  261 V    -3  -2   4  -1  -5  -1  -3   5  -1  -5  -6   1  -5  -6  -1  -2  -4  -6  -5  -3    0   1  21   3   0   3   0  52   1   1   0  11   0   0   3   2   0   0   0   2  1.03 0.47
  262 A     1   2  -3  -1   4   1   0  -4  -3   0  -3   4  -3  -4  -4  -2  -2  -1  -3   1   10   9   0   3  12   6   5   0   0   5   1  36   0   0   0   0   2   1   0  10  0.52 0.33
  263 T    -2  -4  -2  -1  -4  -3  -3  -4  -4  -2  -5   0  -4  -5   0   4   6  -6  -5  -3    1   0   1   3   0   0   0   0   0   3   0   6   0   0   4  35  47   0   0   0  1.04 0.55
  264 P     0  -3  -4  -3  -4  -2   0  -3  -4   1  -1  -3   3  -4   6  -2   0  -5  -4   2    6   1   0   1   0   1   7   1   0   8   6   0   9   0  41   1   5   0   0  13  0.83 0.40
  265 A     5  -4  -3  -3  -3  -3  -3   0  -4  -3  -3  -3  -2  -4   0   1   2  -5  -4  -2   62   0   1   1   0   0   1   5   0   1   1   0   1   1   5   7  13   0   0   1  0.91 0.49
  266 V    -2  -3   0  -2  -6   8   0  -5   2  -5  -1  -1  -1  -6  -5  -1  -1  -5  -4  -3    3   0   4   1   0  66   4   0   5   0   7   2   1   0   0   3   3   0   0   1  1.39 0.65
  267 T    -2  -5  -5  -3  -4  -4  -3  -6  -5   4   2  -3   1  -3  -5  -4  -2  -5  -4   5    1   0   0   1   0   0   1   0   0  28  20   1   2   0   0   0   2   0   0  42  0.94 0.43
  268 W     4  -4  -4  -5   1  -4  -4  -3  -4   1   2  -4   0  -3  -4   0  -3   3  -4   0   46   0   0   0   3   0   0   0   0   7  24   0   2   0   0   7   0   4   0   7  0.67 0.40
  269 I    -4  -5  -6  -6  -2  -2  -5  -6  -5   4   5  -5   0  -1  -6  -5  -2  -4  -1   1    0   0   0   0   0   2   0   0   0  24  62   0   1   1   0   0   1   0   2   6  1.12 0.48
  270 T     4   6  -2  -4  -4   0  -3  -4  -4  -5  -5   0  -4  -5  -1   0  -2  -6  -5  -4   39  43   1   0   0   3   0   0   0   0   0   3   0   0   3   6   1   0   0   0  1.07 0.53
  271 F    -7  -7  -8  -8  -7  -6  -7  -7  -3  -6  -6  -7  -5   2  -8  -7  -7  12   5  -7    0   0   0   0   0   0   0   0   1   0   0   0   0   8   0   0   0  71  21   0  3.64 1.05
  272 V     1  -3  -1  -2   3   1  -2  -2   2   0   1  -3  -1  -3  -2   0  -1  -4  -2   3   11   0   3   2   8   9   1   3   7   4  18   0   0   0   1   8   2   0   1  24  0.22 0.22
  273 R    -2   0  -1  -5  -3  -2  -4  -5   1   2   4  -3   2  -1  -5  -3   0  -3   2   0    2   5   4   0   0   1   0   0   4  14  44   0   6   1   0   0   6   0   7   6  0.51 0.31
  274 A     0   1  -1   0  -2   6   1  -3   4  -4  -5   1  -3  -5  -4   1  -1  -5  -4  -4    7   6   2   4   1  43   5   1   9   1   0   7   0   0   0  11   2   0   0   0  0.83 0.45
  275 L    -3   5   0  -3  -3   4   1  -3   1  -4  -1   3  -1  -4  -4  -2  -3  -5  -4  -4    1  35   5   0   0  19   7   1   4   0   8  16   1   0   0   1   0   0   0   0  0.75 0.39
  276 G     0  -4   1  -2  -4  -4  -3   6  -4  -2  -5  -2  -4  -5   1  -1  -3  -5  -3  -2    7   1   6   1   0   0   1  62   0   3   0   2   0   0   8   4   1   0   1   3  1.03 0.44
  277 V    -1  -4   0   0  -1  -3  -3  -4   0   3   0  -4   0   0  -4  -1   0  -4   2   4    4   0   5   5   1   0   1   0   2  16   5   0   1   3   0   4   6   0   8  39  0.42 0.28
  278 V     1  -4  -3  -4   3  -3  -4  -3  -2   2   0  -3   0   1  -3   2  -1  -4  -1   3   12   0   0   0   6   0   0   1   1  11   7   0   2   7   1  18   2   0   2  30  0.38 0.28
  279 P    -1  -5  -5  -5  -1  -4  -5  -5  -5   0   0  -4  -3  -3   5  -3   0  -6  -4   5    4   0   0   0   1   0   0   0   0   4   7   0   0   0  34   0   7   0   0  42  1.08 0.49
  280 V    -4  -6  -6  -6  -4  -6  -6  -7  -6   7   3  -6  -1  -2  -6  -5  -4  -5  -4   2    0   0   0   0   0   0   0   0   0  64  26   0   0   1   0   0   0   0   0   9  1.49 0.58
  281 T     0  -5  -3  -4  -4  -4  -4  -3  -5   1  -1  -4  -3  -2   6  -2   1  -1  -4   2    7   0   1   0   0   0   0   2   0   9   4   0   0   2  45   2   7   1   0  18  1.02 0.45
  282 E    -3   0  -3  -4  -6  -2  -2   5  -4  -6  -6   5  -5  -6  -4  -2  -1  -6  -5  -3    0   4   0   0   0   1   1  42   0   0   0  45   0   0   0   2   4   0   0   2  1.19 0.54
  283 T     2  -4  -3  -3  -4  -3  -3   0  -4  -2  -2  -3  -1  -3  -2   5   2  -5  -4  -2   14   0   0   0   0   0   0   6   0   2   3   0   2   1   1  56  14   0   0   2  0.86 0.49
  284 T    -1   1   1  -3  -3  -2  -3  -1  -3  -2  -2   0  -2   2  -3   3   2  -4   0   1    3  10   7   0   0   0   0   4   0   1   1   5   1   9   0  27  16   0   3  13  0.29 0.26
  285 V    -1   1   4   0  -4  -2  -2  -3  -1  -2  -4   4  -3  -3  -4   1   3  -5  -3  -3    3   7  21   3   0   0   0   0   1   2   1  31   0   1   0  10  17   0   1   1  0.60 0.36
  286 E     0  -1  -4  -2  -2  -2   3  -4  -2   2  -2   0  -1  -3   5  -3  -2  -5  -4   2    6   3   0   1   1   0  21   0   1  14   1   6   1   1  27   0   1   0   0  16  0.57 0.33
  287 E     0   0  -1   2  -5   1   5  -1   0  -5  -5   1  -4  -5  -3   1  -2  -5  -4  -3    9   4   2   8   0   6  45   4   2   0   0   6   0   0   0  10   1   0   0   2  0.66 0.36
  288 E    -4   6   1  -4  -6   4   0  -5   5  -6  -3  -1  -4  -5  -5  -3  -3  -5  -2  -5    0  51   7   0   0  17   5   0  15   0   2   0   0   0   0   0   1   0   1   0  1.31 0.57
  289 M    -3  -5  -6  -6  -4  -4  -5  -6  -5   5   4  -5   4  -1  -5  -5  -3  -5  -4   1    1   0   0   0   0   1   0   0   0  40  39   0  11   1   0   0   0   0   0   7  1.11 0.46
  290 R     1   2   0   0  -4   1   2  -3   0  -1  -1   4  -2  -3  -3  -1  -1  -4  -2  -1   11  13   5   5   0   4  14   0   2   3   5  28   1   0   0   3   1   0   1   4  0.32 0.22
  291 D     0  -3  -2   1  -5   4   5  -1  -3  -5  -5  -1  -4  -3  -4   1  -2  -5  -4  -4    6   0   1   8   0  17  49   5   0   0   0   1   0   1   0   9   2   0   0   1  0.91 0.45
  292 D     0  -4   8  -1  -5  -3  -3  -4  -3  -6  -3  -3  -5  -4  -3  -2  -2  -6  -5  -3    8   0  79   2   0   0   0   0   0   0   3   0   0   1   1   2   1   0   0   1  1.83 0.70
  293 L    -1  -4  -5  -5  -3  -4  -5  -4  -5   4   3  -4   2   3  -5  -3  -2  -3  -2   2    5   1   0   0   0   0   0   1   0  22  35   0   4  15   0   1   1   0   0  14  0.66 0.32
  294 M     1  -1   2   3  -4   3   2  -1  -1  -4  -2   2  -1  -1  -3  -1  -2  -4  -3  -3   11   1   8  17   0  17  15   5   1   0   4  14   1   3   0   1   0   0   0   1  0.37 0.25
  295 L     2  -4  -4  -3  -3  -3  -3  -2  -2   3   0  -3  -2  -2  -4   1  -1  -4  -2   4   23   0   0   1   0   1   1   2   1  18   6   0   0   1   0  12   2   0   1  32  0.46 0.30
  296 P    -2  -4  -3  -2  -4  -2  -2  -5  -4   1   1  -2  -2   6   0  -3  -1   0  -1   2    4   0   1   2   0   2   2   0   0   9  11   2   0  43   5   1   4   1   0  13  0.67 0.34
  297 V    -3  -2   1   5  -5   2   2   0   0  -4  -4   2  -2  -5  -2  -1  -1  -5  -4  -1    0   0   6  34   0   8  16   7   2   0   1  13   1   0   1   3   4   0   0   4  0.58 0.32
  298 L    -3  -5  -6  -7  -4  -5  -6  -6  -6   0   6  -6  -1   2  -6  -5  -4   5  -3  -2    1   0   0   0   0   0   0   0   0   3  78   0   0   9   0   0   0   9   0   0  1.49 0.59
  299 N    -1  -3   0   1  -1  -2   1  -3  -2  -4  -4  -2  -4  -5  -2   4   5  -5  -4  -3    2   0   2   8   1   0   8   1   1   0   1   2   0   0   2  34  37   0   0   0  0.79 0.44
  300 P     0  -1  -1   1  -4   0   2  -3  -2  -2   1   1  -2  -3   4   1  -1  -4  -3  -2    8   2   1  10   0   3  13   0   1   2  15   9   0   1  22  10   2   0   0   1  0.35 0.22
  301 L    -1  -3  -1   2  -5   1   6  -4  -2  -4  -2  -1  -2  -5  -2   0   0  -5  -4  -4    5   0   1   9   0   6  57   0   0   1   5   3   1   0   1   5   6   0   0   0  0.90 0.45
  302 E    -3  -3  -1   5  -5   1   5  -3   0  -3  -4  -2  -4  -5  -4  -2  -1  -6  -5  -2    1   0   1  40   0   6  37   2   2   2   1   1   0   0   0   2   4   0   0   2  1.03 0.46
  303 I    -2  -2  -3  -2  -3  -1  -1  -4  -2   3   1  -2   7   1  -4  -2  -2  -4  -2   1    3   2   1   2   0   3   5   1   1  20   9   3  32   5   0   2   1   0   1  10  0.57 0.33
  304 R     1   1   0   3  -4   1   3  -3   0  -4  -4   3   0  -4  -3   0  -1  -4  -3  -3   11   8   4  17   0   6  17   0   2   0   0  23   3   0   0   5   3   0   0   1  0.45 0.26
  305 R     1   0  -1   0  -3   1   3  -3  -1  -1  -1   1   0   0  -3  -1   0  -3   1   0   16   5   1   4   0   7  21   0   1   2   4  10   3   4   0   2   6   0   7   6  0.18 0.17
  306 L    -3  -5  -5  -5  -4  -5  -5  -6  -5   6   4  -5   2  -1  -5  -4  -3  -4  -3   1    1   0   0   0   0   0   0   0   0  44  43   0   4   1   0   0   1   0   0   4  1.10 0.44
  307 C    -1  -2   3   4   1   0   3  -1   0  -4  -3  -2  -3  -3  -3   1   0  -5  -2  -3    5   1  13  27   3   3  21   3   2   0   3   1   0   1   0  11   5   0   1   1  0.49 0.28
  308 E     1   0   0   2  -4   1   3   0  -2  -4  -4   1  -3  -5  -3   2   0  -5  -4  -4   12   4   3  13   0   7  24   8   0   0   1  11   0   0   0  14   4   0   0   0  0.42 0.24
  309 M    -2  -4  -2  -5  -3  -3  -4  -5  -4   3   4  -4   3   1  -2  -3  -3   0   1   1    3   0   2   0   0   0   0   0   0  20  44   0   8   4   2   0   0   1   5   8  0.61 0.28
  310 L     2  -2   1   2  -2  -1   0   0  -1  -2   1  -1  -2  -2   0   2  -1  -3   1  -2   20   0   7  16   0   0   4   6   1   0  16   1   0   0   4  17   0   0   6   0  0.18 0.15
  311 N    -1   1   3   0  -2   1   3  -2   2  -2  -3   1  -2  -3  -2   0   0  -3   0  -3    4   7  22   3   1   7  21   2   4   2   0   9   0   0   0   7   5   0   4   0  0.33 0.17
  312 I    -1  -2   1   2  -3  -2   0  -2  -2   2   1   0  -1  -2   1  -2  -1  -3  -1   1    5   0   7  16   0   0   4   1   0  22  14  10   0   0   7   0   1   0   3  10  0.15 0.12
  313 P    -2  -1  -2   0   0  -1   0  -1  -1  -2   1  -2  -2  -1   6  -1  -2   1  -3  -1    0   3   1   6   2   2   7   4   1   0  15   1   0   3  44   3   0   2   0   4  0.72 0.24
  314 A     1   1  -1  -1  -3   4   1   0   0  -2  -2  -1  -1   1   0   1  -1  -3  -1  -1   12   8   0   1   0  27   5   8   2   2   1   0   1   7   4  15   0   0   2   3  0.24 0.16
  315 P     0   2   1  -2  -3  -1  -1   0  -2  -2  -1   0  -2  -1   4   1   0  -3  -2   0    7  17   8   0   0   1   3   6   0   0   4   2   0   4  23  12   3   0   0   9  0.32 0.15
  316 K    -1   3   0  -1   0   1   0  -1  -2  -3  -3   5   0  -3  -3  -2  -2  -3   2  -3    3  14   4   2   3   6   3   4   0   2   0  47   2   0   0   0   0   0   8   0  0.51 0.22
  317 G    -1   1   0  -2  -3  -2  -2   5  -2  -4  -3  -2  -3  -1   0   1  -2  -3  -3  -3    1  11   4   1   0   0   1  58   0   0   3   1   0   3   4  11   1   0   0   1  0.70 0.20
  318 L    -2  -2  -2   0  -2  -2  -1  -3  -2   1   3  -2   2   2  -2  -2   0  -2   0   1    1   1   1   5   0   1   6   1   0   3  40   1   8  11   1   1   8   0   3   9  0.21 0.09
  319 I     0   0   0  -2  -2  -1  -2   0  -1   2   0  -1   0   1  -2   0   0   3   1   1    9   6   8   1   0   1   1   8   0  24   4   1   0   5   1   4   6   5   6  10  0.07 0.05
  320 T    -1   0   1   1  -2  -1   0  -1   0  -1  -1   0  -1   0   2   0   1   3   1   0    3   4   8   8   0   0   3   4   3   4   4   7   0   3  13   5  10   6   6   9  0.13 0.04
  321 P    -1  -3  -3   0  -4  -2  -1  -3  -3  -4  -4   0  -4  -4   8  -2   0  -4   0  -3    3   0   0   5   0   0   2   0   0   0   0   6   0   0  75   0   5   0   4   0  1.69 0.27
  322 W    -2  -2   0  -3  -3   1  -2  -3  -1  -3  -1  -2  -2   0   1   0  -2  10   4  -3    0   0   7   0   0   9   0   0   0   0   4   0   0   0   7   8   0  48  16   0  1.23 0.16
  323 D     0  -2   0   6  -4  -1   1   0  -2  -4  -4  -1  -4  -4  -2  -1  -2  -5  -4  -4    9   0   0  79   0   0   5   7   0   0   0   0   0   0   0   0   0   0   0   0  0.99 0.16
  324 Q    -1  -1  -1  -1   2   3   1   1  -1  -2  -1  -1   2   1   2  -1  -1   5   0  -2    1   0   0   0   6  23  10  13   0   0   1   0  12   8  10   1   0  13   0   0  0.27 0.06
  325 A     2  -1   0   2  -2   1   0   1  -1  -2  -2  -1  -1   1  -1   1   0  -2  -1  -1   28   0   0  16   0  11   1  11   0   0   1   1   0  12   0  16   1   0   0   1  0.17 0.03
  326 K    -1   1   2  -1  -3   1   0  -2  -1  -3  -3   5  -2  -3  -1   0  -1  -3  -2  -3    1   0  14   0   0   0   1   1   0   0   1  78   0   0   0   1   1   0   0   1  0.56 0.09
  327 S     1   1   0  -1  -1   0  -1   2  -1  -2  -2   0  -1  -2  -1   2   2  -2  -2  -1   17  14   1   1   0   1   1  14   0   1   1   1   0   1   1  30  16   0   0   1  0.22 0.03
  328 M     1  -1  -1  -2  -1   1  -1  -2  -1   1   1  -1   2  -1  -1   0   1  -2  -1   0   17   1   1   1   0  14   1   1   0  14  14   1  16   1   1   1  16   0   0   1  0.10 0.02
  329 G    -1  -2  -1  -1  -3  -1   1   5  -2  -3  -3  -1  -2  -2  -2  -1  -2   6  -1  -3    1   1   1   1   0   1  14  59   0   1   1   1   0   1   1   1   1  15   0   1  0.66 0.05
  330 H    -1   0   0   0  -2   2   2  -2   6  -2  -2   0  -1  -2  -1  -1  -1  -2   0  -2    2   1   1   1   1  16  15   2  46   1   2   2   1   1   1   2   2   0   1   2  0.44 0.05
  331 L    -1  -1   2  -1  -2  -1  -1  -2   0   0   2  -1   0   0   3  -1  -1  -1   3  -1    2   1  16   1   1   1   2   2   1   1  31   2   1   1  15   2   2   0  17   2  0.16 0.02
  332 R    -1   2   0   2  -2   0   2  -1  -1  -3  -2   0  -2  -3   3   1   0  -3  -2  -2    1  19   1  19   0   1  17   1   0   1   1   1   0   1  16  18   1   0   1   1  0.34 0.02
  333 K    -1   1   0   2  -3   1   2  -2   0  -2  -2   3  -2  -1  -1   0  -1  -1   2  -2    1   1   1  16   0   1  18   1   0   1   1  37   0   1   1   1   1   0  16   1  0.27 0.03
  334 P    -1  -2  -2  -2  -2  -1  -1  -2  -2  -2  -2  -1  -2  -2   6  -1   1   6  -1  -2    1   1   1   1   0   1   1   1   0   1   1   1   0   1  50   1  18  18   1   1  0.98 0.05
  335 P    -1  -1  -1   0  -3   0   2  -2  -1  -2  -2  -1  -2  -3   7  -1  -1  -3  -2  -2    2   1   1   1   0   1  20   1   0   1   2   1   0   1  62   1   1   0   1   1  1.10 0.03
  336 W     1  -3  -3  -3  -2  -2  -2  -2  -3  -1  -1  -2  -1  -1   3  -1  -1   9   0   1   21   0   0   0   0   0   0   0   0   0   0   0   0   0  20   0   0  40   0  19  0.87 0.05
  337 L    -2  -1  -3  -3  -2   2  -1  -3  -2   1   3  -2   1   3  -3  -2  -1  -1   0   0    0   0   0   0   0  21   0   0   0   0  60   0   0  19   0   0   0   0   0   0  0.28 0.03
  338 G     0  -1   0   2  -3   2   0   4  -1  -3  -3   0  -2  -3  -2   1  -1  -3  -3  -3    0   0   0  20   0  21   0  40   0   0   0   0   0   0   0  20   0   0   0   0  0.44 0.03
  339 A     3  -1   2  -1  -1  -1  -1   0  -1  -2  -2  -1  -2  -3  -1   3   0  -3  -2  -1   41   0  20   0   0   0   0   0   0   0   0   0   0   0   0  39   0   0   0   0  0.35 0.03
  340 D    -2  -2   0   4  -3   0   2  -2  -2   1  -2  -1  -1  -1  -2  -1  -1   7  -1  -1    0   0   0  40   0   0  20   0   0  21   0   0   0   0   0   0   0  20   0   0  0.50 0.04
  341 K    -2   4  -1  -2  -3   1   0  -2  -1  -2  -2   3  -1   2  -2  -1  -1  -2   0  -2    0  40   0   0   0   0   0   0   0   0   0  41   0  20   0   0   0   0   0   0  0.42 0.04
  342 P    -1  -2  -2  -2  -3  -1  -1  -2  -2  -3  -3  -1  -3  -4   8  -1  -1  -4  -3  -3    0   0   0   0   0   0   0   0   0   0   0   0   0   0 100   0   0   0   0   0  2.08 0.03
  343 T     0  -1   0  -1  -1  -1  -1  -2  -2  -1  -1  -1  -1  -2  -1   1   5  -3  -2   0    0   0   0   0   0   0   0   0   0   0   0   0   0   0   0   0 100   0   0   0  0.48 0.01
  344 C     0  -3  -3  -3   8  -3  -4  -2  -3  -1  -1  -3  -1  -2  -3  -1  -1  -2  -2  -1    0   0   0   0   0   0   0   0   0   0   0   0   0   0   0   0   0   0   0   0  0.00     0.00
  345 N    -2   0   6   1  -3   0   0   0   1  -3  -3   0  -2  -3  -2   1   0  -4  -2  -3    0   0   0   0   0   0   0   0   0   0   0   0   0   0   0   0   0   0   0   0  0.00     0.00
  346 D    -2  -2   1   6  -3   0   1  -1  -1  -3  -4  -1  -3  -3  -1   0  -1  -4  -3  -3    0   0   0   0   0   0   0   0   0   0   0   0   0   0   0   0   0   0   0   0  0.00     0.00
  347 E    -1   0   0   1  -4   2   5  -2   0  -3  -3   1  -2  -3  -1   0  -1  -3  -2  -2    0   0   0   0   0   0   0   0   0   0   0   0   0   0   0   0   0   0   0   0  0.00     0.00
  348 G     0  -2   0  -1  -2  -2  -2   6  -2  -4  -4  -2  -3  -3  -2   0  -2  -2  -3  -3    0   0   0   0   0   0   0   0   0   0   0   0   0   0   0   0   0   0   0   0  0.00     0.00
  349 L    -1  -2  -3  -4  -1  -2  -3  -4  -3   2   4  -2   2   0  -3  -2  -1  -2  -1   1    0   0   0   0   0   0   0   0   0   0   0   0   0   0   0   0   0   0   0   0  0.00     0.00
  350 M    -1  -1  -2  -3  -1   0  -2  -3  -2   1   2  -1   5   0  -2  -1  -1  -1  -1   1    0   0   0   0   0   0   0   0   0   0   0   0   0   0   0   0   0   0   0   0  0.00     0.00
  351 A     4  -1  -2  -2   0  -1  -1   0  -2  -1  -1  -1  -1  -2  -1   1   0  -2  -2   0    0   0   0   0   0   0   0   0   0   0   0   0   0   0   0   0   0   0   0   0  0.00     0.00
  352 S     1  -1   1   0  -1   0   0   0  -1  -2  -2   0  -1  -2  -1   4   1  -3  -2  -2    0   0   0   0   0   0   0   0   0   0   0   0   0   0   0   0   0   0   0   0  0.00     0.00
  353 L    -1  -2  -3  -4  -1  -2  -3  -4  -3   2   4  -2   2   0  -3  -2  -1  -2  -1   1    0   0   0   0   0   0   0   0   0   0   0   0   0   0   0   0   0   0   0   0  0.00     0.00
  354 R    -1   5   0  -2  -3   1   0  -2   0  -3  -2   2  -1  -3  -2  -1  -1  -3  -2  -2    0   0   0   0   0   0   0   0   0   0   0   0   0   0   0   0   0   0   0   0  0.00     0.00
  355 S     1  -1   1   0  -1   0   0   0  -1  -2  -2   0  -1  -2  -1   4   1  -3  -2  -2    0   0   0   0   0   0   0   0   0   0   0   0   0   0   0   0   0   0   0   0  0.00     0.00
  356 A     4  -1  -2  -2   0  -1  -1   0  -2  -1  -1  -1  -1  -2  -1   1   0  -2  -2   0    0   0   0   0   0   0   0   0   0   0   0   0   0   0   0   0   0   0   0   0  0.00     0.00
  357 M    -1  -1  -2  -3  -1   0  -2  -3  -2   1   2  -1   5   0  -2  -1  -1  -1  -1   1    0   0   0   0   0   0   0   0   0   0   0   0   0   0   0   0   0   0   0   0  0.00     0.00
  358 A     4  -1  -2  -2   0  -1  -1   0  -2  -1  -1  -1  -1  -2  -1   1   0  -2  -2   0    0   0   0   0   0   0   0   0   0   0   0   0   0   0   0   0   0   0   0   0  0.00     0.00
  359 N    -2   0   6   1  -3   0   0   0   1  -3  -3   0  -2  -3  -2   1   0  -4  -2  -3    0   0   0   0   0   0   0   0   0   0   0   0   0   0   0   0   0   0   0   0  0.00     0.00
  360 V     0  -2  -3  -3  -1  -2  -2  -3  -3   3   1  -2   1  -1  -2  -2   0  -3  -1   4    0   0   0   0   0   0   0   0   0   0   0   0   0   0   0   0   0   0   0   0  0.00     0.00
  361 S     1  -1   1   0  -1   0   0   0  -1  -2  -2   0  -1  -2  -1   4   1  -3  -2  -2    0   0   0   0   0   0   0   0   0   0   0   0   0   0   0   0   0   0   0   0  0.00     0.00
  362 S     1  -1   1   0  -1   0   0   0  -1  -2  -2   0  -1  -2  -1   4   1  -3  -2  -2    0   0   0   0   0   0   0   0   0   0   0   0   0   0   0   0   0   0   0   0  0.00     0.00
  363 T     0  -1   0  -1  -1  -1  -1  -2  -2  -1  -1  -1  -1  -2  -1   1   4  -2  -2   0    0   0   0   0   0   0   0   0   0   0   0   0   0   0   0   0   0   0   0   0  0.00     0.00
  364 G     0  -2   0  -1  -2  -2  -2   6  -2  -4  -4  -2  -3  -3  -2   0  -2  -2  -3  -3    0   0   0   0   0   0   0   0   0   0   0   0   0   0   0   0   0   0   0   0  0.00     0.00
  365 D    -2  -2   1   6  -3   0   1  -1  -1  -3  -4  -1  -3  -3  -1   0  -1  -4  -3  -3    0   0   0   0   0   0   0   0   0   0   0   0   0   0   0   0   0   0   0   0  0.00     0.00
  366 G     0  -2   0  -1  -2  -2  -2   6  -2  -4  -4  -2  -3  -3  -2   0  -2  -2  -3  -3    0   0   0   0   0   0   0   0   0   0   0   0   0   0   0   0   0   0   0   0  0.00     0.00
  367 P    -1  -2  -2  -1  -3  -1  -1  -2  -2  -3  -3  -1  -2  -4   7  -1  -1  -4  -3  -2    0   0   0   0   0   0   0   0   0   0   0   0   0   0   0   0   0   0   0   0  0.00     0.00
  368 G     0  -2   0  -1  -2  -2  -2   6  -2  -4  -4  -2  -3  -3  -2   0  -2  -2  -3  -3    0   0   0   0   0   0   0   0   0   0   0   0   0   0   0   0   0   0   0   0  0.00     0.00
  369 D    -2  -2   1   6  -3   0   1  -1  -1  -3  -4  -1  -3  -3  -1   0  -1  -4  -3  -3    0   0   0   0   0   0   0   0   0   0   0   0   0   0   0   0   0   0   0   0  0.00     0.00
  370 V     0  -2  -3  -3  -1  -2  -2  -3  -3   3   1  -2   1  -1  -2  -2   0  -3  -1   4    0   0   0   0   0   0   0   0   0   0   0   0   0   0   0   0   0   0   0   0  0.00     0.00
  371 G     0  -2   0  -1  -2  -2  -2   6  -2  -4  -4  -2  -3  -3  -2   0  -2  -2  -3  -3    0   0   0   0   0   0   0   0   0   0   0   0   0   0   0   0   0   0   0   0  0.00     0.00
  372 P    -1  -2  -2  -1  -3  -1  -1  -2  -2  -3  -3  -1  -2  -4   7  -1  -1  -4  -3  -2    0   0   0   0   0   0   0   0   0   0   0   0   0   0   0   0   0   0   0   0  0.00     0.00
  373 G     0  -2   0  -1  -2  -2  -2   6  -2  -4  -4  -2  -3  -3  -2   0  -2  -2  -3  -3    0   0   0   0   0   0   0   0   0   0   0   0   0   0   0   0   0   0   0   0  0.00     0.00
  374 F    -2  -3  -3  -3  -2  -3  -3  -3  -1   0   0  -3   0   6  -4  -2  -2   1   3  -1    0   0   0   0   0   0   0   0   0   0   0   0   0   0   0   0   0   0   0   0  0.00     0.00
  375 T     0  -1   0  -1  -1  -1  -1  -2  -2  -1  -1  -1  -1  -2  -1   1   4  -2  -2   0    0   0   0   0   0   0   0   0   0   0   0   0   0   0   0   0   0   0   0   0  0.00     0.00
  376 D    -2  -2   1   6  -3   0   1  -1  -1  -3  -4  -1  -3  -3  -1   0  -1  -4  -3  -3    0   0   0   0   0   0   0   0   0   0   0   0   0   0   0   0   0   0   0   0  0.00     0.00
  377 P    -1  -2  -2  -1  -3  -1  -1  -2  -2  -3  -3  -1  -2  -4   7  -1  -1  -4  -3  -2    0   0   0   0   0   0   0   0   0   0   0   0   0   0   0   0   0   0   0   0  0.00     0.00
  378 F    -2  -3  -3  -3  -2  -3  -3  -3  -1   0   0  -3   0   6  -4  -2  -2   1   3  -1    0   0   0   0   0   0   0   0   0   0   0   0   0   0   0   0   0   0   0   0  0.00     0.00
  379 G     0  -2   0  -1  -2  -2  -2   6  -2  -4  -4  -2  -3  -3  -2   0  -2  -2  -3  -3    0   0   0   0   0   0   0   0   0   0   0   0   0   0   0   0   0   0   0   0  0.00     0.00
  380 G     0  -2   0  -1  -2  -2  -2   6  -2  -4  -4  -2  -3  -3  -2   0  -2  -2  -3  -3    0   0   0   0   0   0   0   0   0   0   0   0   0   0   0   0   0   0   0   0  0.00     0.00
  381 G     0  -2   0  -1  -2  -2  -2   6  -2  -4  -4  -2  -3  -3  -2   0  -2  -2  -3  -3    0   0   0   0   0   0   0   0   0   0   0   0   0   0   0   0   0   0   0   0  0.00     0.00
  382 F    -2  -3  -3  -3  -2  -3  -3  -3  -1   0   0  -3   0   6  -4  -2  -2   1   3  -1    0   0   0   0   0   0   0   0   0   0   0   0   0   0   0   0   0   0   0   0  0.00     0.00
  383 G     0  -2   0  -1  -2  -2  -2   6  -2  -4  -4  -2  -3  -3  -2   0  -2  -2  -3  -3    0   0   0   0   0   0   0   0   0   0   0   0   0   0   0   0   0   0   0   0  0.00     0.00
  384 S     1  -1   1   0  -1   0   0   0  -1  -2  -2   0  -1  -2  -1   4   1  -3  -2  -2    0   0   0   0   0   0   0   0   0   0   0   0   0   0   0   0   0   0   0   0  0.00     0.00
  385 F    -2  -3  -3  -3  -2  -3  -3  -3  -1   0   0  -3   0   6  -4  -2  -2   1   3  -1    0   0   0   0   0   0   0   0   0   0   0   0   0   0   0   0   0   0   0   0  0.00     0.00
  386 L    -1  -2  -3  -4  -1  -2  -3  -4  -3   2   4  -2   2   0  -3  -2  -1  -2  -1   1    0   0   0   0   0   0   0   0   0   0   0   0   0   0   0   0   0   0   0   0  0.00     0.00
  387 G     0  -2   0  -1  -2  -2  -2   6  -2  -4  -4  -2  -3  -3  -2   0  -2  -2  -3  -3    0   0   0   0   0   0   0   0   0   0   0   0   0   0   0   0   0   0   0   0  0.00     0.00
  388 R    -1   5   0  -2  -3   1   0  -2   0  -3  -2   2  -1  -3  -2  -1  -1  -3  -2  -2    0   0   0   0   0   0   0   0   0   0   0   0   0   0   0   0   0   0   0   0  0.00     0.00
  389 R    -1   5   0  -2  -3   1   0  -2   0  -3  -2   2  -1  -3  -2  -1  -1  -3  -2  -2    0   0   0   0   0   0   0   0   0   0   0   0   0   0   0   0   0   0   0   0  0.00     0.00
  390 G     0  -2   0  -1  -2  -2  -2   6  -2  -4  -4  -2  -3  -3  -2   0  -2  -2  -3  -3    0   0   0   0   0   0   0   0   0   0   0   0   0   0   0   0   0   0   0   0  0.00     0.00
  391 L    -1  -2  -3  -4  -1  -2  -3  -4  -3   2   4  -2   2   0  -3  -2  -1  -2  -1   1    0   0   0   0   0   0   0   0   0   0   0   0   0   0   0   0   0   0   0   0  0.00     0.00
  392 A     4  -1  -2  -2   0  -1  -1   0  -2  -1  -1  -1  -1  -2  -1   1   0  -2  -2   0    0   0   0   0   0   0   0   0   0   0   0   0   0   0   0   0   0   0   0   0  0.00     0.00
  393 R    -1   5   0  -2  -3   1   0  -2   0  -3  -2   2  -1  -3  -2  -1  -1  -3  -2  -2    0   0   0   0   0   0   0   0   0   0   0   0   0   0   0   0   0   0   0   0  0.00     0.00
  394 T     0  -1   0  -1  -1  -1  -1  -2  -2  -1  -1  -1  -1  -2  -1   1   4  -2  -2   0    0   0   0   0   0   0   0   0   0   0   0   0   0   0   0   0   0   0   0   0  0.00     0.00
  395 P    -1  -2  -2  -1  -3  -1  -1  -2  -2  -3  -3  -1  -2  -4   7  -1  -1  -4  -3  -2    0   0   0   0   0   0   0   0   0   0   0   0   0   0   0   0   0   0   0   0  0.00     0.00
  396 P    -1  -2  -2  -1  -3  -1  -1  -2  -2  -3  -3  -1  -2  -4   7  -1  -1  -4  -3  -2    0   0   0   0   0   0   0   0   0   0   0   0   0   0   0   0   0   0   0   0  0.00     0.00
  397 S     1  -1   1   0  -1   0   0   0  -1  -2  -2   0  -1  -2  -1   4   1  -3  -2  -2    0   0   0   0   0   0   0   0   0   0   0   0   0   0   0   0   0   0   0   0  0.00     0.00
  398 S     1  -1   1   0  -1   0   0   0  -1  -2  -2   0  -1  -2  -1   4   1  -3  -2  -2    0   0   0   0   0   0   0   0   0   0   0   0   0   0   0   0   0   0   0   0  0.00     0.00
  399 S     1  -1   1   0  -1   0   0   0  -1  -2  -2   0  -1  -2  -1   4   1  -3  -2  -2    0   0   0   0   0   0   0   0   0   0   0   0   0   0   0   0   0   0   0   0  0.00     0.00
  400 S     1  -1   1   0  -1   0   0   0  -1  -2  -2   0  -1  -2  -1   4   1  -3  -2  -2    0   0   0   0   0   0   0   0   0   0   0   0   0   0   0   0   0   0   0   0  0.00     0.00
  401 Q    -1   1   0   0  -3   5   2  -2   0  -3  -2   1   0  -3  -1   0  -1  -2  -1  -2    0   0   0   0   0   0   0   0   0   0   0   0   0   0   0   0   0   0   0   0  0.00     0.00
  402 I    -1  -3  -3  -3  -1  -3  -3  -4  -3   4   2  -3   1   0  -3  -2  -1  -3  -1   3    0   0   0   0   0   0   0   0   0   0   0   0   0   0   0   0   0   0   0   0  0.00     0.00
  403 S     1  -1   1   0  -1   0   0   0  -1  -2  -2   0  -1  -2  -1   4   1  -3  -2  -2    0   0   0   0   0   0   0   0   0   0   0   0   0   0   0   0   0   0   0   0  0.00     0.00
  404 P    -1  -2  -2  -1  -3  -1  -1  -2  -2  -3  -3  -1  -2  -4   7  -1  -1  -4  -3  -2    0   0   0   0   0   0   0   0   0   0   0   0   0   0   0   0   0   0   0   0  0.00     0.00
  405 R    -1   5   0  -2  -3   1   0  -2   0  -3  -2   2  -1  -3  -2  -1  -1  -3  -2  -2    0   0   0   0   0   0   0   0   0   0   0   0   0   0   0   0   0   0   0   0  0.00     0.00
  406 S     1  -1   1   0  -1   0   0   0  -1  -2  -2   0  -1  -2  -1   4   1  -3  -2  -2    0   0   0   0   0   0   0   0   0   0   0   0   0   0   0   0   0   0   0   0  0.00     0.00
  407 C     0  -3  -3  -3   8  -3  -4  -2  -3  -1  -1  -3  -1  -2  -3  -1  -1  -2  -2  -1    0   0   0   0   0   0   0   0   0   0   0   0   0   0   0   0   0   0   0   0  0.00     0.00
  408 P    -1  -2  -2  -1  -3  -1  -1  -2  -2  -3  -3  -1  -2  -4   7  -1  -1  -4  -3  -2    0   0   0   0   0   0   0   0   0   0   0   0   0   0   0   0   0   0   0   0  0.00     0.00
  409 P    -1  -2  -2  -1  -3  -1  -1  -2  -2  -3  -3  -1  -2  -4   7  -1  -1  -4  -3  -2    0   0   0   0   0   0   0   0   0   0   0   0   0   0   0   0   0   0   0   0  0.00     0.00
  410 Q    -1   1   0   0  -3   5   2  -2   0  -3  -2   1   0  -3  -1   0  -1  -2  -1  -2    0   0   0   0   0   0   0   0   0   0   0   0   0   0   0   0   0   0   0   0  0.00     0.00
  411 W    -2  -3  -4  -4  -2  -2  -3  -2  -2  -3  -2  -3  -1   1  -4  -3  -2  10   2  -3    0   0   0   0   0   0   0   0   0   0   0   0   0   0   0   0   0   0   0   0  0.00     0.00
  412 T     0  -1   0  -1  -1  -1  -1  -2  -2  -1  -1  -1  -1  -2  -1   1   4  -2  -2   0    0   0   0   0   0   0   0   0   0   0   0   0   0   0   0   0   0   0   0   0  0.00     0.00
  413 S     1  -1   1   0  -1   0   0   0  -1  -2  -2   0  -1  -2  -1   4   1  -3  -2  -2    0   0   0   0   0   0   0   0   0   0   0   0   0   0   0   0   0   0   0   0  0.00     0.00
  414 A     4  -1  -2  -2   0  -1  -1   0  -2  -1  -1  -1  -1  -2  -1   1   0  -2  -2   0    0   0   0   0   0   0   0   0   0   0   0   0   0   0   0   0   0   0   0   0  0.00     0.00
  415 C     0  -3  -3  -3   8  -3  -4  -2  -3  -1  -1  -3  -1  -2  -3  -1  -1  -2  -2  -1    0   0   0   0   0   0   0   0   0   0   0   0   0   0   0   0   0   0   0   0  0.00     0.00
  416 P    -1  -2  -2  -1  -3  -1  -1  -2  -2  -3  -3  -1  -2  -4   7  -1  -1  -4  -3  -2    0   0   0   0   0   0   0   0   0   0   0   0   0   0   0   0   0   0   0   0  0.00     0.00
  417 R    -1   5   0  -2  -3   1   0  -2   0  -3  -2   2  -1  -3  -2  -1  -1  -3  -2  -2    0   0   0   0   0   0   0   0   0   0   0   0   0   0   0   0   0   0   0   0  0.00     0.00
  418 S     1  -1   1   0  -1   0   0   0  -1  -2  -2   0  -1  -2  -1   4   1  -3  -2  -2    0   0   0   0   0   0   0   0   0   0   0   0   0   0   0   0   0   0   0   0  0.00     0.00
  419 R    -1   5   0  -2  -3   1   0  -2   0  -3  -2   2  -1  -3  -2  -1  -1  -3  -2  -2    0   0   0   0   0   0   0   0   0   0   0   0   0   0   0   0   0   0   0   0  0.00     0.00
  420 A     4  -1  -2  -2   0  -1  -1   0  -2  -1  -1  -1  -1  -2  -1   1   0  -2  -2   0    0   0   0   0   0   0   0   0   0   0   0   0   0   0   0   0   0   0   0   0  0.00     0.00
  421 C     0  -3  -3  -3   8  -3  -4  -2  -3  -1  -1  -3  -1  -2  -3  -1  -1  -2  -2  -1    0   0   0   0   0   0   0   0   0   0   0   0   0   0   0   0   0   0   0   0  0.00     0.00
  422 C     0  -3  -3  -3   8  -3  -4  -2  -3  -1  -1  -3  -1  -2  -3  -1  -1  -2  -2  -1    0   0   0   0   0   0   0   0   0   0   0   0   0   0   0   0   0   0   0   0  0.00     0.00
  423 P    -1  -2  -2  -1  -3  -1  -1  -2  -2  -3  -3  -1  -2  -4   7  -1  -1  -4  -3  -2    0   0   0   0   0   0   0   0   0   0   0   0   0   0   0   0   0   0   0   0  0.00     0.00
  424 R    -1   5   0  -2  -3   1   0  -2   0  -3  -2   2  -1  -3  -2  -1  -1  -3  -2  -2    0   0   0   0   0   0   0   0   0   0   0   0   0   0   0   0   0   0   0   0  0.00     0.00
  425 G     0  -2   0  -1  -2  -2  -2   6  -2  -4  -4  -2  -3  -3  -2   0  -2  -2  -3  -3    0   0   0   0   0   0   0   0   0   0   0   0   0   0   0   0   0   0   0   0  0.00     0.00
  426 S     1  -1   1   0  -1   0   0   0  -1  -2  -2   0  -1  -2  -1   4   1  -3  -2  -2    0   0   0   0   0   0   0   0   0   0   0   0   0   0   0   0   0   0   0   0  0.00     0.00
  427 S     1  -1   1   0  -1   0   0   0  -1  -2  -2   0  -1  -2  -1   4   1  -3  -2  -2    0   0   0   0   0   0   0   0   0   0   0   0   0   0   0   0   0   0   0   0  0.00     0.00
  428 S     1  -1   1   0  -1   0   0   0  -1  -2  -2   0  -1  -2  -1   4   1  -3  -2  -2    0   0   0   0   0   0   0   0   0   0   0   0   0   0   0   0   0   0   0   0  0.00     0.00
  429 R    -1   5   0  -2  -3   1   0  -2   0  -3  -2   2  -1  -3  -2  -1  -1  -3  -2  -2    0   0   0   0   0   0   0   0   0   0   0   0   0   0   0   0   0   0   0   0  0.00     0.00
  430 A     4  -1  -2  -2   0  -1  -1   0  -2  -1  -1  -1  -1  -2  -1   1   0  -2  -2   0    0   0   0   0   0   0   0   0   0   0   0   0   0   0   0   0   0   0   0   0  0.00     0.00
  431 S     1  -1   1   0  -1   0   0   0  -1  -2  -2   0  -1  -2  -1   4   1  -3  -2  -2    0   0   0   0   0   0   0   0   0   0   0   0   0   0   0   0   0   0   0   0  0.00     0.00
  432 P    -1  -2  -2  -1  -3  -1  -1  -2  -2  -3  -3  -1  -2  -4   7  -1  -1  -4  -3  -2    0   0   0   0   0   0   0   0   0   0   0   0   0   0   0   0   0   0   0   0  0.00     0.00
  433 R    -1   5   0  -2  -3   1   0  -2   0  -3  -2   2  -1  -3  -2  -1  -1  -3  -2  -2    0   0   0   0   0   0   0   0   0   0   0   0   0   0   0   0   0   0   0   0  0.00     0.00
  434 P    -1  -2  -2  -1  -3  -1  -1  -2  -2  -3  -3  -1  -2  -4   7  -1  -1  -4  -3  -2    0   0   0   0   0   0   0   0   0   0   0   0   0   0   0   0   0   0   0   0  0.00     0.00
  435 A     4  -1  -2  -2   0  -1  -1   0  -2  -1  -1  -1  -1  -2  -1   1   0  -2  -2   0    0   0   0   0   0   0   0   0   0   0   0   0   0   0   0   0   0   0   0   0  0.00     0.00
  436 R    -1   5   0  -2  -3   1   0  -2   0  -3  -2   2  -1  -3  -2  -1  -1  -3  -2  -2    0   0   0   0   0   0   0   0   0   0   0   0   0   0   0   0   0   0   0   0  0.00     0.00
  437 A     4  -1  -2  -2   0  -1  -1   0  -2  -1  -1  -1  -1  -2  -1   1   0  -2  -2   0    0   0   0   0   0   0   0   0   0   0   0   0   0   0   0   0   0   0   0   0  0.00     0.00
  438 H    -2   0   1  -1  -3   0   0  -2   7  -3  -3  -1  -2  -1  -2  -1  -2  -2   2  -3    0   0   0   0   0   0   0   0   0   0   0   0   0   0   0   0   0   0   0   0  0.00     0.00
  439 S     1  -1   1   0  -1   0   0   0  -1  -2  -2   0  -1  -2  -1   4   1  -3  -2  -2    0   0   0   0   0   0   0   0   0   0   0   0   0   0   0   0   0   0   0   0  0.00     0.00
  440 P    -1  -2  -2  -1  -3  -1  -1  -2  -2  -3  -3  -1  -2  -4   7  -1  -1  -4  -3  -2    0   0   0   0   0   0   0   0   0   0   0   0   0   0   0   0   0   0   0   0  0.00     0.00
  441 W    -2  -3  -4  -4  -2  -2  -3  -2  -2  -3  -2  -3  -1   1  -4  -3  -2  10   2  -3    0   0   0   0   0   0   0   0   0   0   0   0   0   0   0   0   0   0   0   0  0.00     0.00
  442 A     4  -1  -2  -2   0  -1  -1   0  -2  -1  -1  -1  -1  -2  -1   1   0  -2  -2   0    0   0   0   0   0   0   0   0   0   0   0   0   0   0   0   0   0   0   0   0  0.00     0.00
  443 A     4  -1  -2  -2   0  -1  -1   0  -2  -1  -1  -1  -1  -2  -1   1   0  -2  -2   0    0   0   0   0   0   0   0   0   0   0   0   0   0   0   0   0   0   0   0   0  0.00     0.00
  444 K    -1   2   0  -1  -3   1   1  -2  -1  -3  -2   4  -1  -3  -1   0  -1  -3  -2  -2    0   0   0   0   0   0   0   0   0   0   0   0   0   0   0   0   0   0   0   0  0.00     0.00
  445 R    -1   5   0  -2  -3   1   0  -2   0  -3  -2   2  -1  -3  -2  -1  -1  -3  -2  -2    0   0   0   0   0   0   0   0   0   0   0   0   0   0   0   0   0   0   0   0  0.00     0.00
  446 P    -1  -2  -2  -1  -3  -1  -1  -2  -2  -3  -3  -1  -2  -4   7  -1  -1  -4  -3  -2    0   0   0   0   0   0   0   0   0   0   0   0   0   0   0   0   0   0   0   0  0.00     0.00
  447 P    -1  -2  -2  -1  -3  -1  -1  -2  -2  -3  -3  -1  -2  -4   7  -1  -1  -4  -3  -2    0   0   0   0   0   0   0   0   0   0   0   0   0   0   0   0   0   0   0   0  0.00     0.00
  448 P    -1  -2  -2  -1  -3  -1  -1  -2  -2  -3  -3  -1  -2  -4   7  -1  -1  -4  -3  -2    0   0   0   0   0   0   0   0   0   0   0   0   0   0   0   0   0   0   0   0  0.00     0.00
  449 T     0  -1   0  -1  -1  -1  -1  -2  -2  -1  -1  -1  -1  -2  -1   1   4  -2  -2   0    0   0   0   0   0   0   0   0   0   0   0   0   0   0   0   0   0   0   0   0  0.00     0.00
  450 A     4  -1  -2  -2   0  -1  -1   0  -2  -1  -1  -1  -1  -2  -1   1   0  -2  -2   0    0   0   0   0   0   0   0   0   0   0   0   0   0   0   0   0   0   0   0   0  0.00     0.00
  451 A     4  -1  -2  -2   0  -1  -1   0  -2  -1  -1  -1  -1  -2  -1   1   0  -2  -2   0    0   0   0   0   0   0   0   0   0   0   0   0   0   0   0   0   0   0   0   0  0.00     0.00
  452 A     4  -1  -2  -2   0  -1  -1   0  -2  -1  -1  -1  -1  -2  -1   1   0  -2  -2   0    0   0   0   0   0   0   0   0   0   0   0   0   0   0   0   0   0   0   0   0  0.00     0.00
  453 K    -1   2   0  -1  -3   1   1  -2  -1  -3  -2   4  -1  -3  -1   0  -1  -3  -2  -2    0   0   0   0   0   0   0   0   0   0   0   0   0   0   0   0   0   0   0   0  0.00     0.00
  454 R    -1   5   0  -2  -3   1   0  -2   0  -3  -2   2  -1  -3  -2  -1  -1  -3  -2  -2    0   0   0   0   0   0   0   0   0   0   0   0   0   0   0   0   0   0   0   0  0.00     0.00
  455 A     4  -1  -2  -2   0  -1  -1   0  -2  -1  -1  -1  -1  -2  -1   1   0  -2  -2   0    0   0   0   0   0   0   0   0   0   0   0   0   0   0   0   0   0   0   0   0  0.00     0.00

                      K         Lambda
Standard Ungapped    0.1320     0.3173
Standard Gapped      0.0403     0.2670
PSI Ungapped         0.1318     0.3177
PSI Gapped           0.0403     0.2670
