
Last position-specific scoring matrix computed, weighted observed percentages rounded down, information per position, and relative weight of gapless real matches to pseudocounts
            A   R   N   D   C   Q   E   G   H   I   L   K   M   F   P   S   T   W   Y   V   A   R   N   D   C   Q   E   G   H   I   L   K   M   F   P   S   T   W   Y   V
    1 Q    -1   1   0   0  -3   5   2  -2   0  -3  -2   1   0  -3  -1   0  -1  -2  -1  -2    0   0   0   0   0   0   0   0   0   0   0   0   0   0   0   0   0   0   0   0  0.00     0.00
    2 G     0  -2   0  -1  -2  -2  -2   5  -2  -4  -4  -2  -3  -3  -2   0  -2  -2  -3  -3    0   0   0   0   0   0   0   0   0   0   0   0   0   0   0   0   0   0   0   0  0.00     0.00
    3 Q    -1   1   0   0  -3   5   2  -2   0  -3  -2   1   0  -3  -1   0  -1  -2  -1  -2    0   0   0   0   0   0   0   0   0   0   0   0   0   0   0   0   0   0   0   0  0.00     0.00
    4 R    -1   5   0  -2  -3   1   0  -2   0  -3  -2   2  -1  -3  -2  -1  -1  -3  -2  -2    0   0   0   0   0   0   0   0   0   0   0   0   0   0   0   0   0   0   0   0  0.00     0.00
    5 L    -1  -2  -3  -4  -1  -2  -3  -4  -3   1   4  -2   2   0  -3  -2  -1  -2  -1   1    0   0   0   0   0   0   0   0   0   0   0   0   0   0   0   0   0   0   0   0  0.00     0.00
    6 C     0  -3  -3  -3   8  -3  -4  -2  -3  -1  -1  -3  -1  -2  -3  -1  -1  -2  -2  -1    0   0   0   0   0   0   0   0   0   0   0   0   0   0   0   0   0   0   0   0  0.00     0.00
    7 W    -2  -3  -4  -4  -2  -2  -3  -2  -2  -3  -2  -3  -1   1  -4  -3  -2  10   2  -3    0   0   0   0   0   0   0   0   0   0   0   0   0   0   0   0   0   0   0   0  0.00     0.00
    8 R    -1   5   0  -2  -3   1   0  -2   0  -3  -2   2  -1  -3  -2  -1  -1  -3  -2  -2    0   0   0   0   0   0   0   0   0   0   0   0   0   0   0   0   0   0   0   0  0.00     0.00
    9 Q    -1   1   0   0  -3   5   2  -2   0  -3  -2   1   0  -3  -1   0  -1  -2  -1  -2    0   0   0   0   0   0   0   0   0   0   0   0   0   0   0   0   0   0   0   0  0.00     0.00
   10 G     0  -2   0  -1  -2  -2  -2   5  -2  -4  -4  -2  -3  -3  -2   0  -2  -2  -3  -3    0   0   0   0   0   0   0   0   0   0   0   0   0   0   0   0   0   0   0   0  0.00     0.00
   11 G     0  -2   0  -1  -2  -2  -2   5  -2  -4  -4  -2  -3  -3  -2   0  -2  -2  -3  -3    0   0   0   0   0   0   0   0   0   0   0   0   0   0   0   0   0   0   0   0  0.00     0.00
   12 R    -1   5   0  -2  -3   1   0  -2   0  -3  -2   2  -1  -3  -2  -1  -1  -3  -2  -2    0   0   0   0   0   0   0   0   0   0   0   0   0   0   0   0   0   0   0   0  0.00     0.00
   13 R    -1   5   0  -2  -3   1   0  -2   0  -3  -2   2  -1  -3  -2  -1  -1  -3  -2  -2    0   0   0   0   0   0   0   0   0   0   0   0   0   0   0   0   0   0   0   0  0.00     0.00
   14 L    -1  -2  -3  -4  -1  -2  -3  -4  -3   1   4  -2   2   0  -3  -2  -1  -2  -1   1    0   0   0   0   0   0   0   0   0   0   0   0   0   0   0   0   0   0   0   0  0.00     0.00
   15 P    -1  -2  -2  -1  -3  -1  -1  -2  -2  -3  -3  -1  -2  -4   7  -1  -1  -4  -3  -2    0   0   0   0   0   0   0   0   0   0   0   0   0   0   0   0   0   0   0   0  0.00     0.00
   16 V     0  -2  -3  -3  -1  -2  -2  -3  -3   3   1  -2   1  -1  -2  -2   0  -3  -1   4    0   0   0   0   0   0   0   0   0   0   0   0   0   0   0   0   0   0   0   0  0.00     0.00
   17 F    -2  -3  -3  -3  -2  -3  -3  -3  -1   0   0  -3   0   6  -4  -2  -2   1   3  -1    0   0   0   0   0   0   0   0   0   0   0   0   0   0   0   0   0   0   0   0  0.00     0.00
   18 V     0  -2  -3  -3  -1  -2  -2  -3  -3   3   1  -2   1  -1  -2  -2   0  -3  -1   4    0   0   0   0   0   0   0   0   0   0   0   0   0   0   0   0   0   0   0   0  0.00     0.00
   19 E    -1   0   0   1  -4   2   5  -2   0  -3  -3   1  -2  -3  -1   0  -1  -3  -2  -2    0   0   0   0   0   0   0   0   0   0   0   0   0   0   0   0   0   0   0   0  0.00     0.00
   20 N    -2   0   6   1  -3   0   0   0   1  -3  -3   0  -2  -3  -2   1   0  -4  -2  -3    0   0   0   0   0   0   0   0   0   0   0   0   0   0   0   0   0   0   0   0  0.00     0.00
   21 R    -1   5   0  -2  -3   1   0  -2   0  -3  -2   2  -1  -3  -2  -1  -1  -3  -2  -2    0   0   0   0   0   0   0   0   0   0   0   0   0   0   0   0   0   0   0   0  0.00     0.00
   22 G     0  -2   0  -1  -2  -2  -2   5  -2  -4  -4  -2  -3  -3  -2   0  -2  -2  -3  -3    0   0   0   0   0   0   0   0   0   0   0   0   0   0   0   0   0   0   0   0  0.00     0.00
   23 L    -1  -2  -3  -4  -1  -2  -3  -4  -3   1   4  -2   2   0  -3  -2  -1  -2  -1   1    0   0   0   0   0   0   0   0   0   0   0   0   0   0   0   0   0   0   0   0  0.00     0.00
   24 P    -1  -2  -2  -1  -3  -1  -1  -2  -2  -3  -3  -1  -2  -4   7  -1  -1  -4  -3  -2    0   0   0   0   0   0   0   0   0   0   0   0   0   0   0   0   0   0   0   0  0.00     0.00
   25 S     1  -1   1   0  -1   0   0   0  -1  -2  -2   0  -1  -2  -1   4   1  -3  -2  -2    0   0   0   0   0   0   0   0   0   0   0   0   0   0   0   0   0   0   0   0  0.00     0.00
   26 S     1  -1   1   0  -1   0   0   0  -1  -2  -2   0  -1  -2  -1   4   1  -3  -2  -2    0   0   0   0   0   0   0   0   0   0   0   0   0   0   0   0   0   0   0   0  0.00     0.00
   27 S     1  -1   1   0  -1   0   0   0  -1  -2  -2   0  -1  -2  -1   4   1  -3  -2  -2    0   0   0   0   0   0   0   0   0   0   0   0   0   0   0   0   0   0   0   0  0.00     0.00
   28 W    -2  -3  -4  -4  -2  -2  -3  -2  -2  -3  -2  -3  -1   1  -4  -3  -2  10   2  -3    0   0   0   0   0   0   0   0   0   0   0   0   0   0   0   0   0   0   0   0  0.00     0.00
   29 W    -2  -3  -4  -4  -2  -2  -3  -2  -2  -3  -2  -3  -1   1  -4  -3  -2  10   2  -3    0   0   0   0   0   0   0   0   0   0   0   0   0   0   0   0   0   0   0   0  0.00     0.00
   30 P    -1  -2  -2  -1  -3  -1  -1  -2  -2  -3  -3  -1  -2  -4   7  -1  -1  -4  -3  -2    0   0   0   0   0   0   0   0   0   0   0   0   0   0   0   0   0   0   0   0  0.00     0.00
   31 S     1  -1   1   0  -1   0   0   0  -1  -2  -2   0  -1  -2  -1   4   1  -3  -2  -2    0   0   0   0   0   0   0   0   0   0   0   0   0   0   0   0   0   0   0   0  0.00     0.00
   32 A     4  -1  -2  -2   0  -1  -1   0  -2  -1  -1  -1  -1  -2  -1   1   0  -2  -2   0    0   0   0   0   0   0   0   0   0   0   0   0   0   0   0   0   0   0   0   0  0.00     0.00
   33 T     0  -1   0  -1  -1  -1  -1  -2  -2  -1  -1  -1  -1  -2  -1   1   4  -2  -2   0    0   0   0   0   0   0   0   0   0   0   0   0   0   0   0   0   0   0   0   0  0.00     0.00
   34 V     0  -2  -3  -3  -1  -2  -2  -3  -3   3   1  -2   1  -1  -2  -2   0  -3  -1   4    0   0   0   0   0   0   0   0   0   0   0   0   0   0   0   0   0   0   0   0  0.00     0.00
   35 S     1  -1   1   0  -1   0   0   0  -1  -2  -2   0  -1  -2  -1   4   1  -3  -2  -2    0   0   0   0   0   0   0   0   0   0   0   0   0   0   0   0   0   0   0   0  0.00     0.00
   36 S     1  -1   1   0  -1   0   0   0  -1  -2  -2   0  -1  -2  -1   4   1  -3  -2  -2    0   0   0   0   0   0   0   0   0   0   0   0   0   0   0   0   0   0   0   0  0.00     0.00
   37 F    -2  -3  -3  -3  -2  -3  -3  -3  -1   0   0  -3   0   6  -4  -2  -2   1   3  -1    0   0   0   0   0   0   0   0   0   0   0   0   0   0   0   0   0   0   0   0  0.00     0.00
   38 R    -1   5   0  -2  -3   1   0  -2   0  -3  -2   2  -1  -3  -2  -1  -1  -3  -2  -2    0   0   0   0   0   0   0   0   0   0   0   0   0   0   0   0   0   0   0   0  0.00     0.00
   39 S     1  -1   1   0  -1   0   0   0  -1  -2  -2   0  -1  -2  -1   4   1  -3  -2  -2    0   0   0   0   0   0   0   0   0   0   0   0   0   0   0   0   0   0   0   0  0.00     0.00
   40 S     1  -1   1   0  -1   0   0   0  -1  -2  -2   0  -1  -2  -1   4   1  -3  -2  -2    0   0   0   0   0   0   0   0   0   0   0   0   0   0   0   0   0   0   0   0  0.00     0.00
   41 M    -1  -1  -2  -3  -1   0  -2  -3  -2   1   2  -1   5   0  -2  -1  -1  -1  -1   1    0   0   0   0   0   0   0   0   0   0   0   0   0   0   0   0   0   0   0   0  0.00     0.00
   42 G     0  -2   0  -1  -2  -2  -2   5  -2  -4  -4  -2  -3  -3  -2   0  -2  -2  -3  -3    0   0   0   0   0   0   0   0   0   0   0   0   0   0   0   0   0   0   0   0  0.00     0.00
   43 F    -2  -3  -3  -3  -2  -3  -3  -3  -1   0   0  -3   0   6  -4  -2  -2   1   3  -1    0   0   0   0   0   0   0   0   0   0   0   0   0   0   0   0   0   0   0   0  0.00     0.00
   44 G     0  -2   0  -1  -2  -2  -2   5  -2  -4  -4  -2  -3  -3  -2   0  -2  -2  -3  -3    0   0   0   0   0   0   0   0   0   0   0   0   0   0   0   0   0   0   0   0  0.00     0.00
   45 G     0  -2   0  -1  -2  -2  -2   5  -2  -4  -4  -2  -3  -3  -2   0  -2  -2  -3  -3    0   0   0   0   0   0   0   0   0   0   0   0   0   0   0   0   0   0   0   0  0.00     0.00
   46 R    -1   5   0  -2  -3   1   0  -2   0  -3  -2   2  -1  -3  -2  -1  -1  -3  -2  -2    0   0   0   0   0   0   0   0   0   0   0   0   0   0   0   0   0   0   0   0  0.00     0.00
   47 G     0  -2   0  -1  -2  -2  -2   5  -2  -4  -4  -2  -3  -3  -2   0  -2  -2  -3  -3    0   0   0   0   0   0   0   0   0   0   0   0   0   0   0   0   0   0   0   0  0.00     0.00
   48 G     0  -2   0  -1  -2  -2  -2   5  -2  -4  -4  -2  -3  -3  -2   0  -2  -2  -3  -3    0   0   0   0   0   0   0   0   0   0   0   0   0   0   0   0   0   0   0   0  0.00     0.00
   49 G     0  -2   0  -1  -2  -2  -2   5  -2  -4  -4  -2  -3  -3  -2   0  -2  -2  -3  -3    0   0   0   0   0   0   0   0   0   0   0   0   0   0   0   0   0   0   0   0  0.00     0.00
   50 K    -1   2   0  -1  -3   1   1  -2  -1  -3  -2   4  -1  -3  -1   0  -1  -3  -2  -2    0   0   0   0   0   0   0   0   0   0   0   0   0   0   0   0   0   0   0   0  0.00     0.00
   51 G     0  -2   0  -1  -2  -2  -2   5  -2  -4  -4  -2  -3  -3  -2   0  -2  -2  -3  -3    0   0   0   0   0   0   0   0   0   0   0   0   0   0   0   0   0   0   0   0  0.00     0.00
   52 K     0   1   0  -1  -3   0   0   4  -1  -3  -3   3  -2  -3  -2   0  -1  -3  -3  -3    0   0   0   0   0   0   0  50   0   0   0  50   0   0   0   0   0   0   0   0  0.49 0.00
   53 G    -1   4   0  -2  -3   0  -1   4  -1  -4  -3   1  -2  -3  -2  -1  -1  -3  -2  -3    0  50   0   0   0   0   0  50   0   0   0   0   0   0   0   0   0   0   0   0  0.56 0.00
   54 F    -1  -3  -2  -2  -3  -3  -3   4  -2  -2  -1  -2  -1   5  -3  -1  -2   0   1  -2    0   0   0   0   0   0   0  50   0   0   0   0   0  50   0   0   0   0   0   0  0.49 0.00
   55 D    -1  -1   1   4  -2  -1   1  -2  -2  -2  -2  -1  -2  -3  -1   1   3  -3  -2  -1    0   0   0  50   0   0   0   0   0   0   0   0   0   0   0   0  50   0   0   0  0.46 0.00
   56 G     0  -2   0  -1  -3  -2  -2   6  -2  -4  -4  -2  -3  -3  -2   0  -2  -3  -3  -3    0   0   0   0   0   0   0 100   0   0   0   0   0   0   0   0   0   0   0   0  1.04 0.00
   57 G     2  -2  -2  -2  -2  -2  -2   3  -2  -1  -1  -2  -1   3  -2   0  -1  -1   1  -1   34   0   0   0   0   0   0  32   0   0   0   0   0  34   0   0   0   0   0   0  0.29 0.00
   58 K    -1   0   3   0  -3   0   0   3  -1  -3  -3   2  -2  -3  -2   0  -1  -3  -2  -3    0   0  34   0   0   0   0  34   0   0   0  32   0   0   0   0   0   0   0   0  0.42 0.00
   59 G     1   4  -1  -2  -2   0  -1   2  -1  -3  -2   1  -2  -3  -2   0  -1  -3  -2  -2   24  52   0   0   0   0   0  25   0   0   0   0   0   0   0   0   0   0   0   0  0.38 0.01
   60 K     0  -1   0  -1  -3  -1  -1   5  -2  -4  -4   2  -3  -3  -2   0  -1  -3  -3  -3    0   0   0   0   0   0   0  75   0   0   0  25   0   0   0   0   0   0   0   0  0.71 0.01
   61 G     0  -3  -1  -2  -3  -2  -3   5  -2  -3  -2  -2  -2   3  -3  -1  -2  -1   0  -3    0   0   0   0   0   0   0  76   0   0   0   0   0  24   0   0   0   0   0   0  0.69 0.01
   62 F     0  -2  -1  -2  -2  -2  -2   3  -1  -1  -1  -2  -1   4  -2   1  -1   0   1  -2    0   0   0   0   0   0   0  29   0   0   0   0   0  47   0  24   0   0   0   0  0.31 0.01
   63 G     0   4   0  -1  -3   0  -1   3  -1  -3  -3   1  -2  -3  -2   1  -1  -3  -2  -3    0  43   0   0   0   0   0  38   0   0   0   0   0   0   0  18   0   0   0   0  0.44 0.01
   64 K     1  -1  -1  -1  -2  -1  -1   5  -2  -3  -3   1  -2  -3  -2   0  -1  -3  -3  -2   18   0   0   0   0   0   0  62   0   0   0  20   0   0   0   0   0   0   0   0  0.56 0.01
   65 G     0   3  -1  -2  -3  -1  -1   5  -1  -4  -3   0  -2  -3  -2  -1  -2  -3  -3  -3    0  37   0   0   0   0   0  63   0   0   0   0   0   0   0   0   0   0   0   0  0.64 0.01
   66 K    -1  -1  -1  -2  -3  -1  -2   3  -2  -2  -1   1  -1   4  -3  -1  -2  -1   1  -2    0   0   0   0   0   0   0  37   0   0   0  20   0  43   0   0   0   0   0   0  0.32 0.01
   67 G     0  -2   3  -1  -3  -1  -2   5  -1  -4  -4  -1  -3  -3  -2   0  -1  -3  -3  -3    0   0  24   0   0   0   0  76   0   0   0   0   0   0   0   0   0   0   0   0  0.80 0.01
   68 K    -1   3  -1  -1  -3   0   0   2  -1  -2  -2   3  -1   2  -2  -1  -1  -2   0  -2    0  18   0   0   0   0   0  20   0   0   0  43   0  19   0   0   0   0   0   0  0.26 0.01
   69 G    -1   2  -1  -2  -3  -1  -2   4  -2  -3  -2  -1  -2   3  -3  -1  -2  -1   0  -3    0  20   0   0   0   0   0  57   0   0   0   0   0  24   0   0   0   0   0   0  0.45 0.01
   70 G     2  -1   2  -1  -2   1  -1   3  -1  -3  -3  -1  -2  -3  -2   1   0  -3  -2  -2   28   0  15   0   0  14   0  34   0   0   0   0   0   0   0  10   0   0   0   0  0.35 0.01
   71 Y    -1   0  -2  -3  -2  -1  -2  -3   0  -1   0  -1   1   4  -3  -2  -2   1   5  -1    7   8   0   0   0   0   0   1   0   0   1   0   7  29   0   1   0   0  42   0  0.44 0.03
   72 D    -2  -1   1   6  -4   3   1  -2  -1  -4  -4   0  -3  -4   0  -1  -1  -4  -3  -3    0   0   0  73   0  23   0   0   0   0   0   0   0   0   4   0   0   0   0   0  0.80 0.05
   73 E    -1   0   1   0  -3   4   2  -2   0  -2  -2   0   2  -2  -2   0   1  -2   0  -2    0   0   5   0   0  49  17   0   0   0   0   0  11   0   0   0  14   0   5   0  0.37 0.04
   74 G     0  -3  -1  -2  -3  -2  -3   6  -3  -4  -4  -2  -3  -4  -3  -1  -2  -3  -4  -4    0   0   0   0   0   0   0 100   0   0   0   0   0   0   0   0   0   0   0   0  1.23 0.06
   75 P    -1  -3  -3  -2  -3  -2  -2  -3  -3  -3  -4  -2  -3  -4   8  -1  -2  -4  -4  -3    0   0   0   0   0   0   0   0   0   0   0   0   0   0 100   0   0   0   0   0  2.25 0.08
   76 P    -1  -3  -3  -2  -3  -2  -2  -3  -3  -3  -4  -2  -3  -4   8  -1  -2  -4  -4  -3    0   0   0   0   0   0   0   0   0   0   0   0   0   0 100   0   0   0   0   0  2.25 0.08
   77 E     0  -1   0   4  -3   1   4  -2  -1  -3  -3   0  -2  -3  -1   1   0  -4  -3  -2   11   0   0  30   0   0  45   0   0   0   0   0   0   0   0  11   3   0   0   0  0.51 0.04
   78 S    -1   2   0   1  -3   2   3  -2  -1  -3  -2   0  -2  -3  -2   1   2  -3   0  -2    0  13   0   4   0   7  34   0   0   0   0   0   0   0   0  13  25   0   3   0  0.33 0.04
   79 V    -1  -3  -3  -3  -1  -2  -3  -3  -3   2   0  -3   0  -1  -3  -1   2  -3  -2   5    0   0   0   0   0   0   0   0   0   0   0   0   0   0   0   0  15   0   0  85  0.46 0.07
   80 M     0  -2  -3  -3  -1  -1  -2  -3  -3   3   2  -2   1   0  -3  -2  -1  -2  -1   3   12   0   0   0   0   4   0   0   0  20  24   0   4   3   0   0   0   0   0  33  0.23 0.03
   81 E     0  -1  -1   0  -3   1   5  -3  -1  -2   0   0  -1  -3   2  -1  -1  -3  -2  -2    6   0   0   0   0   0  68   0   0   0  15   0   0   0  11   0   0   0   0   0  0.52 0.07
   82 I    -1  -3  -3  -4  -2  -2  -3  -4  -3   2   3  -3   4   0  -3  -2  -1  -2  -1   2    0   0   0   0   0   0   0   0   0  14  40   0  26   0   0   0   0   0   0  20  0.41 0.06
   83 G     1  -3  -1  -2  -3  -2  -3   6  -3  -4  -4  -2  -3  -4  -3  -1  -2  -3  -4  -3    8   0   0   0   0   0   0  92   0   0   0   0   0   0   0   0   0   0   0   0  1.17 0.10
   84 T     1  -1   2   0  -2   0   1  -1  -1  -1  -1   1  -1  -2  -2   1   1  -3  -2   1   11   0  19   0   0   0  12   0   0   0   4  13   0   0   0  12  13   0   0  16  0.15 0.03
   85 F    -3  -3  -4  -4  -3  -4  -4  -4  -2   2   0  -4   0   6  -4  -3  -2   0   3   0    0   0   0   0   0   0   0   0   0  23   0   0   0  71   0   0   0   0   6   0  0.78 0.09
   86 M    -1  -2  -2  -2  -2   0  -2  -2  -2   1   2  -1   4  -1  -2   2   0  -2  -2   1    0   0   0   0   0   4   0   0   0   3  21   0  34   0   0  29   0   0   0  10  0.23 0.06
   87 H    -2  -1   0  -2  -4   1  -1  -3   9  -4  -3  -1  -2  -1  -3  -2  -2  -2   4  -4    0   0   0   0   0   5   0   0  80   0   0   0   0   0   0   0   0   0  16   0  1.19 0.13
   88 P     2  -1  -1   1  -2   0  -1  -2  -2   0  -1   0   1  -2   3   0   0  -3  -2   1   23   0   0  10   0   5   0   0   0   0   0   4  10   0  19   8   0   0   0  20  0.24 0.04
   89 C    -1  -4  -3  -3   9  -3  -3  -3  -3  -2  -2  -3  -2  -3  -3   1  -1  -3  -3   0    0   0   0   0  77   0   0   0   0   0   0   0   0   0   0  16   0   0   0   7  1.28 0.12
   90 E    -1   0  -1   1  -4   4   5  -3   0  -4  -3   2  -2  -4  -2  -1  -1  -3  -2  -3    0   0   0   0   0  25  62   0   0   0   0  13   0   0   0   0   0   0   0   0  0.73 0.09
   91 G    -1  -2   1   2  -3  -1   0   5  -2  -4  -4  -1  -3  -4  -2   0  -2  -3  -3  -4    0   0   6  19   0   0   7  65   0   0   0   0   0   0   0   4   0   0   0   0  0.74 0.07
   92 E    -2   2   0   5  -4   3   3  -2  -1  -4  -3   0  -2  -4  -2  -1  -1  -4  -3  -3    0  13   0  44   0  17  26   0   0   0   0   0   0   0   0   0   0   0   0   0  0.64 0.07
   93 M     0  -3  -3  -4  -2  -2  -3  -3  -3   4   2  -3   4  -1  -3  -2  -1  -3  -2   2    8   0   0   0   0   0   0   0   0  50  16   0  21   0   0   0   0   0   0   5  0.37 0.06
   94 V    -1  -3  -4  -4  -1  -3  -3  -4  -4   3   1  -3   1  -1  -3  -2  -1  -3  -2   5    0   0   0   0   0   0   0   0   0  13   7   0   0   0   0   0   0   0   0  79  0.53 0.08
   95 I     1  -4  -3  -4   9  -3  -4  -3  -3   1  -1  -3  -1   0  -3  -1   0  -3  -2   0   13   0   0   0  63   0   0   0   0  16   0   0   0   4   0   0   4   0   0   0  0.91 0.10
   96 K    -1   4   1  -1  -4   2   1  -2  -1  -3  -3   4  -2  -4  -2   0  -1  -3  -2  -3    0  27   9   0   0   7  10   0   0   0   0  44   0   0   0   4   0   0   0   0  0.50 0.06
   97 S     0  -2   1  -1   3  -1  -1  -2  -2  -1   1  -1   0  -2  -2   3   0  -3  -2   0    0   0   9   0  10   0   0   0   0   0  29   0   0   0   0  46   0   0   0   6  0.22 0.06
   98 T     0  -2  -1   2  -2  -1  -1  -2  -2   1  -1  -1  -1  -2  -2   1   3  -3  -2   1   10   0   0  19   0   0   0   0   0  21   0   0   0   0   0   8  37   0   0   5  0.23 0.05
   99 N     1   1   4   0  -2   0  -1  -1  -1  -1  -2   0  -2  -3  -2   1   2  -3  -2  -1   14  13  34   3   0   4   0   0   0   6   0   0   0   0   0   9  17   0   0   0  0.27 0.04
  100 E     0  -1  -1  -1  -2   1   2   0  -1  -1  -2   1  -1  -3   2   0   2  -3  -2   0    3   0   0   0   0   9  21   9   0   0   0  10   0   0  11   0  25   0   0  12  0.23 0.04
  101 K    -1   2   0   2  -4   3   1  -2  -1  -3  -3   5  -2  -4  -2  -1  -1  -4  -2  -3    0   3   0  16   0  20   0   0   0   0   0  61   0   0   0   0   0   0   0   0  0.57 0.08
  102 I    -1  -3  -3  -3  -1  -2  -3  -3  -3   4   1  -2   1  -1  -2  -2  -1  -3  -1   3    1   1   1   1   0   1   1   1   0  57   1   1   0   1   1   1   1   0   0  32  0.38 0.06
  103 P    -1  -2  -2  -2  -3  -2  -1  -2  -2  -3  -3  -1  -3  -3   8  -1  -1  -3  -3  -3    1   1   1   1   0   1   1   1   0   1   1   1   0   1  87   1   1   0   0   1  1.85 0.10
  104 Y    -2  -1  -2  -3  -3   2  -1  -3   4  -2  -2   0  -2   2  -3  -2  -2   1   7  -2    0   0   0   0   0  13   0   0  11   0   0   7   0   0   0   0   0   0  69   0  0.83 0.11
  105 F    -3  -3  -4  -4  -3  -3  -4  -4  -2  -1   1  -3   0   7   1  -3  -2   0   2  -1    0   0   0   0   0   0   0   0   0   0  13   0   0  77  10   0   0   0   0   0  0.81 0.10
  106 N    -2  -1   7   1  -3  -1  -1   2   0  -4  -4  -1  -3  -4  -3   0  -1  -4  -3  -4    0   0  87   0   0   0   0  13   0   0   0   0   0   0   0   0   0   0   0   0  0.96 0.11
  107 A     5  -2  -2  -2   3  -1  -1   0  -2  -2  -2  -1  -2  -3  -1   2   0  -3  -2  -1   83   0   0   0   7   0   0   0   0   0   0   0   0   0   0  10   0   0   0   0  0.54 0.09
  108 P    -2  -2  -3  -2  -4  -2  -2  -3  -3  -3  -3   0  -1  -4   8  -1  -2  -4  -4  -3    0   0   0   0   0   0   0   0   0   0   0   7   3   0  91   0   0   0   0   0  2.00 0.12
  109 I    -1  -3  -4  -4  -2  -3  -4  -4  -4   5   1  -3   1  -1  -3  -3  -1  -3  -2   4    0   0   0   0   0   0   0   0   0  63   0   0   0   0   0   0   0   0   0  37  0.55 0.08
  110 Y    -2  -3  -3  -4  -3  -2  -3  -4   0  -1   1  -3  -1   4  -4  -3  -2   1   7  -1    0   0   0   0   0   0   0   0   0   0  17   0   0  19   0   0   0   0  64   0  0.86 0.10
  111 L    -1  -2  -2   0  -2  -2  -2  -3  -3   0   3  -2   1   2  -3   0   1  -2  -1   0    0   0   0  10   0   0   0   0   0   0  61   0   0   9   0   7  13   0   0   0  0.25 0.05
  112 E     1   0  -1   0  -3   2   4  -2  -1  -3  -3   1  -2  -3  -1   2  -1  -3  -2  -2   10   0   0   0   0   8  57   0   0   0   0   5   0   0   0  20   0   0   0   0  0.53 0.07
  113 N    -1  -1   6   3  -3  -1   0  -1   0  -4  -4  -1  -3  -4  -2   2   0  -4  -3  -3    0   0  70  13   0   0   0   0   0   0   0   0   0   0   0  17   0   0   0   0  0.77 0.09
  114 K    -1   1  -1  -1  -3   0   0   1  -1  -3  -3   5  -2  -4  -2   1  -1  -4  -3  -3    0   0   0   0   0   0   0  13   0   0   0  77   0   0   0  10   0   0   0   0  0.57 0.09
  115 S    -1   0   1   0  -2   0   3  -2  -1  -2  -3   2  -2  -3  -1   1   3  -3  -2  -2    0   0   7   0   0   0  25   0   0   0   0  23   0   0   0  10  35   0   0   0  0.35 0.06
  116 D    -1   2  -1   0  -3   5   1  -2  -1   0  -2   1  -1  -3   0   0   0  -3  -2  -1    3  13   0   3   0  54   3   0   0  10   0   0   0   0   5   2   7   0   0   0  0.42 0.07
  117 V    -1  -3  -4  -4  -2  -3  -4  -4  -4   5   1  -3   1  -1  -3  -3  -1  -3  -2   4    0   0   0   0   0   0   0   0   0  64   0   0   0   0   0   0   0   0   0  36  0.56 0.08
  118 G     0  -3  -1  -2  -3  -2  -3   6  -3  -5  -4  -2  -3  -4  -3  -1  -2  -3  -4  -4    0   0   0   0   0   0   0 100   0   0   0   0   0   0   0   0   0   0   0   0  1.34 0.11
  119 K    -1   2  -1  -1  -4   1   0  -2  -1  -3  -3   6  -2  -4  -2   0  -1  -4  -2  -3    0   4   0   0   0   0   0   0   0   0   0  89   0   0   0   7   0   0   0   0  0.73 0.10
  120 V    -1  -3  -4  -4  -1  -3  -3  -4  -4   3   1  -3   0  -1  -3  -2  -1  -3  -2   5    0   0   0   0   0   0   0   0   0  18   0   0   0   0   0   0   0   0   0  82  0.57 0.09
  121 D    -2  -2   1   7  -4  -1   1  -2   3  -4  -4  -1  -4  -4  -2  -1  -2  -5  -2  -4    0   0   0  87   0   0   0   0  13   0   0   0   0   0   0   0   0   0   0   0  1.09 0.11
  122 E    -2  -1  -1   3  -4   1   6  -3  -1  -4  -4   0  -3  -4  -2  -1  -1  -4  -3  -3    0   0   0  13   0   0  87   0   0   0   0   0   0   0   0   0   0   0   0   0  0.94 0.11
  123 I    -2  -4  -4  -4  -2  -3  -4  -4  -4   5   1  -3   1  -1  -3  -3  -1  -3  -2   3    0   0   0   0   0   0   0   0   0  89   0   0   0   0   0   0   0   0   0  11  0.66 0.10
  124 F    -2  -3  -4  -4  -2  -3  -4  -4  -2   0   3  -3   1   6  -4  -3  -2   0   2  -1    0   0   0   0   0   0   0   0   0   0  40   0   0  60   0   0   0   0   0   0  0.69 0.08
  125 G     0  -3  -1  -2  -3  -2  -3   6  -3  -5  -4  -2  -3  -4  -3  -1  -2  -3  -4  -4    0   0   0   0   0   0   0 100   0   0   0   0   0   0   0   0   0   0   0   0  1.34 0.11
  126 T    -1   1  -2  -2  -3   1  -1  -2  -2  -3  -3  -1  -2  -4   7   0   1  -4  -3  -3    0  10   0   0   0  10   0   0   0   0   0   0   0   0  62   9   9   0   0   0  1.18 0.08
  127 I    -1  -3  -3  -3  -2  -2  -3  -4  -3   3   2  -2   1  -1   1  -2   1  -3  -2   2    0   0   0   0   0   0   0   0   0  45  21   0   4   0   9   0  13   0   0   8  0.30 0.05
  128 Q    -2   3   5   2  -4   0   0   1   0  -4  -4   0  -2  -4  -2   0  -1  -4  -3  -3    0  29  49  10   0   3   0   9   0   0   0   0   0   0   0   0   0   0   0   0  0.55 0.07
  129 E    -2   0   2   4  -4   2   4  -2  -1  -4  -3   1  -2  -4  -2   0  -1  -4  -3  -3    0   0  13  26   0  13  41   0   0   0   0   7   0   0   0   0   0   0   0   0  0.59 0.06
  130 V    -1  -2   0  -2  -2  -2  -2  -3  -2   1   0  -2   0   1   2   0  -1  -2   1   3    0   0   9   0   0   0   0   0   0   0   0   0   0  10  13   8   0   0   6  54  0.24 0.06
  131 Y    -2  -2  -2  -3  -3  -2  -2   0   3  -1   0  -2  -1   4  -3  -1  -2   1   6  -2    0   0   0   0   0   0   0   9  10   0   8   0   0  21   0   6   0   0  46   0  0.53 0.07
  132 F    -2  -3  -4  -4  -3  -4  -4  -4  -2   2   0  -4   0   6  -4  -3  -2   0   2   1    0   0   0   0   0   0   0   0   0  13   0   0   0  71   0   0   0   0   0  16  0.72 0.09
  133 S     0  -1   0  -1  -1  -1  -1  -1  -2  -2  -2  -1  -2  -3  -1   4   4  -3  -2  -1    0   0   0   0   0   0   0   0   0   0   0   0   0   0   0  56  44   0   0   0  0.56 0.09
  134 V    -1  -3  -4  -4  -2  -3  -4  -4  -4   5   1  -3   1  -1  -3  -3  -1  -3  -2   4    0   0   0   0   0   0   0   0   0  61   0   0   0   0   0   0   0   0   0  39  0.55 0.08
  135 K    -1   2  -1  -1  -4   1   0  -2  -1  -3  -3   6  -2  -4  -2  -1   1  -4  -2  -3    0   0   0   0   0   0   0   0   0   0   0  91   0   0   0   0   9   0   0   0  0.73 0.11
  136 C    -1  -3  -3  -3   4  -2  -2  -3  -3   0   2  -2   3  -2   5  -2  -1  -3  -2  -1    0   0   0   0  12   0   0   0   0   0  32   0  15   0  41   0   0   0   0   0  0.73 0.07
  137 A     1   0   0   3  -2   1   1   0  -1  -3  -3   0   0  -3  -2   3   1  -3  -2  -2    6   4   0  20   0   5   4   4   0   0   0   0   4   0   0  51   2   0   0   0  0.34 0.06
  138 E    -1   2   0   3  -4   2   4  -2  -1  -4  -3   0  -2  -4   0   0  -1  -3  -3  -3    0  13   0  22   0  13  41   0   0   0   0   0   0   0   3   7   0   0   0   0  0.53 0.06
  139 G     1  -2   2  -1  -3   1  -1   5  -2  -4  -4  -1  -3  -4  -2   0  -1  -3  -3  -3   13   0  16   0   0  10   0  61   0   0   0   0   0   0   0   0   0   0   0   0  0.66 0.07
  140 I    -1  -3  -3  -4   3  -3  -3  -4  -3   4   1  -3   3  -1  -3  -2  -1  -3  -2   3    0   0   0   0  10   0   0   0   0  38   0   0  17   0   0   0   0   0   0  35  0.41 0.06
  141 A     0   0   2  -1  -2   2   0  -2  -1  -1  -1   2  -1  -2  -2   1   0  -2   0   1    3   0  13   0   0  18   0   0   0   0   4  26   0   0   0  10   0   0   6  20  0.15 0.04
  142 A     4  -2  -2  -2  -1  -1  -2  -1  -2   0  -2  -1  -1  -3   3   1  -1  -3  -2   0   73   0   0   0   0   0   0   0   0  10   0   0   0   0  13   4   0   0   0   0  0.47 0.08
  143 G     0  -1   1   1  -2   0   2   0  -1  -2  -3  -1  -2  -3  -1   3   3  -3  -2  -2    0   0   6   5   0   0  15   3   0   0   0   0   0   0   0  39  32   0   0   0  0.37 0.06
  144 S     0  -1   0  -1  -1   0   0  -1  -1  -3  -3   1  -2  -3  -1   4   1  -3  -2  -2    1   1   0   1   0   0   1   1   0   1   1  14   0   0   1  77   1   0   0   1  0.48 0.08
  145 F    -2  -3  -3  -3  -3  -3  -3  -3  -1  -1   0  -3  -1   7  -3  -2  -2   1   3  -1    1   1   0   1   0   0   1   1   0   1   1   1   0  82   1   1   1   0   8   1  0.89 0.09
  146 K    -1   1  -1  -1  -3   1   2  -2  -1  -3  -3   5  -2  -4  -2   1  -1  -4  -2  -3    0   0   0   0   0   0  18   0   0   0   0  72   0   0   0  10   0   0   0   0  0.59 0.09
  147 P    -1   0   2   1  -3   1   2  -2  -1  -3  -3   1  -2  -3   4   0   0  -3  -1  -2    3   0  13   5   0   4  25   0   0   0   0  14   0   0  22   4   2   0   3   4  0.41 0.04
  148 G    -1  -2   2   0  -3  -1   0   5  -2  -3  -1  -2  -2  -3  -3  -1  -2  -3  -3  -3    0   0  13   3   0   0   9  65   0   0  10   0   0   0   0   0   0   0   0   0  0.63 0.06
  149 D    -1  -1   0   5  -4   2   3  -2  -1  -4  -4   0  -3  -4  -2   1  -1  -4  -3  -3    0   0   0  52   0  16  23   0   0   0   0   0   0   0   0   9   0   0   0   0  0.69 0.07
  150 K    -1   1  -1  -1  -3   1   1  -2  -1  -3  -3   5  -2  -3  -2   0   2  -3  -2  -2    0   0   0   0   0   5   4   0   0   0   0  68   0   0   0   0  23   0   0   0  0.52 0.08
  151 L    -2  -3  -4  -4  -2  -3  -3  -4  -3   2   3  -3   1   5  -4  -3  -2  -1   1   1    0   0   0   0   0   0   0   0   0   7  41   0   0  39   0   0   0   0   0  13  0.46 0.06
  152 Y    -3  -3  -3  -4  -3  -3  -3  -4   1  -2  -1  -3  -1   5  -4  -3  -2   1   7  -2    0   0   0   0   0   0   0   0   0   0   0   0   0  33   0   0   0   0  67   0  1.09 0.11
  153 I    -1  -3  -3  -3  -2  -3  -3  -4  -3   5   1  -3   1  -1  -3   0  -1  -3  -2   3    0   0   0   0   0   0   0   0   0  66   4   0   0   0   0  10   0   0   0  20  0.42 0.07
  154 S     0  -2   0   4  -3  -1   0   3  -1  -3  -3  -1  -3  -2  -2   2  -1  -2   1  -3    9   0   0  35   0   0   0  25   0   0   0   0   0   0   0  21   0   0  10   0  0.39 0.05
  155 P     1  -2  -2  -2  -3  -2  -2   2  -2  -3  -3  -1  -3  -4   6   1  -1  -4  -3  -2   15   0   0   0   0   0   0  24   0   0   0   0   0   0  53   9   0   0   0   0  1.03 0.06
  156 L    -1  -2   2   4  -3   0   2   2  -1  -3  -2  -1  -1  -2  -2  -1  -1  -2   1  -3    3   0   9  41   0   0  14  17   0   0   4   0   3   0   0   0   0   0  10   0  0.38 0.04
  157 K    -1   2  -1  -1  -3   1   0  -2  -1  -3  -3   6  -2  -4  -2   1  -1  -4  -2  -3    0   0   0   0   0   0   0   0   0   0   0  91   0   0   0   9   0   0   0   0  0.72 0.09
  158 L    -2  -3  -4  -4  -2  -3  -3  -4  -3   1   4  -3   1   2  -3  -3  -2  -2  -1   1    0   0   0   0   0   0   0   0   0   0  79   0   0  12   0   0   0   0   0   9  0.51 0.06
  159 L    -2  -3  -4  -4  -2  -3  -3  -4  -3   2   4  -3   2   0  -3  -3  -2  -2  -2   1    0   0   0   0   0   0   0   0   0  17  83   0   0   0   0   0   0   0   0   0  0.57 0.07
  160 P    -2  -3  -3  -2  -4  -2  -2  -3  -3  -4  -4  -2  -3  -5   8  -2  -2  -5  -4  -3    0   0   0   0   0   0   0   0   0   0   0   0   0   0 100   0   0   0   0   0  2.31 0.12
  161 L    -1  -2  -3  -3  -2  -2  -3  -4  -3   3   3   0   1   0  -3  -2  -1  -3  -2   2    0   0   0   0   0   0   0   0   0  33  44  12   0   0   0   0   0   0   0  10  0.31 0.04
  162 E     0   0   0   2  -3   2   4  -2  -1  -3  -3   2  -2  -4  -1   0  -1  -3  -2  -2   11   0   0   9   0  12  42   0   0   0   0  21   0   0   0   5   0   0   0   0  0.45 0.05
  163 R    -2   6  -1  -2  -4   0  -1  -3  -1   0  -2   2  -2  -3  -3  -1  -2  -3  -2  -2    0  86   0   0   0   0   0   0   0  10   0   4   0   0   0   0   0   0   0   0  0.82 0.08
  164 F    -3  -4  -4  -4  -3  -4  -4  -4  -2  -1   0  -4  -1   7  -4  -3  -3   0   3  -1    0   0   0   0   0   0   0   0   0   0   0   0   0 100   0   0   0   0   0   0  1.17 0.11
  165 L    -2  -3  -4  -4  -2  -3  -3  -4  -3   2   5  -3   2   0  -3  -3  -2  -2  -2   1    0   0   0   0   0   0   0   0   0   6  94   0   0   0   0   0   0   0   0   0  0.62 0.07
  166 P    -1  -3  -2  -2  -4  -1   1  -3  -3  -4  -4  -1  -3  -4   8  -1  -2  -4  -4  -3    0   0   0   0   0   0  10   0   0   0   0   0   0   0  90   0   0   0   0   0  1.98 0.10
  167 Q    -1   4  -1  -1  -4   3   2  -2  -1  -3  -3   4  -2  -4  -2  -1  -1  -3  -2  -3    0  24   0   0   0  23  10   0   0   0   0  43   0   0   0   0   0   0   0   0  0.56 0.05
  168 P    -1  -2  -2  -1  -4  -1   1  -3  -2  -3  -4  -1  -3  -4   8  -1  -2  -4  -3  -3    0   0   0   0   0   0  14   0   0   0   0   0   0   0  86   0   0   0   0   0  1.84 0.08
  169 K    -1   1  -1  -1  -4   1   2  -2  -1  -3  -3   4  -2  -4   4  -1  -1  -4  -3  -3    0   0   0   0   0   0  14   0   0   0   0  65   0   0  21   0   0   0   0   0  0.64 0.06
  170 G     0  -2  -1  -1  -2   0   0   3  -2  -1  -2  -1  -1  -3   3   0   1  -3  -2   0    0   0   0   0   0   7   6  28   0   0   0   0   0   0  18   5  19   0   0  17  0.31 0.03
  171 A     1  -1  -2  -1  -2   1   1  -2  -2  -1  -1  -1  -1  -1   5   0  -1  -3  -2   0   20   0   0   0   0  11  16   0   0   0   5   0   0   3  33   0   0   0   0  12  0.46 0.03
  172 G     0   0   0  -1  -3   0   0   3  -1  -3  -3   3  -2  -3   2   1   0  -3  -2  -2    0   0   0   0   0   0   0  31   0   0   1  40   0   0   9  11   5   0   0   0  0.36 0.03
  173 G     0  -2  -1  -2  -3  -2  -2   5  -2  -4  -4   0  -3  -4   5  -1  -1  -3  -3  -3    0   0   0   0   0   0   0  59   0   0   0   6   0   0  31   0   4   0   0   0  0.89 0.04
  174 G     1   0  -1  -2  -3   0  -1   1  -2  -3  -3   2  -2  -3   5   0  -1  -3  -3  -2   20   0   0   0   0   0   0  13   0   0   0  30   0   0  36   0   0   0   0   0  0.63 0.04
  175 K    -1   2  -1  -1  -3   0   1  -2  -1  -3  -3   4  -2  -4   5  -1  -1  -4  -3  -3    0   8   0   0   0   0   6   0   0   0   0  49   0   0  37   0   0   0   0   0  0.78 0.05
  176 G    -1   2   0   2  -3   0   0   1  -1  -3  -3   3  -2  -4   3  -1  -1  -3  -3  -3    0  15   0  17   0   0   0  15   0   0   0  39   0   0  14   0   0   0   0   0  0.41 0.03
  177 G    -1   1  -1  -1  -3   2   0   3  -1  -3  -3   3  -2  -4   3   0  -1  -3  -2  -3    0   6   0   0   0  20   0  27   0   0   0  31   0   0  16   0   0   0   0   0  0.43 0.02
  178 K     1   2   1  -1  -3   0   0   1  -1  -3  -3   3  -2  -3  -1   0  -1  -3  -2  -2   21  13   6   0   0   0   0  12   0   0   0  48   0   0   0   0   0   0   0   0  0.31 0.02
  179 G     0   2   0  -1  -2   0  -1   3  -1  -3  -3   2  -2  -3  -2   2   0  -3  -2  -3    0  12   0   0   0   0   0  38   0   0   0  27   0   0   0  23   0   0   0   0  0.39 0.02
  180 G     2   2  -1  -1  -2   0   0   3  -1  -3  -3   3  -2  -3  -2   0  -1  -3  -2  -2   26  11   0   0   0   0   0  29   0   0   0  34   0   0   0   0   0   0   0   0  0.32 0.01
  181 K     0   1   0  -1  -2   0  -1   4  -1  -3  -3   1  -2  -3  -2   1  -1  -3  -3  -3    0  14   0   0   0   0   0  52   0   0   0  13   0   0   0  21   0   0   0   0  0.49 0.02
  182 G    -1  -2   4   0  -3  -1  -2   5  -1  -4  -4  -1  -3  -3  -2   0  -1  -3  -3  -3    0   0  37   0   0   0   0  63   0   0   0   0   0   0   0   0   0   0   0   0  0.73 0.02
  183 G     2   4  -1  -2  -2   0  -1   3  -1  -3  -2   1  -2  -3  -2   0  -1  -3  -2  -2   34  39   0   0   0   0   0  26   0   0   0   0   0   0   0   0   0   0   0   0  0.36 0.02
  184 K    -1   1  -1  -2  -3  -1  -1   1  -2  -3  -3   1  -2  -4   6  -1  -1  -4  -3  -3    0  13   0   0   0   0   0  16   0   0   0  13   0   0  58   0   0   0   0   0  1.05 0.02
  185 G     1   2  -1  -2  -3  -1  -1   5  -2  -3  -3   0  -2  -3  -2   0  -1  -3  -3  -3   15  25   0   0   0   0   0  60   0   0   0   0   0   0   0   0   0   0   0   0  0.58 0.02
  186 G     2   2  -1  -2  -2  -1  -1   4  -2  -3  -3   0  -2  -3  -2   0  -1  -3  -3  -2   28  20   0   0   0   0   0  52   0   0   0   0   0   0   0   0   0   0   0   0  0.49 0.01
  187 K    -1   3  -1  -2  -3   0  -1   2  -1  -2  -2   2  -1   3  -2  -1  -2  -1   0  -2    0  35   0   0   0   0   0  20   0   0   0  18   0  28   0   0   0   0   0   0  0.27 0.01
  188 G     0  -3  -1  -2  -3  -2  -2   6  -2  -4  -4  -2  -3  -3  -2   0  -2  -3  -3  -4    0   0   0   0   0   0   0 100   0   0   0   0   0   0   0   0   0   0   0   0  1.11 0.03
  189 G     0  -3  -1  -2  -3  -2  -2   6  -2  -4  -4  -2  -3  -3  -2   0  -2  -3  -3  -4    0   0   0   0   0   0   0 100   0   0   0   0   0   0   0   0   0   0   0   0  1.11 0.03
  190 K    -1   3  -1  -1  -3   1   0  -2  -1  -3  -3   4  -2  -3   4  -1  -1  -3  -2  -3    0  24   0   0   0   0   0   0   0   0   0  53   0   0  23   0   0   0   0   0  0.59 0.01
  191 G     0  -1  -1  -1  -3   3   0   4  -1  -2  -1   0   2  -2  -2  -1  -1  -2  -2  -2    0   0   0   0   0  31   0  46   0   0   0   0  23   0   0   0   0   0   0   0  0.37 0.01
  192 K    -1   5   0  -1  -3   1   0   2  -1  -3  -3   3  -2  -3  -2  -1  -1  -3  -2  -3    0  54   0   0   0   0   0  24   0   0   0  22   0   0   0   0   0   0   0   0  0.49 0.01
  193 G     0  -3  -1  -2  -3  -2  -2   6  -2  -4  -4  -2  -3  -3  -2   0  -2  -3  -3  -3    0   0   0   0   0   0   0 100   0   0   0   0   0   0   0   0   0   0   0   0  1.09 0.02
  194 M     0  -2   0  -1  -2  -1  -1   4  -2  -2  -1  -1   2  -2  -2   2   0  -3  -2  -2    0   0   0   0   0   0   0  47   0   0   0   0  22   0   0  31   0   0   0   0  0.37 0.01
  195 G    -1   4   0   3  -3   0   0   2  -1  -3  -3   1  -2  -3  -2  -1  -1  -3  -3  -3    0  47   0  31   0   0   0  22   0   0   0   0   0   0   0   0   0   0   0   0  0.45 0.01
  196 K    -1   3   0  -1  -3   0  -1   4  -1  -4  -3   2  -2  -3  -2   0  -1  -3  -3  -3    0  31   0   0   0   0   0  47   0   0   0  22   0   0   0   0   0   0   0   0  0.50 0.01
  197 G     0   0   0  -1  -3   0  -1   5  -2  -4  -3   2  -2  -3  -2   0  -1  -3  -3  -3    0   0   0   0   0   0   0  62   0   0   0  38   0   0   0   0   0   0   0   0  0.59 0.01
  198 K    -1   0  -1  -1  -3   0  -1   3  -2  -3  -3   2  -2  -4   5  -1  -1  -3  -3  -3    0   0   0   0   0   0   0  31   0   0   0  31   0   0  38   0   0   0   0   0  0.71 0.01
  199 G    -1   3   0   4  -3   0   0   3  -1  -4  -3   0  -3  -3  -2   0  -1  -3  -3  -3    0  31   0  38   0   0   0  31   0   0   0   0   0   0   0   0   0   0   0   0  0.45 0.01
  200 K    -1   4   0  -1  -3   0   0   3  -1  -3  -3   3  -2  -3  -2   0  -1  -3  -2  -3    0  38   0   0   0   0   0  31   0   0   0  31   0   0   0   0   0   0   0   0  0.44 0.01
  201 G     0   0   0  -1  -3   0  -1   5  -2  -4  -3   2  -2  -3  -2   0  -1  -3  -3  -3    0   0   0   0   0   0   0  62   0   0   0  38   0   0   0   0   0   0   0   0  0.59 0.01
  202 K    -1   0  -1  -2  -3  -1  -1   3  -2  -3  -3   2  -2  -1  -2  -1  -2   8   0  -3    0   0   0   0   0   0   0  31   0   0   0  31   0   0   0   0   0  38   0   0  0.78 0.01
  203 G     0  -3  -1  -2  -3  -2  -3   5  -2  -2  -2  -2  -2   3  -3  -1  -2  -1   0  -2    0   0   0   0   0   0   0  69   0   0   0   0   0  31   0   0   0   0   0   0  0.61 0.01
  204 G     0   3   0  -1  -2   0  -1   3  -1  -3  -3   0  -2  -3  -2   2   0  -3  -2  -3    0  31   0   0   0   0   0  31   0   0   0   0   0   0   0  38   0   0   0   0  0.37 0.01
  205 G     0  -2   4   0  -3  -1  -1   5  -1  -4  -4  -1  -3  -3  -2   0  -1  -3  -3  -3    0   0  38   0   0   0   0  62   0   0   0   0   0   0   0   0   0   0   0   0  0.69 0.01
  206 K    -1   0  -1  -2  -3  -1  -1   3  -2  -3  -3   2  -2  -1  -2  -1  -2   8   0  -3    0   0   0   0   0   0   0  31   0   0   0  31   0   0   0   0   0  38   0   0  0.78 0.01
  207 G     0   3   0  -1  -2   0  -1   3  -1  -3  -3   0  -2  -3  -2   2   0  -3  -2  -3    0  31   0   0   0   0   0  31   0   0   0   0   0   0   0  38   0   0   0   0  0.37 0.01
  208 K    -1   2   0  -1  -3   1   1  -2  -1  -3  -3   5  -1  -3  -1   0  -1  -3  -2  -2    0   0   0   0   0   0   0   0   0   0   0 100   0   0   0   0   0   0   0   0  0.52 0.00
  209 G     0  -2   0  -1  -3  -2  -2   6  -2  -4  -4  -2  -3  -3  -2   0  -2  -3  -3  -3    0   0   0   0   0   0   0 100   0   0   0   0   0   0   0   0   0   0   0   0  1.04 0.00
  210 G     0  -2   0  -1  -3  -2  -2   6  -2  -4  -4  -2  -3  -3  -2   0  -2  -3  -3  -3    0   0   0   0   0   0   0 100   0   0   0   0   0   0   0   0   0   0   0   0  1.04 0.00
  211 R    -2   6   0  -2  -4   1   0  -3   0  -3  -2   2  -1  -3  -2  -1  -1  -3  -2  -3    0 100   0   0   0   0   0   0   0   0   0   0   0   0   0   0   0   0   0   0  0.75 0.00
  212 G     0  -2   0  -1  -2  -2  -2   5  -2  -4  -4  -2  -3  -3  -2   0  -2  -2  -3  -3    0   0   0   0   0   0   0   0   0   0   0   0   0   0   0   0   0   0   0   0  0.00     0.00
  213 R    -1   5   0  -2  -3   1   0  -2   0  -3  -2   2  -1  -3  -2  -1  -1  -3  -2  -2    0   0   0   0   0   0   0   0   0   0   0   0   0   0   0   0   0   0   0   0  0.00     0.00
  214 G     0  -2   0  -1  -2  -2  -2   5  -2  -4  -4  -2  -3  -3  -2   0  -2  -2  -3  -3    0   0   0   0   0   0   0   0   0   0   0   0   0   0   0   0   0   0   0   0  0.00     0.00

                      K         Lambda
Standard Ungapped    0.1432     0.3135
Standard Gapped      0.0452     0.2670
PSI Ungapped         0.1477     0.3168
PSI Gapped           0.0452     0.2670
