
Last position-specific scoring matrix computed, weighted observed percentages rounded down, information per position, and relative weight of gapless real matches to pseudocounts
            A   R   N   D   C   Q   E   G   H   I   L   K   M   F   P   S   T   W   Y   V   A   R   N   D   C   Q   E   G   H   I   L   K   M   F   P   S   T   W   Y   V
    1 A     4  -1  -1  -2   0  -1  -1   0  -2  -1  -1  -1  -1  -2  -1   1   0  -2  -2   0    0   0   0   0   0   0   0   0   0   0   0   0   0   0   0   0   0   0   0   0  0.00     0.00
    2 G     0  -2   0  -1  -2  -2  -2   5  -2  -4  -4  -1  -3  -3  -2   0  -2  -2  -3  -3    0   0   0   0   0   0   0   0   0   0   0   0   0   0   0   0   0   0   0   0  0.00     0.00
    3 Q    -1   1   0   0  -3   5   2  -2   0  -3  -2   1   0  -3  -1   0  -1  -2  -1  -2    0   0   0   0   0   0   0   0   0   0   0   0   0   0   0   0   0   0   0   0  0.00     0.00
    4 S     1  -1   1   0  -1   0   0   0  -1  -2  -2   0  -1  -2  -1   4   1  -3  -2  -2    0   0   0   0   0   0   0   0   0   0   0   0   0   0   0   0   0   0   0   0  0.00     0.00
    5 S     1  -1   1   0  -1   0   0   0  -1  -2  -2   0  -1  -2  -1   4   1  -3  -2  -2    0   0   0   0   0   0   0   0   0   0   0   0   0   0   0   0   0   0   0   0  0.00     0.00
    6 A     4  -1  -1  -2   0  -1  -1   0  -2  -1  -1  -1  -1  -2  -1   1   0  -2  -2   0    0   0   0   0   0   0   0   0   0   0   0   0   0   0   0   0   0   0   0   0  0.00     0.00
    7 D    -2  -2   1   6  -3   0   1  -1  -1  -3  -4  -1  -3  -3  -1   0  -1  -4  -3  -3    0   0   0   0   0   0   0   0   0   0   0   0   0   0   0   0   0   0   0   0  0.00     0.00
    8 V     0  -2  -3  -3  -1  -2  -2  -3  -3   2   1  -2   1  -1  -2  -2   0  -3  -1   4    0   0   0   0   0   0   0   0   0   0   0   0   0   0   0   0   0   0   0   0  0.00     0.00
    9 T     0  -1   0  -1  -1  -1  -1  -2  -2  -1  -1  -1  -1  -2  -1   1   4  -2  -2   0    0   0   0   0   0   0   0   0   0   0   0   0   0   0   0   0   0   0   0   0  0.00     0.00
   10 A     4  -1  -1  -2   0  -1  -1   0  -2  -1  -1  -1  -1  -2  -1   1   0  -2  -2   0    0   0   0   0   0   0   0   0   0   0   0   0   0   0   0   0   0   0   0   0  0.00     0.00
   11 D    -2  -2   1   6  -3   0   1  -1  -1  -3  -4  -1  -3  -3  -1   0  -1  -4  -3  -3    0   0   0   0   0   0   0   0   0   0   0   0   0   0   0   0   0   0   0   0  0.00     0.00
   12 R    -1   5   0  -2  -3   1   0  -2   0  -3  -2   2  -1  -3  -2  -1  -1  -3  -2  -2    0   0   0   0   0   0   0   0   0   0   0   0   0   0   0   0   0   0   0   0  0.00     0.00
   13 P    -1  -2  -2  -1  -3  -1  -1  -2  -2  -3  -3  -1  -2  -4   7  -1  -1  -4  -3  -2    0   0   0   0   0   0   0   0   0   0   0   0   0   0   0   0   0   0   0   0  0.00     0.00
   14 T     0  -1   0  -1  -1  -1  -1  -2  -2  -1  -1  -1  -1  -2  -1   1   4  -2  -2   0    0   0   0   0   0   0   0   0   0   0   0   0   0   0   0   0   0   0   0   0  0.00     0.00
   15 A     4  -1  -1  -2   0  -1  -1   0  -2  -1  -1  -1  -1  -2  -1   1   0  -2  -2   0    0   0   0   0   0   0   0   0   0   0   0   0   0   0   0   0   0   0   0   0  0.00     0.00
   16 T     0  -1   0  -1  -1  -1  -1  -2  -2  -1  -1  -1  -1  -2  -1   1   4  -2  -2   0    0   0   0   0   0   0   0   0   0   0   0   0   0   0   0   0   0   0   0   0  0.00     0.00
   17 M    -1  -1  -2  -3  -1   0  -2  -3  -2   1   2  -1   5   0  -2  -1  -1  -1  -1   1    0   0   0   0   0   0   0   0   0   0   0   0   0   0   0   0   0   0   0   0  0.00     0.00
   18 P    -1  -2  -2  -1  -3  -1  -1  -2  -2  -3  -3  -1  -2  -4   7  -1  -1  -4  -3  -2    0   0   0   0   0   0   0   0   0   0   0   0   0   0   0   0   0   0   0   0  0.00     0.00
   19 V     0  -2  -3  -3  -1  -2  -2  -3  -3   2   1  -2   1  -1  -2  -2   0  -3  -1   4    0   0   0   0   0   0   0   0   0   0   0   0   0   0   0   0   0   0   0   0  0.00     0.00
   20 S     1  -1   1   0  -1   0   0   0  -1  -2  -2   0  -1  -2  -1   4   1  -3  -2  -2    0   0   0   0   0   0   0   0   0   0   0   0   0   0   0   0   0   0   0   0  0.00     0.00
   21 A     4  -1  -1  -2   0  -1  -1   0  -2  -1  -1  -1  -1  -2  -1   1   0  -2  -2   0    0   0   0   0   0   0   0   0   0   0   0   0   0   0   0   0   0   0   0   0  0.00     0.00
   22 E    -1   0   0   1  -4   2   5  -2   0  -3  -3   1  -2  -3  -1   0  -1  -3  -2  -2    0   0   0   0   0   0   0   0   0   0   0   0   0   0   0   0   0   0   0   0  0.00     0.00
   23 G     0  -2   0  -1  -2  -2  -2   5  -2  -4  -4  -1  -3  -3  -2   0  -2  -2  -3  -3    0   0   0   0   0   0   0   0   0   0   0   0   0   0   0   0   0   0   0   0  0.00     0.00
   24 Y    -2  -2  -2  -3  -2  -1  -2  -3   2  -1  -1  -2  -1   3  -3  -2  -2   2   6  -1    0   0   0   0   0   0   0   0   0   0   0   0   0   0   0   0   0   0   0   0  0.00     0.00
   25 P    -1  -2  -2  -1  -3  -1  -1  -2  -2  -3  -3  -1  -2  -4   7  -1  -1  -4  -3  -2    0   0   0   0   0   0   0   0   0   0   0   0   0   0   0   0   0   0   0   0  0.00     0.00
   26 D    -2  -2   1   6  -3   0   1  -1  -1  -3  -4  -1  -3  -3  -1   0  -1  -4  -3  -3    0   0   0   0   0   0   0   0   0   0   0   0   0   0   0   0   0   0   0   0  0.00     0.00
   27 G     0  -2   0  -1  -2  -2  -2   5  -2  -4  -4  -1  -3  -3  -2   0  -2  -2  -3  -3    0   0   0   0   0   0   0   0   0   0   0   0   0   0   0   0   0   0   0   0  0.00     0.00
   28 V     0  -2  -3  -3  -1  -2  -2  -3  -3   2   1  -2   1  -1  -2  -2   0  -3  -1   4    0   0   0   0   0   0   0   0   0   0   0   0   0   0   0   0   0   0   0   0  0.00     0.00
   29 E    -1   0   0   1  -4   2   5  -2   0  -3  -3   1  -2  -3  -1   0  -1  -3  -2  -2    0   0   0   0   0   0   0   0   0   0   0   0   0   0   0   0   0   0   0   0  0.00     0.00
   30 R    -1   5   0  -2  -3   1   0  -2   0  -3  -2   2  -1  -3  -2  -1  -1  -3  -2  -2    0   0   0   0   0   0   0   0   0   0   0   0   0   0   0   0   0   0   0   0  0.00     0.00
   31 P    -1  -2  -2  -1  -3  -1  -1  -2  -2  -3  -3  -1  -2  -4   7  -1  -1  -4  -3  -2    0   0   0   0   0   0   0   0   0   0   0   0   0   0   0   0   0   0   0   0  0.00     0.00
   32 D    -2  -2   1   6  -3   0   1  -1  -1  -3  -4  -1  -3  -3  -1   0  -1  -4  -3  -3    0   0   0   0   0   0   0   0   0   0   0   0   0   0   0   0   0   0   0   0  0.00     0.00
   33 R    -1   5   0  -2  -3   1   0  -2   0  -3  -2   2  -1  -3  -2  -1  -1  -3  -2  -2    0   0   0   0   0   0   0   0   0   0   0   0   0   0   0   0   0   0   0   0  0.00     0.00
   34 P    -1  -2  -2  -1  -3  -1  -1  -2  -2  -3  -3  -1  -2  -4   7  -1  -1  -4  -3  -2    0   0   0   0   0   0   0   0   0   0   0   0   0   0   0   0   0   0   0   0  0.00     0.00
   35 P    -1  -2  -2  -2  -3  -1  -1  -2  -2  -3  -3  -1  -3  -4   8  -1  -1  -4  -3  -3    0   0   0   0   0   0   0   0   0   0   0   0   0   0 100   0   0   0   0   0  2.06 0.01
   36 L    -2  -2  -4  -4  -1  -2  -3  -4  -3   2   4  -3   2   0  -3  -3  -1  -2  -1   1    0   0   0   0   0   0   0   0   0   0 100   0   0   0   0   0   0   0   0   0  0.46 0.01
   37 H    -1  -1  -1  -1  -3   0  -1  -2   6  -3  -3  -1  -2  -3   6  -1  -1  -3   0  -3    0   0   0   0   0   0   0   0  43   0   0   0   0   0  57   0   0   0   0   0  1.13 0.01
   38 T     2  -1   0  -1  -1  -1  -1  -1  -2  -1  -1  -1  -1  -2  -1   1   4  -3  -2   0   28   0   0   0   0   0   0   0   0   0   0   0   0   0   0   0  72   0   0   0  0.36 0.01
   39 G    -1  -2   1   5  -3  -1   0   4  -2  -4  -4  -1  -3  -4  -2   0  -1  -4  -3  -3    0   0   0  57   0   0   0  43   0   0   0   0   0   0   0   0   0   0   0   0  0.67 0.00
   40 T    -1  -2  -1  -1  -2  -1  -1  -2  -2  -2  -2  -1  -2  -3   6   0   3  -3  -2  -1    0   0   0   0   0   0   0   0   0   0   0   0   0   0  57   0  43   0   0   0  1.03 0.01
   41 K     0   1   0   0  -2   1   0  -1  -1  -3  -3   3  -2  -3  -1   3   1  -3  -2  -2    0   0   0   0   0   0   0   0   0   0   0  43   0   0   0  57   0   0   0   0  0.35 0.00
   42 N    -1  -1   4   0  -3  -1  -1  -1  -1  -3  -3  -1  -3  -4   6   0  -1  -4  -3  -3    0   0  43   0   0   0   0   0   0   0   0   0   0   0  57   0   0   0   0   0  1.09 0.01
   43 F     0  -2  -1  -2  -2  -1  -1  -2  -1  -1  -1  -1  -1   4  -2   2   2  -1   1  -1    0   0   0   0   0   0   0   0   0   0   0   0   0  43   0  28  28   0   0   0  0.25 0.00
   44 L    -2  -3  -4  -4  -2  -3  -3  -4  -3   1   4  -3   2   3  -3  -3  -2  -1   0   0    0   0   0   0   0   0   0   0   0   0  81   0   0  19   0   0   0   0   0   0  0.44 0.02
   45 D     0   0   0   3  -3   3   2  -1   0  -3  -3   0  -2  -3  -1   2   0  -3  -2  -2    0   0   0  25   0  26  19   0   0   0   0   0   0   0   0  30   0   0   0   0  0.42 0.02
   46 K     2   1  -1   0  -2   1   2  -1  -1  -3  -2   3  -2  -3  -1   0  -1  -3  -2  -2   30   0   0   0   0   0  19   0   0   0   0  51   0   0   0   0   0   0   0   0  0.33 0.02
   47 V    -1  -2  -3  -4  -2  -2  -3  -4   0   1   2  -2   0   2  -3  -2  -1   1   5   2    0   0   0   0   0   0   0   0   0   0  26   0   0   0   0   0   0   0  49  25  0.40 0.02
   48 F     3  -2  -2  -2  -1  -2  -2  -1  -2  -1  -1  -1  -1   3   4   0  -1  -2   0  -1   49   0   0   0   0   0   0   0   0   0   0   0   0  25  26   0   0   0   0   0  0.42 0.02
   49 Y    -2  -1   0  -2  -3   0  -1  -3   8  -3  -3  -1  -2   0  -3  -1  -2  -1   4  -3    0   0   0   0   0   0   0   0  77   0   0   0   0   0   0   0   0   0  23   0  0.90 0.06
   50 F    -2  -3  -3  -3  -3  -2  -2  -3  -1  -2  -1  -2  -1   5   5  -2  -2   0   4  -2    0   0   0   0   0   0   0   0   0   0   0   0   0  39  40   0   0   0  21   0  0.87 0.06
   51 N    -2   4   1   0  -4   1   4  -2   0  -4  -3   1  -2  -4  -2  -1  -1  -3  -2  -3    0  31  10   0   0   0  59   0   0   0   0   0   0   0   0   0   0   0   0   0  0.65 0.08
   52 S     2   2  -1  -2  -2   3   0  -1  -1  -2  -2   0  -1  -3   2   1  -1  -3  -2   0   28  21   0   0   0  22   0   0   0   0   0   0   0   0  13   9   0   0   0   8  0.31 0.06
   53 I    -2  -3  -4  -4  -2  -3  -4  -4  -3   2   4  -3   1   3  -4  -3  -2  -2  -1   1    0   0   0   0   0   0   0   0   0  18  60   0   0  14   0   0   0   0   0   8  0.50 0.09
   54 V    -1  -4  -4  -4  -2  -3  -4  -4  -4   2   0  -3   0  -2  -3  -3  -1  -4  -2   6    0   0   0   0   0   0   0   0   0   0   0   0   0   0   0   0   0   0   0 100  0.92 0.21
   55 P     1  -2  -1  -1  -2  -1   0   0  -1  -3  -3  -1  -2  -2   1   4   2  -3   1  -2    6   0   0   0   0   0   6   5   0   0   0   0   0   0   5  56  15   0   7   0  0.42 0.13
   56 A     3  -2  -2  -2  -2  -2  -2   0  -3  -2  -2  -2  -2  -3   4   0   2  -4  -3   0   48   0   0   0   0   0   0   4   0   0   0   0   0   0  27   0  15   0   0   7  0.60 0.13
   57 E    -2  -1   0   5  -4   3   2  -2  -1  -4  -4   2  -3  -4  -2   0   0  -4  -3  -3    0   0   0  44   0  18  12   0   0   0   0  16   0   0   0   4   6   0   0   0  0.63 0.14
   58 W    -4  -4  -5  -6  -4  -4  -5  -4  -4  -3   1  -5  -2  -1  -5  -4  -4  12   0  -4    0   0   0   0   0   0   0   0   0   0  14   0   0   0   0   0   0  86   0   0  2.94 0.36
   59 L     0  -2  -3  -3  -2  -2  -3  -3  -3   2   4  -2   1  -1  -3  -2  -1  -2  -2   2    7   1   0   1   0   0   1   1   0   8  57   1   0   0   1   1   1   0   0  20  0.38 0.10
   60 A     3  -1  -1  -2  -1   0  -1  -1   3  -2  -2  -1   1  -2  -1   2   1  -2   0  -1   41   1   0   1   0   4   1   1  13   1   1   1   8   0   1  18   7   0   3   1  0.27 0.10
   61 P     0  -1  -1   2  -3   1   5  -2  -1  -3  -2   0  -2  -3   3  -1  -1  -3  -2  -2    8   1   1   8   0   1  55   2   0   1   2   1   0   1  13   2   1   0   1   1  0.54 0.11
   62 A     2   1   1  -1  -2   1   0  -1  -1  -2  -1   1  -1  -1  -1   2   0  -2  -1  -1   24   6   8   1   0   7   1   1   0   1   8   9   0   4   1  27   1   0   0   1  0.17 0.06
   63 H     0   0   2  -1  -2   2  -1  -2   5   0   0  -1   1  -2  -2  -1  -1  -2  -1   0    9   4  18   1   0  13   1   1  24   6   7   1   8   0   1   1   1   0   0   6  0.22 0.08
   64 L    -2  -1   0  -2  -2   0   0  -3  -2   1   3  -1   1   1  -2  -2  -1  -2  -1   0    1   4   6   1   0   7   8   1   0   5  50   1   3   8   1   1   1   0   0   1  0.19 0.07
   65 P     0   0   1   2  -2   0   0   2   1  -2  -2   0  -1  -2   1   0  -1  -2  -2  -1   11   7   7  14   0   1   5  21   5   1   2   7   0   1   6   1   1   0   1   9  0.14 0.03
   66 L     1   0   0   2  -2   0   1   0  -1  -2  -1   2  -1  -2  -1   1   0  -2  -2  -1   21   1   1  12   0   1   9   5   0   1   6  24   0   1   1  12   1   0   1   1  0.16 0.05
   67 P    -1   1  -1  -1  -2   1   0  -2  -1  -2   0   0  -1   0   5  -1  -1  -2  -1  -2    2  10   1   1   1   7   8   2   1   1  10   2   1   6  40   2   2   0   1   2  0.58 0.07
   68 S     0   2  -1  -1  -2   1   0   0  -1   0   0   1   0  -1  -1   0   0  -2  -1   1    2  15   1   2   1   6   7   9   1   2   9  13   1   1   2   7   2   0   1  19  0.06 0.03
   69 G     1  -1   0  -1  -1  -1  -1   1  -1  -1   0  -1   0  -1  -1   1   1  -1  -1   0   19   2   2   2   1   2   3  11   1   2  10   2   1   2   2  16  14   1   1   7  0.09 0.02
   70 A     2  -1  -1   0  -1   0   0   1  -1  -1  -1  -1  -1  -2  -1   1   0  -2  -1   1   23   2   2   7   1   1   8  13   1   2   3   2   1   1   2  13   2   0   1  16  0.10 0.03
   71 K    -1   0   0   1  -2   2   1  -1  -1   0  -1   2  -1   1  -1   0  -1  -1  -1  -1    3   2   2   7   1  18  10   3   1   8   4  20   1   9   2   3   2   1   1   3  0.12 0.03
   72 A     1  -1   0  -1  -1  -1  -1  -1  -1   0   0   0  -1  -1   3   0   0  -2  -1   1   13   2   8   2   1   2   3   3   1   2   6  10   1   2  18   3   2   1   1  20  0.16 0.03
   73 F     1  -1  -1   0  -1   0   1   1  -1  -1  -1  -1  -1   1  -1   0   0  -1   0   0   14   2   2   2   1   2  16  16   1   2   4   3   1  12   2   3   3   1   1  10  0.06 0.02
   74 G     0  -1  -1   0  -1  -1  -1   2   2  -1  -1  -1  -1  -1   3   0  -1  -1   1   0    9   2   2   7   1   1   2  19   8   2   3   2   1   1  14   8   2   0   6  10  0.16 0.03
   75 T    -1   1   2   4  -3  -1   0   1  -1  -3  -3   0  -2  -3   1   0   0  -3  -2  -2    1  13  10  39   0   1   1  12   0   1   2   1   0   1   6   4   5   0   1   1  0.38 0.08
   76 L    -2  -3  -3  -3  -2  -2  -1  -4  -3   3   3  -2   1  -1  -3  -2  -1   3  -1   2    1   0   0   0   0   0   6   1   0  24  42   0   0   0   0   1   0   6   0  16  0.36 0.10
   77 V     0   2   0  -1  -2   1  -1  -2  -1  -1  -1   2  -1  -2  -2   0  -1  -3  -2   1    8  18   3   3   0   7   0   1   0   0   6  24   0   0   0   5   0   0   0  23  0.17 0.08
   78 V    -1  -3  -3  -3  -2  -2  -1  -3  -3   3   1  -3   0   0   1  -2  -1  -3  -2   3    1   0   0   0   0   0   5   1   0  31  11   0   0   4   7   1   0   0   0  39  0.36 0.11
   79 I    -2  -3  -4  -4  -2  -3  -3  -4  -3   3   4  -3   1  -1  -3  -3  -2  -3  -2   2    1   0   0   0   0   0   0   0   0  21  58   0   0   0   0   0   0   0   0  16  0.54 0.13
   80 D    -2  -2   0   6  -4   1   2  -2  -2  -3  -4  -1  -3  -4  -2  -1  -2  -4  -3  -3    1   1   1  69   0   6  15   1   0   1   1   1   0   0   1   1   1   0   0   1  0.99 0.18
   81 A     4  -2  -2  -2   4  -2  -2  -1  -2  -1  -1  -2  -1  -2  -2   0  -1  -3  -2   2   55   1   1   1  12   0   1   1   0   1   1   1   0   0   1   4   1   0   0  20  0.43 0.14
   82 S     1   3   1  -1  -1   0   0  -1  -1  -2  -2   0  -1  -2  -1   2   1  -2  -1  -1    8  21   5   2   1   1   2   2   1   2   3   2   1   1   2  31  12   0   1   2  0.21 0.06
   83 W    -2  -2  -2  -2  -2  -2  -2  -2  -2  -1   0  -2   2   1  -2  -2  -2  10   1  -2    3   2   2   2   1   1   2   3   1   2   9   2   9   6   2   2   2  48   1   2  1.15 0.15
   84 Y     1   0  -1  -2  -2  -1  -1   0   0  -1  -1  -1  -1   2  -1   0  -1   0   5  -1   16   6   2   2   1   1   2   8   1   2   3   2   1   6   2   8   2   0  34   2  0.25 0.07
   85 L     1  -1  -1  -1  -1   0   0  -1  -1   0   2   0   1  -1   0   1   0  -1  -1   0   14   2   2   2   1   1   7   3   1   2  31   7   6   1   4  12   2   0   1   2  0.07 0.04
   86 P     0  -2  -1   0  -2  -1   0  -2  -2  -2  -2  -1  -2  -2   6  -1  -1  -2  -2  -2    5   2   2   6   1   1   7   3   1   2   3   2   1   1  56   2   2   0   1   2  1.00 0.12
   87 S     0   0   0   1  -2   1   2   0   1  -2  -2   2  -1  -2  -1   1   0  -2  -1  -2    3   2   2   9   1   5  15   9   3   2   3  17   1   1   2  17   6   0   1   2  0.16 0.04
   88 A     0  -1  -1   0  -1   0   1  -1  -1  -1   1  -1   0  -1   3  -1  -1   3  -1  -1   12   2   2   7   1   2  14   3   1   2  20   2   1   2  16   3   2   6   1   3  0.17 0.04
   89 G     0   0   1   1  -1   1   0   1  -1  -1  -1   1  -1  -2   0   1   1  -1  -1  -1    4   2   7  12   1   7   3  12   1   2   4   8   1   2   2  13  13   1   1   3  0.11 0.02
   90 R    -1   4  -1   0  -2   1   1  -2  -1  -2   0   1  -1  -1  -1  -1  -1  -2   0  -2    2  37   1   7   1   8   7   2   1   1  14   6   1   1   1   2   2   0   5   2  0.25 0.07
   91 D    -1  -1   3   3  -3   0   2   0  -1  -2  -1  -1  -2  -3   1   0   1  -3  -2  -2    1   1  19  22   0   3  19   5   0   1   6   1   0   1   8   1  11   0   0   1  0.32 0.09
   92 P     1  -1   2   2  -2  -1  -1   1  -1  -2  -1   0  -2  -3   2   0  -1  -3  -2  -1   19   1  18  18   0   0   1  10   0   1   6   6   0   0   9   6   1   0   0   4  0.22 0.07
   93 D     0   2   0   0  -2   0  -1  -2   1   1  -1   1  -1  -2   1   0   1  -3  -2  -1   10  19   6   4   0   1   1   1   5  16   1  11   0   1   6   4  13   0   0   1  0.12 0.06
   94 A     1   1  -1  -1  -2   1   0  -1   2  -1   0   1  -1  -2   1   1   0  -2  -1   0   16   6   1   1   0  11   4   1   7   1  11  11   0   1   5   9   3   0   0  10  0.09 0.04
   95 E     1   1  -1   2  -2   0   3  -2  -1  -2   0   0  -1  -2  -2   0   0  -3  -2  -2   21   8   1  14   0   1  34   1   0   1  11   1   0   1   1   1   4   0   0   1  0.28 0.10
   96 Y    -4  -4  -4  -5  -4  -3  -4  -5   0  -3  -3  -4  -3   4  -5  -4  -3   1   9  -3    0   0   0   0   0   0   0   0   0   0   0   0   0  12   0   0   0   0  88   0  1.91 0.35
   97 L     0  -2  -2   3  -3   1   1  -3  -2   1   3  -1   0  -2  -3  -2  -2  -3  -2  -1    7   0   0  22   0  11   8   0   0  12  38   2   0   0   0   0   0   0   0   0  0.26 0.12
   98 A     1   0   0  -1  -3   1   3  -1  -2   0   0  -1  -1  -3  -2  -1   1  -3  -2   0   12   3   3   0   0   4  36   4   0   8   7   0   0   0   0   0  13   0   0   9  0.21 0.10
   99 Q     0   2   0   1  -3   0   1   4  -2  -4  -4   0  -3  -4  -2   1  -1  -4  -3  -3    5  13   4   6   0   3  11  40   0   0   0   6   0   0   0  13   0   0   0   0  0.45 0.11
  100 R    -3   2  -1  -3  -5  -1  -2  -4  10  -5  -5  -2  -3  -3  -4  -3  -3  -4   0  -5    0  13   0   0   0   0   0   0  87   0   0   0   0   0   0   0   0   0   0   0  2.04 0.37
  101 I    -1  -4  -4  -4  -2  -4  -4  -5  -4   6   2  -4   0  -1  -4  -3  -2  -4  -2   2    3   0   0   0   0   0   0   0   0  72  19   0   0   0   0   0   0   0   0   6  0.83 0.21
  102 P     0  -4   0  -3  -4  -3  -2  -3  -4  -4  -4  -2  -4  -5   8  -2  -3  -5  -4  -4    6   0   4   0   0   0   2   0   0   0   0   0   0   0  88   0   0   0   0   0  2.20 0.32
  103 G    -1  -2   1  -2  -4  -3  -1   6  -3  -5  -5  -2  -4  -5  -3  -2  -3  -4  -4  -5    0   3   6   0   0   0   5  87   0   0   0   0   0   0   0   0   0   0   0   0  1.37 0.25
  104 A     6  -3  -3  -3  -2  -2  -2  -1  -3  -3  -3  -2  -2  -4  -2   1  -1  -4  -3  -2   94   0   0   0   0   0   0   0   0   0   0   0   0   0   0   6   0   0   0   0  1.07 0.28
  105 L     0   0  -2   0  -2   0  -2  -3   0   2   1  -2   0  -2  -3   0  -1  -3  -2   3    9   7   0   5   0   6   0   0   4  17   8   0   0   0   0   8   0   0   0  36  0.17 0.10
  106 R    -3   0   0  -3  -4  -2  -2  -2   3  -2  -2   2  -2   5  -4  -2  -2  -1   4  -3    0   6   5   0   0   0   0   3   9   0   0  19   0  41   0   0   0   0  16   0  0.59 0.18
  107 Y    -1  -3  -4  -4  -2  -3  -4  -4  -3   2   2  -4   0   5  -4  -3  -2  -1   1   2    4   0   0   0   0   0   0   0   0  17  20   0   0  38   0   0   0   0   3  18  0.55 0.15
  108 D    -3  -3   3   7  -5  -2   0  -3  -2  -5  -5  -2  -4  -5  -3   0  -2  -6  -4  -5    0   0  17  79   0   0   0   0   0   0   0   0   0   0   0   4   0   0   0   0  1.39 0.27
  109 F    -1  -2  -3  -3  -3  -2   0  -3  -3   3   1   0   0   2  -3  -2  -2   8   0   0    5   0   0   0   0   0   7   0   0  26  18   7   0   8   0   0   0  25   0   0  0.57 0.14
  110 A     1   2  -1   2  -3   1   2   1   1  -3  -3   1  -2  -3  -2   0  -1  -3  -2  -2   20  16   0  14   0   8  19  12   4   0   0   4   0   0   0   0   0   0   0   0  0.29 0.09
  111 T    -1   0  -1  -1   3  -1  -1  -3  -2   2   0  -1  -1  -2  -2   0   3  -3   0   0    3   6   2   4  11   0   4   0   0  20  10   3   0   0   0   4  28   0   5   0  0.17 0.10
  112 D     1   1   1   3  -3   2   1  -2  -1  -3  -3   0  -2   0  -2   1  -1  -3  -2  -3   16  11   5  27   0  10   8   0   0   0   0   0   0   7   0  16   0   0   0   0  0.33 0.11
  113 N    -2   0   0   3   0  -1   0  -1  -2  -1   2  -2  -1   0  -3  -2   0   2   0  -2    0   7   3  28   2   0   5   5   0   0  34   0   0   2   0   0   5   4   4   0  0.22 0.11
  114 A    -1   1   1  -1  -3   2   1   0   3  -2  -3   1  -2  -2   0   0  -1   3   2  -1    3   9   7   0   0  13   7   7  10   0   0   9   0   0   5   8   2   5   9   5  0.20 0.07
  115 D     0  -1   1   4  -3   1   1  -2   0  -3  -3   2  -3  -4   3   0   1  -4  -3  -3    5   0   5  32   0   7   5   0   3   0   0  15   0   0  16   2  10   0   0   0  0.48 0.12
  116 S    -1   0   0  -2  -3   0  -1   0   2  -4  -4  -1  -3  -4   5   3   1  -4  -3  -3    0   7   4   0   0   3   0   5   6   0   0   0   0   0  31  37   7   0   0   0  0.66 0.17
  117 G    -1   0   0  -1  -2  -1   1   1  -2  -2  -2   0  -2   0   5   0   1  -2  -2  -1    3   8   3   1   0   1  11  11   0   1   1   3   0   5  31   4  12   0   0   3  0.43 0.08
  118 L     0  -2  -2  -3  -2  -2  -1  -1  -1   1   2   0   0   0   0  -1   0  -1   3   1    7   0   0   0   0   0   4   4   0   8  23   7   0   0   5   2   3   0  21  15  0.15 0.08
  119 P     0   3  -1   1  -3   1   1  -2  -2  -3  -1   1  -2  -3   5  -1  -1  -3  -3  -2    7  22   0   7   0   5   7   0   0   0   6   6   0   0  33   0   3   0   0   0  0.58 0.12
  120 H    -2   3  -1  -1  -4  -1  -2   0   6  -3  -3  -1  -1   1   1  -2  -2   3   1  -1    0  27   0   3   0   0   0   7  34   0   0   0   2   7   7   0   0   5   2   6  0.53 0.17
  121 S     0  -2   0   3  -3   1  -1  -3  -2  -1   0  -2   5  -2   1  -1   0  -3  -3  -1    7   0   5  22   0   9   0   0   0   0   7   0  31   0   8   3   4   0   0   3  0.31 0.15
  122 L    -2  -2  -3  -4  -3   1  -3  -4  -2   1   3  -1   2   4  -4  -3  -2  -1   1  -1    0   0   0   0   0   8   0   0   0   5  47   5   7  23   0   0   0   0   4   0  0.45 0.14
  123 P    -2  -3  -3  -3  -3  -3  -3  -4  -2   2  -2  -3  -2  -1   6  -2  -2   3   3   1    0   0   0   0   0   0   0   0   0  15   0   0   0   0  49   0   0   5  16  13  1.01 0.20
  124 S     0   1   1   3  -2  -1   0  -1  -2  -1  -3  -1  -2  -3   1   2   2  -4  -3  -2    4   8   4  19   0   0   3   2   0   7   0   0   0   0   8  27  18   0   0   0  0.29 0.11
  125 P     1   0  -2   0  -3  -1   2   1  -2  -3  -3   1  -3  -4   5  -1  -1  -4  -3  -3   19   5   0   5   0   0  15  11   0   0   0  12   0   0  30   0   3   0   0   0  0.54 0.12
  126 E     2  -1  -1   2  -4   2   5  -2  -1  -4  -4   1  -3  -4  -2  -1  -1  -4  -3  -3   19   0   0   9   0  11  53   0   0   0   0   6   0   0   0   0   2   0   0   0  0.66 0.18
  127 F     0  -1  -1   1  -3   3   2   1   2  -2  -1   0  -1  -1  -2   0   0  -3  -2  -1    7   0   0   7   0  24  15  13   9   0   5   5   0   3   0   4   3   0   0   6  0.21 0.09
  128 F    -1  -4  -4  -5  -3  -4  -4  -4  -3  -1   2  -4   0   7  -4  -3  -3  -1   1  -1    7   0   0   0   0   0   0   0   0   0  25   0   0  65   0   0   0   0   0   3  0.98 0.23
  129 S     3  -1  -1   0  -2   0   2  -1  -2  -2  -3   0  -2  -3  -2   2  -1  -4  -3   0   41   0   0   6   0   4  17   2   0   0   0   5   0   0   0  19   0   0   0   7  0.33 0.13
  130 K     1  -1  -1   3  -3   0   3  -2  -2  -3  -2   2  -2  -3  -2   2  -1  -4  -3  -1   18   0   0  19   0   0  24   0   0   0   4  15   0   0   0  17   0   0   0   3  0.34 0.12
  131 Q     0  -2  -3  -4  -2  -1  -3  -1  -1   0   3  -1   2   0  -3  -2  -1  -1   4  -1    9   0   0   0   0   3   0   5   0   0  44   4   5   0   0   0   4   0  26   0  0.36 0.15
  132 M     0  -3  -4  -4   2  -2  -3  -3  -3   2   2  -3   4   2  -3  -2  -1  -2  -1   2    9   0   0   0   5   0   0   0   0   7  25   0  21  12   0   0   0   0   0  21  0.37 0.12
  133 A     1   1   0  -1  -3   1  -1   4  -2  -3  -3   0  -2   0  -2   2  -1  -3  -2  -3    9   7   5   2   0   8   2  38   0   0   0   4   0   7   0  18   0   0   0   0  0.37 0.11
  134 D     0   4   1   1  -3   2   2  -2  -1  -3  -3   2   0  -3  -2   0  -1  -4  -3  -3   11  29   8   6   0   7  16   0   0   0   0  12   5   0   0   8   0   0   0   0  0.37 0.11
  135 L    -1   1  -3  -3   1   1  -2  -3   2   0   3   0   0  -1  -3  -2  -2   2  -1   0    5   8   0   0   4   7   0   0   9   0  51   9   0   0   0   0   0   4   0   5  0.28 0.13
  136 G     0  -4  -2  -3  -4  -3  -3   7  -3  -5  -5  -3  -4  -5  -3  -2  -3  -4  -4  -4    7   0   0   0   0   0   0  93   0   0   0   0   0   0   0   0   0   0   0   0  1.57 0.27
  137 I    -2  -4  -3  -4  -2  -3  -4  -1   2   5   1  -3   0  -1  -4  -3  -2  -4  -2   3    0   0   0   0   0   0   0   7   7  53   8   0   0   0   0   0   0   0   0  25  0.54 0.17
  138 G     1   2   1   1  -2   1   0   0  -1  -1  -2   0  -2  -1  -2   2  -1  -3  -2  -2   12  20   8   7   0   6   2   7   0   7   0   3   0   4   0  23   0   0   0   0  0.19 0.09
  139 Q     0   2   5   0  -4   2   1  -2   3  -4  -4   1  -3  -4   1  -1  -1  -4  -2  -3    8  11  39   0   0  10  10   0   9   0   0   6   0   0   7   0   0   0   0   0  0.51 0.15
  140 E    -1  -2   3   5  -4  -1   2   0   0  -4  -4   1  -3  -4  -2  -1  -2  -5  -3  -4    5   0  18  50   0   0  14   4   2   0   0   7   0   0   0   0   0   0   0   0  0.75 0.17
  141 T     0   0   0   4  -3  -1   1  -2  -2  -2  -3   0  -2  -4  -2   1   3  -4  -3  -1    7   7   3  37   0   0   5   0   0   0   0   3   0   0   0   7  28   0   0   4  0.45 0.14
  142 T    -2  -2   0  -2  -3   0  -1  -2   5   0  -3  -2  -2  -3   2  -1   4  -4  -1  -1    0   0   4   0   0   4   3   2  25   6   0   0   0   0  11   0  42   0   0   3  0.53 0.18
  143 I    -1  -3  -4  -4  -2  -3  -3  -4  -3   2   1  -3   0   1  -3  -2   0  -3   1   5    0   0   0   0   0   0   0   0   0   6  13   0   0   5   0   0   7   0   7  62  0.54 0.17
  144 V    -2  -4  -4  -4  -2  -4  -4  -5  -4   4   1  -4   0  -2  -4  -3  -1  -4  -2   5    0   0   0   0   0   0   0   0   0  27   5   0   0   0   0   0   0   0   0  68  0.84 0.22
  145 I    -2  -4  -4  -4  -2  -3  -4  -4  -4   3   3  -3   0   1  -4  -3  -1  -3  -2   4    0   0   0   0   0   0   0   0   0  21  27   0   0   5   0   0   0   0   0  47  0.59 0.16
  146 Y    -4  -4  -4  -5  -4  -3  -4  -5   0  -3  -3  -4  -3   1  -5  -4  -4   0   9  -3    0   0   0   0   0   0   0   0   0   0   0   0   0   0   0   0   0   0 100   0  2.23 0.40
  147 D    -2  -3   0   5  -4  -2  -1   4  -2  -4  -4  -2  -4  -4  -3  -1   0  -4  -4  -4    0   0   0  54   0   0   0  35   0   0   0   0   0   0   0   0   7   0   0   0  0.89 0.19
  148 G    -2   1  -1   4  -4  -1   0   4  -2  -5  -5   0  -4  -4  -3  -1  -2  -4  -4  -4    0  10   0  37   0   0   3  45   0   0   0   5   0   0   0   0   0   0   0   0  0.80 0.18
  149 M    -1   1   2  -1  -3   1   1   2  -1  -2  -1   2   1  -3  -2  -1   0   2  -2  -1    0   5  18   0   0   5   9  16   0   0   6  19   6   0   0   0   7   4   0   6  0.19 0.09
  150 G    -1  -3   3   1  -3  -2  -2   5  -2  -4  -4  -2  -3  -4   0   1  -2  -4  -4  -4    0   0  19  10   0   0   0  54   0   0   0   0   0   0   4  13   0   0   0   0  0.78 0.18
  151 M    -1  -1   4  -1  -3  -1  -2   2  -2   0   0  -2   3   0  -3   0  -1  -3  -2   0    0   4  31   0   0   0   0  18   0   3  10   0  12   4   0   6   2   0   0  10  0.23 0.12
  152 F     0  -3  -4  -4  -3  -3  -4   0  -2  -2   1  -3  -1   5  -4  -3  -3   8   3  -2   12   0   0   0   0   0   0   7   0   0  16   0   0  29   0   0   0  25  10   0  0.83 0.18
  153 S     0  -3  -2  -2  -3  -2   0   0  -2  -3  -2  -2  -2   4  -3   2  -1   7   2  -3   10   0   0   0   0   0   7   9   0   0   0   0   0  22   0  26   0  19   8   0  0.56 0.16
  154 A     5  -2  -2  -3  -2   1  -2  -1  -3  -3  -3  -2  -2  -4  -2   2  -1  -4  -3  -2   79   0   0   0   0   7   0   0   0   0   0   0   0   0   0  14   0   0   0   0  0.81 0.24
  155 P     3  -3  -2  -2  -2  -2  -2   0  -3  -3  -3  -2  -2  -4   5   1   1  -4  -3  -2   40   0   0   0   0   0   0   7   0   0   0   0   0   0  29  12  12   0   0   0  0.68 0.17
  156 R    -3   6  -2  -3  -4  -1  -2  -4  -1  -3  -1   1   2   0  -4  -2  -2  -2   4  -3    0  58   0   0   0   0   0   0   0   0   5   5   7   3   0   0   0   0  23   0  0.83 0.22
  157 L     3  -3  -3  -3   2  -3  -3  -2  -3   0   0  -3  -1   1  -3  -1   0  -3  -2   3   37   0   0   0   6   0   0   0   0   0   3   0   0   7   0   0   6   0   0  41  0.39 0.16
  158 W     2  -3  -4  -4  -3  -3  -3  -3  -2   0   0  -3  -2   2  -4  -2  -2   9   4  -2   27   0   0   0   0   0   0   0   0   7   7   0   0   6   0   0   0  32  21   0  0.98 0.21
  159 W    -4  -4  -5  -6  -4   0  -4  -5  -3  -4  -4  -4  -3  -1  -5  -4  -4  12   4  -5    0   0   0   0   0   5   0   0   0   0   0   0   0   0   0   0   0  83  12   0  3.12 0.43
  160 M    -1  -2  -2  -3  -2  -1  -2  -3  -2   1   2  -2   4   1  -3   0   1  -2   2   1    0   0   0   0   0   3   0   0   0  10  16   0  24   5   0   7  14   0  10  11  0.27 0.12
  161 L    -3  -4  -4  -5  -3  -4  -4  -5  -3   0   3  -4   2   6  -5  -4  -3  -1   1  -1    0   0   0   0   0   0   0   0   0   0  42   0   5  53   0   0   0   0   0   0  0.95 0.22
  162 R     0   4  -1   1  -3   0   1   0   1  -3  -1   3  -2  -3  -2  -1   1  -3  -2  -2    7  29   0   7   0   0   7   6   4   0   5  24   0   0   0   0  11   0   0   0  0.32 0.11
  163 A     1   1  -3  -3  -2  -2  -2  -3  -2   0   1  -2   0   0  -3  -1   0   3   3   2   14  12   0   0   0   0   0   0   0   0  17   0   0   0   0   5   3   4  18  27  0.22 0.11
  164 F     0  -3  -2  -4  -3  -3  -3  -3  -1   0   0  -3   1   5  -4   0  -2   0   5  -1    9   0   2   0   0   0   0   0   0   7   4   0   6  42   0   8   0   0  22   0  0.61 0.17
  165 G    -1  -2  -2  -3  -4  -3  -4   7  -4  -5  -5  -3  -4  -5  -4  -2  -3  -4  -5  -5    0   3   0   0   0   0   0  97   0   0   0   0   0   0   0   0   0   0   0   0  1.69 0.29
  166 H    -3  -2  -1  -3  -4   0  -2  -4   9  -1  -3  -1  -2  -2  -4  -2  -3  -3   2   1    0   0   0   0   0   3   0   0  68   4   0   4   0   0   0   0   0   0   4  16  1.25 0.28
  167 R     0   2  -1   1  -3   2   3  -2   2  -3  -3   1  -2  -4   1   0   0  -4  -2  -3    6  15   0   5   0  10  28   0   8   0   0   8   0   0   8   8   4   0   0   0  0.39 0.11
  168 Q    -1   0   4   3  -3   0   0  -2   2  -4  -4   2  -3  -4  -2   0   1  -4  -2  -3    2   3  27  22   0   3   2   0   8   0   0  20   0   0   0   2  10   0   0   0  0.46 0.13
  169 A    -1  -4  -4  -4  -2  -3  -4  -4  -4   3   0  -3   0  -1  -4  -3  -1  -3   1   5    3   0   0   0   0   0   0   0   0  16   3   0   0   0   0   0   0   0   7  70  0.72 0.21
  170 S     0   3  -1  -2  -3  -1  -1  -2   3  -3  -1   2  -2   0  -2   2  -1   3   2  -2    5  18   0   0   0   0   0   0  10   0   7  13   0   4   0  28   0   5   9   0  0.28 0.12
  171 V    -2  -3  -4  -4  -2  -3  -4  -4  -3   2   4  -3   1  -1  -4  -3  -2  -2   1   3    0   0   0   0   0   0   0   0   0  10  50   0   0   0   0   0   0   0   7  32  0.57 0.16
  172 L    -3  -3  -5  -5  -2  -3  -4  -5  -4   1   5  -4   3   1  -4  -4  -2  -3  -2   1    0   0   0   0   0   0   0   0   0   0  83   0   9   4   0   0   0   0   0   5  0.86 0.21
  173 D    -3  -2   6   5  -4  -1  -1  -1  -1  -5  -5  -2  -4  -5   0  -1  -2  -5  -4  -4    0   0  48  45   0   0   0   3   0   0   0   0   0   0   4   0   0   0   0   0  1.09 0.24
  174 G    -1  -4   2  -2  -4  -3  -3   7  -3  -5  -5  -3  -4  -5  -4  -2  -3  -4  -4  -5    0   0  10   0   0   0   0  90   0   0   0   0   0   0   0   0   0   0   0   0  1.52 0.27
  175 G     0  -3  -2  -2  -3  -3  -3   7  -3  -4  -4  -3  -4  -4  -3  -1  -3  -4  -4  -4    5   0   0   0   0   0   0  91   0   0   1   0   0   0   0   0   0   0   0   0  1.46 0.25
  176 L    -3   3  -3  -4  -3  -2  -3  -4  -2   0   3  -1   0   4  -4  -3  -2   3   2  -1    0  25   0   0   0   0   0   0   0   4  35   0   0  25   0   0   0   5   5   0  0.48 0.15
  177 P     1   2   1   2  -3   2   1  -2  -1  -3  -3   2  -2  -4   3  -1   0  -4  -3  -3   14  11  10  15   0  11   4   0   0   0   0  17   0   0  16   0   3   0   0   0  0.38 0.10
  178 A     2   0   1  -1  -2   1   1   1   0  -2  -2   2  -2  -2  -2   0   0  -3   1  -2   29   3   8   0   0   6   7   8   2   0   4  17   0   0   0   5   5   0   6   0  0.18 0.08
  179 W    -4  -5  -6  -6  -4  -4  -5  -5  -4  -4  -3  -5  -3   1  -6  -5  -4  12   3  -5    0   0   0   0   0   0   0   0   0   0   0   0   0   4   0   0   0  85  10   0  3.26 0.44
  180 I    -1   2  -2  -2  -3   1   1  -3  -2   0   1   3   0  -2  -2   0  -1  -3  -2   1    0  14   0   0   0   3  10   0   0   7  18  29   3   0   0   5   0   0   0  11  0.21 0.10
  181 A     2   2  -1   2  -2   0   1  -2  -2  -2   0   1  -1  -3  -2   0   0  -3  -2  -2   29  17   0  13   0   0   8   0   0   0  14   8   0   0   0   6   4   0   0   0  0.20 0.10
  182 A     3  -2   1   3  -3   1   3  -2  -1  -3  -3  -1  -2   0  -2   0  -1  -3  -2  -2   32   0   8  17   0   5  28   0   0   0   0   0   0   6   0   5   0   0   0   0  0.39 0.14
  183 G     0   0   1   1  -4   0  -1   5  -2  -4  -4   0  -3  -4  -3  -1  -2  -4  -4  -4    5   4   5  10   0   4   3  63   0   0   0   6   0   0   0   0   0   0   0   0  0.79 0.17
  184 Y    -2   3  -2  -3  -3   0  -2   1   2  -2   2  -1  -1   1  -3  -2  -2  -1   3  -2    0  25   0   0   0   4   0  15   8   0  26   0   0   5   0   0   0   0  17   0  0.30 0.13
  185 P     0  -2  -2   1  -4  -1   3  -3  -2  -3  -2  -2  -3  -4   6   0  -2  -4  -4  -1    7   0   0  10   0   0  23   0   0   0   3   0   0   0  49   4   0   0   0   4  0.99 0.19
  186 T    -2  -3  -3  -4  -2  -3  -3  -4  -4   2   3  -3   2  -1  -3  -2   1  -3  -2   3    0   0   0   0   0   0   0   0   0   6  45   0   3   0   0   0  14   0   0  32  0.48 0.15
  187 E    -1  -1   0   2  -2   1   2  -2  -2  -3  -3  -1  -2  -3  -2   3   4  -4  -3  -2    0   0   0  10   0   8  19   0   0   0   0   0   0   0   0  29  34   0   0   0  0.48 0.17
  188 S     0   1   1   0  -2   0   0  -2  -1  -2   0   1  -1  -2  -2   3   1  -3   1  -2    5  10   4   4   0   0   5   0   0   0  10   8   0   0   0  36  11   0   6   0  0.20 0.10
  189 G     0  -2  -1   2  -3   0   3   2  -2  -2  -3  -1  -2  -3  -2   1   0  -4  -3   0    7   0   0  17   0   0  28  21   0   0   0   0   0   0   0  11   6   0   0  10  0.32 0.11
  190 P     0  -1  -2  -2  -2   0   1  -3  -2   0   0   1  -1   0   3  -1   0  -3   0   1    9   0   0   0   0   4   9   0   0   3   9  16   0   5  14   0   8   0   4  18  0.16 0.08
  191 P    -1  -3  -3  -3  -3  -2  -2  -3  -3  -1  -3  -2  -2  -4   6   2  -1  -5  -3   2    0   0   0   0   0   0   0   0   0   0   0   0   0   0  53  22   0   0   0  25  1.14 0.26
  192 Q     1   2   1  -1  -2   1   2   0  -1  -3  -3   1  -2  -3   0   2   1  -3  -2  -2   17  13   8   0   0   8  14   3   0   0   1   6   0   0   2  18   8   0   0   0  0.24 0.08
  193 P     0   1  -1   0  -2  -1  -1  -2  -1  -1   0   1  -1   0   4  -1   0  -2   2  -1    5  10   0   7   0   0   1   1   0   1  14  11   0   3  25   3   4   0  10   3  0.29 0.08
  194 P     1   0  -2  -1  -2   1   1  -2  -2  -2  -2  -1  -2   0   5  -1   1  -3  -2  -1   14   5   1   1   0   9   8   1   0   1   1   1   0   5  39   1   9   0   0   5  0.60 0.13
  195 A     2  -1  -1  -1   0   0   0   0  -2   0  -1   0  -1  -2   3   1   0  -2  -2   0   26   1   1   1   3   2   6   5   0   7   6   4   0   1  17  12   1   0   1   4  0.21 0.06
  196 P     2  -1  -1  -1  -2   0  -1   1  -2  -1  -1  -1  -1  -2   3   0   2  -2  -2  -1   23   1   1   1   0   4   1  15   0   1   8   1   0   1  19   2  18   0   1   1  0.28 0.08
  197 L     0   1   1   0  -2   0   0  -1  -1  -1  -1   1  -1  -1  -1   1   0  -2   0   0    4   8  11   4   1   1   7   4   1   3   6  14   1   1   1  12   4   0   5  11  0.06 0.03
  198 T     0  -1  -2  -2  -1  -1  -1  -2   0   0  -1  -1  -1   2   1  -1   0   0   4   2    9   2   2   2   1   1   2   3   1   2   3   2   1  11   6   2   5   0  24  21  0.18 0.06
  199 K     0   0   0   1  -1   0   0  -1  -1  -1  -1   2  -1  -1   0   1   1  -1   0   0    9   2   2   7   1   2   2   3   1   2   3  24   1   1   5  12  11   1   5   7  0.10 0.04
  200 G     3  -1  -1  -1  -1  -1   1   0  -1  -1  -1  -1  -1  -2   1   1   0   3  -1   0   42   2   1   2   1   1  10   6   1   2   3   2   1   1   5   7   2   6   1   6  0.21 0.07
  201 R     0   2   0   0  -2   1   2   0   1  -2  -2   1  -1  -2  -1   0  -1  -2  -1  -2   11  13   5   2   1   3  25   6   5   2   3  10   1   1   2   6   2   0   1   2  0.18 0.05
  202 D     0  -1   0   2  -2   1   0   2  -1  -2  -2  -1  -2  -1   2   0   0  -2   1  -1    4   1   1  17   0   6   5  19   1   1   2   1   1   1  11   9   5   0   9   5  0.19 0.05
  203 P    -1  -1   1   2  -3   0   3   0  -1  -3  -3   0  -2  -3   5  -1  -1  -3  -2  -2    1   1   7  11   0   1  23   6   0   1   2   6   0   1  35   1   1   0   1   1  0.64 0.12
  204 F    -2   0  -2  -3  -2  -2  -2  -3  -2   0   0  -2  -1   5   1   0  -2  -1   2   1    1   5   1   1   0   1   1   1   0   1   9   1   0  47   6   8   1   0   3  13  0.41 0.13
  205 V     0   0   0  -1   0   1   0   1   1  -1  -1   1  -1  -2   0   0   0  -2  -1   1    5   6   4   1   2  10   6  11   4   1   4   9   0   1   5  10   1   0   1  18  0.06 0.04
  206 A     2   0   0   1  -1   0   1   0  -1  -1   0  -1  -1  -2  -1   0   0  -2  -2   0   33   4   4   8   0   3   9   5   0   1  13   1   0   1   1   1   7   0   1   7  0.10 0.06
  207 D     0   1   0   1  -2   1   0  -1  -1  -1   0   2  -1  -2  -1   1   1  -2  -2  -1    8   9   1   8   0   9   4   1   0   1  12  19   0   1   1   9  10   0   1   6  0.11 0.04
  208 L    -1  -2   0  -2  -2  -2  -2  -2  -2   1   2  -2   0   2   0  -1   0  -1   2   0    1   1   5   1   0   1   1   1   0  11  36   1   0  13   4   4   5   0   8   4  0.17 0.07
  209 K    -2   1   2   4  -3   3   1  -2   2  -2  -3   1  -2  -3  -2  -1  -1  -3   0  -3    1   5  13  30   0  17   5   1   6   3   1  12   0   0   0   1   0   0   4   0  0.42 0.14
  210 P     1   2   1   2  -3   1   1  -2  -2  -3  -3   2  -3  -4   4   0  -1  -4  -3  -3   13  11   6  17   0   5  10   0   0   0   0  14   0   0  21   4   0   0   0   0  0.45 0.12
  211 G     1   1   0   1  -3   1   2   0   1  -3  -3   1  -2  -3   0   1   0  -3  -2  -2   12   8   3   9   0   5  15   6   5   0   0  12   0   0   4  12   6   0   0   0  0.24 0.08
  212 F    -1  -2  -3  -3  -2   0   0  -4  -2   2   2  -2   0   3   2  -2  -2  -2   2   1    3   0   0   0   0   6   8   0   0  18  23   0   0  18  10   0   0   0   7   6  0.25 0.11
  213 V    -2   4  -2  -3  -3  -1  -2  -4  -2   1   1   0   3  -2  -3  -1   0  -3   0   2    0  38   0   0   0   0   0   0   0   7  10   0  14   0   0   3   7   0   4  18  0.37 0.18
  214 C     2  -2  -3  -2   1  -2  -2  -2  -3   2   1   1  -1  -2  -3  -1  -1   1  -2   3   28   0   0   2   3   0   0   0   0  14  11  13   0   0   0   0   0   2   0  27  0.24 0.15
  215 S    -1  -2  -1   3  -3  -2   0  -2   0  -3  -3  -1  -2   2  -2   2   4  -3   0  -2    2   0   0  18   0   0   3   0   2   0   0   3   0  12   0  19  37   0   2   0  0.43 0.21
  216 M    -1   2  -3  -4  -3  -2  -3  -3   0   0   1  -1   2   3  -1  -2  -2  -1   4   1    6  15   0   0   0   0   0   0   1   3  16   2   7  14   3   0   0   0  18  13  0.26 0.14
  217 E    -1   0  -1   4  -4   1   4  -3  -2  -3  -3   1  -3  -4   1   0   1  -4  -3  -3    5   3   0  25   0   4  33   0   0   0   2   9   0   0   6   3  10   0   0   0  0.50 0.18
  218 E    -1  -1  -1   3  -4   4   4  -3  -1  -4  -4  -1  -3  -4  -3  -1  -1  -4   0  -4    3   0   0  20   0  29  39   0   0   0   0   0   0   0   0   2   3   0   5   0  0.77 0.27
  219 V     0  -3  -3  -3  -2  -1  -1  -4  -1   2   2  -3   1   0  -3  -2  -1  -3   0   4   10   0   0   0   0   3   4   0   2   5  24   0   3   3   0   0   0   0   3  43  0.34 0.17
  220 E    -2   2   0   0  -3   2   2  -3  -2   0   1   2   0  -2  -2  -1  -2  -3  -2  -1    0  11   6   3   0  11  15   0   0   4  22  22   2   0   0   0   0   0   0   4  0.24 0.13
  221 S     2   1   1   0  -2   0   2   1  -1  -2  -2   0  -2  -1  -2   2  -1  -3  -2  -2   22   9   7   5   0   3  14  10   0   2   3   5   0   4   0  17   0   0   0   0  0.19 0.10
  222 N     0   1   2  -2  -2   0  -2   0  -2   1   2   0   0  -2  -2   0  -1  -3  -2   1   10   9  16   0   0   3   0   8   0   7  27   6   0   0   0   4   0   0   0   9  0.10 0.09
  223 L    -1  -2  -3  -3  -2   0  -1  -3  -3   2   3   0   1  -1   0  -1  -1  -3  -2   1    4   0   0   0   0   5   3   0   0  14  38  10   2   0   4   3   0   0   0  13  0.21 0.11
  224 K    -1  -1   1   2  -4   2   2   3   3  -4  -2   1  -2  -3  -2  -1  -2  -3  -2  -3    3   0   9  10   0  10  15  26  10   0   3  11   0   0   0   0   0   0   0   0  0.37 0.14
  225 A     1   0   1   2  -2   1   1   0   2  -2  -3   0  -2  -2  -2   2   0  -3   0  -1   18   5   4  13   0   6   7   4   7   1   0   3   0   0   0  18   6   0   4   2  0.19 0.09
  226 D     0   1   1   0  -4   2   1   1  -2  -4  -4   3  -2  -4   3  -1  -2  -4  -3  -3    5   7   6   2   0  12  10  12   0   0   0  28   0   0  16   0   0   0   0   0  0.45 0.16
  227 D    -2   2   2   4  -3  -1   0   1  -1  -3  -3   2  -2  -3  -2   0   0  -3  -3  -3    1  10   9  32   0   0   1  10   0   1   1  20   0   0   1   4   8   0   0   1  0.40 0.14
  228 F     1  -1  -2  -2  -2  -1  -2  -1  -2   0   1   0   0   3   0  -1   0  -1   1   1   15   1   1   1   0   0   1   2   0   4  10  11   3  17   4   4   4   0   5  18  0.10 0.08
  229 T     0   0   1  -2  -2   3  -1  -2   2   0   0  -1   0  -2   1   0   1  -3   0   1    9   3   9   0   0  23   0   0   5   3   6   0   3   0   6   5  10   0   3  12  0.16 0.12
  230 L    -1  -3  -4  -5  -2  -3  -4  -5   1   2   4  -4   1   1  -4  -3  -2  -3  -1   1    3   0   0   0   0   0   0   0   4  13  64   0   2   7   0   0   0   0   0   7  0.63 0.22
  231 V    -2  -4  -4  -5  -2  -4  -4  -5  -4   4   2  -4   0   1  -4  -3  -2   3  -2   4    0   0   0   0   0   0   0   0   0  32  17   0   0   5   0   0   0   5   0  40  0.66 0.22
  232 D    -3  -4  -1   8  -5  -2   0  -3  -3  -5  -6  -3  -5  -6  -3   0  -3  -6  -5  -5    0   0   0  95   0   0   0   0   0   0   0   0   0   0   0   5   0   0   0   0  1.89 0.45
  233 A     3  -3  -3  -3  -2  -3  -3  -3  -3   1  -1  -3  -1  -3  -1   1   0  -4  -3   4   28   0   0   0   0   0   0   0   0   5   0   0   0   0   3  11   3   0   0  50  0.49 0.23
  234 R    -3   8  -2  -4  -6  -1  -2  -4  -2  -5  -4   0  -3  -5  -4  -3  -3  -5  -4  -5    0 100   0   0   0   0   0   0   0   0   0   0   0   0   0   0   0   0   0   0  1.97 0.49
  235 S     1   0   1  -1  -2  -1   1  -2  -2  -1  -3  -1  -2  -3   3   3   1  -4  -3  -1   11   4   5   0   0   0  13   0   0   4   0   0   0   0  16  38   5   0   0   3  0.40 0.17
  236 A     0   2  -2  -2  -3   1  -1  -3   0  -3  -2   1  -2  -3   6  -1   0   3  -2  -3   11  13   0   0   0   7   3   0   2   0   5   8   0   0  39   0   5   5   0   0  0.71 0.20
  237 G     1  -1   0   2  -3   1   3   2  -2  -3  -2  -1  -2  -3   1   0  -1  -3  -3  -3   13   3   4  12   0   4  27  18   0   0   3   0   0   0   8   7   0   0   0   0  0.33 0.13
  238 R    -2   4  -2  -1  -4   2   5  -3   1  -4  -2   0  -3  -4  -3  -2  -2  -4  -3  -2    0  28   0   0   0   7  53   0   4   0   3   0   0   0   0   0   0   0   0   3  0.80 0.27
  239 F    -3  -3  -4  -4  -3  -4  -4  -4  -2  -2   0  -4  -1   7  -4  -3  -3   0   5  -2    1   0   0   0   0   0   1   1   0   0   4   1   0  67   0   1   1   0  21   1  1.33 0.32
  240 E     0   1   0   1  -2   2   2  -2  -1  -1  -1   0  -1  -2  -1   2   0  -3  -2  -1    5  11   3   9   0  10  16   1   0   6   8   4   0   1   1  19   5   0   0   1  0.17 0.08
  241 G     0  -2  -1  -2  -2  -2  -1   6  -2  -1  -3  -2  -2  -3  -2  -1  -2  -2  -3  -2    4   1   1   1   0   1   5  67   1   7   2   1   1   1   1   2   1   0   1   2  0.78 0.18
  242 V    -1   0   0  -1  -1   1   1  -1  -1   0  -1   1  -1  -2  -1   0   3  -2  -1   0    3   2   4   2   1   5  14   3   1   4   6  13   1   1   2   3  29   0   1   7  0.15 0.07
  243 E     0   0   0   1   0   1   2   0  -1   0  -1   1  -1  -2  -1   0   0  -2  -1   0    7   3   2  12   3   5  15   6   1   7   6   9   1   1   2   2   5   0   1  11  0.06 0.03
  244 P    -1  -1  -1   0  -2  -1   0  -1  -1  -1  -1  -1  -1  -2   6  -1   0  -2  -1  -1    3   2   2   5   1   2   7   3   1   2   9   2   1   2  40   3   7   1   3   5  0.57 0.09
  245 E     0   0   0   0  -2   1   3  -1   3  -2  -2   1  -1  -2   1   0  -1  -2  -1  -2    6   2   2   4   1   6  33   3  10   2   3  10   1   1   6   3   2   1   1   2  0.27 0.08
  246 P    -1  -1  -1  -1  -2   1   1   1  -1  -1  -1   0  -1  -2   4   0  -1  -2  -2  -1    3   2   2   2   1   9  14  10   1   5   7   4   1   1  26   5   2   1   1   2  0.33 0.07
  247 R    -1   2   0   1  -2   1   2  -1  -1  -1  -1   0  -1  -2  -1  -1  -1   1  -1   1    3  17   4   9   1   9  17   3   1   2   3   2   1   1   2   3   2   3   1  17  0.13 0.05
  248 A     1  -1   0   1  -1   0   0   0  -1  -1  -1   1  -1  -2   2   1   0  -2  -1  -1   14   2   6   7   1   2   2   7   1   2   8  10   1   1  12  13   4   1   1   5  0.12 0.03
  249 Q     1  -1  -1   0  -2   1  -1   3  -1  -1  -1  -1  -1  -1  -1   0  -1   2  -1   0   16   2   1   8   1   8   2  29   1   4   3   2   1   4   2   2   2   3   1  10  0.17 0.06
  250 T     1  -1  -1  -2  -1   0  -1  -1  -1   2   2  -1   0   0  -1  -1   0  -1   0   1   15   2   2   2   1   5   2   3   1  15  28   2   1   1   2   2   8   0   4   5  0.08 0.05
  251 R     0   4  -1   0  -3   1   1  -2  -1  -2  -2   2  -2  -3   1  -1  -1  -2  -2  -2    7  36   1   5   0   4   9   2   1   1   2  18   1   1   6   2   1   0   1   2  0.39 0.12
  252 S     2   0   0  -1  -2   1  -1   1  -1  -1  -2  -1  -1  -2   2   2   0   3  -2  -1   21   3   4   1   0   9   1   9   0   5   2   1   0   1  11  19   5   5   1   1  0.22 0.09
  253 G     0  -3  -2  -2  -3  -2  -3   6  -3  -4  -4  -2  -3  -3  -3  -1  -2  -3  -3  -3    5   1   1   1   0   1   1  82   0   1   1   1   0   1   1   1   1   0   1   1  1.25 0.27
  254 H    -2  -2   0  -2  -4  -1  -2  -3   9  -4  -4  -1  -3   0  -3  -2  -1  -3   0  -4    4   1   4   1   0   0   1   1  75   1   1   4   0   4   1   1   3   0   0   1  1.58 0.37
  255 V     0  -4  -5  -5  -3  -4  -4  -5  -5   6   1  -4   1  -2  -1  -3  -2  -4  -3   2    8   0   0   0   0   0   0   0   0  76   6   0   3   0   3   0   0   0   0   5  0.92 0.31
  256 P    -1  -1  -4  -3   1  -3  -1  -1  -4  -4  -2  -3  -4  -5   8  -2  -3  -5  -5  -4    4   4   0   0   3   0   3   5   0   0   4   0   0   0  78   0   0   0   0   0  1.86 0.39
  257 K     0  -3   0  -2  -3  -3  -3   6  -3  -4  -4  -1  -4  -4  -3   0   1  -4  -4  -4    6   0   3   0   0   0   0  69   0   0   0   2   0   0   0   7  12   0   0   0  1.03 0.28
  258 S     5  -3  -2   0  -2  -2  -2  -1  -3  -3  -3  -2  -2  -1  -2   3   1  -4  -3  -2   59   0   0   5   0   0   0   0   0   0   0   0   0   4   0  25   8   0   0   0  0.64 0.27
  259 R    -2   1  -3  -3  -3   0  -2  -4  -3   4   0   1   0  -2  -3  -1  -1  -3   0   2    0  12   0   0   0   5   0   0   0  43   5  10   0   0   0   7   0   0   3  15  0.33 0.18
  260 S    -3  -2   7  -1   3  -2  -2  -2   0  -5  -5  -2  -4  -5  -1   0   0  -5  -4  -4    0   0  80   0   7   0   0   0   2   0   0   0   0   0   3   4   5   0   0   0  1.38 0.40
  261 V    -1  -3  -4  -4  -2  -3  -4  -4  -4   4   2  -3   2   1  -3  -3  -2  -3  -2   3    3   0   0   0   0   0   0   0   0  42  15   0   5   5   0   0   0   0   0  27  0.55 0.19
  262 P    -1  -3  -3  -1  -4  -1   0  -3  -3  -4  -4  -2  -4  -5   8  -1  -2  -5  -4  -4    3   0   0   3   0   3   8   0   0   0   0   0   0   0  78   2   0   0   0   0  1.90 0.38
  263 Y    -2  -3  -3  -4  -3  -3  -3  -3   2  -2  -1  -3  -2   4  -3  -1  -2   9   3   0    1   1   0   1   0   0   1   1   5   1   4   1   0  22   1   7   1  35  11   9  1.09 0.26
  264 R     1   0   0  -1  -2  -1  -1   1  -2  -2  -1  -1   2  -2   1   2   2  -2  -2  -1   13   6   4   1   0   1   3  11   0   1   1   1  12   1   8  17  19   0   1   1  0.19 0.10
  265 S     1   0   1   2  -2   1   2  -1  -1  -2  -2   2  -1  -3  -1   1   0  -3  -2  -2   11   3   6  12   0   3  19   1   0   1   2  15   2   1   1  15   6   0   1   1  0.23 0.08
  266 L     1  -2  -1   0  -2  -2  -2  -1  -2   0   1  -2   0   3  -2  -1   1  -1   0   0   20   1   3   6   0   1   1   4   0   4  21   1   2  18   1   1  11   0   1   4  0.10 0.08
  267 L     0  -2  -2  -2  -2   0  -2  -2  -2   0   3  -2   3   2  -2  -1   0  -2  -1   1    9   1   1   1   0   4   1   2   0   1  34   1  10  10   1   1   8   0   1  12  0.17 0.09
  268 N     0   0   3   3  -2  -1   0   0   1  -2  -2  -1  -2  -1  -2   0   0  -3  -2  -1    6   6  17  26   0   1   4   7   5   1   4   1   0   3   1   3   8   0   1   5  0.22 0.09
  269 E     0  -1   1   2  -3   0   3  -1   0  -2  -2   1  -2  -3   3  -1  -1  -3  -2  -2    7   1   6  11   0   2  27   4   3   4   2   7   0   1  19   2   1   0   1   1  0.35 0.10
  270 T     0  -1   0   0  -1   0   2   0  -1  -2  -1   0  -1  -1   2   1   0  -2  -1  -1    8   2   4   2   1   2  18   8   1   2   7   2   1   4  13  18   4   0   1   2  0.16 0.05
  271 T    -1   0   2   4   0  -1   1   1  -1  -2  -3  -1  -2  -3  -2   1   0  -3  -2  -2    1   5   9  34   2   1   8  11   0   3   1   1   0   1   1  12   6   0   1   1  0.34 0.12
  272 G     2  -1  -1  -2  -3  -1  -2   5  -3  -4  -4   1  -3  -4  -1  -1  -1  -4  -3  -3   22   3   2   0   0   2   0  53   0   0   0   9   0   0   3   0   3   0   0   0  0.68 0.21
  273 R     0   1   1  -2  -2  -1  -1  -2   0  -1   1  -1   1   1  -2   0   4  -3  -2  -1   10   9   9   0   0   0   3   0   2   0  17   0   6   7   0   0  37   0   0   0  0.25 0.16
  274 L    -1   1  -2  -2  -3   0   1  -1  -2  -1   2  -1   1   4  -1  -1  -2  -1   2  -1    3   8   0   0   0   6  12   4   0   0  23   3   5  25   3   3   0   0   6   0  0.19 0.12
  275 L    -2   2   0  -2  -3   0   0  -3   1   0   1   4   1  -2  -1  -2  -2  -3  -2  -2    0  14   4   0   0   0   3   0   4   5  21  40   6   0   3   0   0   0   0   0  0.34 0.18
  276 E    -1   0   2   0  -3  -1   1   0  -2  -3  -2   0  -2  -3   3   3   0  -4  -3  -3    0   5  12   3   0   0   8   4   0   0   4   3   0   0  19  36   5   0   0   0  0.43 0.17
  277 N     2   0   0   2  -3  -1   1  -2  -2  -2  -2  -1  -2  -3   4   0   0  -4  -3  -2   26   7   5  12   0   0  13   0   0   2   3   0   0   0  23   2   5   0   0   0  0.42 0.15
  278 E    -1  -2  -1   4  -4   0   5   0  -2  -3  -3   0  -3  -4  -2  -1  -2  -4  -3  -2    5   0   0  24   0   0  50   6   0   0   3   4   0   0   0   3   0   0   0   3  0.66 0.23
  279 G     1  -1  -1   3  -3   1   5  -1  -1  -3  -3   0  -2   0  -2  -1  -2  -3  -2  -3   12   1   1  14   0   4  50   3   0   1   1   4   0   6   1   1   1   0   0   1  0.54 0.19
  280 L    -2  -3  -4  -4  -2  -3  -4  -4  -4   4   4  -3   0   3  -4  -3  -1  -2  -1   0    0   0   0   0   0   0   0   0   0  30  50   0   0  14   0   0   4   0   0   0  0.63 0.22
  281 A     1   1   0   0  -3   2   2  -2   2  -3  -2   2  -2  -3   0   1   0  -3  -2  -2   11   9   3   5   0   8  14   0   9   0   3  20   0   0   4  10   5   0   0   0  0.27 0.11
  282 A     3   1  -1  -1  -3   3   1  -1   0  -3  -3   3  -2  -4  -2   1  -1  -4  -3  -2   31   8   0   2   0  15   8   2   2   0   0  26   0   0   0   7   0   0   0   0  0.40 0.18
  283 T    -2   0  -3  -3  -2  -1  -3  -4  -3   2   3  -1   2   0  -3  -2   0   2   0   2    0   7   0   0   0   2   0   0   0  10  35   3   8   4   0   0   8   4   3  15  0.26 0.12
  284 F    -2  -2  -3  -4  -3  -3  -3  -4  -1  -1   2   0  -1   4  -4  -2  -2   5   5  -1    0   0   0   0   0   0   0   0   0   0  23   7   0  26   0   3   0   8  25   3  0.62 0.20
  285 N     0   0   2   1   0   2   2   0  -1  -3  -2   0  -2  -1   0   1   0  -3  -2  -2    9   2  12   6   3  13  17   4   0   0   4   5   0   3   3  14   4   0   0   0  0.19 0.09
  286 A     1   0  -1   2  -3   2   2  -1   0  -3  -3   1  -2   1   1   0  -1  -3  -2  -2   17   4   0  17   0  14  15   4   3   0   0   6   0  10   5   5   1   0   0   0  0.24 0.12
  287 A     1   0   0   0  -2   0   1  -2   1   0   0   1  -1   0  -2   0  -1   3   0   0   20   2   4   6   0   2   8   0   5   6  11  15   0   3   0   3   0   5   3   6  0.08 0.07
  288 G    -1  -1   2   0  -4  -1  -2   5  -2  -4  -2   3  -3  -4  -3  -1  -2  -4  -3  -3    0   0  13   5   0   0   0  47   0   0   6  26   0   0   0   0   0   0   0   0  0.64 0.22
  289 V    -1   0  -2  -2  -2  -1  -1  -3  -2   3   1   0   0  -1   2  -2  -1  -2   0   2    4   7   1   1   0   1   4   1   0  23  12   6   0   0  12   1   1   0   4  22  0.19 0.10
  290 D     0  -1   0   3  -2   0   0   0  -1  -1  -1   1  -1  -2   0   1   0  -2  -2  -1    6   2   1  26   1   1   4   5   1   5   6   9   1   1   4  18   4   0   1   5  0.17 0.07
  291 T    -1   1   0   1  -2  -1  -1  -1  -1  -1   1   1  -1   0   0   0   2  -2   0   0    1   7   3  13   0   1   1   4   0   1  17  10   0   3   4   1  23   0   3   5  0.09 0.07
  292 E    -1   0  -1   0  -3   0   2  -1   2  -3  -3   1  -2  -3   5  -1   0  -3  -2  -2    3   5   1   5   0   4  17   5   6   1   1  11   0   1  33   1   5   0   1   1  0.56 0.14
  293 G     0  -2   1   5  -3  -1   2   0   1  -3  -3  -1  -3  -4  -2   2  -1  -4  -3  -2    5   0   6  41   0   0  10   5   4   0   1   0   0   0   0  23   1   0   0   3  0.56 0.20
  294 A    -1   1   0   3  -4   2   0  -1  -2  -3  -4   5  -2  -4  -2   0  -2  -4  -3  -2    3   3   3  17   0  12   3   3   0   0   0  48   0   0   0   6   0   0   0   3  0.55 0.21
  295 P    -2   0   0   1  -4   1   3  -3   0  -3  -2   0  -3  -4   5  -1  -2  -4  -3  -3    1   6   3  10   0   7  21   1   3   0   4   5   0   0  38   1   0   0   0   0  0.75 0.19
  296 L    -2  -3  -3  -4  -2  -3  -3  -4  -4   4   2  -3   0  -1  -3  -2   2  -3  -2   3    0   0   0   0   0   0   0   0   0  31  25   0   0   0   0   0  20   0   0  24  0.53 0.21
  297 V    -1  -4  -4  -4  -2  -3  -4  -2  -3   5   0  -3   1  -1  -4  -1  -1  -3   2   3    2   0   0   0   0   0   0   3   0  50   0   0   2   0   0   5   2   0  10  27  0.58 0.24
  298 V     2  -3  -3  -4   2  -3  -3  -3  -3   0   0  -3  -1   3  -3  -1   1  -3  -1   3   23   0   0   0   6   0   0   0   0   0   4   0   0  20   0   0  11   0   0  37  0.40 0.21
  299 T    -1  -3  -2  -3  -3  -2  -2  -1   2  -2  -1  -2  -2   2  -3   2   2  -1   6   0    3   0   0   0   0   0   0   3   5   0   3   0   0   6   0  22  17   0  35   6  0.51 0.23
  300 C    -3  -6  -5  -6  11  -5  -6  -5  -6  -4  -4  -6  -4  -5  -5  -3  -3  -5  -5  -3    0   0   0   0 100   0   0   0   0   0   0   0   0   0   0   0   0   0   0   0  3.21 0.61
  301 G     0   4   0  -2  -4   3  -1   3  -2  -4  -2   0  -2  -4  -3   0  -2  -4  -3  -3    6  36   4   0   0  16   0  30   0   0   3   0   0   0   0   5   0   0   0   0  0.58 0.22
  302 S     0  -2   0  -2  -2  -1  -2  -1  -2   1  -2   1   0  -1  -2   3   3  -3  -2   0    7   0   4   0   0   0   0   3   0  14   0   9   3   3   0  29  22   0   0   6  0.24 0.16
  303 G     0  -4  -2  -3  -4  -3  -3   6   1  -5  -5  -3  -4  -5  -4  -1  -3  -4  -4  -5    6   0   0   0   0   0   0  86   5   0   0   0   0   0   0   4   0   0   0   0  1.49 0.36
  304 V    -1   0   1  -1  -3  -1   1  -1   1   1  -1   0   0  -2  -3  -2  -1   3  -2   3    0   6  10   3   0   0  14   6   5   4   0   5   3   0   0   0   0   5   0  38  0.19 0.15
  305 T    -2   6  -1   0  -4   1   0  -3  -2  -4  -3   0  -3  -4  -3   0   3  -4  -3  -3    0  56   0   6   0   4   3   0   0   0   0   0   0   0   0   5  25   0   0   0  0.84 0.30
  306 A     4  -2  -2  -2  -2  -2  -1   1  -3  -3  -3  -2   0  -4  -2   4  -1  -4  -3  -1   42   0   0   0   0   0   3   8   0   0   0   0   3   0   0  40   0   0   0   3  0.59 0.25
  307 A     2  -2  -1  -2   5   1  -1   1  -2  -1  -1   0  -2  -3  -2   2   0  -3  -3  -1   17   0   0   0  15   9   0  11   0   3   6   6   0   0   0  27   3   0   0   3  0.29 0.16
  308 V    -2   0  -2  -2  -3   0   1  -3   5   1   1   0  -1  -1  -3  -1   2  -3  -1   1    0   4   0   0   0   3  11   0  26   9  15   6   0   2   0   0  16   0   0  10  0.28 0.16
  309 L     2  -2   0  -2  -2  -1  -2  -2  -3   1   1  -2   1  -2  -2   0   3  -3  -2   1   26   0   6   0   0   3   0   0   0  12  13   0   3   0   0   3  24   0   0  10  0.23 0.14
  310 A     3  -2  -3  -3  -2   0   1  -2  -2  -2  -1  -1   0   1  -3   0  -1   6   2  -1   34   0   0   0   0   5  10   0   0   0   5   3   3   7   0   3   3  17   7   4  0.41 0.18
  311 L     0   0  -2   0  -3   0  -2  -3  -2  -1   2   0   2   4  -3  -2   0  -2   1  -1    8   4   0   6   0   4   0   0   0   0  32   9   7  22   0   0   6   0   4   0  0.23 0.14
  312 A     2  -2  -2  -1  -2  -1  -2   0  -2   1  -1  -1  -1  -2  -3  -1   0  -3   1   2   29   0   0   3   0   4   0   7   0  11   3   3   0   0   0   0   7   0   8  26  0.19 0.14
  313 L     2   0  -4  -4  -2  -3  -3  -3  -4   1   4  -3   0  -1  -3  -2  -2  -3  -3  -1   27   6   0   0   0   0   0   0   0   4  63   0   0   0   0   0   0   0   0   0  0.58 0.25
  314 D     0   2  -1   0  -3   1   0  -1   1  -1  -1   2  -1   0  -2   1   0  -2   2  -2    5  14   0   6   0   4   3   3   4   3   6  21   0   4   0  11   6   0  10   0  0.15 0.09
  315 R     1   1  -2  -2  -3   0   1  -3   3  -1   1   0   0  -1  -2  -1  -1  -2   1   0   13  10   0   0   0   3  15   0  12   0  19   6   3   0   0   3   2   0   7   5  0.14 0.11
  316 L     0  -3  -1  -4   4  -3  -3   1  -3   0   3  -3   2   0  -3  -2  -2   2  -2   0    8   0   4   0  11   0   0  15   0   3  44   0   5   4   0   0   0   3   0   4  0.33 0.16
  317 E    -2  -3  -2  -1  -4  -2  -2   4   2  -4  -3   0  -3  -1  -4  -2  -3  -1   6  -3    0   0   0   2   0   0   2  44   4   0   2   8   0   0   0   0   0   0  37   0  0.84 0.28
  318 I    -1  -2  -2  -2  -3   0   0  -2  -2  -2  -1   0  -2   2   5   0   0   3  -1  -2    2   0   0   0   0   6   5   2   0   2   4   7   0  14  37   6   8   5   0   0  0.60 0.18
  319 K    -2   0   5   3  -4  -1  -1   0   0  -4  -4   2  -3  -4   1  -1  -1  -5  -3  -4    0   5  39  22   0   0   0   5   2   0   0  17   0   0   7   0   3   0   0   0  0.65 0.22
  320 A     1  -4  -1  -4  -2  -3  -3  -4  -4   1  -1  -3  -1  -3   1  -2   0  -4  -3   5   11   0   4   0   0   0   0   0   0   3   0   0   0   0   7   0   6   0   0  69  0.65 0.27
  321 A     1   4  -1  -2  -3   1   0   0  -2  -3  -3   3  -2  -1   0   0  -1  -3  -2  -1   11  32   1   0   0   3   3   7   0   0   0  21   0   3   5   8   2   0   0   4  0.35 0.14
  322 L    -2  -2   3   1  -3  -2  -2  -1   2   3   1  -2   0  -2  -3  -2  -1  -4  -2   2    0   0  24   7   0   0   0   5   6  23  17   0   0   0   0   0   0   0   0  18  0.25 0.15
  323 Y    -4  -4  -4  -5  -4  -3  -4  -5   0   1  -1  -4  -2   2  -5  -4  -3   0   9  -2    0   0   0   0   0   0   0   0   0   8   3   0   0   3   0   0   0   0  86   0  1.80 0.41
  324 D     1  -2   1   5  -3  -1   1  -2  -2  -1  -3   0  -3  -4   2  -1  -1  -5  -3  -1   14   0   5  47   0   0   9   0   0   4   0   4   0   0  10   0   3   0   0   4  0.57 0.18
  325 G    -1  -4  -2  -3  -4  -3  -2   7  -4  -6  -5  -3  -4  -5  -4  -2  -3  -4  -5  -5    0   0   0   0   0   0   3  97   0   0   0   0   0   0   0   0   0   0   0   0  1.74 0.36
  326 A     1  -2  -1  -2  -2  -2  -2   3  -3  -4  -4  -2  -3  -4  -2   5   0  -4  -3  -3    8   0   0   0   0   0   0  19   0   0   0   0   0   0   0  72   0   0   0   0  0.87 0.30
  327 W    -4  -5  -5  -6  -4  -4  -5  -5  -4   0   0  -5   1   1  -5  -5  -4  11   3  -3    0   0   0   0   0   0   0   0   0   7   9   0   3   3   0   0   0  71   7   0  2.49 0.44
  328 A     0   0   1   0  -2  -1  -1  -1  -2  -2  -2   1  -2  -1  -2   2   3  -3   1  -1    5   3   7   4   0   0   0   3   0   0   3   8   0   2   0  22  32   0   8   3  0.26 0.14
  329 E    -1  -2  -2   1  -5   0   6  -2  -2  -5  -4   0  -3  -5  -3  -1  -1  -4  -4  -4    4   0   0   3   0   0  82   3   0   0   0   4   0   0   0   0   3   0   0   0  1.16 0.32
  330 W    -5  -5  -6  -6  -5  -4  -5  -5  -4  -4  -3  -5   1  -1  -6  -5  -4  12   4  -5    0   0   0   0   0   0   0   0   0   0   0   0   5   0   0   0   0  84  12   0  3.28 0.53
  331 G     0  -2  -1  -2  -2  -1   0   4  -2  -1  -1  -2  -2   1  -2   2  -1  -2  -2  -1    5   0   0   0   0   0   6  40   0   4   6   1   0   8   0  22   1   0   0   5  0.32 0.11
  332 A     2   0   0   0  -1   0   0  -1   1  -2  -1   1  -1  -2  -1   2   1  -2  -1  -1   22   5   1   6   0   1   1   1   5   1   7  14   0   1   1  22   9   0   1   1  0.15 0.06
  333 D    -2   3   3   3  -3   1   1  -2   1  -3  -3   1  -2  -3  -2   0   0  -3  -2  -3    1  21  25  22   0   5   5   1   5   1   1   6   0   0   1   1   6   0   0   1  0.42 0.11
  334 G     2  -2  -1  -2  -2   0  -1   3   2   0   0  -1   0  -2  -2   0   0  -2  -2  -1   28   1   1   1   0   4   1  27   7   5  13   1   3   1   1   1   4   0   1   1  0.19 0.07
  335 S    -1  -2   0  -2  -2  -2   0   0  -2  -1  -2  -2  -2  -3   6   0  -1  -3  -3   2    1   0   5   0   0   0   6   7   0   0   1   1   0   0  44   8   1   0   0  25  0.72 0.14
  336 E    -1   2   2   2  -3   0   1   1  -1  -3  -2   1  -2  -3  -1   0   1  -3  -2  -2    1  13  13  13   0   1  13  13   0   1   1  13   0   0   1   1  13   0   0   1  0.24 0.06
  337 R     0   1   1  -2  -2  -1  -2  -2  -2   0   2  -1   1  -1  -2   0   1  -3  -2   1    8  11  12   0   0   0   0   0   0   0  31   0   5   0   0   9  12   0   0  12  0.12 0.05
  338 P    -2   2  -2  -2  -4  -2  -2   1  -3  -4  -4  -1  -3  -4   7  -2  -2  -4  -4  -4    0  16   0   0   0   0   0  13   0   0   0   0   0   0  71   0   0   0   0   0  1.54 0.18
  339 V    -1  -3  -3  -3  -2  -3  -3  -4  -4   4   0  -3   0  -2  -3  -2   2  -3  -2   4    0   0   0   0   0   0   0   0   0  29   0   0   0   0   0   0  20   0   0  51  0.50 0.12
  340 E     1  -1  -1   0  -2   0   4   0  -1  -2  -2   0  -2  -3  -2   1   0  -3  -2   0   12   0   0   0   0   0  48   8   0   0   0   0   0   0   0  16   5   0   0  11  0.35 0.09
  341 T     0   1  -1  -2  -2   2   0  -2  -2  -1   0   2  -1  -3   0   0   3  -3  -2  -1   10   8   0   0   0  16   0   0   0   0   9  16   0   0   4   4  29   0   0   4  0.22 0.09
  342 G    -1  -3  -2  -2  -3  -3  -3   5  -3   1  -2  -3  -2  -3  -3  -1  -2  -3  -3   1    0   0   0   0   0   0   0  71   0  17   0   0   0   0   0   0   0   0   0  12  0.79 0.13
  343 K    -1   0  -1   2  -4   1   4  -2  -1  -3  -3   3  -2  -4   2  -1   1  -4  -3  -3    0   0   0  13   0   0  36   0   0   0   0  30   0   0  11   0  10   0   0   0  0.52 0.10
  344 C     1  -2   1   4   2  -1   0  -1  -2  -2  -3  -1  -2  -3  -2   3   0  -4  -3   0   12   0   7  31   6   0   0   0   0   0   0   0   0   0   0  34   0   0   0   9  0.33 0.07
  345 R     0   2  -1  -1  -3   0   2   2  -1  -3  -3   0  -2  -3   3   1   1  -3  -2  -2    0  17   0   0   0   0  17  17   0   0   0   0   0   0  17  17  17   0   0   0  0.35 0.07
  346 R    -2   4  -1  -1  -4   1   2  -2  -1  -4  -3   4  -2  -4  -2  -1  -1  -3  -2  -3    0  42   0   0   0   0  21   0   0   0   0  38   0   0   0   0   0   0   0   0  0.64 0.08
  347 R    -1   2   2  -1  -3   0  -1   2  -1  -3  -3   2  -2  -3   3   1  -1  -3  -2  -3    0  17  15   0   0   0   0  19   0   0   0  17   0   0  18  15   0   0   0   0  0.39 0.04
  348 A     1  -1   2  -1  -2   2   0   2  -1  -3  -3   0  -2  -3  -2   3   0  -3  -2  -2   17   0  15   0   0  18   0  15   0   0   0   0   0   0   0  36   0   0   0   0  0.32 0.06
  349 R     2   3  -1  -2  -1   0  -1  -1  -1  -1  -2   0  -1  -3  -2   2   2  -3  -2   0   19  24   0   0   0   0   0   0   0   0   0   0   0   0   0  29  17   0   0  11  0.24 0.06
  350 N     1  -1   3   0  -2   2   0   2  -1  -3  -3   0  -2  -3  -2   2   0  -3  -2  -2   13   0  23   0   0  17   0  19   0   0   0   0   0   0   0  28   0   0   0   0  0.35 0.06
  351 L    -1  -2  -2  -3  -2  -2  -2  -3  -2   2   1  -2   3   0  -3   1   0  -1   2   2    0   0   0   0   0   0   0   0   0  18  12   0  17   0   0  18   0   0  13  22  0.20 0.06
  352 S     1  -1   2  -1  -1  -1  -1  -1  -1   0  -1  -1  -1  -2  -2   2   2  -3  -2   1   20   0  20   0   0   0   0   0   0   0   0   0   0   0   0  20  20   0   0  20  0.21 0.05
  353 D     3  -2   0   4  -2  -1   0  -1  -2  -2  -2  -1  -2  -3  -1   1   2  -3  -2  -1   42   0   0  36   0   0   0   0   0   0   0   0   0   0   0   0  22   0   0   0  0.36 0.05
  354 L     1   0  -1   1  -2   0   0  -1  -2   1   1   2   0  -2  -2   1   0  -3  -2   0   17   0   0   9   0   0   0   0   0  13  17  24   0   0   0  19   0   0   0   0  0.09 0.02
  355 G     0  -2   0   0  -3   0   2   5  -2  -4  -4  -1  -3  -3  -2   0  -2  -3  -3  -3    0   0   0   0   0   0  27  73   0   0   0   0   0   0   0   0   0   0   0   0  0.72 0.02
  356 P     2  -2  -1  -1  -1  -1  -1  -1  -2  -2  -2  -1  -2  -3   5   2   0  -3  -2  -1   33   0   0   0   0   0   0   0   0   0   0   0   0   0  33  33   0   0   0   0  0.61 0.02
  357 I    -1  -1  -3  -3  -2  -2  -1  -1  -3   4   1  -2   0  -1  -3  -2  -1  -3  -2   3    0   5   0   0   0   0   7   7   0  50   8   0   0   0   0   0   0   0   0  22  0.28 0.08
  358 G     2   0  -1   1  -3   2   3   1  -1  -3  -3   1  -2  -3  -2   0   0  -3  -3  -2   24   4   0   6   0   7  32  10   0   0   0   9   0   0   0   0   7   0   0   0  0.32 0.08
  359 S     0   2   0   1  -3   3   3  -2  -1  -3  -3   1   0  -4  -2   1  -1  -3  -2  -3    6  15   4   3   0  22  32   0   0   0   0   5   4   0   0   9   0   0   0   0  0.44 0.10
  360 E     0   3  -1  -1  -3   1   1  -1  -1  -1  -1   2   0  -2  -2   0   1  -2   0  -1    5  19   0   0   0   8   9   5   0   3   4  16   5   0   0   0  17   0   5   3  0.17 0.06
  361 M    -2  -4  -4  -4  -2  -3  -4  -5  -4   5   3  -3   3  -1  -4  -3  -2  -3  -2   2    0   0   0   0   0   0   0   0   0  63  26   0   8   0   0   0   0   0   0   3  0.67 0.15
  362 T    -2   3  -1  -1  -3   0   2  -3  -1  -1  -1   3   1  -2  -2  -1   1  -3   0  -2    0  24   0   0   0   0  23   0   0   6   5  23   5   0   0   0  10   0   5   0  0.29 0.10
  363 A     0   0   1   2  -3   1   3  -2  -1  -3  -2   3  -2  -3  -2  -1  -1  -4  -3  -2   11   0   6   9   0   5  29   0   0   0   4  32   0   0   0   0   3   0   0   0  0.39 0.10
  364 A    -1   2  -1  -2  -3   0  -1  -3  -1  -1   0   4  -1  -1  -2   0   0  -2   2  -2    5  10   0   0   0   0   0   0   0   4  14  48   0   0   0   3   5   0  10   0  0.30 0.11
  365 L    -2  -3  -4  -5  -2  -3  -4  -5  -4   2   5  -3   1   0  -4  -3  -2  -3  -2   0    0   0   0   0   0   0   0   0   0  15  85   0   0   0   0   0   0   0   0   0  0.81 0.17
  366 E    -1   1  -1  -1  -3   3   3  -3   1   0  -2   1  -1  -1  -2   0   1  -3  -2  -1    0   7   0   0   0  22  29   0   3  11   0   5   0   4   0   8  11   0   0   0  0.30 0.10
  367 A     1   1   0   0   2   2   2  -2  -1  -3  -3   2  -2  -1  -2   1  -1  -3  -2  -2   12   4   4   3   5  13  20   0   0   0   0  16   0   5   0  17   0   0   0   0  0.26 0.08
  368 A     2   0  -1   1  -2   1   2   0  -1  -3  -3   2  -2  -3  -2   0   0  -3  -3  -2   33   0   0   7   0   5  21   5   0   0   0  24   0   0   0   0   4   0   0   0  0.33 0.10
  369 F    -2  -3  -4  -4  -2  -3  -4  -4  -3   3   4  -4   1   4  -4  -3  -2  -1   0   0    0   0   0   0   0   0   0   0   0  20  50   0   0  30   0   0   0   0   0   0  0.61 0.14
  370 E    -2   0   4   1  -4   3   3  -2   2  -4  -4   2  -2  -4  -2   0  -1  -4  -2  -3    0   0  27   3   0  22  23   0   6   0   0  13   0   0   0   7   0   0   0   0  0.52 0.12
  371 P     1  -3   0  -2  -3  -2  -2  -3  -2   0  -2  -2  -2  -3   7  -1   0  -3   0   0   12   0   5   0   0   0   0   0   0  10   0   0   0   0  58   0   5   0   6   5  1.08 0.16
  372 C     0  -1  -1   1   1   0   3  -2   1   0  -2   1  -1   0  -2   0   0  -2   0   0    5   0   0   5   5   0  35   0   5   6   0   9   0   5   0   7   4   0   5  10  0.18 0.08
  373 V     0   0   0  -2  -3  -1   0  -2   5  -1  -2   1  -1   3  -3   0  -1  -2   1   0    5   6   4   0   0   0   6   0  22   0   0  10   0  21   0   9   0   0   3  14  0.22 0.09
  374 L    -2  -3  -4  -4   2  -3  -4  -4  -4   3   4  -3   1   1  -4  -3  -2  -2  -1   2    0   0   0   0   5   0   0   0   0  24  55   0   0   5   0   0   0   0   0  12  0.52 0.12
  375 R     0   1  -1   0  -3   1   4  -1  -1  -1  -3   2  -2  -3  -2  -1   1  -4  -3  -1    5   9   0   0   0   0  44   5   0   5   0  20   0   0   0   0   9   0   0   3  0.39 0.11
  376 L    -1  -3  -4  -4  -2  -3  -4  -4  -4   4   2  -3   0  -1  -3  -3  -1  -3  -2   4    0   0   0   0   0   0   0   0   0  31  19   0   0   0   0   0   0   0   0  50  0.59 0.14
  377 V    -2   0  -2  -2  -3   1   2  -3  -1   2  -1  -1  -1   0  -3  -1   1  -1   4   1    0   5   0   0   0   9  22   0   0  22   0   0   0   0   0   0   9   0  25   8  0.27 0.11
  378 D    -3  -2   5   6   1  -1   0  -2  -1  -4  -5  -2  -4  -4  -3  -1  -2  -5  -4  -4    0   0  40  57   4   0   0   0   0   0   0   0   0   0   0   0   0   0   0   0  1.07 0.20
  379 Q    -1  -1  -1   2  -3   1   4  -3  -1   0  -1  -1   2  -2  -2  -1  -1  -3  -2   1    1   0   0  15   0   5  42   1   0   3   5   0   9   0   0   0   0   0   0  16  0.34 0.10
  380 S     0  -2   0  -1  -2  -1  -1  -1  -2  -3  -3  -1  -2  -3  -2   6   0  -4  -3  -3    1   0   0   0   0   0   0   1   0   0   1   0   0   0   0  94   0   0   0   0  0.93 0.22
  381 Q    -1   0  -1   0  -2   2   0   0   5  -2  -2   1  -1   0  -1  -1  -1   0   4  -2    2   1   1   4   1  11   2   7  20   1   2  12   1   1   1   2   2   0  26   2  0.30 0.07
  382 M    -1   1  -1  -1  -2   2   0   0  -1  -1   1   2   2   1  -1  -1  -1  -1  -1  -1    3   5   1   2   1  14   2   7   1   2  16  17  14   7   2   2   2   0   1   2  0.08 0.04
  383 H    -2  -1   0  -1  -2   0  -1  -2   8  -2  -2  -1  -2  -1  -2  -1  -2  -2   1  -2    3   2   1   2   1   1   2   2  69   2   3   2   1   1   2   2   2   0   1   2  0.98 0.14
  384 A     1   0   3   0  -1   0   0  -1   3  -2  -2   0  -1  -2  -1   1   1  -2  -1  -1   18   2  28   2   1   1   2   2  11   2   3   7   1   1   2   7   8   0   1   2  0.20 0.05
  385 G     0  -1  -1  -1  -1  -1  -1   2   1   1  -1  -1  -1  -1  -1   0   0  -1   1   1    3   2   2   2   1   2   2  25   5   7   3   2   1   1   2   7   2   0   6  23  0.09 0.03
  386 H    -1  -1   1  -1  -2   0   0  -1   5  -2  -1  -1  -1  -1   4   0  -1  -1   0  -1    4   2   7   3   1   2   3   4  28   2   4   3   1   2  23   3   3   1   2   3  0.39 0.05
  387 A     2   1  -1  -1  -1   1   0  -1  -1   0  -1   1  -1  -1   1   0   0  -1  -1   0   25  10   2   3   1   8   3   4   1   7   4  10   1   2   8   3   3   1   2   3  0.09 0.02
  388 G     0  -1   0  -1  -1  -1  -1   4  -1  -2  -2  -1  -1  -2   1   0  -1  -1  -1  -1    8   2   2   3   1   2   3  45   1   2   4   3   1   2   8   3   3   1   2   3  0.33 0.04
  389 A     1  -1   0  -1  -1   0  -1   1  -1  -1  -1  -1   1  -1  -1   2   1  -2  -1   0   11   2   2   2   1   2   2   9   1   2   3   2   9   1   2  32   9   0   1   7  0.13 0.04
  390 K     0   0   0  -1  -1   1   0  -1   0  -1  -1   1   0   1   0   0   1   0   1  -1    8   3   3   3   1   7   4   4   1   3   5  16   1   8   3   4  15   1   7   4  0.05 0.01
  391 G     0  -1   1   1  -1   0   0   2  -1  -1   0  -1  -1  -1  -1   1   1  -1  -1  -1    4   3   7  12   1   2   3  21   1   3  11   3   1   2   3   9   9   1   2   3  0.10 0.01
  392 L     0   0   1   0  -2  -1  -1   3   1  -1   0   0  -1  -1  -1   0   0  -2  -1   0    3   5   7   5   1   1   2  27   6   2  11   7   1   1   2   2   7   0   1   9  0.10 0.03
  393 S     0   0   2   0  -2  -1  -1   4  -1  -2  -2   0  -2  -2  -1   1   1  -2  -2  -2    2   7  11   4   0   1   1  38   0   1   2   6   0   1   1   9  12   0   1   1  0.32 0.06
  394 G     0  -2   0   2   6  -1  -1   2  -2  -2  -2   0  -2  -2  -2  -1   0  -2  -2  -2    5   1   4  14  29   1   1  21   0   1   2   7   0   1   1   2   6   0   1   1  0.38 0.08
  395 E    -1  -2   1   0  -4   0   4   4  -2  -1  -2  -1  -2  -3  -2   0  -2  -4  -3  -3    3   0   5   0   0   0  43  37   0   5   5   0   0   0   0   3   0   0   0   0  0.53 0.14
  396 S     0   0  -1   0   0   1  -1  -2  -2  -3  -3   0  -2  -3  -2   4   3  -4  -3  -2    5   5   0   3   2   8   0   0   0   0   0   4   0   0   0  52  21   0   0   0  0.48 0.15
  397 H    -2  -2   0  -2  -4  -1  -2  -3   9  -4  -3  -2   3  -3  -3   1  -2  -4   0  -4    0   0   4   0   0   0   0   0  72   0   0   0  12   0   0  12   0   0   0   0  1.40 0.28
  398 F    -3  -4  -4  -5  -3  -4  -4  -4  -2  -1   1  -4   2   7  -5  -4  -3   0   3   0    0   0   0   0   0   0   0   0   0   0  11   0   5  69   0   0   0   0  10   4  1.12 0.22
  399 D    -1   3   0   2   1   2   2  -1  -1  -4  -3   3  -2  -4  -2  -1  -2  -4  -3  -3    4  26   4  12   4   8  12   4   0   0   0  25   0   0   0   0   0   0   0   0  0.42 0.11
  400 L    -1  -4  -4  -4   1  -3  -4  -4  -4   4   1  -3   0  -1  -4  -3  -1  -4  -2   4    3   0   0   0   3   0   0   0   0  32  12   0   0   0   0   0   0   0   0  50  0.62 0.16
  401 L     0   1   1  -2  -2   0   1  -3  -2   2   1   1   0  -2  -2  -1  -1  -3  -2   1    7  11   9   0   0   3  11   0   0  23  12   9   0   0   0   0   2   0   0  13  0.11 0.06
  402 I    -1  -4  -4  -4  -2  -3  -4  -4  -4   5   1  -3   1  -1  -4  -3  -1  -4  -2   4    5   0   0   0   0   0   0   0   0  56   3   0   3   0   0   0   0   0   0  33  0.71 0.18
  403 Q    -1  -3  -4  -4  -2  -1  -1  -4  -4   2  -1  -1  -1  -2  -3  -2   0  -4  -2   5    0   0   0   0   0   3   4   0   0   4   0   4   0   0   0   0   4   0   0  81  0.71 0.21
  404 S     0  -2  -1   0  -2  -2  -2   0  -2  -4  -4  -2  -3  -4  -2   6   0  -4  -3  -3    0   0   0   4   0   0   0   5   0   0   0   0   0   0   0  92   0   0   0   0  1.04 0.27
  405 E     0  -1   2   4  -3   0   2  -2  -1  -4  -4   1  -3  -4   1   1  -1  -4  -3  -3    8   0   9  28   0   0  19   0   0   0   0  14   0   0   8  16   0   0   0   0  0.46 0.11
  406 A     1   1  -1   2  -3   1   2  -1  -1  -2  -1   2  -1   0  -2   0  -1  -2   0  -2   21   9   0  12   0   6  16   2   0   0   7  15   0   4   0   2   0   0   5   0  0.18 0.07
  407 F    -4  -4  -5  -5  -4  -5  -5  -5  -3   0  -1  -5  -1   8  -5  -4  -4  -1   2  -2    0   0   0   0   0   0   0   0   0   4   0   0   0  96   0   0   0   0   0   0  1.77 0.31
  408 A     1  -1   0   1  -3   2   3  -2  -1   1  -2   1  -2  -3  -2   0   0  -3  -3  -1   17   0   4   5   0  10  33   0   0  13   0  10   0   0   0   2   6   0   0   0  0.29 0.10
  409 G     0  -3   3  -2  -4  -2  -1   6  -2  -5  -5  -2  -4  -4  -3  -1  -1  -4  -4  -4    4   0  17   0   0   0   4  72   0   0   0   0   0   0   0   0   3   0   0   0  1.06 0.20
  410 V    -2   0  -2  -2  -3   2   0  -3  -2   1   1   4   3  -2  -3  -2  -2  -3  -2   0    0   0   0   0   0  14   3   0   0   8  19  37  16   0   0   0   0   0   0   3  0.34 0.14
  411 N    -1   3   2   0  -3  -1  -1  -2  -1  -4  -3   0  -3  -4   0   4   1  -4  -3  -3    0  23  13   5   0   0   0   0   0   0   0   3   0   0   4  47   4   0   0   0  0.50 0.16
  412 S    -1   2  -2  -3  -2  -1  -2  -3  -2   0   2   1   1   0   2  -1   1  -3  -2   0    4  19   0   0   0   0   0   0   0   5  29   8   6   3  10   3  10   0   0   3  0.18 0.08
  413 L    -2  -3  -4  -4  -2  -3  -4  -4  -4   4   3  -3   0  -1  -1  -3  -1  -3  -2   4    0   0   0   0   0   0   0   0   0  29  27   0   0   0   3   0   0   0   0  41  0.57 0.15
  414 K     1   0   2   0  -3   3   1  -1  -1  -1  -2   3   0  -3   0  -1  -1  -3  -3  -2   16   0  14   5   0  19   8   2   0   4   0  24   4   0   4   0   0   0   0   0  0.28 0.10
  415 R    -3   6  -2  -3  -5   4  -1  -4  -1  -4  -4   2  -2  -4  -3  -2  -2  -4  -3  -4    0  71   0   0   0  24   0   0   0   0   0   5   0   0   0   0   0   0   0   0  1.20 0.25
  416 Q    -3  -1  -1  -2  -5   4  -1  -4   9  -5  -4  -2  -3  -3  -4  -1  -3  -4   0  -5    0   0   0   0   0  21   0   0  75   0   0   0   0   0   0   4   0   0   0   0  1.67 0.31
  417 Q    -3   6  -2  -3  -5   5  -1  -4  -1  -4  -4   1  -2  -4  -3  -2  -2  -4  -3  -4    0  69   0   0   0  31   0   0   0   0   0   0   0   0   0   0   0   0   0   0  1.25 0.26
  418 L     1  -1  -3  -3  -2  -1  -2  -3  -3   1   3   0   4  -1  -3  -1   1  -3  -2   0   13   3   0   0   0   2   0   0   0   8  37   8  19   0   0   0   9   0   0   0  0.27 0.11
  419 V    -2  -4  -4  -4  -2  -4  -4  -5  -4   4   0  -4   0  -2  -4  -3  -1  -4  -2   5    0   0   0   0   0   0   0   0   0  31   0   0   0   0   0   0   0   0   0  69  0.89 0.21
  420 Y    -3  -2   5  -2  -4  -2  -2  -3   3  -3  -3  -2  -3   2  -4  -2  -2  -1   6  -3    0   0  41   0   0   0   0   0   6   0   0   0   0   8   0   0   0   0  45   0  1.01 0.23
  421 K     1   1   0   1  -3   2   1   1   1  -3  -3   2  -2  -3  -2   2   0  -3  -2  -2   14   4   0   7   0  14   7  10   5   0   0  16   0   0   0  19   3   0   0   0  0.27 0.08
  422 A     2  -2  -3  -3   3  -2  -2  -2  -3   2   1  -1   1  -2   2  -1   0   3  -2   0   29   0   0   0   7   0   0   0   0  16  18   3   4   0  13   0   5   5   0   0  0.26 0.10
  423 L    -3  -3  -5  -5  -2  -3  -4  -5  -4   1   5  -4   1  -1  -4  -4  -2  -3  -2   1    0   0   0   0   0   0   0   0   0   4  91   0   0   0   0   0   0   0   0   4  0.96 0.22
  424 K     1   1   1  -1  -3   2   0  -2  -1  -3  -2   3   2  -3  -2   1  -1   3  -2  -2   14   7   7   0   0   8   2   0   0   0   0  35   9   0   0  13   0   4   0   0  0.32 0.12
  425 D    -2  -1   0   3  -4   0   4  -3  -2  -1  -3   1  -3  -4   2   0  -2  -4  -3  -3    0   0   3  23   0   0  46   0   0   5   0   8   0   0   9   7   0   0   0   0  0.63 0.15
  426 T    -1  -2  -2   1  -4   0   5  -3  -1  -2  -2  -1   0   1  -3  -1  -1  -2   3  -1    3   0   0   4   0   0  59   0   0   0   0   0   4   8   0   0   3   0  13   6  0.59 0.18
  427 M    -2  -3  -4  -4  -2  -3  -4  -4  -3   4   3  -1   3   2  -4  -3  -2  -2  -1   1    0   0   0   0   0   0   0   0   0  33  42   4   9  12   0   0   0   0   0   0  0.52 0.14
  428 P     2   0   0   1  -3   1   0   0  -1  -3  -3   2  -2  -3   2   0   0  -3   0  -2   23   4   3  12   0   9   4   7   0   0   0  15   0   0  10   4   3   0   5   0  0.24 0.07
  429 K     0   1   2   0  -3   1   2  -1   1  -3  -3   2  -2  -3   0   2   1  -3  -2  -2    5   9  12   3   0   3  15   2   4   0   0  16   0   0   4  19   8   0   0   0  0.28 0.07
  430 I    -2  -3  -4  -4  -2  -3  -4  -4  -4   5   1  -3   2  -1  -3  -3  -1   3  -2   3    0   0   0   0   0   0   0   0   0  56  10   0   7   0   0   0   0   4   0  18  0.60 0.15
  431 H    -3  -2  -1  -3  -4  -1  -2  -3   9  -4  -4   0  -3  -2  -3  -2  -3  -3   3  -4    0   0   0   0   0   0   0   0  82   0   0   5   0   0   0   0   0   0   9   0  1.76 0.30
  432 A     5  -2  -2  -2  -2  -2  -2   2  -2  -3  -3  -2  -2  -3  -2   2  -1  -3  -3  -2   68   0   0   0   0   0   0  15   0   0   0   0   0   0   0  13   0   0   0   0  0.64 0.17
  433 L    -2  -3  -4  -4  -2  -3  -3  -4  -3   1   4  -3   1   2  -3  -3  -2  -2  -1   2    0   0   0   0   0   0   0   0   0   4  67   0   0  12   0   0   0   0   0  13  0.59 0.15
  434 S     2   1   0  -1  -2   2   0   0  -2  -3  -3  -1  -2  -3  -2   3   3  -3  -2  -2   17   7   4   0   0  15   4   5   0   0   0   0   0   0   0  27  22   0   0   0  0.33 0.12
  435 I    -2  -3  -4  -4   2   0  -3  -4  -4   4   3  -3   2  -1  -4  -3  -2  -3  -2   1    0   0   0   0   4   7   0   0   0  48  37   0   4   0   0   0   0   0   0   0  0.57 0.16
  436 R    -1   1   0   0  -3   1  -1  -2   4  -2  -2   3  -2   0  -2   1   1  -2   2  -1    0   7   4   3   0   4   0   0  15   0   0  25   0   4   0   9  12   0   9   7  0.24 0.10
  437 A     3  -2  -2  -2   3  -2  -2  -2  -3  -2  -1  -2  -2  -3  -2   1   4  -3  -3  -1   33   0   0   0   7   0   0   0   0   0   7   0   0   0   0   8  46   0   0   0  0.51 0.17
  438 L    -2   0  -2  -3  -3   0  -1  -3  -1  -1   0   2   1   2  -3  -1  -2   0   5  -2    0   5   0   0   0   2   4   0   0   3  13  23   4   6   0   4   0   0  36   0  0.42 0.14
  439 A     1  -2  -1  -2  -2  -2  -2  -2  -3  -2  -2   0  -2  -3  -2   1   6  -4  -3   0    9   0   0   0   0   0   0   0   0   0   0   5   0   0   0   6  71   0   0   7  0.73 0.20
  440 P    -2  -2  -2   0  -3  -2   0  -3  -3  -1   0   0  -2  -3   6  -1  -1  -4  -3   0    0   0   0   6   0   0   8   0   0   3   9   4   0   0  53   5   2   0   0  10  0.92 0.16
  441 D     1  -1   2   2  -3   2   3  -2  -1  -3  -3   0  -2  -4  -2   1   1  -4  -3  -2   14   0  10  13   0   8  33   0   0   0   0   4   0   0   0   7  12   0   0   0  0.40 0.10
  442 Q    -2  -1  -1   1  -4   4   5  -1  -1  -4  -4   1  -3  -4   1   0  -2  -4  -3  -3    0   0   0   5   0  22  53   5   0   0   0   5   0   0   6   4   0   0   0   0  0.70 0.16
  443 A     2  -1  -1  -2  -2  -1  -1  -1  -1   0  -2   2  -1  -1  -2   1   0   4   2  -1   31   0   0   0   0   0   0   0   0  10   0  20   0   0   0  17   0   9  12   0  0.21 0.05
  444 V     1  -1  -1  -1  -2  -1   1   1  -2  -2  -2   0  -2  -2   4   1  -1   4  -2   0   12   0   0   0   0   0  12  11   0   0   0   9   0   0  25  10   0  10   0  11  0.39 0.04
  445 P     1  -2  -1   2  -3  -1   1  -2  -2  -3  -3  -1  -3  -4   6   2  -1  -4  -3  -2   10   0   0  18   0   0   8   0   0   0   0   0   0   0  43  21   0   0   0   0  0.80 0.06
  446 G     1  -1  -1  -1  -2  -1  -1   4  -2  -3  -3   2  -2  -3  -2   1  -1  -3  -3  -3   12   0   0   0   0   0   0  48   0   0   0  23   0   0   0  17   0   0   0   0  0.48 0.05
  447 D    -1  -1   0   3  -3   2   2   1  -1  -3  -3   0  -2  -4   3   1  -1  -3  -3  -3    0   0   0  26   0  12  14  13   0   0   0   0   0   0  20  14   0   0   0   0  0.48 0.03
  448 S     0  -1   0  -1  -1  -1  -1  -1  -1  -1  -1  -1   3  -2  -2   3   2  -3  -2  -1    0   0   0   0   0   0   0   0   0   0   0   0  28   0   0  55  17   0   0   0  0.29 0.04
  449 C    -1  -4  -3  -4   9  -3  -4  -3  -3  -1  -2  -3  -2  -3  -3  -1  -1  -3  -3  -1    0   0   0   0 100   0   0   0   0   0   0   0   0   0   0   0   0   0   0   0  1.38 0.03
  450 G    -1   2  -1  -2  -2  -1  -2   3  -2  -1   1   0   2  -1  -3  -1  -1  -2  -2  -1    0  26   0   0   0   0   0  31   0   0  21   0  22   0   0   0   0   0   0   0  0.21 0.01
  451 G     0  -3  -1  -2  -3  -2  -2   6  -2  -4  -4  -2  -3  -3  -2   0  -2  -3  -3  -3    0   0   0   0   0   0   0 100   0   0   0   0   0   0   0   0   0   0   0   0  1.10 0.02
  452 G     0  -3  -1  -2  -3  -2  -2   6  -2  -4  -4  -2  -3  -3  -2   0  -2  -3  -3  -3    0   0   0   0   0   0   0 100   0   0   0   0   0   0   0   0   0   0   0   0  1.10 0.02
  453 R     0   4   0  -1  -2   1   0  -1  -1  -3  -2   1  -2  -3  -1   3   0  -3  -2  -2    0  50   0   0   0   0   0   0   0   0   0   0   0   0   0  50   0   0   0   0  0.40 0.00
  454 R    -2   6   0  -2  -4   1   0  -2   0  -3  -2   2  -1  -3  -2  -1  -1  -3  -2  -3    0 100   0   0   0   0   0   0   0   0   0   0   0   0   0   0   0   0   0   0  0.75 0.00
  455 L    -1  -2  -3  -4  -1  -2  -3  -4  -3   1   4  -2   2   0  -3  -2  -1  -2  -1   1    0   0   0   0   0   0   0   0   0   0   0   0   0   0   0   0   0   0   0   0  0.00     0.00
  456 H    -2   0   1  -1  -3   0   0  -2   7  -3  -3  -1  -2  -1  -2  -1  -2  -2   2  -3    0   0   0   0   0   0   0   0   0   0   0   0   0   0   0   0   0   0   0   0  0.00     0.00
  457 S     1  -1   1   0  -1   0   0   0  -1  -2  -2   0  -1  -2  -1   4   1  -3  -2  -2    0   0   0   0   0   0   0   0   0   0   0   0   0   0   0   0   0   0   0   0  0.00     0.00
  458 A     4  -1  -1  -2   0  -1  -1   0  -2  -1  -1  -1  -1  -2  -1   1   0  -2  -2   0    0   0   0   0   0   0   0   0   0   0   0   0   0   0   0   0   0   0   0   0  0.00     0.00
  459 D    -2  -2   1   6  -3   0   1  -1  -1  -3  -4  -1  -3  -3  -1   0  -1  -4  -3  -3    0   0   0   0   0   0   0   0   0   0   0   0   0   0   0   0   0   0   0   0  0.00     0.00
  460 D    -2  -2   1   6  -3   0   1  -1  -1  -3  -4  -1  -3  -3  -1   0  -1  -4  -3  -3    0   0   0   0   0   0   0   0   0   0   0   0   0   0   0   0   0   0   0   0  0.00     0.00
  461 H    -2   0   1  -1  -3   0   0  -2   7  -3  -3  -1  -2  -1  -2  -1  -2  -2   2  -3    0   0   0   0   0   0   0   0   0   0   0   0   0   0   0   0   0   0   0   0  0.00     0.00
  462 L    -1  -2  -3  -4  -1  -2  -3  -4  -3   1   4  -2   2   0  -3  -2  -1  -2  -1   1    0   0   0   0   0   0   0   0   0   0   0   0   0   0   0   0   0   0   0   0  0.00     0.00
  463 G     0  -2   0  -1  -2  -2  -2   5  -2  -4  -4  -1  -3  -3  -2   0  -2  -2  -3  -3    0   0   0   0   0   0   0   0   0   0   0   0   0   0   0   0   0   0   0   0  0.00     0.00
  464 P    -1  -2  -2  -1  -3  -1  -1  -2  -2  -3  -3  -1  -2  -4   7  -1  -1  -4  -3  -2    0   0   0   0   0   0   0   0   0   0   0   0   0   0   0   0   0   0   0   0  0.00     0.00
  465 M    -1  -1  -2  -3  -1   0  -2  -3  -2   1   2  -1   5   0  -2  -1  -1  -1  -1   1    0   0   0   0   0   0   0   0   0   0   0   0   0   0   0   0   0   0   0   0  0.00     0.00
  466 G     0  -2   0  -1  -2  -2  -2   5  -2  -4  -4  -1  -3  -3  -2   0  -2  -2  -3  -3    0   0   0   0   0   0   0   0   0   0   0   0   0   0   0   0   0   0   0   0  0.00     0.00
  467 K    -1   2   0  -1  -3   1   1  -1  -1  -3  -2   4  -1  -3  -1   0  -1  -3  -2  -2    0   0   0   0   0   0   0   0   0   0   0   0   0   0   0   0   0   0   0   0  0.00     0.00
  468 L    -1  -2  -3  -4  -1  -2  -3  -4  -3   1   4  -2   2   0  -3  -2  -1  -2  -1   1    0   0   0   0   0   0   0   0   0   0   0   0   0   0   0   0   0   0   0   0  0.00     0.00
  469 L    -1  -2  -3  -4  -1  -2  -3  -4  -3   1   4  -2   2   0  -3  -2  -1  -2  -1   1    0   0   0   0   0   0   0   0   0   0   0   0   0   0   0   0   0   0   0   0  0.00     0.00
  470 V     0  -2  -3  -3  -1  -2  -2  -3  -3   2   1  -2   1  -1  -2  -2   0  -3  -1   4    0   0   0   0   0   0   0   0   0   0   0   0   0   0   0   0   0   0   0   0  0.00     0.00
  471 S     1  -1   1   0  -1   0   0   0  -1  -2  -2   0  -1  -2  -1   4   1  -3  -2  -2    0   0   0   0   0   0   0   0   0   0   0   0   0   0   0   0   0   0   0   0  0.00     0.00
  472 K    -1   2   0  -1  -3   1   1  -1  -1  -3  -2   4  -1  -3  -1   0  -1  -3  -2  -2    0   0   0   0   0   0   0   0   0   0   0   0   0   0   0   0   0   0   0   0  0.00     0.00
  473 L    -1  -2  -3  -4  -1  -2  -3  -4  -3   1   4  -2   2   0  -3  -2  -1  -2  -1   1    0   0   0   0   0   0   0   0   0   0   0   0   0   0   0   0   0   0   0   0  0.00     0.00
  474 N    -1   0   6   1  -3   0   0   0   1  -3  -3   0  -2  -3  -2   1   0  -4  -2  -3    0   0   0   0   0   0   0   0   0   0   0   0   0   0   0   0   0   0   0   0  0.00     0.00
  475 E    -1   0   0   1  -4   2   5  -2   0  -3  -3   1  -2  -3  -1   0  -1  -3  -2  -2    0   0   0   0   0   0   0   0   0   0   0   0   0   0   0   0   0   0   0   0  0.00     0.00
  476 A     4  -1  -1  -2   0  -1  -1   0  -2  -1  -1  -1  -1  -2  -1   1   0  -2  -2   0    0   0   0   0   0   0   0   0   0   0   0   0   0   0   0   0   0   0   0   0  0.00     0.00
  477 L    -1  -2  -3  -4  -1  -2  -3  -4  -3   1   4  -2   2   0  -3  -2  -1  -2  -1   1    0   0   0   0   0   0   0   0   0   0   0   0   0   0   0   0   0   0   0   0  0.00     0.00
  478 A     4  -1  -1  -2   0  -1  -1   0  -2  -1  -1  -1  -1  -2  -1   1   0  -2  -2   0    0   0   0   0   0   0   0   0   0   0   0   0   0   0   0   0   0   0   0   0  0.00     0.00
  479 P    -1  -2  -2  -1  -3  -1  -1  -2  -2  -3  -3  -1  -2  -4   7  -1  -1  -4  -3  -2    0   0   0   0   0   0   0   0   0   0   0   0   0   0   0   0   0   0   0   0  0.00     0.00
  480 C     0  -3  -3  -3   8  -3  -4  -2  -3  -1  -1  -3  -1  -2  -3  -1  -1  -2  -2  -1    0   0   0   0   0   0   0   0   0   0   0   0   0   0   0   0   0   0   0   0  0.00     0.00
  481 F    -2  -3  -3  -3  -2  -3  -3  -3  -1   0   0  -3   0   6  -4  -2  -2   1   3  -1    0   0   0   0   0   0   0   0   0   0   0   0   0   0   0   0   0   0   0   0  0.00     0.00
  482 M    -1  -1  -2  -3  -1   0  -2  -3  -2   1   2  -1   5   0  -2  -1  -1  -1  -1   1    0   0   0   0   0   0   0   0   0   0   0   0   0   0   0   0   0   0   0   0  0.00     0.00
  483 H    -2   0   1  -1  -3   0   0  -2   7  -3  -3  -1  -2  -1  -2  -1  -2  -2   2  -3    0   0   0   0   0   0   0   0   0   0   0   0   0   0   0   0   0   0   0   0  0.00     0.00
  484 L    -1  -2  -3  -4  -1  -2  -3  -4  -3   1   4  -2   2   0  -3  -2  -1  -2  -1   1    0   0   0   0   0   0   0   0   0   0   0   0   0   0   0   0   0   0   0   0  0.00     0.00
  485 E    -1   0   0   1  -4   2   5  -2   0  -3  -3   1  -2  -3  -1   0  -1  -3  -2  -2    0   0   0   0   0   0   0   0   0   0   0   0   0   0   0   0   0   0   0   0  0.00     0.00
  486 D    -2  -2   1   6  -3   0   1  -1  -1  -3  -4  -1  -3  -3  -1   0  -1  -4  -3  -3    0   0   0   0   0   0   0   0   0   0   0   0   0   0   0   0   0   0   0   0  0.00     0.00
  487 E    -1   0   0   1  -4   2   5  -2   0  -3  -3   1  -2  -3  -1   0  -1  -3  -2  -2    0   0   0   0   0   0   0   0   0   0   0   0   0   0   0   0   0   0   0   0  0.00     0.00
  488 S     1  -1   1   0  -1   0   0   0  -1  -2  -2   0  -1  -2  -1   4   1  -3  -2  -2    0   0   0   0   0   0   0   0   0   0   0   0   0   0   0   0   0   0   0   0  0.00     0.00
  489 R    -1   5   0  -2  -3   1   0  -2   0  -3  -2   2  -1  -3  -2  -1  -1  -3  -2  -2    0   0   0   0   0   0   0   0   0   0   0   0   0   0   0   0   0   0   0   0  0.00     0.00
  490 S     1  -1   1   0  -1   0   0   0  -1  -2  -2   0  -1  -2  -1   4   1  -3  -2  -2    0   0   0   0   0   0   0   0   0   0   0   0   0   0   0   0   0   0   0   0  0.00     0.00
  491 H    -2   0   1  -1  -3   0   0  -2   7  -3  -3  -1  -2  -1  -2  -1  -2  -2   2  -3    0   0   0   0   0   0   0   0   0   0   0   0   0   0   0   0   0   0   0   0  0.00     0.00
  492 A     4  -1  -1  -2   0  -1  -1   0  -2  -1  -1  -1  -1  -2  -1   1   0  -2  -2   0    0   0   0   0   0   0   0   0   0   0   0   0   0   0   0   0   0   0   0   0  0.00     0.00
  493 G     0  -2   0  -1  -2  -2  -2   5  -2  -4  -4  -1  -3  -3  -2   0  -2  -2  -3  -3    0   0   0   0   0   0   0   0   0   0   0   0   0   0   0   0   0   0   0   0  0.00     0.00
  494 H    -2   0   1  -1  -3   0   0  -2   7  -3  -3  -1  -2  -1  -2  -1  -2  -2   2  -3    0   0   0   0   0   0   0   0   0   0   0   0   0   0   0   0   0   0   0   0  0.00     0.00
  495 A     4  -1  -1  -2   0  -1  -1   0  -2  -1  -1  -1  -1  -2  -1   1   0  -2  -2   0    0   0   0   0   0   0   0   0   0   0   0   0   0   0   0   0   0   0   0   0  0.00     0.00
  496 G     0  -2   0  -1  -2  -2  -2   5  -2  -4  -4  -1  -3  -3  -2   0  -2  -2  -3  -3    0   0   0   0   0   0   0   0   0   0   0   0   0   0   0   0   0   0   0   0  0.00     0.00
  497 A     4  -1  -1  -2   0  -1  -1   0  -2  -1  -1  -1  -1  -2  -1   1   0  -2  -2   0    0   0   0   0   0   0   0   0   0   0   0   0   0   0   0   0   0   0   0   0  0.00     0.00
  498 K    -1   2   0  -1  -3   1   1  -1  -1  -3  -2   4  -1  -3  -1   0  -1  -3  -2  -2    0   0   0   0   0   0   0   0   0   0   0   0   0   0   0   0   0   0   0   0  0.00     0.00
  499 G     0  -2   0  -1  -2  -2  -2   5  -2  -4  -4  -1  -3  -3  -2   0  -2  -2  -3  -3    0   0   0   0   0   0   0   0   0   0   0   0   0   0   0   0   0   0   0   0  0.00     0.00
  500 L    -1  -2  -3  -4  -1  -2  -3  -4  -3   1   4  -2   2   0  -3  -2  -1  -2  -1   1    0   0   0   0   0   0   0   0   0   0   0   0   0   0   0   0   0   0   0   0  0.00     0.00
  501 S     1  -1   1   0  -1   0   0   0  -1  -2  -2   0  -1  -2  -1   4   1  -3  -2  -2    0   0   0   0   0   0   0   0   0   0   0   0   0   0   0   0   0   0   0   0  0.00     0.00
  502 G     0  -2   0  -1  -2  -2  -2   5  -2  -4  -4  -1  -3  -3  -2   0  -2  -2  -3  -3    0   0   0   0   0   0   0   0   0   0   0   0   0   0   0   0   0   0   0   0  0.00     0.00
  503 E    -1   0   0   1  -4   2   5  -2   0  -3  -3   1  -2  -3  -1   0  -1  -3  -2  -2    0   0   0   0   0   0   0   0   0   0   0   0   0   0   0   0   0   0   0   0  0.00     0.00
  504 S     1  -1   1   0  -1   0   0   0  -1  -2  -2   0  -1  -2  -1   4   1  -3  -2  -2    0   0   0   0   0   0   0   0   0   0   0   0   0   0   0   0   0   0   0   0  0.00     0.00
  505 H    -2   0   1  -1  -3   0   0  -2   7  -3  -3  -1  -2  -1  -2  -1  -2  -2   2  -3    0   0   0   0   0   0   0   0   0   0   0   0   0   0   0   0   0   0   0   0  0.00     0.00
  506 F    -2  -3  -3  -3  -2  -3  -3  -3  -1   0   0  -3   0   6  -4  -2  -2   1   3  -1    0   0   0   0   0   0   0   0   0   0   0   0   0   0   0   0   0   0   0   0  0.00     0.00
  507 D    -2  -2   1   6  -3   0   1  -1  -1  -3  -4  -1  -3  -3  -1   0  -1  -4  -3  -3    0   0   0   0   0   0   0   0   0   0   0   0   0   0   0   0   0   0   0   0  0.00     0.00
  508 L    -1  -2  -3  -4  -1  -2  -3  -4  -3   1   4  -2   2   0  -3  -2  -1  -2  -1   1    0   0   0   0   0   0   0   0   0   0   0   0   0   0   0   0   0   0   0   0  0.00     0.00
  509 L    -1  -2  -3  -4  -1  -2  -3  -4  -3   1   4  -2   2   0  -3  -2  -1  -2  -1   1    0   0   0   0   0   0   0   0   0   0   0   0   0   0   0   0   0   0   0   0  0.00     0.00

                      K         Lambda
Standard Ungapped    0.1342     0.3166
Standard Gapped      0.0406     0.2670
PSI Ungapped         0.1326     0.3172
PSI Gapped           0.0406     0.2670
