
Last position-specific scoring matrix computed, weighted observed percentages rounded down, information per position, and relative weight of gapless real matches to pseudocounts
            A   R   N   D   C   Q   E   G   H   I   L   K   M   F   P   S   T   W   Y   V   A   R   N   D   C   Q   E   G   H   I   L   K   M   F   P   S   T   W   Y   V
    1 R    -1   5   0  -2  -3   1   0  -2   0  -3  -2   2  -1  -3  -2  -1  -1  -3  -2  -2    0   0   0   0   0   0   0   0   0   0   0   0   0   0   0   0   0   0   0   0  0.00     0.00
    2 L    -1  -2  -3  -4  -1  -2  -3  -4  -3   2   4  -2   2   0  -3  -2  -1  -2  -1   1    0   0   0   0   0   0   0   0   0   0   0   0   0   0   0   0   0   0   0   0  0.00     0.00
    3 G     0  -2   0  -1  -2  -2  -2   6  -2  -4  -4  -2  -3  -3  -2   0  -2  -2  -3  -3    0   0   0   0   0   0   0   0   0   0   0   0   0   0   0   0   0   0   0   0  0.00     0.00
    4 P    -1  -2  -2  -1  -3  -1  -1  -2  -2  -3  -3  -1  -2  -4   7  -1  -1  -4  -3  -2    0   0   0   0   0   0   0   0   0   0   0   0   0   0   0   0   0   0   0   0  0.00     0.00
    5 V     0  -2  -3  -3  -1  -2  -2  -3  -3   3   1  -2   1  -1  -2  -2   0  -3  -1   4    0   0   0   0   0   0   0   0   0   0   0   0   0   0   0   0   0   0   0   0  0.00     0.00
    6 A     4  -1  -2  -2   0  -1  -1   0  -2  -1  -1  -1  -1  -2  -1   1   0  -3  -2   0    0   0   0   0   0   0   0   0   0   0   0   0   0   0   0   0   0   0   0   0  0.00     0.00
    7 A     4  -1  -2  -2   0  -1  -1   0  -2  -1  -1  -1  -1  -2  -1   1   0  -3  -2   0    0   0   0   0   0   0   0   0   0   0   0   0   0   0   0   0   0   0   0   0  0.00     0.00
    8 S     1  -1   1   0  -1   0   0   0  -1  -2  -2   0  -1  -2  -1   4   1  -3  -2  -2    0   0   0   0   0   0   0   0   0   0   0   0   0   0   0   0   0   0   0   0  0.00     0.00
    9 S     1  -1   1   0  -1   0   0   0  -1  -2  -2   0  -1  -2  -1   4   1  -3  -2  -2    0   0   0   0   0   0   0   0   0   0   0   0   0   0   0   0   0   0   0   0  0.00     0.00
   10 Q    -1   1   0   0  -3   5   2  -2   0  -3  -2   1   0  -3  -1   0  -1  -2  -1  -2    0   0   0   0   0   0   0   0   0   0   0   0   0   0   0   0   0   0   0   0  0.00     0.00
   11 S     1  -1   1   0  -1   0   0   0  -1  -2  -2   0  -1  -2  -1   4   1  -3  -2  -2    0   0   0   0   0   0   0   0   0   0   0   0   0   0   0   0   0   0   0   0  0.00     0.00
   12 R    -1   5   0  -2  -3   1   0  -2   0  -3  -2   2  -1  -3  -2  -1  -1  -3  -2  -2    0   0   0   0   0   0   0   0   0   0   0   0   0   0   0   0   0   0   0   0  0.00     0.00
   13 R    -1   5   0  -2  -3   1   0  -2   0  -3  -2   2  -1  -3  -2  -1  -1  -3  -2  -2    0   0   0   0   0   0   0   0   0   0   0   0   0   0   0   0   0   0   0   0  0.00     0.00
   14 P    -1  -2  -2  -1  -3  -1  -1  -2  -2  -3  -3  -1  -2  -4   7  -1  -1  -4  -3  -2    0   0   0   0   0   0   0   0   0   0   0   0   0   0   0   0   0   0   0   0  0.00     0.00
   15 T     0  -1   0  -1  -1  -1  -1  -2  -2  -1  -1  -1  -1  -2  -1   1   5  -2  -2   0    0   0   0   0   0   0   0   0   0   0   0   0   0   0   0   0   0   0   0   0  0.00     0.00
   16 A     4  -1  -2  -2   0  -1  -1   0  -2  -1  -1  -1  -1  -2  -1   1   0  -3  -2   0    0   0   0   0   0   0   0   0   0   0   0   0   0   0   0   0   0   0   0   0  0.00     0.00
   17 D    -2  -2   1   6  -3   0   2  -1  -1  -3  -4  -1  -3  -3  -1   0  -1  -4  -3  -3    0   0   0   0   0   0   0   0   0   0   0   0   0   0   0   0   0   0   0   0  0.00     0.00
   18 S     1  -1   1   0  -1   0   0   0  -1  -2  -2   0  -1  -2  -1   4   1  -3  -2  -2    0   0   0   0   0   0   0   0   0   0   0   0   0   0   0   0   0   0   0   0  0.00     0.00
   19 A     4  -1  -2  -2   0  -1  -1   0  -2  -1  -1  -1  -1  -2  -1   1   0  -3  -2   0    0   0   0   0   0   0   0   0   0   0   0   0   0   0   0   0   0   0   0   0  0.00     0.00
   20 M    -1  -1  -2  -3  -1   0  -2  -3  -2   1   2  -1   5   0  -2  -1  -1  -1  -1   1    0   0   0   0   0   0   0   0   0   0   0   0   0   0   0   0   0   0   0   0  0.00     0.00
   21 E    -1   0   0   2  -4   2   5  -2   0  -3  -3   1  -2  -3  -1   0  -1  -3  -2  -2    0   0   0   0   0   0   0   0   0   0   0   0   0   0   0   0   0   0   0   0  0.00     0.00
   22 L    -1  -2  -3  -4  -1  -2  -3  -4  -3   2   4  -2   2   0  -3  -2  -1  -2  -1   1    0   0   0   0   0   0   0   0   0   0   0   0   0   0   0   0   0   0   0   0  0.00     0.00
   23 T     0  -1   0  -1  -1  -1  -1  -2  -2  -1  -1  -1  -1  -2  -1   1   5  -2  -2   0    0   0   0   0   0   0   0   0   0   0   0   0   0   0   0   0   0   0   0   0  0.00     0.00
   24 R    -1   5   0  -2  -3   1   0  -2   0  -3  -2   2  -1  -3  -2  -1  -1  -3  -2  -2    0   0   0   0   0   0   0   0   0   0   0   0   0   0   0   0   0   0   0   0  0.00     0.00
   25 D    -2  -2   1   6  -3   0   2  -1  -1  -3  -4  -1  -3  -3  -1   0  -1  -4  -3  -3    0   0   0   0   0   0   0   0   0   0   0   0   0   0   0   0   0   0   0   0  0.00     0.00
   26 L    -1  -2  -3  -4  -1  -2  -3  -4  -3   2   4  -2   2   0  -3  -2  -1  -2  -1   1    0   0   0   0   0   0   0   0   0   0   0   0   0   0   0   0   0   0   0   0  0.00     0.00
   27 V     0  -2  -3  -3  -1  -2  -2  -3  -3   3   1  -2   1  -1  -2  -2   0  -3  -1   4    0   0   0   0   0   0   0   0   0   0   0   0   0   0   0   0   0   0   0   0  0.00     0.00
   28 A     4  -1  -2  -2   0  -1  -1   0  -2  -1  -1  -1  -1  -2  -1   1   0  -3  -2   0    0   0   0   0   0   0   0   0   0   0   0   0   0   0   0   0   0   0   0   0  0.00     0.00
   29 M    -1  -1  -2  -3  -1   0  -2  -3  -2   1   2  -1   5   0  -2  -1  -1  -1  -1   1    0   0   0   0   0   0   0   0   0   0   0   0   0   0   0   0   0   0   0   0  0.00     0.00
   30 A     4  -1  -2  -2   0  -1  -1   0  -2  -1  -1  -1  -1  -2  -1   1   0  -3  -2   0    0   0   0   0   0   0   0   0   0   0   0   0   0   0   0   0   0   0   0   0  0.00     0.00
   31 K    -1   2   0  -1  -3   1   1  -2  -1  -3  -2   4  -1  -3  -1   0  -1  -3  -2  -2    0   0   0   0   0   0   0   0   0   0   0   0   0   0   0   0   0   0   0   0  0.00     0.00
   32 K    -1   2   0  -1  -3   1   1  -2  -1  -3  -2   4  -1  -3  -1   0  -1  -3  -2  -2    0   0   0   0   0   0   0   0   0   0   0   0   0   0   0   0   0   0   0   0  0.00     0.00
   33 P    -1  -2  -2  -1  -3  -1  -1  -2  -2  -3  -3  -1  -2  -4   7  -1  -1  -4  -3  -2    0   0   0   0   0   0   0   0   0   0   0   0   0   0   0   0   0   0   0   0  0.00     0.00
   34 P    -1  -2  -2  -1  -3  -1  -1  -2  -2  -3  -3  -1  -2  -4   7  -1  -1  -4  -3  -2    0   0   0   0   0   0   0   0   0   0   0   0   0   0   0   0   0   0   0   0  0.00     0.00
   35 V     0  -2  -3  -3  -1  -2  -2  -3  -3   3   1  -2   1  -1  -2  -2   0  -3  -1   4    0   0   0   0   0   0   0   0   0   0   0   0   0   0   0   0   0   0   0   0  0.00     0.00
   36 S     1  -1   1   0  -1   0   0   0  -1  -2  -2   0  -1  -2  -1   4   1  -3  -2  -2    0   0   0   0   0   0   0   0   0   0   0   0   0   0   0   0   0   0   0   0  0.00     0.00
   37 G     0  -2   0  -1  -2  -2  -2   6  -2  -4  -4  -2  -3  -3  -2   0  -2  -2  -3  -3    0   0   0   0   0   0   0   0   0   0   0   0   0   0   0   0   0   0   0   0  0.00     0.00
   38 G     0  -2   0  -1  -2  -2  -2   6  -2  -4  -4  -2  -3  -3  -2   0  -2  -2  -3  -3    0   0   0   0   0   0   0   0   0   0   0   0   0   0   0   0   0   0   0   0  0.00     0.00
   39 G     0  -2   0  -1  -2  -2  -2   6  -2  -4  -4  -2  -3  -3  -2   0  -2  -2  -3  -3    0   0   0   0   0   0   0   0   0   0   0   0   0   0   0   0   0   0   0   0  0.00     0.00
   40 G     0  -2   0  -1  -2  -2  -2   6  -2  -4  -4  -2  -3  -3  -2   0  -2  -2  -3  -3    0   0   0   0   0   0   0   0   0   0   0   0   0   0   0   0   0   0   0   0  0.00     0.00
   41 F    -2  -3  -3  -3  -2  -3  -3  -3  -1   0   0  -3   0   6  -4  -2  -2   1   3  -1    0   0   0   0   0   0   0   0   0   0   0   0   0   0   0   0   0   0   0   0  0.00     0.00
   42 G     0  -2   0  -1  -2  -2  -2   6  -2  -4  -4  -2  -3  -3  -2   0  -2  -2  -3  -3    0   0   0   0   0   0   0   0   0   0   0   0   0   0   0   0   0   0   0   0  0.00     0.00
   43 A     4  -1  -2  -2   0  -1  -1   0  -2  -1  -1  -1  -1  -2  -1   1   0  -3  -2   0    0   0   0   0   0   0   0   0   0   0   0   0   0   0   0   0   0   0   0   0  0.00     0.00
   44 N    -2   0   6   1  -3   0   0   0   1  -3  -3   0  -2  -3  -2   1   0  -4  -2  -3    0   0   0   0   0   0   0   0   0   0   0   0   0   0   0   0   0   0   0   0  0.00     0.00
   45 A     4  -1  -2  -2   0  -1  -1   0  -2  -1  -1  -1  -1  -2  -1   1   0  -3  -2   0    0   0   0   0   0   0   0   0   0   0   0   0   0   0   0   0   0   0   0   0  0.00     0.00
   46 K    -1   2   0  -1  -3   1   1  -2  -1  -3  -2   4  -1  -3  -1   0  -1  -3  -2  -2    0   0   0   0   0   0   0   0   0   0   0   0   0   0   0   0   0   0   0   0  0.00     0.00
   47 P    -1  -2  -2  -1  -3  -1  -1  -2  -2  -3  -3  -1  -2  -4   7  -1  -1  -4  -3  -2    0   0   0   0   0   0   0   0   0   0   0   0   0   0   0   0   0   0   0   0  0.00     0.00
   48 A     4  -1  -2  -2   0  -1  -1   0  -2  -1  -1  -1  -1  -2  -1   1   0  -3  -2   0    0   0   0   0   0   0   0   0   0   0   0   0   0   0   0   0   0   0   0   0  0.00     0.00
   49 A     4  -1  -2  -2   0  -1  -1   0  -2  -1  -1  -1  -1  -2  -1   1   0  -3  -2   0    0   0   0   0   0   0   0   0   0   0   0   0   0   0   0   0   0   0   0   0  0.00     0.00
   50 K    -1   2   0  -1  -3   1   1  -2  -1  -3  -2   4  -1  -3  -1   0  -1  -3  -2  -2    0   0   0   0   0   0   0   0   0   0   0   0   0   0   0   0   0   0   0   0  0.00     0.00
   51 S     1  -1   1   0  -1   0   0   0  -1  -2  -2   0  -1  -2  -1   4   1  -3  -2  -2    0   0   0   0   0   0   0   0   0   0   0   0   0   0   0   0   0   0   0   0  0.00     0.00
   52 L    -1  -2  -3  -4  -1  -2  -3  -4  -3   2   4  -2   2   0  -3  -2  -1  -2  -1   1    0   0   0   0   0   0   0   0   0   0   0   0   0   0   0   0   0   0   0   0  0.00     0.00
   53 S     1  -1   1   0  -1   0   0   0  -1  -2  -2   0  -1  -2  -1   4   1  -3  -2  -2    0   0   0   0   0   0   0   0   0   0   0   0   0   0   0   0   0   0   0   0  0.00     0.00
   54 E    -1   0   0   2  -4   2   5  -2   0  -3  -3   1  -2  -3  -1   0  -1  -3  -2  -2    0   0   0   0   0   0   0   0   0   0   0   0   0   0   0   0   0   0   0   0  0.00     0.00
   55 V     0  -2  -3  -3  -1  -2  -2  -3  -3   3   1  -2   1  -1  -2  -2   0  -3  -1   4    0   0   0   0   0   0   0   0   0   0   0   0   0   0   0   0   0   0   0   0  0.00     0.00
   56 V    -1  -2  -3  -3  -1  -1  -2  -3  -2   2   2  -2   4   0  -3  -2   0  -2  -1   3    0   0   0   0   0   0   0   0   0   0   0   0  50   0   0   0   0   0   0  50  0.27 0.00
   57 A     3  -1   0  -1  -1   0  -1   0  -1  -2  -2  -1  -1  -2  -1   3   1  -3  -2  -1   50   0   0   0   0   0   0   0   0   0   0   0   0   0   0  50   0   0   0   0  0.35 0.00
   58 D    -1  -1   1   5  -4   1   4  -2  -1  -3  -3   0  -3  -4  -1   0  -1  -4  -3  -3    0   0   0  50   0   0  50   0   0   0   0   0   0   0   0   0   0   0   0   0  0.69 0.00
   59 F    -2  -3  -3  -4  -2  -3  -3  -4  -2   3   1  -3   1   5  -3  -3  -1   0   2   1    0   0   0   0   0   0   0   0   0  50   0   0   0  50   0   0   0   0   0   0  0.38 0.00
   60 E     0   0   0   1  -2   1   4  -1  -1  -3  -3   0  -2  -3  -1   3   1  -3  -2  -2    0   0   0   0   0   0  50   0   0   0   0   0   0   0   0  50   0   0   0   0  0.43 0.00
   61 T     0  -1   0  -1  -1  -1  -1  -2  -2  -1  -1  -1  -1  -2  -1   1   5  -3  -2   0    0   0   0   0   0   0   0   0   0   0   0   0   0   0   0   0 100   0   0   0  0.53 0.03
   62 R     1   4   0  -1  -2   0   0  -1  -1  -3  -2   2  -2  -3  -1   2   0  -3  -2  -2   18  36   0   0   0   0   0   0   0   0   0  16   0   0   0  31   0   0   0   0  0.34 0.02
   63 L    -1   1  -3  -3  -2  -1  -2  -3  -2   0   2  -1   5  -1   4  -2  -1  -2  -2   0    0  10   0   0   0   0   0   0   0   0  27   0  42   0  21   0   0   0   0   0  0.41 0.06
   64 P    -1  -2  -2  -2  -3  -2  -1  -2  -2  -3  -3  -1  -3  -4   7   1   1  -4  -3  -2    0   0   0   0   0   0   0   0   0   0   0   0   0   0  78  11  12   0   0   0  1.58 0.08
   65 Q    -1   1   1   0  -3   3   2  -2   0  -3  -3   0  -1  -1  -2   1   1  -2   2  -2    0  10   7   0   0  25  22   0   0   0   0   0   0   0   0  17   7   0  12   0  0.31 0.04
   66 D     0  -1   0   4  -3  -1   0  -2  -2  -3  -3   1  -2  -3   3   1   1  -4  -3  -2    9   0   0  41   0   0   0   0   0   0   0  11   0   0  18   9  13   0   0   0  0.48 0.05
   67 P     1  -2  -2  -2  -2  -1  -2  -2  -2  -2  -1  -1  -1  -1   6  -1   0  -2   1  -2   13   0   0   0   0   0   1   1   0   0  10   0   0   0  55   1   7   0  10   1  0.90 0.07
   68 S     0  -2  -1   0  -2  -1  -1  -1  -2  -2  -3  -1  -2  -1   2   3   3  -3  -2  -2    3   0   0   5   0   0   0   3   0   0   1   0   0   4  11  39  31   0   0   0  0.44 0.14
   69 V     1  -1   1   0  -2   2   2  -1  -1  -1  -1   0  -1  -2   0   1   0  -3  -2   0   18   0   7   4   0  11  18   1   0   0   8   4   0   0   3  11   6   0   0   7  0.16 0.06
   70 L    -1   0  -1  -2  -2  -1  -2  -2  -2   1   2  -2   0  -1   4  -1  -1  -3  -2   0    1   5   3   1   0   3   1   3   0   6  37   1   0   0  26   6   1   0   0   6  0.36 0.10
   71 C    -3  -6  -5  -6  11  -5  -6  -5  -5  -4  -4  -6  -4  -5  -5  -3  -3  -5  -5  -3    0   0   0   0 100   0   0   0   0   0   0   0   0   0   0   0   0   0   0   0  3.12 0.51
   72 A    -1  -4  -4  -4  -5  -3  -3  -4  -4  -5  -5  -3  -4  -5   8  -3  -3  -5   0  -4    6   0   0   0   0   0   0   0   0   0   0   0   0   0  91   0   0   0   3   0  2.41 0.40
   73 C    -3  -6  -5  -6  11  -5  -6  -5  -5  -4  -4  -6  -4  -5  -5  -3  -3  -5  -5  -3    0   0   0   0 100   0   0   0   0   0   0   0   0   0   0   0   0   0   0   0  3.12 0.51
   74 G    -1  -3   0  -3   1   1  -3   6  -3  -5  -5  -3  -4  -5  -4  -2  -3  -4  -4  -5    0   0   5   0   4   8   0  83   0   0   0   0   0   0   0   0   0   0   0   0  1.37 0.29
   75 S     0   2   1  -2  -3  -1  -2  -1  -2  -3  -2   0  -2  -4  -2   5   2  -4  -3  -3    2  13   5   0   0   0   0   2   0   0   4   2   0   0   0  62  10   0   0   0  0.60 0.23
   76 G     1  -3   0  -2  -3   1  -1   5  -3  -3  -4  -2  -3  -4   3  -1   0  -4  -4  -3   11   0   5   0   0   7   2  52   0   2   0   0   0   0  15   2   5   0   0   0  0.70 0.18
   77 S     0   1   1   0  -2   1   0  -2   0   0   2   1   0  -2  -2   0  -1  -3  -2   0    7   9   7   5   0   6   4   0   3   2  31  12   0   0   0   6   0   0   0   4  0.10 0.07
   78 A     1  -2   0   1  -2   1   2  -1   0  -1   0  -1  -1  -2   2   1   1  -3  -2  -1   15   0   2   8   0   6  17   2   3   4  14   0   0   0   9  10  10   0   0   2  0.16 0.08
   79 Y    -4  -4  -4  -5  -4  -4  -4  -5   0  -3   1  -4  -2   3  -5  -4  -3   0   9  -3    0   0   0   0   0   0   0   0   0   0  12   0   0   9   0   0   0   0  79   0  1.69 0.38
   80 A     2  -2   0   2  -2   2   0   1   0  -3  -3  -1  -2  -2  -1   2  -1  -4  -2  -2   29   0   4  14   0  13   4  10   2   0   2   0   0   2   2  19   0   0   0   0  0.29 0.13
   81 C     2   1   0   2   2   2   1  -2  -2  -2  -1   0  -2  -3  -2   0  -1  -4  -3  -1   27   9   3  17   6  12  10   0   0   0   9   2   0   0   0   2   2   0   0   2  0.22 0.11
   82 C    -3  -6  -5  -6  11  -5  -6  -5  -5  -4  -4  -6  -4  -5  -5  -3  -3  -5  -5  -3    0   0   0   0 100   0   0   0   0   0   0   0   0   0   0   0   0   0   0   0  3.14 0.52
   83 C    -3  -6  -5  -6  11  -5  -6  -5  -5  -4  -4  -6  -4  -5  -5  -3  -3  -5  -5  -3    0   0   0   0 100   0   0   0   0   0   0   0   0   0   0   0   0   0   0   0  3.14 0.52
   84 L    -1  -2  -1  -1  -4   3   3   4   1  -4  -2  -1  -2  -3  -3  -1  -2  -3  -1  -3    3   0   0   0   0  19  22  42   4   0   6   0   0   0   0   2   0   0   3   0  0.57 0.19
   85 P    -2   4  -3  -3  -4  -1  -2  -4   3   0  -3   0  -3  -4   6  -2  -2  -5  -3  -3    3  30   0   0   0   2   0   0   9   8   0   3   0   0  46   0   0   0   0   0  1.08 0.25
   86 Y    -1  -3  -4  -5  -4  -3  -4  -4  -1   0   0  -4  -2   4  -4  -3  -3   2   7  -2    5   0   0   0   0   0   0   0   0   5  10   0   0  20   0   0   0   2  57   0  1.12 0.27
   87 H    -3  -3  -2  -3  -4  -2  -2  -4   9   0   2  -3  -2  -2  -4  -3  -3  -4  -1   0    0   0   0   0   0   0   0   0  63   6  22   0   0   0   0   0   0   0   0   8  1.24 0.32
   88 K     2   0   1  -2  -2   1  -1   0  -2  -2   0   1   0  -3  -2   2   1  -3  -2  -1   21   6   6   0   0   6   0   4   0   0  10   8   2   0   0  25  10   0   0   2  0.19 0.10
   89 G    -1  -1   1  -2  -4  -1  -2   6   2  -5  -5  -1  -4  -2  -2  -2  -3  -4  -3  -4    0   3   7   0   0   2   2  72   6   0   0   3   0   2   2   0   0   0   0   0  1.02 0.24
   90 E     1  -1   1   1  -2   1   2  -1   3  -2  -3   0  -2  -3   0   0   2  -3  -2  -2   20   0   5  10   0   7  16   2   9   2   0   3   0   0   3   2  18   0   0   0  0.24 0.10
   91 K     3   1  -2  -2  -3   3   0  -2   2  -3  -2   1  -2  -3   2  -1  -1   1  -2  -2   34   7   0   0   0  17   4   0   6   0   2  11   0   0  12   0   2   3   0   2  0.34 0.15
   92 A     2  -2   0   0   0  -2  -2  -2   0   0   1  -2  -1   1  -1   0   0  -2   0   1   27   0   4   7   2   0   0   0   3   2  15   0   0   9   2   7   6   0   2  14  0.10 0.08
   93 P     4  -3  -3  -3  -3  -3  -3  -2  -3  -3  -3  -2  -3  -4   6  -1  -2  -5  -4  -1   54   0   0   0   0   0   0   0   0   0   0   0   0   0  42   0   0   0   0   4  1.16 0.29
   94 E     1  -2  -2   1  -3   1   1  -2  -2  -2  -2  -1  -2  -4   6  -1   0  -4  -3  -2   17   0   0   8   0   8   9   0   0   2   4   3   0   0  40   0   7   0   0   0  0.69 0.16
   95 T    -1  -2   1   3   3  -1   0  -1  -2  -2  -3   0  -2  -3  -2   1   5  -4  -3  -1    0   0   5  18   7   0   4   3   0   0   1   4   0   0   0   5  48   0   0   4  0.47 0.18
   96 P     4  -3  -3  -3  -3  -3  -3  -2  -4  -4  -4  -2  -3  -5   6  -1  -2  -5  -4  -3   54   0   0   0   0   0   0   0   0   0   0   0   0   0  46   0   0   0   0   0  1.32 0.31
   97 E     0  -2  -2   0  -4   2   6  -2   0  -4  -4  -1   0  -4  -3   0  -1  -4  -3  -2    8   0   0   0   0   8  66   2   2   0   0   0   2   0   0   8   2   0   0   2  0.82 0.25
   98 R     2   1  -2  -2  -2   4   0  -2   1   0  -1   0  -1  -3  -2   1   0  -3  -2  -1   29   6   0   0   0  28   3   0   5   6   6   2   0   0   0   7   7   0   0   2  0.28 0.15
   99 C    -3  -4  -5  -5   2  -4  -5  -5  -5   0   6  -4   1  -1  -5  -4  -3  -3  -3  -1    0   0   0   0   6   0   0   0   0   0  94   0   0   0   0   0   0   0   0   0  1.15 0.30
  100 L    -3  -4  -5  -5  -4  -3  -4  -5  -4  -1   1  -4  10  -2  -5  -4  -3  -4  -3  -1    0   0   0   0   0   0   0   0   0   0   6   0  94   0   0   0   0   0   0   0  2.09 0.48
  101 R    -3   8  -2  -4  -6  -1  -2  -4  -2  -5  -4   0  -3  -5  -4  -3  -3  -5  -4  -5    0 100   0   0   0   0   0   0   0   0   0   0   0   0   0   0   0   0   0   0  1.92 0.42
  102 S     1  -3  -1  -2  -3  -2  -2  -2  -3  -4  -4  -2  -3  -4  -3   6   0  -5  -4  -3    8   0   0   0   0   0   0   0   0   0   0   0   0   0   0  92   0   0   0   0  1.23 0.36
  103 R    -3   8  -2  -4  -6  -1  -2  -4  -2  -5  -4   0  -3  -5  -4  -3  -3  -5  -4  -5    0 100   0   0   0   0   0   0   0   0   0   0   0   0   0   0   0   0   0   0  1.92 0.42
  104 Y    -4  -4  -4  -5  -5  -4  -4  -5   0  -3  -3  -4  -3   3  -5  -4  -4   0   9  -3    0   0   0   0   0   0   0   0   0   0   0   0   0  10   0   0   0   0  90   0  2.12 0.43
  105 S     0  -3  -1  -2   6  -2  -2  -2  -3  -3  -3  -2  -3  -4  -3   5   3  -4  -3  -2    5   0   0   0  22   0   0   0   0   0   0   0   0   0   0  54  19   0   0   0  0.86 0.27
  106 S     6  -3  -3  -3  -2  -2  -3  -1  -3  -3  -3  -2  -3  -4  -3   1  -2  -4  -4  -2   94   0   0   0   0   0   0   0   0   0   0   0   0   0   0   6   0   0   0   0  1.19 0.34
  107 Y    -4  -4  -4  -5  -4  -3  -4  -5   4  -3  -2  -4  -2   6  -5  -4  -4   0   7  -3    0   0   0   0   0   0   0   0   9   0   0   0   0  37   0   0   0   0  53   0  1.51 0.34
  108 A     2  -4  -4  -4  -2  -3  -3  -4  -4   1  -1  -3  -1  -3  -3  -2   0  -4  -3   6   22   0   0   0   0   0   0   0   0   3   0   0   0   0   0   0   3   0   0  72  0.79 0.26
  109 Y    -1   1  -3  -3  -3   0  -1  -4  -2   1   3   1   3  -1  -3  -2  -1  -2   1   0    3  11   0   0   0   4   2   0   0   4  46  10   9   0   0   0   2   0   6   3  0.29 0.14
  110 R     0   2  -1   0  -4   1   0   3   3  -4  -4   3  -3  -4  -3  -1  -2  -4  -2  -4    6  12   0   4   0   7   2  27  12   0   0  30   0   0   0   0   0   0   0   0  0.49 0.16
  111 L    -3   0   5   4  -4   0   1  -3  -2  -2   1  -1  -2  -3  -3  -1  -2  -4  -3  -3    0   6  36  28   0   2   6   0   0   0  22   0   0   0   0   0   0   0   0   0  0.57 0.20
  112 P     2  -2  -3  -3  -2  -2  -1  -1  -3   2   0  -2   0   1   1  -1   0  -3  -2   2   25   2   0   0   0   0   4   3   0  14   4   0   2   7   6   3   6   0   0  27  0.17 0.10
  113 H    -1  -3   0   6  -4   0   1  -1   2  -5  -5  -2  -4  -5   0  -1  -2  -5  -4  -4    7   0   0  69   0   3   5   3   6   0   0   0   0   0   5   3   0   0   0   0  1.03 0.26
  114 Y    -4  -4  -4  -5  -5  -3  -4  -5   2  -3  -3  -4  -3   2  -5  -4  -4   3   9  -3    0   0   0   0   0   0   0   0   4   0   0   0   0   3   0   0   0   4  89   0  2.07 0.43
  115 I    -2  -4  -5  -5  -2  -4  -4  -5  -4   3   5  -4   1  -1  -4  -4  -2  -3  -2   2    0   0   0   0   0   0   0   0   0  20  65   0   0   0   0   0   0   0   0  15  0.78 0.22
  116 I    -2   1  -4  -4  -2  -3  -4  -5   0   5   2  -3   0  -1  -4  -3  -2  -4  -2   3    0   9   0   0   0   0   0   0   3  46  24   0   0   0   0   0   0   0   0  18  0.54 0.18
  117 E     3   1   0   1  -3   2   1  -1  -2  -3  -3   2  -2  -4  -2   0  -1  -4  -3  -1   33   8   2  10   0  12   9   1   0   0   0  20   0   0   0   0   2   0   0   3  0.33 0.14
  118 T    -2  -3  -2  -3  -3  -2  -3  -3  -3  -3  -3  -2  -3  -4  -3   2   7  -4  -4  -2    0   0   0   0   0   0   0   0   0   0   0   0   0   0   0  10  90   0   0   0  1.35 0.37
  119 T    -4  -4  -4  -5  -4  -3  -4  -4   2  -4  -4  -4  -3  -1  -5  -3   3  11   3  -4    0   0   0   0   0   0   0   0   7   0   0   0   0   0   0   0  27  59   8   0  2.15 0.41
  120 D    -3  -2  -1   2  -4  -2  -2  -4   9  -3   0  -3  -3  -3  -4  -3  -3  -4  -1   0    0   0   0  11   0   0   0   0  71   0  10   0   0   0   0   0   0   0   0   8  1.47 0.36
  121 K     1  -3  -3  -3  -4  -3  -3  -3  -4  -4  -4   0  -4  -5   8  -1  -2  -5  -4  -4   12   0   0   0   0   0   0   0   0   0   0   6   0   0  78   2   0   0   0   0  1.92 0.34
  122 S     1   0   0   3  -2  -1   0  -1  -2  -3  -3  -1  -2  -3  -2   4   0  -3  -3  -2   14   4   3  17   0   0   3   3   0   0   1   1   0   0   1  47   2   0   0   2  0.42 0.16
  123 N    -2  -2   1  -2   7   3  -1  -3   1  -2  -2  -2  -2  -1  -3  -1   3  -3  -1  -2    1   0   6   1  29  20   1   1   3   0   3   1   0   2   1   1  27   0   2   1  0.59 0.19
  124 K    -2   4  -1  -2   2   4   0  -1   2  -3  -1   1  -1  -3  -2  -1  -2  -3  -2  -2    1  30   1   1   6  30   1   5   6   1   6   7   0   1   1   1   1   0   1   1  0.44 0.14
  125 D     1  -1   0   1  -2  -1   0  -1  -1  -2  -2  -1  -2  -2   5   0   0  -2  -2  -1   14   2   4  12   1   2   4   3   1   2   3   2   1   1  34   3   7   0   1   2  0.49 0.08
  126 W     1  -1  -1  -1  -1  -1  -1   2  -1  -1   0  -1  -1  -1   0   0   0   3  -1  -1   21   3   2   3   1   2   3  18   1   3  12   3   1   2   5   6   3   6   2   3  0.11 0.03
  127 R     0   2   0   0  -1   1   1  -1   0  -1   0   0   0  -1  -1   0   0  -1  -1  -1    8  19   2   3   1   5  15   4   3   3  16   3   1   2   3   4   3   1   2   3  0.08 0.02
  128 T     0  -1   0   0  -1   0   1  -1   0   0   0   0   0  -1   1   0   1  -1  -1   0    9   3   4   4   1   4  12   4   3   5  14   3   1   2   7   6  13   1   2   5  0.05 0.01
  129 D     0  -1   1   2  -1   1   1   0  -1  -1  -1   0  -1  -1   1   0   0  -1  -1   0   10   3   6  17   1   7   9   8   1   3   5   3   1   2   6   5   3   1   2   8  0.09 0.02
  130 K     1   1  -1  -1  -1   0   0  -1  -1   0   0   1   0   0   0   0   0  -1  -1   0   19  10   2   3   1   2   3   4   1   9   8   9   4   6   5   4   6   1   2   3  0.03 0.01
  131 V     1  -1  -1   0  -1   1   2   0  -1  -1  -1   0  -1  -2   1   0   0  -2  -1   1   19   2   2   6   1   6  17   5   1   2   4   2   1   2   7   4   4   1   1  13  0.10 0.03
  132 K     0   0   0   1  -2   1   0   0  -1  -2  -2   1  -1  -2   3   0   0  -2  -1  -1   10   2   5   9   1   8   5   8   1   2   4  14   1   2  14   5   5   1   1   3  0.17 0.03
  133 W    -1  -1   0  -1  -1  -1  -1   0  -1   0   0  -1  -1   2  -1  -1  -1   8   0  -1    6   2   6   2   1   2   3   7   1   7   9   3   1  12   2   3   3  27   1   3  0.47 0.08
  134 A     2   2  -1   1  -1   0   0  -1  -1  -1  -1   0  -1  -2  -1   1   0  -2  -1  -1   29  19   1   7   1   1   5   2   1   2   5   2   1   1   2  11   5   0   1   4  0.15 0.06
  135 N     2  -1   1   1  -2   1   1   0  -1  -1   0   0  -1  -2  -1   0   0  -2  -2  -1   28   1   9   8   0   5  10   4   0   1  14   6   0   1   1   5   3   0   1   1  0.11 0.06
  136 E     1  -1   1   3  -2   2   2  -1  -1  -2  -2   0  -2  -3  -1   1   0  -2  -2  -2   10   1   4  18   0  11  19   3   0   1   2   4   1   1   1  15   4   0   1   1  0.26 0.07
  137 L    -1  -2  -2  -1  -2  -2  -1  -1  -2   2   3  -2   1   0  -2   0  -1   1  -1   0    2   1   1   4   0   1   4   6   0  14  40   1   3   4   1  10   1   2   1   3  0.14 0.07
  138 N     0   2   1   0  -2   0   1  -1   0   0   0   0  -1  -2  -1   0   1  -2  -1  -1    5  16   9   3   0   1  11   4   2   7  14   3   0   1   1   6  11   0   1   3  0.07 0.04
  139 K     0   1   0   2  -2   2   2  -2  -1  -1   0   1  -1  -2   0   0  -1  -2  -2  -1   10   7   3  12   0  14  16   1   0   5  11   9   0   1   3   4   1   0   1   1  0.15 0.06
  140 D     0  -1   0   4  -2   1   2   1  -1  -3  -3  -1  -2  -3  -1   1   0  -3  -2  -2    6   1   1  34   0   7  13  10   0   1   2   1   0   1   1  15   3   0   1   1  0.38 0.11
  141 F    -2  -2  -3  -2   1  -2   0  -3  -2   1   1  -2  -1   4  -3  -2  -2   7   1   0    1   1   1   1   4   1   9   1   0  11  13   1   0  29   1   1   1  17   1   4  0.47 0.13
  142 Y     1   0  -1   0   1   1  -1   0  -1   0  -1   0  -1  -1   0   1  -1  -1   2  -1   14   4   1   5   5   9   1   6   0  10   4   8   0   1   3  14   1   0  12   3  0.06 0.05
  143 D     0   1   2   2  -2   2   1   0   0  -2  -2   0  -2  -2   0   0  -1  -2   0  -2   10   6  16  14   0  12   8   6   2   1   2   6   0   1   5   3   1   0   3   3  0.18 0.05
  144 G     0   0   0   1  -2  -1  -1   3  -1  -2  -2   0  -2  -2  -1   1   2  -2  -2  -2    4   6   4   8   1   1   2  29   1   2   3   4   1   1   2  12  17   0   1   2  0.22 0.06
  145 F    -1   0  -1  -1  -2   1   0  -2  -1  -1  -1  -1  -1   2   3   0   2  -1   0   0    2   4   1   2   1  10   6   2   1   2   3   2   1  16  14   7  18   0   1   9  0.16 0.06
  146 T     0  -1   0  -1  -2   0  -1   0   2  -2  -2  -1  -1  -1  -1   0   3   7   0  -1   11   3   4   2   1   4   2   6   8   1   3   4   1   1   1   5  25  17   1   2  0.33 0.09
  147 F    -1  -2   0  -2  -2  -1  -2  -2   1  -1   1  -2   1   1   1   0   1   7   0  -1    2   1   5   1   1   1   2   2   6   1  17   2   4   7   8   5  11  20   1   4  0.33 0.09
  148 I    -1   2   0  -1  -1   0   0  -1   1   0   1   0   0  -1  -1   0   2  -2  -1   0    3  14   6   2   1   2   6   3   4   7  14   4   1   1   2   3  20   0   1   7  0.06 0.04
  149 D    -1  -1  -1   1  -2   0   0  -1  -1  -2  -1  -1  -1   0  -1  -1  -1   9   0  -2    4   4   2   8   1   4   6   4   1   2   4   3   1   2   2   3   3  40   2   3  0.87 0.11
  150 G    -1   0  -1  -1  -1   0   0   0   0   0   2  -1   0   0  -1  -1   0   4  -1   0    3   5   2   2   1   4   6   9   3   4  34   2   1   2   2   3   6   7   1   3  0.09 0.04
  151 G     0  -1  -2  -1  -3  -3  -3   6  -3  -4  -4  -2  -3  -4  -3  -1  -3  -3  -4  -4    3   4   0   3   0   0   1  83   0   1   1   1   0   0   1   1   1   0   0   1  1.26 0.25
  152 L    -3  -4  -5  -5  -3  -4  -5  -6  -5   0   6  -4   1  -1  -5  -4  -3  -3  -3  -1    0   0   0   0   0   0   0   0   0   0 100   0   0   0   0   0   0   0   0   0  1.27 0.32
  153 E    -1   0   0   3  -4   1   4  -3   0  -4  -4  -1  -3  -4  -2   0   3  -4  -3  -3    3   5   4  14   0   4  43   0   2   0   0   0   0   0   0   2  24   0   0   0  0.59 0.20
  154 I    -2  -4  -5  -5  -2  -4  -4  -5  -5   5   0  -4   0  -2  -4  -3  -2  -4  -3   5    0   0   0   0   0   0   0   0   0  43   2   0   0   0   0   0   0   0   0  55  0.95 0.26
  155 G    -1   0  -2  -2  -2   1   1   0   0   2   2  -1   0   1  -2  -2  -1  -2   0   1    1   5   0   0   0   8  11   8   3  14  27   2   0   8   0   1   1   0   2  10  0.09 0.06
  156 A     2   2   0   0  -3   1   2  -2  -1  -3  -3   2  -2  -4  -2   2   0  -4  -3  -2   21  14   3   2   0   5  15   0   0   0   0  14   0   0   0  21   6   0   0   0  0.33 0.13
  157 A     3  -1  -1  -2   2   0   0  -2   4  -3  -3  -2  -2  -3  -2   1   3  -4  -2  -2   34   2   0   0   5   2   6   0  16   0   0   0   0   0   0   7  29   0   0   0  0.46 0.19
  158 E     0   0   1   1  -1   2   4  -2   2  -2  -2   0  -1  -3  -2   1   0  -3  -2  -2    8   4   5   6   2   8  36   0   7   2   2   2   2   0   0   8   6   0   0   0  0.34 0.12
  159 P     1  -1  -2   0  -2   0   0   1  -2   0  -1  -1   0  -2   3  -1  -1   2  -2   1   14   2   0   4   0   4   9  15   0   2   6   2   3   0  14   2   2   3   0  17  0.16 0.07
  160 G     0  -1   0   0  -3   2  -1   5  -2  -4  -3  -1  -3  -4  -3   1   1  -4  -3  -3    3   2   2   4   0  11   3  50   0   0   2   0   0   0   0  11  11   0   0   0  0.57 0.16
  161 A     1   0  -1   0  -2   2   0   3   0  -2  -1   0  -1  -3  -1   1   1  -3  -2  -1   12   4   0   3   0  12   6  24   2   0   9   4   0   0   2   8  10   0   0   2  0.18 0.08
  162 I     0   0   1   2  -2   2   0  -1   2   0  -2   0  -1   1  -2   0   1  -2  -1  -1    5   3   5  18   0  13   4   2   9   8   1   2   0   9   0   6  10   0   0   4  0.14 0.07
  163 E     1  -2  -1   3  -3   0   2  -2   1  -4  -4   1  -3  -4   5   0  -2  -4  -3  -3   11   0   0  22   0   2  12   2   4   0   0   8   0   0  33   5   0   0   0   0  0.68 0.16
  164 S     0  -2   3   3  -3  -1   2  -1  -1  -2  -3   0  -2  -4  -2   1   2  -4  -3  -2    5   0  19  23   0   0  13   2   0   3   0   4   0   0   0  10  19   0   0   0  0.40 0.14
  165 E    -1   0  -1  -1  -4   1   4  -1   6  -3  -3  -1  -3  -3  -3   0   2  -4  -2  -3    4   3   0   0   0   3  37   4  26   2   0   0   0   0   0   3  17   0   0   0  0.59 0.20
  166 A     4  -3  -2  -3  -3  -2  -2   5  -3  -4  -4  -2  -3  -4  -3   1  -2  -4  -4  -3   41   0   0   0   0   0   0  48   0   0   0   0   0   0   0   9   0   0   0   0  0.83 0.22
  167 Y    -1   1  -1  -2  -3   0   1  -3  -1  -2  -2  -1  -2   5  -3  -1   2  -1   4  -1    3   8   3   0   0   3  13   0   0   0   0   3   0  30   0   0  16   0  20   2  0.41 0.16
  168 V    -1  -4  -5  -5  -3  -4  -4  -5  -5   1  -1  -4  -1  -3  -4  -3  -2  -5  -3   7    2   0   0   0   0   0   0   0   0   0   0   0   0   0   0   0   0   0   0  98  1.31 0.36
  169 T    -2  -2  -1  -1  -3   0   5  -3   1  -3  -3   0  -3  -4  -2   1   4  -4  -3  -1    0   0   0   0   0   0  47   0   3   0   0   5   0   0   0   9  31   0   0   5  0.64 0.23
  170 F    -4  -5  -5  -6  -5  -5  -5  -5  -3  -2  -2  -5  -2   9  -6  -5  -4  -1   1  -3    0   0   0   0   0   0   0   0   0   0   0   0   0 100   0   0   0   0   0   0  2.15 0.43
  171 T     0   0   1  -2  -2   0  -1  -3  -2   1   0   1  -1  -1  -2   0   2  -3  -2   2    4   4   7   0   0   5   0   0   0  10   7  15   0   2   0   4  17   0   0  24  0.14 0.10
  172 V     6  -3  -3  -4  -2  -3  -3  -2  -3  -3  -3  -3  -3  -4  -3  -1  -2  -4  -4   0   94   0   0   0   0   0   0   0   0   0   0   0   0   0   0   0   0   0   0   6  1.16 0.34
  173 K    -2   5  -2  -2   1   0  -1  -3  -1  -3  -2   1  -2   1  -3   0  -2   4  -1  -3    1  53   1   1   5   3   1   1   0   1   4   6   0   8   1   7   1   7   0   1  0.59 0.17
  174 M    -2  -2  -3  -3   0  -1  -2  -3  -1  -2  -1  -2   2   5  -3  -2  -2   6   6  -2    1   1   1   1   2   3   1   1   0   1   2   1   9  28   1   3   1  10  32   1  0.72 0.17
  175 L    -1   2   0  -1  -2   0  -1  -2   3   0   0   2  -1  -1  -1   0   0  -2   0  -1    4  12   3   1   0   1   1   2  11   9  10  23   1   1   1   7   5   0   3   3  0.12 0.06
  176 P    -1  -1   0   3  -2   0   2   1  -1   0  -1  -1  -1  -2   1   0  -1  -2  -2  -1    2   1   1  27   1   4  13  11   1   6   7   2   1   1   7   6   2   0   1   6  0.19 0.06
  177 K     1   0   0  -1  -2   1   0   2  -1  -1  -1   1  -1  -2   1   0   0  -2  -2  -1   12   3   6   2   1   9   4  19   1   4   7  13   1   1   6   4   6   0   1   2  0.12 0.03
  178 V     0  -1   2   2  -1   0   0   2  -1   0  -1   0  -1  -2  -1   0   0  -2  -1   0    6   2  14  13   1   3   4  17   1   4   4   4   1   2   2   3   4   1   1  13  0.10 0.03
  179 G     0   0   0   0  -1   0   0   3  -1  -2  -2   0  -1  -2  -1   1  -1  -1  -1  -1    6   4   4   4   1   4   8  35   1   2   4   3   1   2   2  10   3   1   1   3  0.22 0.04
  180 E     0   0   0   1  -1   1   2   1  -1  -1  -1   0  -1  -1   0   1   0  -1  -1  -1    8   5   2   9   1   7  15  11   1   5   4   5   1   2   4  10   5   1   1   3  0.10 0.02
  181 D     0   1   0   2  -1   2   0  -1   3  -1  -1   0  -1  -1  -1   0  -1  -1   0  -1   11  11   2  15   1  11   3   4  13   3   5   3   1   2   3   4   3   1   2   3  0.13 0.03
  182 I     1   0   0  -1  -1   0   0  -1  -1   1   0   0   0  -1   0   0   1  -1  -1   1   11   5   3   3   1   6   4   4   1  11   5   6   1   2   3   9   9   1   2  13  0.03 0.01
  183 N    -1   1   1   0  -1   1   0  -1   5  -1  -1   0  -1  -1   0   0   0   1   0  -1    5  10   8   3   1   5   4   4  23   3   5   3   1   2   3   4   5   3   2   4  0.15 0.03
  184 A     0   1   0   0  -1   0   0   0   0   0   0   0   0   1   0   0   0   0   1   0   11   9   3   4   1   3   5   5   2   7   7   4   2   6   4   7   4   1   9   5  0.02 0.00
  185 L     0  -1  -1  -1   1   0   0  -1  -1   0   1  -1   0   2   0   0   0   0   0   0    5   3   3   4   3   3   6   5   1   3  24   4   2  13   4   5   4   1   2   4  0.02 0.01
  186 Q     0   1   1   1  -1   1   1   0   1  -1  -1   0   0  -1   0   0   0  -1   0  -1    6   8   6   9   1  12   7   5   4   4   7   4   2   3   4   5   6   1   2   5  0.06 0.01
  187 A     0   1   0   0  -1   1   1   0   0  -1  -1   0   0  -1   0   0   0  -1  -1  -1   11   9   3   6   1   8  11   8   2   4   6   4   6   3   4   5   4   1   2   4  0.05 0.01
  188 E     0   0   1   1  -1   1   2   0   0  -1  -1   0  -1  -1   0   1   0  -1  -1  -1    9   3   7   8   1   5  15   7   3   3   5   3   1   2   3  10   6   1   2   4  0.08 0.01
  189 P     0   0   0   0  -1   0   0   3  -1  -1  -1   0  -1  -1   1   0   0  -1  -1  -1    4   5   2   5   1   4   6  29   1   3   8   5   1   2   8   4   5   1   2   3  0.15 0.02
  190 T     0   2   0   0   1   1   1  -1   0  -1  -1   2  -1  -1   0   0   0  -1  -1  -1    7  17   2   3   4   8   9   4   1   3   4  15   1   2   3   4   9   1   2   3  0.12 0.03
  191 P     0   1   0   0  -1   0   0  -1  -1   0  -1   0  -1  -1   3   0   1  -1  -1   0   11   9   5   5   1   4   6   3   1   6   4   5   1   2  15   3  10   1   1   8  0.12 0.02
  192 M     0  -1   0   0  -1   1   1   2   1  -1  -1   0   1   0  -1   0   0  -1   1  -1    4   2   2   6   1   9   9  18   4   2   4   3   7   5   2   7   7   1   6   3  0.07 0.02
  193 V     2   0   0  -1   3  -1  -1  -1  -1   0  -1  -1  -1   0  -1   0   0  -2  -1   1   29   8   4   2   8   1   2   3   1   2   5   2   1   6   2   4   2   0   1  17  0.09 0.05
  194 F    -1  -2  -2  -2  -2   0  -2  -2   0   3   2  -2   4   1  -2  -2  -1  -2  -1   0    2   1   1   1   0   6   2   2   3  21  22   1  22   7   1   2   2   0   1   2  0.22 0.09
  195 S    -2   2   0  -2  -4   1   1  -3   7   0  -3   0  -2  -2  -3   0   0  -3   2  -2    0  15   2   0   0   5   8   0  37   9   0   2   0   0   0   8   7   0   7   0  0.56 0.20
  196 E    -3  -2  -2   0  -6   0   7  -4  -2  -5  -5  -1  -4  -5  -3  -2  -3  -5  -4  -5    0   0   0   0   0   0 100   0   0   0   0   0   0   0   0   0   0   0   0   0  1.74 0.41
  197 K    -3   6   0   0  -1   0  -1  -4   2  -2  -1   1  -2  -4  -3  -2  -1  -4  -3  -3    0  66   2   5   2   2   0   0   5   2   7   6   0   0   0   0   4   0   0   0  0.84 0.25
  198 S     0  -3  -1  -2  -3  -2  -2  -2  -3  -4  -4  -2  -3  -4  -3   7   0  -5  -4  -4    3   0   0   0   0   0   0   0   0   0   0   0   0   0   0  97   0   0   0   0  1.34 0.39
  199 K    -1   6  -2  -2  -4   0   1  -2  -2  -2  -1   1  -2  -4  -3   0   0  -4  -3  -3    4  62   0   0   0   0  10   2   0   3   5   6   0   0   0   5   5   0   0   0  0.74 0.23
  200 F    -4  -5  -5  -6  -5  -5  -5  -5  -3  -2  -2  -5  -2   9  -6  -5  -4  -1   1  -3    0   0   0   0   0   0   0   0   0   0   0   0   0 100   0   0   0   0   0   0  2.15 0.43
  201 V    -2   0  -4  -4  -2  -3  -2  -4  -4   2   2  -3   0  -2  -4  -3  -2  -4  -2   5    0   8   0   0   0   0   4   0   0   9  25   0   0   0   0   0   0   0   0  54  0.54 0.20
  202 R    -2   5   0  -2  -4   3  -1  -3   0  -4  -2   4  -2   1  -3  -2  -2  -3  -2  -3    0  38   2   0   0  15   0   0   2   0   2  33   0   8   0   0   0   0   0   0  0.71 0.22
  203 N    -2  -1   1  -1  -3   1   4  -3   1   2   0  -1   0  -2  -2  -1  -1  -3  -2   0    0   2   9   0   0   7  38   0   4  20   7   0   3   0   0   0   0   0   0   8  0.30 0.14
  204 S     0  -1   3   4  -3  -1   1   0  -1  -3  -3   0  -3  -3  -1   1  -1  -3  -3  -3   10   1  22  34   0   1   5   5   0   1   1   4   0   1   3  12   1   0   0   1  0.44 0.12
  205 R     0   2   0   0  -2   3   2  -1   2  -1  -1   0  -1  -1  -1   0  -1  -1  -1  -1    6  12   2   3   1  24  14   4   5   3   5   3   1   2   3   4   3   1   2   3  0.19 0.04
  206 G     0  -2   1   1  -3  -2  -2   5  -2  -3  -3  -2  -3  -3  -2   0  -2  -3  -3  -3    3   1   8   9   0   1   1  61   0   1   2   1   0   1   1   5   1   0   1   1  0.74 0.15
  207 I     0   6  -2  -3   2   2  -1  -3   3  -1  -1   0  -2  -3  -3  -2  -2  -4  -2  -3   11  54   0   0   6   9   0   0  10   6   4   0   0   0   0   0   0   0   0   0  0.67 0.23
  208 W    -5  -5  -7  -7  -5  -5  -6  -5  -5  -5  -4  -6  -4  -2  -6  -5  -5  13   0  -6    0   0   0   0   0   0   0   0   0   0   0   0   0   0   0   0   0 100   0   0  4.15 0.61
  209 M    -3  -4  -4  -5  -4  -3  -4  -5  -1  -2   0  -4   2   4  -5  -3  -3   0   8   1    0   0   0   0   0   0   0   0   0   0   5   0   6  15   0   0   0   0  63  11  1.24 0.31
  210 Y    -4  -4  -4  -5  -4  -4  -4  -5   0  -3  -3  -4  -3   5  -5  -4  -4   0   9  -3    0   0   0   0   0   0   0   0   0   0   0   0   0  21   0   0   0   0  79   0  1.93 0.40
  211 A     0  -3  -3  -4  -2  -3  -3  -4  -4   4   1  -3   0  -2  -3  -1   1  -4  -2   3    7   0   0   0   0   0   0   0   0  41  11   0   0   0   0   5  10   0   0  25  0.45 0.16
  212 D    -3  -3   0   7  -5   0   0  -3  -3  -5  -3  -1  -4  -5  -3  -1  -1  -6  -5  -5    0   0   0  86   0   5   0   0   0   0   3   2   0   0   0   2   3   0   0   0  1.50 0.34
  213 G     0  -4  -2  -3  -4  -3  -3   6  -4  -5  -5  -3  -4  -5   3   0  -3  -4  -4  -4    5   0   0   0   0   0   0  76   0   0   0   0   0   0  14   4   0   0   0   0  1.29 0.27
  214 E    -1   1  -1   3  -3  -1   2  -2  -2  -2  -2  -1  -2  -3  -2   0   4  -3  -3  -1    4   9   0  19   0   0  17   0   0   0   3   0   0   0   0   0  42   0   0   3  0.42 0.15
  215 L    -2   1  -3  -4  -2  -2  -3  -4  -3   2   1   0   1   3  -3  -2  -1  -2  -1   4    0  12   0   0   0   0   0   0   0   6  11   6   3  18   0   0   0   0   0  44  0.33 0.13
  216 S     1  -1  -1   0  -3   1   1  -1   1  -3  -3  -1  -3  -4   6   1   0  -4  -3  -3   10   3   0   4   0   6   8   2   4   0   0   0   0   0  40  16   7   0   0   0  0.70 0.12
  217 T    -1  -2  -2  -2  -2   0   2  -3  -2   1   3  -1   0  -1   2  -1   1  -3  -2   0    0   0   0   0   0   4  19   0   0  11  39   0   0   0  10   0  14   0   0   3  0.23 0.08
  218 K    -1   0   0   0  -4   1   1  -2  -2  -4  -3   4  -2  -4   5  -1  -1  -4  -3  -3    0   0   3   5   0   6   9   0   0   0   0  45   0   0  32   0   0   0   0   0  0.74 0.12
  219 T     1  -1   1  -1  -2   1   1   0  -2   1   0  -1  -1  -2  -2   0   2  -3  -2   1   12   0  11   0   0   8  11   6   0   7   7   0   0   0   0   0  23   0   0  16  0.11 0.04
  220 L    -1  -2  -1  -2  -3   0  -2   5  -2   0   0  -2   2  -2   0   0  -1  -3  -3  -1    0   0   0   0   0   6   0  53   0   6  11   0  12   0   5   6   0   0   0   0  0.43 0.07
  221 D    -2   5  -1   1  -4   1   2  -3  -1  -4  -3   3  -2  -4  -2  -1  -2  -4  -3  -3    0  53   0  11   0   0  11   0   0   0   0  25   0   0   0   0   0   0   0   0  0.65 0.10
  222 K    -2   0   5   0  -4   3   0  -2   2  -4  -4   1  -2  -4  -2   0  -1  -4  -2  -3    0   0  57   0   0  25   0   0   6   0   0  11   0   0   0   0   0   0   0   0  0.66 0.11
  223 V    -2  -2   0   6  -4  -1   2  -2  -2  -2  -3  -1  -3  -4  -2  -1  -1  -5  -3   0    0   0   0  76   0   0  10   0   0   0   0   0   0   0   0   0   0   0   0  14  0.78 0.08
  224 M     0  -3  -3  -2  -3  -2  -2  -3  -3  -2  -2  -2   2  -3   8  -1  -1  -4  -3  -2    6   0   0   0   0   0   0   0   0   0   0   0  14   0  80   0   0   0   0   0  1.61 0.10
  225 E    -1   4  -1  -1   6   1   2  -3  -1  -3  -2   1  -2  -3  -2  -1  -1  -3  -2  -2    0  40   0   0  29   0  31   0   0   0   0   0   0   0   0   0   0   0   0   0  0.45 0.01
  226 L    -2  -2  -4  -4  -1  -2  -3  -4  -3   2   4  -3   2   0  -3  -3  -1  -2  -1   1    0   0   0   0   0   0   0   0   0   0 100   0   0   0   0   0   0   0   0   0  0.48 0.01
  227 S     0  -1   4   0   6  -1  -1  -1  -1  -3  -3  -1  -2  -3  -2   2   0  -3  -2  -2    0   0  40   0  29   0   0   0   0   0   0   0   0   0   0  31   0   0   0   0  0.43 0.01
  228 D    -1   0   0   3  -3   3   1   3  -1  -3  -3   0  -2  -4  -2   0  -1  -3  -3  -3    0   0   0  31   0  40   0  29   0   0   0   0   0   0   0   0   0   0   0   0  0.46 0.01
  229 S     1  -1   1   0  -1   0   0   0  -1  -3  -3   0  -2  -3  -1   4   1  -3  -2  -2    0   0   0   0   0   0   0   0   0   0   0   0   0   0   0 100   0   0   0   0  0.49 0.02
  230 L    -1  -3  -3  -4  -1  -3  -3  -4  -3   3   3  -3   2   0  -3  -2  -1  -2  -1   3    0   0   0   0   0   0   0   0   0  29  43   0   0   0   0   0   0   0   0  28  0.33 0.00
  231 S     1  -1   1   0  -1   0   0   0  -1  -3  -3   0  -2  -3  -1   4   1  -3  -2  -2    0   0   0   0   0   0   0   0   0   0   0   0   0   0   0 100   0   0   0   0  0.46 0.01
  232 N     0  -1   4   1  -2   0   0   0   0  -3  -3   0  -2  -3  -1   3   1  -3  -2  -2    0   0  43   0   0   0   0   0   0   0   0   0   0   0   0  57   0   0   0   0  0.44 0.00
  233 L    -2  -2  -4  -4  -1  -2  -3  -4  -3   2   4  -3   2   0  -3  -3  -1  -2  -1   1    0   0   0   0   0   0   0   0   0   0 100   0   0   0   0   0   0   0   0   0  0.46 0.00
  234 L    -1  -2  -3  -4  -1  -2  -3  -4  -3   2   4  -2   2   0  -3  -2  -1  -2  -1   1    0   0   0   0   0   0   0   0   0   0   0   0   0   0   0   0   0   0   0   0  0.00     0.00
  235 E    -1   0   0   2  -4   2   5  -2   0  -3  -3   1  -2  -3  -1   0  -1  -3  -2  -2    0   0   0   0   0   0   0   0   0   0   0   0   0   0   0   0   0   0   0   0  0.00     0.00
  236 M    -1  -1  -2  -3  -1   0  -2  -3  -2   1   2  -1   5   0  -2  -1  -1  -1  -1   1    0   0   0   0   0   0   0   0   0   0   0   0   0   0   0   0   0   0   0   0  0.00     0.00
  237 D    -2  -2   1   6  -3   0   2  -1  -1  -3  -4  -1  -3  -3  -1   0  -1  -4  -3  -3    0   0   0   0   0   0   0   0   0   0   0   0   0   0   0   0   0   0   0   0  0.00     0.00
  238 R    -1   5   0  -2  -3   1   0  -2   0  -3  -2   2  -1  -3  -2  -1  -1  -3  -2  -2    0   0   0   0   0   0   0   0   0   0   0   0   0   0   0   0   0   0   0   0  0.00     0.00
  239 G     0  -2   0  -1  -2  -2  -2   6  -2  -4  -4  -2  -3  -3  -2   0  -2  -2  -3  -3    0   0   0   0   0   0   0   0   0   0   0   0   0   0   0   0   0   0   0   0  0.00     0.00
  240 E    -1   0   0   2  -4   2   5  -2   0  -3  -3   1  -2  -3  -1   0  -1  -3  -2  -2    0   0   0   0   0   0   0   0   0   0   0   0   0   0   0   0   0   0   0   0  0.00     0.00
  241 R    -1   5   0  -2  -3   1   0  -2   0  -3  -2   2  -1  -3  -2  -1  -1  -3  -2  -2    0   0   0   0   0   0   0   0   0   0   0   0   0   0   0   0   0   0   0   0  0.00     0.00
  242 L    -1  -2  -3  -4  -1  -2  -3  -4  -3   2   4  -2   2   0  -3  -2  -1  -2  -1   1    0   0   0   0   0   0   0   0   0   0   0   0   0   0   0   0   0   0   0   0  0.00     0.00
  243 D    -2  -2   1   6  -3   0   2  -1  -1  -3  -4  -1  -3  -3  -1   0  -1  -4  -3  -3    0   0   0   0   0   0   0   0   0   0   0   0   0   0   0   0   0   0   0   0  0.00     0.00
  244 S     1  -1   1   0  -1   0   0   0  -1  -2  -2   0  -1  -2  -1   4   1  -3  -2  -2    0   0   0   0   0   0   0   0   0   0   0   0   0   0   0   0   0   0   0   0  0.00     0.00
  245 I    -1  -3  -3  -3  -1  -3  -3  -4  -3   4   2  -3   1   0  -3  -2  -1  -3  -1   3    0   0   0   0   0   0   0   0   0   0   0   0   0   0   0   0   0   0   0   0  0.00     0.00
  246 F    -2  -3  -3  -3  -2  -3  -3  -3  -1   0   0  -3   0   6  -4  -2  -2   1   3  -1    0   0   0   0   0   0   0   0   0   0   0   0   0   0   0   0   0   0   0   0  0.00     0.00
  247 S     1  -1   1   0  -1   0   0   0  -1  -2  -2   0  -1  -2  -1   4   1  -3  -2  -2    0   0   0   0   0   0   0   0   0   0   0   0   0   0   0   0   0   0   0   0  0.00     0.00
  248 A     4  -1  -2  -2   0  -1  -1   0  -2  -1  -1  -1  -1  -2  -1   1   0  -3  -2   0    0   0   0   0   0   0   0   0   0   0   0   0   0   0   0   0   0   0   0   0  0.00     0.00
  249 D    -2  -2   1   6  -3   0   2  -1  -1  -3  -4  -1  -3  -3  -1   0  -1  -4  -3  -3    0   0   0   0   0   0   0   0   0   0   0   0   0   0   0   0   0   0   0   0  0.00     0.00
  250 G     0  -2   0  -1  -2  -2  -2   6  -2  -4  -4  -2  -3  -3  -2   0  -2  -2  -3  -3    0   0   0   0   0   0   0   0   0   0   0   0   0   0   0   0   0   0   0   0  0.00     0.00
  251 D    -2  -2   1   6  -3   0   2  -1  -1  -3  -4  -1  -3  -3  -1   0  -1  -4  -3  -3    0   0   0   0   0   0   0   0   0   0   0   0   0   0   0   0   0   0   0   0  0.00     0.00
  252 L    -1  -2  -3  -4  -1  -2  -3  -4  -3   2   4  -2   2   0  -3  -2  -1  -2  -1   1    0   0   0   0   0   0   0   0   0   0   0   0   0   0   0   0   0   0   0   0  0.00     0.00
  253 K    -1   2   0  -1  -3   1   1  -2  -1  -3  -2   4  -1  -3  -1   0  -1  -3  -2  -2    0   0   0   0   0   0   0   0   0   0   0   0   0   0   0   0   0   0   0   0  0.00     0.00
  254 K    -1   2   0  -1  -3   1   1  -2  -1  -3  -2   4  -1  -3  -1   0  -1  -3  -2  -2    0   0   0   0   0   0   0   0   0   0   0   0   0   0   0   0   0   0   0   0  0.00     0.00
  255 E    -1   0   0   2  -4   2   5  -2   0  -3  -3   1  -2  -3  -1   0  -1  -3  -2  -2    0   0   0   0   0   0   0   0   0   0   0   0   0   0   0   0   0   0   0   0  0.00     0.00
  256 L    -1  -2  -3  -4  -1  -2  -3  -4  -3   2   4  -2   2   0  -3  -2  -1  -2  -1   1    0   0   0   0   0   0   0   0   0   0   0   0   0   0   0   0   0   0   0   0  0.00     0.00
  257 L    -1  -2  -3  -4  -1  -2  -3  -4  -3   2   4  -2   2   0  -3  -2  -1  -2  -1   1    0   0   0   0   0   0   0   0   0   0   0   0   0   0   0   0   0   0   0   0  0.00     0.00
  258 E    -1   0   0   2  -4   2   5  -2   0  -3  -3   1  -2  -3  -1   0  -1  -3  -2  -2    0   0   0   0   0   0   0   0   0   0   0   0   0   0   0   0   0   0   0   0  0.00     0.00
  259 T     0  -1   0  -1  -1  -1  -1  -2  -2  -1  -1  -1  -1  -2  -1   1   5  -2  -2   0    0   0   0   0   0   0   0   0   0   0   0   0   0   0   0   0   0   0   0   0  0.00     0.00
  260 L    -1  -2  -3  -4  -1  -2  -3  -4  -3   2   4  -2   2   0  -3  -2  -1  -2  -1   1    0   0   0   0   0   0   0   0   0   0   0   0   0   0   0   0   0   0   0   0  0.00     0.00
  261 E    -1   0   0   2  -4   2   5  -2   0  -3  -3   1  -2  -3  -1   0  -1  -3  -2  -2    0   0   0   0   0   0   0   0   0   0   0   0   0   0   0   0   0   0   0   0  0.00     0.00
  262 K    -1   2   0  -1  -3   1   1  -2  -1  -3  -2   4  -1  -3  -1   0  -1  -3  -2  -2    0   0   0   0   0   0   0   0   0   0   0   0   0   0   0   0   0   0   0   0  0.00     0.00
  263 G     0  -2   0  -1  -2  -2  -2   6  -2  -4  -4  -2  -3  -3  -2   0  -2  -2  -3  -3    0   0   0   0   0   0   0   0   0   0   0   0   0   0   0   0   0   0   0   0  0.00     0.00
  264 G     0  -2   0  -1  -2  -2  -2   6  -2  -4  -4  -2  -3  -3  -2   0  -2  -2  -3  -3    0   0   0   0   0   0   0   0   0   0   0   0   0   0   0   0   0   0   0   0  0.00     0.00
  265 Q    -1   1   0   0  -3   5   2  -2   0  -3  -2   1   0  -3  -1   0  -1  -2  -1  -2    0   0   0   0   0   0   0   0   0   0   0   0   0   0   0   0   0   0   0   0  0.00     0.00
  266 E    -1   0   0   2  -4   2   5  -2   0  -3  -3   1  -2  -3  -1   0  -1  -3  -2  -2    0   0   0   0   0   0   0   0   0   0   0   0   0   0   0   0   0   0   0   0  0.00     0.00
  267 K    -1   2   0  -1  -3   1   1  -2  -1  -3  -2   4  -1  -3  -1   0  -1  -3  -2  -2    0   0   0   0   0   0   0   0   0   0   0   0   0   0   0   0   0   0   0   0  0.00     0.00
  268 W    -3  -3  -4  -4  -2  -2  -3  -2  -2  -3  -2  -3  -1   1  -4  -3  -2  10   2  -3    0   0   0   0   0   0   0   0   0   0   0   0   0   0   0   0   0   0   0   0  0.00     0.00
  269 D    -2  -2   1   6  -3   0   2  -1  -1  -3  -4  -1  -3  -3  -1   0  -1  -4  -3  -3    0   0   0   0   0   0   0   0   0   0   0   0   0   0   0   0   0   0   0   0  0.00     0.00
  270 E    -1   0   0   2  -4   2   5  -2   0  -3  -3   1  -2  -3  -1   0  -1  -3  -2  -2    0   0   0   0   0   0   0   0   0   0   0   0   0   0   0   0   0   0   0   0  0.00     0.00
  271 K    -1   2   0  -1  -3   1   1  -2  -1  -3  -2   4  -1  -3  -1   0  -1  -3  -2  -2    0   0   0   0   0   0   0   0   0   0   0   0   0   0   0   0   0   0   0   0  0.00     0.00
  272 L    -1  -2  -3  -4  -1  -2  -3  -4  -3   2   4  -2   2   0  -3  -2  -1  -2  -1   1    0   0   0   0   0   0   0   0   0   0   0   0   0   0   0   0   0   0   0   0  0.00     0.00
  273 K    -1   2   0  -1  -3   1   1  -2  -1  -3  -2   4  -1  -3  -1   0  -1  -3  -2  -2    0   0   0   0   0   0   0   0   0   0   0   0   0   0   0   0   0   0   0   0  0.00     0.00
  274 Q    -1   1   0   0  -3   5   2  -2   0  -3  -2   1   0  -3  -1   0  -1  -2  -1  -2    0   0   0   0   0   0   0   0   0   0   0   0   0   0   0   0   0   0   0   0  0.00     0.00
  275 Q    -1   1   0   0  -3   5   2  -2   0  -3  -2   1   0  -3  -1   0  -1  -2  -1  -2    0   0   0   0   0   0   0   0   0   0   0   0   0   0   0   0   0   0   0   0  0.00     0.00
  276 T     0  -1   0  -1  -1  -1  -1  -2  -2  -1  -1  -1  -1  -2  -1   1   5  -2  -2   0    0   0   0   0   0   0   0   0   0   0   0   0   0   0   0   0   0   0   0   0  0.00     0.00
  277 K    -1   2   0  -1  -3   1   1  -2  -1  -3  -2   4  -1  -3  -1   0  -1  -3  -2  -2    0   0   0   0   0   0   0   0   0   0   0   0   0   0   0   0   0   0   0   0  0.00     0.00
  278 D    -2  -2   1   6  -3   0   2  -1  -1  -3  -4  -1  -3  -3  -1   0  -1  -4  -3  -3    0   0   0   0   0   0   0   0   0   0   0   0   0   0   0   0   0   0   0   0  0.00     0.00
  279 L    -1  -2  -3  -4  -1  -2  -3  -4  -3   2   4  -2   2   0  -3  -2  -1  -2  -1   1    0   0   0   0   0   0   0   0   0   0   0   0   0   0   0   0   0   0   0   0  0.00     0.00
  280 M    -1  -1  -2  -3  -1   0  -2  -3  -2   1   2  -1   5   0  -2  -1  -1  -1  -1   1    0   0   0   0   0   0   0   0   0   0   0   0   0   0   0   0   0   0   0   0  0.00     0.00
  281 D    -2  -2   1   6  -3   0   2  -1  -1  -3  -4  -1  -3  -3  -1   0  -1  -4  -3  -3    0   0   0   0   0   0   0   0   0   0   0   0   0   0   0   0   0   0   0   0  0.00     0.00
  282 P    -1  -2  -2  -1  -3  -1  -1  -2  -2  -3  -3  -1  -2  -4   7  -1  -1  -4  -3  -2    0   0   0   0   0   0   0   0   0   0   0   0   0   0   0   0   0   0   0   0  0.00     0.00
  283 L    -1  -2  -3  -4  -1  -2  -3  -4  -3   2   4  -2   2   0  -3  -2  -1  -2  -1   1    0   0   0   0   0   0   0   0   0   0   0   0   0   0   0   0   0   0   0   0  0.00     0.00
  284 D    -2  -2   1   6  -3   0   2  -1  -1  -3  -4  -1  -3  -3  -1   0  -1  -4  -3  -3    0   0   0   0   0   0   0   0   0   0   0   0   0   0   0   0   0   0   0   0  0.00     0.00
  285 K    -1   2   0  -1  -3   1   1  -2  -1  -3  -2   4  -1  -3  -1   0  -1  -3  -2  -2    0   0   0   0   0   0   0   0   0   0   0   0   0   0   0   0   0   0   0   0  0.00     0.00
  286 D    -2  -2   1   6  -3   0   2  -1  -1  -3  -4  -1  -3  -3  -1   0  -1  -4  -3  -3    0   0   0   0   0   0   0   0   0   0   0   0   0   0   0   0   0   0   0   0  0.00     0.00
  287 K    -1   2   0  -1  -3   1   1  -2  -1  -3  -2   4  -1  -3  -1   0  -1  -3  -2  -2    0   0   0   0   0   0   0   0   0   0   0   0   0   0   0   0   0   0   0   0  0.00     0.00
  288 L    -1  -2  -3  -4  -1  -2  -3  -4  -3   2   4  -2   2   0  -3  -2  -1  -2  -1   1    0   0   0   0   0   0   0   0   0   0   0   0   0   0   0   0   0   0   0   0  0.00     0.00
  289 F    -2  -3  -3  -3  -2  -3  -3  -3  -1   0   0  -3   0   6  -4  -2  -2   1   3  -1    0   0   0   0   0   0   0   0   0   0   0   0   0   0   0   0   0   0   0   0  0.00     0.00
  290 R    -1   5   0  -2  -3   1   0  -2   0  -3  -2   2  -1  -3  -2  -1  -1  -3  -2  -2    0   0   0   0   0   0   0   0   0   0   0   0   0   0   0   0   0   0   0   0  0.00     0.00
  291 T     0  -1   0  -1  -1  -1  -1  -2  -2  -1  -1  -1  -1  -2  -1   1   5  -2  -2   0    0   0   0   0   0   0   0   0   0   0   0   0   0   0   0   0   0   0   0   0  0.00     0.00
  292 R    -1   5   0  -2  -3   1   0  -2   0  -3  -2   2  -1  -3  -2  -1  -1  -3  -2  -2    0   0   0   0   0   0   0   0   0   0   0   0   0   0   0   0   0   0   0   0  0.00     0.00
  293 R    -1   5   0  -2  -3   1   0  -2   0  -3  -2   2  -1  -3  -2  -1  -1  -3  -2  -2    0   0   0   0   0   0   0   0   0   0   0   0   0   0   0   0   0   0   0   0  0.00     0.00
  294 M    -1  -1  -2  -3  -1   0  -2  -3  -2   1   2  -1   5   0  -2  -1  -1  -1  -1   1    0   0   0   0   0   0   0   0   0   0   0   0   0   0   0   0   0   0   0   0  0.00     0.00
  295 Q    -1   1   0   0  -3   5   2  -2   0  -3  -2   1   0  -3  -1   0  -1  -2  -1  -2    0   0   0   0   0   0   0   0   0   0   0   0   0   0   0   0   0   0   0   0  0.00     0.00
  296 A     4  -1  -2  -2   0  -1  -1   0  -2  -1  -1  -1  -1  -2  -1   1   0  -3  -2   0    0   0   0   0   0   0   0   0   0   0   0   0   0   0   0   0   0   0   0   0  0.00     0.00
  297 A     4  -1  -2  -2   0  -1  -1   0  -2  -1  -1  -1  -1  -2  -1   1   0  -3  -2   0    0   0   0   0   0   0   0   0   0   0   0   0   0   0   0   0   0   0   0   0  0.00     0.00
  298 A     4  -1  -2  -2   0  -1  -1   0  -2  -1  -1  -1  -1  -2  -1   1   0  -3  -2   0    0   0   0   0   0   0   0   0   0   0   0   0   0   0   0   0   0   0   0   0  0.00     0.00
  299 A     4  -1  -2  -2   0  -1  -1   0  -2  -1  -1  -1  -1  -2  -1   1   0  -3  -2   0    0   0   0   0   0   0   0   0   0   0   0   0   0   0   0   0   0   0   0   0  0.00     0.00
  300 S     1  -1   1   0  -1   0   0   0  -1  -2  -2   0  -1  -2  -1   4   1  -3  -2  -2    0   0   0   0   0   0   0   0   0   0   0   0   0   0   0   0   0   0   0   0  0.00     0.00
  301 F    -2  -3  -3  -3  -2  -3  -3  -3  -1   0   0  -3   0   6  -4  -2  -2   1   3  -1    0   0   0   0   0   0   0   0   0   0   0   0   0   0   0   0   0   0   0   0  0.00     0.00
  302 A     4  -1  -2  -2   0  -1  -1   0  -2  -1  -1  -1  -1  -2  -1   1   0  -3  -2   0    0   0   0   0   0   0   0   0   0   0   0   0   0   0   0   0   0   0   0   0  0.00     0.00
  303 P    -1  -2  -2  -1  -3  -1  -1  -2  -2  -3  -3  -1  -2  -4   7  -1  -1  -4  -3  -2    0   0   0   0   0   0   0   0   0   0   0   0   0   0   0   0   0   0   0   0  0.00     0.00
  304 V     0  -2  -3  -3  -1  -2  -2  -3  -3   3   1  -2   1  -1  -2  -2   0  -3  -1   4    0   0   0   0   0   0   0   0   0   0   0   0   0   0   0   0   0   0   0   0  0.00     0.00
  305 C     0  -3  -3  -3   9  -3  -4  -2  -3  -1  -1  -3  -1  -2  -3  -1  -1  -2  -2  -1    0   0   0   0   0   0   0   0   0   0   0   0   0   0   0   0   0   0   0   0  0.00     0.00
  306 A     4  -1  -2  -2   0  -1  -1   0  -2  -1  -1  -1  -1  -2  -1   1   0  -3  -2   0    0   0   0   0   0   0   0   0   0   0   0   0   0   0   0   0   0   0   0   0  0.00     0.00
  307 D    -2  -2   1   6  -3   0   2  -1  -1  -3  -4  -1  -3  -3  -1   0  -1  -4  -3  -3    0   0   0   0   0   0   0   0   0   0   0   0   0   0   0   0   0   0   0   0  0.00     0.00
  308 P    -1  -2  -2  -1  -3  -1  -1  -2  -2  -3  -3  -1  -2  -4   7  -1  -1  -4  -3  -2    0   0   0   0   0   0   0   0   0   0   0   0   0   0   0   0   0   0   0   0  0.00     0.00
  309 T     0  -1   0  -1  -1  -1  -1  -2  -2  -1  -1  -1  -1  -2  -1   1   5  -2  -2   0    0   0   0   0   0   0   0   0   0   0   0   0   0   0   0   0   0   0   0   0  0.00     0.00
  310 E    -1   0   0   2  -4   2   5  -2   0  -3  -3   1  -2  -3  -1   0  -1  -3  -2  -2    0   0   0   0   0   0   0   0   0   0   0   0   0   0   0   0   0   0   0   0  0.00     0.00
  311 A     4  -1  -2  -2   0  -1  -1   0  -2  -1  -1  -1  -1  -2  -1   1   0  -3  -2   0    0   0   0   0   0   0   0   0   0   0   0   0   0   0   0   0   0   0   0   0  0.00     0.00
  312 W    -3  -3  -4  -4  -2  -2  -3  -2  -2  -3  -2  -3  -1   1  -4  -3  -2  10   2  -3    0   0   0   0   0   0   0   0   0   0   0   0   0   0   0   0   0   0   0   0  0.00     0.00
  313 L    -1  -2  -3  -4  -1  -2  -3  -4  -3   2   4  -2   2   0  -3  -2  -1  -2  -1   1    0   0   0   0   0   0   0   0   0   0   0   0   0   0   0   0   0   0   0   0  0.00     0.00
  314 L    -1  -2  -3  -4  -1  -2  -3  -4  -3   2   4  -2   2   0  -3  -2  -1  -2  -1   1    0   0   0   0   0   0   0   0   0   0   0   0   0   0   0   0   0   0   0   0  0.00     0.00
  315 S     1  -1   1   0  -1   0   0   0  -1  -2  -2   0  -1  -2  -1   4   1  -3  -2  -2    0   0   0   0   0   0   0   0   0   0   0   0   0   0   0   0   0   0   0   0  0.00     0.00
  316 W    -3  -3  -4  -4  -2  -2  -3  -2  -2  -3  -2  -3  -1   1  -4  -3  -2  10   2  -3    0   0   0   0   0   0   0   0   0   0   0   0   0   0   0   0   0   0   0   0  0.00     0.00
  317 R    -1   5   0  -2  -3   1   0  -2   0  -3  -2   2  -1  -3  -2  -1  -1  -3  -2  -2    0   0   0   0   0   0   0   0   0   0   0   0   0   0   0   0   0   0   0   0  0.00     0.00
  318 S     1  -1   1   0  -1   0   0   0  -1  -2  -2   0  -1  -2  -1   4   1  -3  -2  -2    0   0   0   0   0   0   0   0   0   0   0   0   0   0   0   0   0   0   0   0  0.00     0.00
  319 Q    -1   1   0   0  -3   5   2  -2   0  -3  -2   1   0  -3  -1   0  -1  -2  -1  -2    0   0   0   0   0   0   0   0   0   0   0   0   0   0   0   0   0   0   0   0  0.00     0.00
  320 L    -1  -2  -3  -4  -1  -2  -3  -4  -3   2   4  -2   2   0  -3  -2  -1  -2  -1   1    0   0   0   0   0   0   0   0   0   0   0   0   0   0   0   0   0   0   0   0  0.00     0.00
  321 D    -2  -2   1   6  -3   0   2  -1  -1  -3  -4  -1  -3  -3  -1   0  -1  -4  -3  -3    0   0   0   0   0   0   0   0   0   0   0   0   0   0   0   0   0   0   0   0  0.00     0.00
  322 A     4  -1  -2  -2   0  -1  -1   0  -2  -1  -1  -1  -1  -2  -1   1   0  -3  -2   0    0   0   0   0   0   0   0   0   0   0   0   0   0   0   0   0   0   0   0   0  0.00     0.00
  323 W    -3  -3  -4  -4  -2  -2  -3  -2  -2  -3  -2  -3  -1   1  -4  -3  -2  10   2  -3    0   0   0   0   0   0   0   0   0   0   0   0   0   0   0   0   0   0   0   0  0.00     0.00
  324 W    -3  -3  -4  -4  -2  -2  -3  -2  -2  -3  -2  -3  -1   1  -4  -3  -2  10   2  -3    0   0   0   0   0   0   0   0   0   0   0   0   0   0   0   0   0   0   0   0  0.00     0.00
  325 L    -1  -2  -3  -4  -1  -2  -3  -4  -3   2   4  -2   2   0  -3  -2  -1  -2  -1   1    0   0   0   0   0   0   0   0   0   0   0   0   0   0   0   0   0   0   0   0  0.00     0.00
  326 A     4  -1  -2  -2   0  -1  -1   0  -2  -1  -1  -1  -1  -2  -1   1   0  -3  -2   0    0   0   0   0   0   0   0   0   0   0   0   0   0   0   0   0   0   0   0   0  0.00     0.00
  327 L    -1  -2  -3  -4  -1  -2  -3  -4  -3   2   4  -2   2   0  -3  -2  -1  -2  -1   1    0   0   0   0   0   0   0   0   0   0   0   0   0   0   0   0   0   0   0   0  0.00     0.00
  328 P    -1  -2  -2  -1  -3  -1  -1  -2  -2  -3  -3  -1  -2  -4   7  -1  -1  -4  -3  -2    0   0   0   0   0   0   0   0   0   0   0   0   0   0   0   0   0   0   0   0  0.00     0.00
  329 L    -1  -2  -3  -4  -1  -2  -3  -4  -3   2   4  -2   2   0  -3  -2  -1  -2  -1   1    0   0   0   0   0   0   0   0   0   0   0   0   0   0   0   0   0   0   0   0  0.00     0.00
  330 A     4  -1  -2  -2   0  -1  -1   0  -2  -1  -1  -1  -1  -2  -1   1   0  -3  -2   0    0   0   0   0   0   0   0   0   0   0   0   0   0   0   0   0   0   0   0   0  0.00     0.00
  331 S     1  -1   1   0  -1   0   0   0  -1  -2  -2   0  -1  -2  -1   4   1  -3  -2  -2    0   0   0   0   0   0   0   0   0   0   0   0   0   0   0   0   0   0   0   0  0.00     0.00
  332 Q    -1   1   0   0  -3   5   2  -2   0  -3  -2   1   0  -3  -1   0  -1  -2  -1  -2    0   0   0   0   0   0   0   0   0   0   0   0   0   0   0   0   0   0   0   0  0.00     0.00
  333 Q    -1   1   0   0  -3   5   2  -2   0  -3  -2   1   0  -3  -1   0  -1  -2  -1  -2    0   0   0   0   0   0   0   0   0   0   0   0   0   0   0   0   0   0   0   0  0.00     0.00
  334 Q    -1   1   0   0  -3   5   2  -2   0  -3  -2   1   0  -3  -1   0  -1  -2  -1  -2    0   0   0   0   0   0   0   0   0   0   0   0   0   0   0   0   0   0   0   0  0.00     0.00
  335 L    -1  -2  -3  -4  -1  -2  -3  -4  -3   2   4  -2   2   0  -3  -2  -1  -2  -1   1    0   0   0   0   0   0   0   0   0   0   0   0   0   0   0   0   0   0   0   0  0.00     0.00
  336 N    -2   0   6   1  -3   0   0   0   1  -3  -3   0  -2  -3  -2   1   0  -4  -2  -3    0   0   0   0   0   0   0   0   0   0   0   0   0   0   0   0   0   0   0   0  0.00     0.00
  337 S     1  -1   1   0  -1   0   0   0  -1  -2  -2   0  -1  -2  -1   4   1  -3  -2  -2    0   0   0   0   0   0   0   0   0   0   0   0   0   0   0   0   0   0   0   0  0.00     0.00
  338 C     0  -3  -3  -3   9  -3  -4  -2  -3  -1  -1  -3  -1  -2  -3  -1  -1  -2  -2  -1    0   0   0   0   0   0   0   0   0   0   0   0   0   0   0   0   0   0   0   0  0.00     0.00
  339 V     0  -2  -3  -3  -1  -2  -2  -3  -3   3   1  -2   1  -1  -2  -2   0  -3  -1   4    0   0   0   0   0   0   0   0   0   0   0   0   0   0   0   0   0   0   0   0  0.00     0.00
  340 G     0  -2   0  -1  -2  -2  -2   6  -2  -4  -4  -2  -3  -3  -2   0  -2  -2  -3  -3    0   0   0   0   0   0   0   0   0   0   0   0   0   0   0   0   0   0   0   0  0.00     0.00
  341 A     4  -1  -2  -2   0  -1  -1   0  -2  -1  -1  -1  -1  -2  -1   1   0  -3  -2   0    0   0   0   0   0   0   0   0   0   0   0   0   0   0   0   0   0   0   0   0  0.00     0.00
  342 L    -1  -2  -3  -4  -1  -2  -3  -4  -3   2   4  -2   2   0  -3  -2  -1  -2  -1   1    0   0   0   0   0   0   0   0   0   0   0   0   0   0   0   0   0   0   0   0  0.00     0.00
  343 G     0  -2   0  -1  -2  -2  -2   6  -2  -4  -4  -2  -3  -3  -2   0  -2  -2  -3  -3    0   0   0   0   0   0   0   0   0   0   0   0   0   0   0   0   0   0   0   0  0.00     0.00
  344 L    -1  -2  -3  -4  -1  -2  -3  -4  -3   2   4  -2   2   0  -3  -2  -1  -2  -1   1    0   0   0   0   0   0   0   0   0   0   0   0   0   0   0   0   0   0   0   0  0.00     0.00
  345 H    -2   0   1  -1  -3   0   0  -2   7  -3  -3  -1  -2  -1  -2  -1  -2  -2   2  -3    0   0   0   0   0   0   0   0   0   0   0   0   0   0   0   0   0   0   0   0  0.00     0.00
  346 I    -1  -3  -3  -3  -1  -3  -3  -4  -3   4   2  -3   1   0  -3  -2  -1  -3  -1   3    0   0   0   0   0   0   0   0   0   0   0   0   0   0   0   0   0   0   0   0  0.00     0.00
  347 L    -1  -2  -3  -4  -1  -2  -3  -4  -3   2   4  -2   2   0  -3  -2  -1  -2  -1   1    0   0   0   0   0   0   0   0   0   0   0   0   0   0   0   0   0   0   0   0  0.00     0.00
  348 S     1  -1   1   0  -1   0   0   0  -1  -2  -2   0  -1  -2  -1   4   1  -3  -2  -2    0   0   0   0   0   0   0   0   0   0   0   0   0   0   0   0   0   0   0   0  0.00     0.00
  349 R    -1   5   0  -2  -3   1   0  -2   0  -3  -2   2  -1  -3  -2  -1  -1  -3  -2  -2    0   0   0   0   0   0   0   0   0   0   0   0   0   0   0   0   0   0   0   0  0.00     0.00
  350 L    -1  -2  -3  -4  -1  -2  -3  -4  -3   2   4  -2   2   0  -3  -2  -1  -2  -1   1    0   0   0   0   0   0   0   0   0   0   0   0   0   0   0   0   0   0   0   0  0.00     0.00
  351 D    -2  -2   1   6  -3   0   2  -1  -1  -3  -4  -1  -3  -3  -1   0  -1  -4  -3  -3    0   0   0   0   0   0   0   0   0   0   0   0   0   0   0   0   0   0   0   0  0.00     0.00
  352 L    -1  -2  -3  -4  -1  -2  -3  -4  -3   2   4  -2   2   0  -3  -2  -1  -2  -1   1    0   0   0   0   0   0   0   0   0   0   0   0   0   0   0   0   0   0   0   0  0.00     0.00
  353 S     1  -1   1   0  -1   0   0   0  -1  -2  -2   0  -1  -2  -1   4   1  -3  -2  -2    0   0   0   0   0   0   0   0   0   0   0   0   0   0   0   0   0   0   0   0  0.00     0.00
  354 I    -1  -3  -3  -3  -1  -3  -3  -4  -3   4   2  -3   1   0  -3  -2  -1  -3  -1   3    0   0   0   0   0   0   0   0   0   0   0   0   0   0   0   0   0   0   0   0  0.00     0.00
  355 Q    -1   1   0   0  -3   5   2  -2   0  -3  -2   1   0  -3  -1   0  -1  -2  -1  -2    0   0   0   0   0   0   0   0   0   0   0   0   0   0   0   0   0   0   0   0  0.00     0.00
  356 N    -2   0   6   1  -3   0   0   0   1  -3  -3   0  -2  -3  -2   1   0  -4  -2  -3    0   0   0   0   0   0   0   0   0   0   0   0   0   0   0   0   0   0   0   0  0.00     0.00
  357 W    -3  -3  -4  -4  -2  -2  -3  -2  -2  -3  -2  -3  -1   1  -4  -3  -2  10   2  -3    0   0   0   0   0   0   0   0   0   0   0   0   0   0   0   0   0   0   0   0  0.00     0.00
  358 L    -1  -2  -3  -4  -1  -2  -3  -4  -3   2   4  -2   2   0  -3  -2  -1  -2  -1   1    0   0   0   0   0   0   0   0   0   0   0   0   0   0   0   0   0   0   0   0  0.00     0.00
  359 Y    -2  -2  -2  -3  -2  -1  -2  -3   2  -1  -1  -2  -1   3  -3  -2  -2   2   7  -1    0   0   0   0   0   0   0   0   0   0   0   0   0   0   0   0   0   0   0   0  0.00     0.00
  360 S     1  -1   1   0  -1   0   0   0  -1  -2  -2   0  -1  -2  -1   4   1  -3  -2  -2    0   0   0   0   0   0   0   0   0   0   0   0   0   0   0   0   0   0   0   0  0.00     0.00
  361 K    -1   2   0  -1  -3   1   1  -2  -1  -3  -2   4  -1  -3  -1   0  -1  -3  -2  -2    0   0   0   0   0   0   0   0   0   0   0   0   0   0   0   0   0   0   0   0  0.00     0.00
  362 F    -2  -3  -3  -3  -2  -3  -3  -3  -1   0   0  -3   0   6  -4  -2  -2   1   3  -1    0   0   0   0   0   0   0   0   0   0   0   0   0   0   0   0   0   0   0   0  0.00     0.00
  363 G     0  -2   0  -1  -2  -2  -2   6  -2  -4  -4  -2  -3  -3  -2   0  -2  -2  -3  -3    0   0   0   0   0   0   0   0   0   0   0   0   0   0   0   0   0   0   0   0  0.00     0.00
  364 K    -1   2   0  -1  -3   1   1  -2  -1  -3  -2   4  -1  -3  -1   0  -1  -3  -2  -2    0   0   0   0   0   0   0   0   0   0   0   0   0   0   0   0   0   0   0   0  0.00     0.00
  365 F    -2  -3  -3  -3  -2  -3  -3  -3  -1   0   0  -3   0   6  -4  -2  -2   1   3  -1    0   0   0   0   0   0   0   0   0   0   0   0   0   0   0   0   0   0   0   0  0.00     0.00
  366 G     0  -2   0  -1  -2  -2  -2   6  -2  -4  -4  -2  -3  -3  -2   0  -2  -2  -3  -3    0   0   0   0   0   0   0   0   0   0   0   0   0   0   0   0   0   0   0   0  0.00     0.00
  367 G     0  -2   0  -1  -2  -2  -2   6  -2  -4  -4  -2  -3  -3  -2   0  -2  -2  -3  -3    0   0   0   0   0   0   0   0   0   0   0   0   0   0   0   0   0   0   0   0  0.00     0.00
  368 L    -1  -2  -3  -4  -1  -2  -3  -4  -3   2   4  -2   2   0  -3  -2  -1  -2  -1   1    0   0   0   0   0   0   0   0   0   0   0   0   0   0   0   0   0   0   0   0  0.00     0.00
  369 G     0  -2   0  -1  -2  -2  -2   6  -2  -4  -4  -2  -3  -3  -2   0  -2  -2  -3  -3    0   0   0   0   0   0   0   0   0   0   0   0   0   0   0   0   0   0   0   0  0.00     0.00
  370 A     4  -1  -2  -2   0  -1  -1   0  -2  -1  -1  -1  -1  -2  -1   1   0  -3  -2   0    0   0   0   0   0   0   0   0   0   0   0   0   0   0   0   0   0   0   0   0  0.00     0.00
  371 R    -1   5   0  -2  -3   1   0  -2   0  -3  -2   2  -1  -3  -2  -1  -1  -3  -2  -2    0   0   0   0   0   0   0   0   0   0   0   0   0   0   0   0   0   0   0   0  0.00     0.00
  372 P    -1  -2  -2  -1  -3  -1  -1  -2  -2  -3  -3  -1  -2  -4   7  -1  -1  -4  -3  -2    0   0   0   0   0   0   0   0   0   0   0   0   0   0   0   0   0   0   0   0  0.00     0.00
  373 G     0  -2   0  -1  -2  -2  -2   6  -2  -4  -4  -2  -3  -3  -2   0  -2  -2  -3  -3    0   0   0   0   0   0   0   0   0   0   0   0   0   0   0   0   0   0   0   0  0.00     0.00
  374 Q    -1   1   0   0  -3   5   2  -2   0  -3  -2   1   0  -3  -1   0  -1  -2  -1  -2    0   0   0   0   0   0   0   0   0   0   0   0   0   0   0   0   0   0   0   0  0.00     0.00
  375 D    -2  -2   1   6  -3   0   2  -1  -1  -3  -4  -1  -3  -3  -1   0  -1  -4  -3  -3    0   0   0   0   0   0   0   0   0   0   0   0   0   0   0   0   0   0   0   0  0.00     0.00
  376 A     4  -1  -2  -2   0  -1  -1   0  -2  -1  -1  -1  -1  -2  -1   1   0  -3  -2   0    0   0   0   0   0   0   0   0   0   0   0   0   0   0   0   0   0   0   0   0  0.00     0.00
  377 Q    -1   1   0   0  -3   5   2  -2   0  -3  -2   1   0  -3  -1   0  -1  -2  -1  -2    0   0   0   0   0   0   0   0   0   0   0   0   0   0   0   0   0   0   0   0  0.00     0.00
  378 Q    -1   1   0   0  -3   5   2  -2   0  -3  -2   1   0  -3  -1   0  -1  -2  -1  -2    0   0   0   0   0   0   0   0   0   0   0   0   0   0   0   0   0   0   0   0  0.00     0.00
  379 H    -2   0   1  -1  -3   0   0  -2   7  -3  -3  -1  -2  -1  -2  -1  -2  -2   2  -3    0   0   0   0   0   0   0   0   0   0   0   0   0   0   0   0   0   0   0   0  0.00     0.00
  380 A     4  -1  -2  -2   0  -1  -1   0  -2  -1  -1  -1  -1  -2  -1   1   0  -3  -2   0    0   0   0   0   0   0   0   0   0   0   0   0   0   0   0   0   0   0   0   0  0.00     0.00
  381 T     0  -1   0  -1  -1  -1  -1  -2  -2  -1  -1  -1  -1  -2  -1   1   5  -2  -2   0    0   0   0   0   0   0   0   0   0   0   0   0   0   0   0   0   0   0   0   0  0.00     0.00
  382 K    -1   2   0  -1  -3   1   1  -2  -1  -3  -2   4  -1  -3  -1   0  -1  -3  -2  -2    0   0   0   0   0   0   0   0   0   0   0   0   0   0   0   0   0   0   0   0  0.00     0.00
  383 G     0  -2   0  -1  -2  -2  -2   6  -2  -4  -4  -2  -3  -3  -2   0  -2  -2  -3  -3    0   0   0   0   0   0   0   0   0   0   0   0   0   0   0   0   0   0   0   0  0.00     0.00
  384 E    -1   0   0   2  -4   2   5  -2   0  -3  -3   1  -2  -3  -1   0  -1  -3  -2  -2    0   0   0   0   0   0   0   0   0   0   0   0   0   0   0   0   0   0   0   0  0.00     0.00
  385 A     4  -1  -2  -2   0  -1  -1   0  -2  -1  -1  -1  -1  -2  -1   1   0  -3  -2   0    0   0   0   0   0   0   0   0   0   0   0   0   0   0   0   0   0   0   0   0  0.00     0.00
  386 G     0  -2   0  -1  -2  -2  -2   6  -2  -4  -4  -2  -3  -3  -2   0  -2  -2  -3  -3    0   0   0   0   0   0   0   0   0   0   0   0   0   0   0   0   0   0   0   0  0.00     0.00
  387 C     0  -3  -3  -3   9  -3  -4  -2  -3  -1  -1  -3  -1  -2  -3  -1  -1  -2  -2  -1    0   0   0   0   0   0   0   0   0   0   0   0   0   0   0   0   0   0   0   0  0.00     0.00
  388 E    -1   0   0   2  -4   2   5  -2   0  -3  -3   1  -2  -3  -1   0  -1  -3  -2  -2    0   0   0   0   0   0   0   0   0   0   0   0   0   0   0   0   0   0   0   0  0.00     0.00
  389 W    -3  -3  -4  -4  -2  -2  -3  -2  -2  -3  -2  -3  -1   1  -4  -3  -2  10   2  -3    0   0   0   0   0   0   0   0   0   0   0   0   0   0   0   0   0   0   0   0  0.00     0.00
  390 L    -1  -2  -3  -4  -1  -2  -3  -4  -3   2   4  -2   2   0  -3  -2  -1  -2  -1   1    0   0   0   0   0   0   0   0   0   0   0   0   0   0   0   0   0   0   0   0  0.00     0.00
  391 T     0  -1   0  -1  -1  -1  -1  -2  -2  -1  -1  -1  -1  -2  -1   1   5  -2  -2   0    0   0   0   0   0   0   0   0   0   0   0   0   0   0   0   0   0   0   0   0  0.00     0.00
  392 R    -1   5   0  -2  -3   1   0  -2   0  -3  -2   2  -1  -3  -2  -1  -1  -3  -2  -2    0   0   0   0   0   0   0   0   0   0   0   0   0   0   0   0   0   0   0   0  0.00     0.00
  393 G     0  -2   0  -1  -2  -2  -2   6  -2  -4  -4  -2  -3  -3  -2   0  -2  -2  -3  -3    0   0   0   0   0   0   0   0   0   0   0   0   0   0   0   0   0   0   0   0  0.00     0.00
  394 E    -1   0   0   2  -4   2   5  -2   0  -3  -3   1  -2  -3  -1   0  -1  -3  -2  -2    0   0   0   0   0   0   0   0   0   0   0   0   0   0   0   0   0   0   0   0  0.00     0.00
  395 S     1  -1   1   0  -1   0   0   0  -1  -2  -2   0  -1  -2  -1   4   1  -3  -2  -2    0   0   0   0   0   0   0   0   0   0   0   0   0   0   0   0   0   0   0   0  0.00     0.00
  396 V     0  -2  -3  -3  -1  -2  -2  -3  -3   3   1  -2   1  -1  -2  -2   0  -3  -1   4    0   0   0   0   0   0   0   0   0   0   0   0   0   0   0   0   0   0   0   0  0.00     0.00
  397 S     1  -1   1   0  -1   0   0   0  -1  -2  -2   0  -1  -2  -1   4   1  -3  -2  -2    0   0   0   0   0   0   0   0   0   0   0   0   0   0   0   0   0   0   0   0  0.00     0.00
  398 N    -2   0   6   1  -3   0   0   0   1  -3  -3   0  -2  -3  -2   1   0  -4  -2  -3    0   0   0   0   0   0   0   0   0   0   0   0   0   0   0   0   0   0   0   0  0.00     0.00
  399 P    -1  -2  -2  -1  -3  -1  -1  -2  -2  -3  -3  -1  -2  -4   7  -1  -1  -4  -3  -2    0   0   0   0   0   0   0   0   0   0   0   0   0   0   0   0   0   0   0   0  0.00     0.00
  400 L    -1  -2  -3  -4  -1  -2  -3  -4  -3   2   4  -2   2   0  -3  -2  -1  -2  -1   1    0   0   0   0   0   0   0   0   0   0   0   0   0   0   0   0   0   0   0   0  0.00     0.00
  401 N    -2   0   6   1  -3   0   0   0   1  -3  -3   0  -2  -3  -2   1   0  -4  -2  -3    0   0   0   0   0   0   0   0   0   0   0   0   0   0   0   0   0   0   0   0  0.00     0.00
  402 L    -1  -2  -3  -4  -1  -2  -3  -4  -3   2   4  -2   2   0  -3  -2  -1  -2  -1   1    0   0   0   0   0   0   0   0   0   0   0   0   0   0   0   0   0   0   0   0  0.00     0.00
  403 P    -1  -2  -2  -1  -3  -1  -1  -2  -2  -3  -3  -1  -2  -4   7  -1  -1  -4  -3  -2    0   0   0   0   0   0   0   0   0   0   0   0   0   0   0   0   0   0   0   0  0.00     0.00
  404 D    -2  -2   1   6  -3   0   2  -1  -1  -3  -4  -1  -3  -3  -1   0  -1  -4  -3  -3    0   0   0   0   0   0   0   0   0   0   0   0   0   0   0   0   0   0   0   0  0.00     0.00
  405 F    -2  -3  -3  -3  -2  -3  -3  -3  -1   0   0  -3   0   6  -4  -2  -2   1   3  -1    0   0   0   0   0   0   0   0   0   0   0   0   0   0   0   0   0   0   0   0  0.00     0.00
  406 P    -1  -2  -2  -1  -3  -1  -1  -2  -2  -3  -3  -1  -2  -4   7  -1  -1  -4  -3  -2    0   0   0   0   0   0   0   0   0   0   0   0   0   0   0   0   0   0   0   0  0.00     0.00
  407 D    -2  -2   1   6  -3   0   2  -1  -1  -3  -4  -1  -3  -3  -1   0  -1  -4  -3  -3    0   0   0   0   0   0   0   0   0   0   0   0   0   0   0   0   0   0   0   0  0.00     0.00
  408 L    -1  -2  -3  -4  -1  -2  -3  -4  -3   2   4  -2   2   0  -3  -2  -1  -2  -1   1    0   0   0   0   0   0   0   0   0   0   0   0   0   0   0   0   0   0   0   0  0.00     0.00
  409 P    -1  -2  -2  -1  -3  -1  -1  -2  -2  -3  -3  -1  -2  -4   7  -1  -1  -4  -3  -2    0   0   0   0   0   0   0   0   0   0   0   0   0   0   0   0   0   0   0   0  0.00     0.00
  410 S     1  -1   1   0  -1   0   0   0  -1  -2  -2   0  -1  -2  -1   4   1  -3  -2  -2    0   0   0   0   0   0   0   0   0   0   0   0   0   0   0   0   0   0   0   0  0.00     0.00
  411 K    -1   2   0  -1  -3   1   1  -2  -1  -3  -2   4  -1  -3  -1   0  -1  -3  -2  -2    0   0   0   0   0   0   0   0   0   0   0   0   0   0   0   0   0   0   0   0  0.00     0.00
  412 F    -2  -3  -3  -3  -2  -3  -3  -3  -1   0   0  -3   0   6  -4  -2  -2   1   3  -1    0   0   0   0   0   0   0   0   0   0   0   0   0   0   0   0   0   0   0   0  0.00     0.00
  413 E    -1   0   0   2  -4   2   5  -2   0  -3  -3   1  -2  -3  -1   0  -1  -3  -2  -2    0   0   0   0   0   0   0   0   0   0   0   0   0   0   0   0   0   0   0   0  0.00     0.00
  414 A     4  -1  -2  -2   0  -1  -1   0  -2  -1  -1  -1  -1  -2  -1   1   0  -3  -2   0    0   0   0   0   0   0   0   0   0   0   0   0   0   0   0   0   0   0   0   0  0.00     0.00
  415 P    -1  -2  -2  -1  -3  -1  -1  -2  -2  -3  -3  -1  -2  -4   7  -1  -1  -4  -3  -2    0   0   0   0   0   0   0   0   0   0   0   0   0   0   0   0   0   0   0   0  0.00     0.00
  416 L    -1  -2  -3  -4  -1  -2  -3  -4  -3   2   4  -2   2   0  -3  -2  -1  -2  -1   1    0   0   0   0   0   0   0   0   0   0   0   0   0   0   0   0   0   0   0   0  0.00     0.00
  417 V     0  -2  -3  -3  -1  -2  -2  -3  -3   3   1  -2   1  -1  -2  -2   0  -3  -1   4    0   0   0   0   0   0   0   0   0   0   0   0   0   0   0   0   0   0   0   0  0.00     0.00
  418 P    -1  -2  -2  -1  -3  -1  -1  -2  -2  -3  -3  -1  -2  -4   7  -1  -1  -4  -3  -2    0   0   0   0   0   0   0   0   0   0   0   0   0   0   0   0   0   0   0   0  0.00     0.00
  419 L    -1  -2  -3  -4  -1  -2  -3  -4  -3   2   4  -2   2   0  -3  -2  -1  -2  -1   1    0   0   0   0   0   0   0   0   0   0   0   0   0   0   0   0   0   0   0   0  0.00     0.00
  420 P    -1  -2  -2  -1  -3  -1  -1  -2  -2  -3  -3  -1  -2  -4   7  -1  -1  -4  -3  -2    0   0   0   0   0   0   0   0   0   0   0   0   0   0   0   0   0   0   0   0  0.00     0.00
  421 R    -1   5   0  -2  -3   1   0  -2   0  -3  -2   2  -1  -3  -2  -1  -1  -3  -2  -2    0   0   0   0   0   0   0   0   0   0   0   0   0   0   0   0   0   0   0   0  0.00     0.00
  422 L    -1  -2  -3  -4  -1  -2  -3  -4  -3   2   4  -2   2   0  -3  -2  -1  -2  -1   1    0   0   0   0   0   0   0   0   0   0   0   0   0   0   0   0   0   0   0   0  0.00     0.00
  423 L    -1  -2  -3  -4  -1  -2  -3  -4  -3   2   4  -2   2   0  -3  -2  -1  -2  -1   1    0   0   0   0   0   0   0   0   0   0   0   0   0   0   0   0   0   0   0   0  0.00     0.00
  424 P    -1  -2  -2  -1  -3  -1  -1  -2  -2  -3  -3  -1  -2  -4   7  -1  -1  -4  -3  -2    0   0   0   0   0   0   0   0   0   0   0   0   0   0   0   0   0   0   0   0  0.00     0.00
  425 G     0  -2   0  -1  -2  -2  -2   6  -2  -4  -4  -2  -3  -3  -2   0  -2  -2  -3  -3    0   0   0   0   0   0   0   0   0   0   0   0   0   0   0   0   0   0   0   0  0.00     0.00
  426 G     0  -2   0  -1  -2  -2  -2   6  -2  -4  -4  -2  -3  -3  -2   0  -2  -2  -3  -3    0   0   0   0   0   0   0   0   0   0   0   0   0   0   0   0   0   0   0   0  0.00     0.00
  427 L    -1  -2  -3  -4  -1  -2  -3  -4  -3   2   4  -2   2   0  -3  -2  -1  -2  -1   1    0   0   0   0   0   0   0   0   0   0   0   0   0   0   0   0   0   0   0   0  0.00     0.00
  428 R    -1   5   0  -2  -3   1   0  -2   0  -3  -2   2  -1  -3  -2  -1  -1  -3  -2  -2    0   0   0   0   0   0   0   0   0   0   0   0   0   0   0   0   0   0   0   0  0.00     0.00
  429 D    -2  -2   1   6  -3   0   2  -1  -1  -3  -4  -1  -3  -3  -1   0  -1  -4  -3  -3    0   0   0   0   0   0   0   0   0   0   0   0   0   0   0   0   0   0   0   0  0.00     0.00
  430 S     1  -1   1   0  -1   0   0   0  -1  -2  -2   0  -1  -2  -1   4   1  -3  -2  -2    0   0   0   0   0   0   0   0   0   0   0   0   0   0   0   0   0   0   0   0  0.00     0.00
  431 F    -2  -3  -3  -3  -2  -3  -3  -3  -1   0   0  -3   0   6  -4  -2  -2   1   3  -1    0   0   0   0   0   0   0   0   0   0   0   0   0   0   0   0   0   0   0   0  0.00     0.00
  432 I    -1  -3  -3  -3  -1  -3  -3  -4  -3   4   2  -3   1   0  -3  -2  -1  -3  -1   3    0   0   0   0   0   0   0   0   0   0   0   0   0   0   0   0   0   0   0   0  0.00     0.00
  433 L    -1  -2  -3  -4  -1  -2  -3  -4  -3   2   4  -2   2   0  -3  -2  -1  -2  -1   1    0   0   0   0   0   0   0   0   0   0   0   0   0   0   0   0   0   0   0   0  0.00     0.00
  434 S     1  -1   1   0  -1   0   0   0  -1  -2  -2   0  -1  -2  -1   4   1  -3  -2  -2    0   0   0   0   0   0   0   0   0   0   0   0   0   0   0   0   0   0   0   0  0.00     0.00
  435 P    -1  -2  -2  -1  -3  -1  -1  -2  -2  -3  -3  -1  -2  -4   7  -1  -1  -4  -3  -2    0   0   0   0   0   0   0   0   0   0   0   0   0   0   0   0   0   0   0   0  0.00     0.00
  436 V     0  -2  -3  -3  -1  -2  -2  -3  -3   3   1  -2   1  -1  -2  -2   0  -3  -1   4    0   0   0   0   0   0   0   0   0   0   0   0   0   0   0   0   0   0   0   0  0.00     0.00
  437 L    -1  -2  -3  -4  -1  -2  -3  -4  -3   2   4  -2   2   0  -3  -2  -1  -2  -1   1    0   0   0   0   0   0   0   0   0   0   0   0   0   0   0   0   0   0   0   0  0.00     0.00
  438 S     1  -1   1   0  -1   0   0   0  -1  -2  -2   0  -1  -2  -1   4   1  -3  -2  -2    0   0   0   0   0   0   0   0   0   0   0   0   0   0   0   0   0   0   0   0  0.00     0.00
  439 H    -2   0   1  -1  -3   0   0  -2   7  -3  -3  -1  -2  -1  -2  -1  -2  -2   2  -3    0   0   0   0   0   0   0   0   0   0   0   0   0   0   0   0   0   0   0   0  0.00     0.00
  440 G     0  -2   0  -1  -2  -2  -2   6  -2  -4  -4  -2  -3  -3  -2   0  -2  -2  -3  -3    0   0   0   0   0   0   0   0   0   0   0   0   0   0   0   0   0   0   0   0  0.00     0.00
  441 S     1  -1   1   0  -1   0   0   0  -1  -2  -2   0  -1  -2  -1   4   1  -3  -2  -2    0   0   0   0   0   0   0   0   0   0   0   0   0   0   0   0   0   0   0   0  0.00     0.00
  442 V     0  -2  -3  -3  -1  -2  -2  -3  -3   3   1  -2   1  -1  -2  -2   0  -3  -1   4    0   0   0   0   0   0   0   0   0   0   0   0   0   0   0   0   0   0   0   0  0.00     0.00
  443 G     0  -2   0  -1  -2  -2  -2   6  -2  -4  -4  -2  -3  -3  -2   0  -2  -2  -3  -3    0   0   0   0   0   0   0   0   0   0   0   0   0   0   0   0   0   0   0   0  0.00     0.00
  444 K    -1   2   0  -1  -3   1   1  -2  -1  -3  -2   4  -1  -3  -1   0  -1  -3  -2  -2    0   0   0   0   0   0   0   0   0   0   0   0   0   0   0   0   0   0   0   0  0.00     0.00
  445 E    -1   0   0   2  -4   2   5  -2   0  -3  -3   1  -2  -3  -1   0  -1  -3  -2  -2    0   0   0   0   0   0   0   0   0   0   0   0   0   0   0   0   0   0   0   0  0.00     0.00
  446 S     1  -1   1   0  -1   0   0   0  -1  -2  -2   0  -1  -2  -1   4   1  -3  -2  -2    0   0   0   0   0   0   0   0   0   0   0   0   0   0   0   0   0   0   0   0  0.00     0.00
  447 S     1  -1   1   0  -1   0   0   0  -1  -2  -2   0  -1  -2  -1   4   1  -3  -2  -2    0   0   0   0   0   0   0   0   0   0   0   0   0   0   0   0   0   0   0   0  0.00     0.00
  448 F    -2  -3  -3  -3  -2  -3  -3  -3  -1   0   0  -3   0   6  -4  -2  -2   1   3  -1    0   0   0   0   0   0   0   0   0   0   0   0   0   0   0   0   0   0   0   0  0.00     0.00
  449 F    -2  -3  -3  -3  -2  -3  -3  -3  -1   0   0  -3   0   6  -4  -2  -2   1   3  -1    0   0   0   0   0   0   0   0   0   0   0   0   0   0   0   0   0   0   0   0  0.00     0.00
  450 A     4  -1  -2  -2   0  -1  -1   0  -2  -1  -1  -1  -1  -2  -1   1   0  -3  -2   0    0   0   0   0   0   0   0   0   0   0   0   0   0   0   0   0   0   0   0   0  0.00     0.00
  451 S     1  -1   1   0  -1   0   0   0  -1  -2  -2   0  -1  -2  -1   4   1  -3  -2  -2    0   0   0   0   0   0   0   0   0   0   0   0   0   0   0   0   0   0   0   0  0.00     0.00
  452 A     4  -1  -2  -2   0  -1  -1   0  -2  -1  -1  -1  -1  -2  -1   1   0  -3  -2   0    0   0   0   0   0   0   0   0   0   0   0   0   0   0   0   0   0   0   0   0  0.00     0.00
  453 V     0  -2  -3  -3  -1  -2  -2  -3  -3   3   1  -2   1  -1  -2  -2   0  -3  -1   4    0   0   0   0   0   0   0   0   0   0   0   0   0   0   0   0   0   0   0   0  0.00     0.00
  454 L    -1  -2  -3  -4  -1  -2  -3  -4  -3   2   4  -2   2   0  -3  -2  -1  -2  -1   1    0   0   0   0   0   0   0   0   0   0   0   0   0   0   0   0   0   0   0   0  0.00     0.00
  455 V     0  -2  -3  -3  -1  -2  -2  -3  -3   3   1  -2   1  -1  -2  -2   0  -3  -1   4    0   0   0   0   0   0   0   0   0   0   0   0   0   0   0   0   0   0   0   0  0.00     0.00
  456 D    -2  -2   1   6  -3   0   2  -1  -1  -3  -4  -1  -3  -3  -1   0  -1  -4  -3  -3    0   0   0   0   0   0   0   0   0   0   0   0   0   0   0   0   0   0   0   0  0.00     0.00
  457 P    -1  -2  -2  -1  -3  -1  -1  -2  -2  -3  -3  -1  -2  -4   7  -1  -1  -4  -3  -2    0   0   0   0   0   0   0   0   0   0   0   0   0   0   0   0   0   0   0   0  0.00     0.00
  458 W    -3  -3  -4  -4  -2  -2  -3  -2  -2  -3  -2  -3  -1   1  -4  -3  -2  10   2  -3    0   0   0   0   0   0   0   0   0   0   0   0   0   0   0   0   0   0   0   0  0.00     0.00
  459 R    -1   5   0  -2  -3   1   0  -2   0  -3  -2   2  -1  -3  -2  -1  -1  -3  -2  -2    0   0   0   0   0   0   0   0   0   0   0   0   0   0   0   0   0   0   0   0  0.00     0.00
  460 G     0  -2   0  -1  -2  -2  -2   6  -2  -4  -4  -2  -3  -3  -2   0  -2  -2  -3  -3    0   0   0   0   0   0   0   0   0   0   0   0   0   0   0   0   0   0   0   0  0.00     0.00
  461 G     0  -2   0  -1  -2  -2  -2   6  -2  -4  -4  -2  -3  -3  -2   0  -2  -2  -3  -3    0   0   0   0   0   0   0   0   0   0   0   0   0   0   0   0   0   0   0   0  0.00     0.00
  462 G     0  -2   0  -1  -2  -2  -2   6  -2  -4  -4  -2  -3  -3  -2   0  -2  -2  -3  -3    0   0   0   0   0   0   0   0   0   0   0   0   0   0   0   0   0   0   0   0  0.00     0.00
  463 G     0  -2   0  -1  -2  -2  -2   6  -2  -4  -4  -2  -3  -3  -2   0  -2  -2  -3  -3    0   0   0   0   0   0   0   0   0   0   0   0   0   0   0   0   0   0   0   0  0.00     0.00
  464 Q    -1   1   0   0  -3   5   2  -2   0  -3  -2   1   0  -3  -1   0  -1  -2  -1  -2    0   0   0   0   0   0   0   0   0   0   0   0   0   0   0   0   0   0   0   0  0.00     0.00
  465 M    -1  -1  -2  -3  -1   0  -2  -3  -2   1   2  -1   5   0  -2  -1  -1  -1  -1   1    0   0   0   0   0   0   0   0   0   0   0   0   0   0   0   0   0   0   0   0  0.00     0.00
  466 V     0  -2  -3  -3  -1  -2  -2  -3  -3   3   1  -2   1  -1  -2  -2   0  -3  -1   4    0   0   0   0   0   0   0   0   0   0   0   0   0   0   0   0   0   0   0   0  0.00     0.00
  467 T     0  -1   0  -1  -1  -1  -1  -2  -2  -1  -1  -1  -1  -2  -1   1   5  -2  -2   0    0   0   0   0   0   0   0   0   0   0   0   0   0   0   0   0   0   0   0   0  0.00     0.00
  468 P    -1  -2  -2  -1  -3  -1  -1  -2  -2  -3  -3  -1  -2  -4   7  -1  -1  -4  -3  -2    0   0   0   0   0   0   0   0   0   0   0   0   0   0   0   0   0   0   0   0  0.00     0.00
  469 L    -1  -2  -3  -4  -1  -2  -3  -4  -3   2   4  -2   2   0  -3  -2  -1  -2  -1   1    0   0   0   0   0   0   0   0   0   0   0   0   0   0   0   0   0   0   0   0  0.00     0.00
  470 Q    -1   1   0   0  -3   5   2  -2   0  -3  -2   1   0  -3  -1   0  -1  -2  -1  -2    0   0   0   0   0   0   0   0   0   0   0   0   0   0   0   0   0   0   0   0  0.00     0.00
  471 R    -1   5   0  -2  -3   1   0  -2   0  -3  -2   2  -1  -3  -2  -1  -1  -3  -2  -2    0   0   0   0   0   0   0   0   0   0   0   0   0   0   0   0   0   0   0   0  0.00     0.00
  472 Q    -1   1   0   0  -3   5   2  -2   0  -3  -2   1   0  -3  -1   0  -1  -2  -1  -2    0   0   0   0   0   0   0   0   0   0   0   0   0   0   0   0   0   0   0   0  0.00     0.00
  473 P    -1  -2  -2  -1  -3  -1  -1  -2  -2  -3  -3  -1  -2  -4   7  -1  -1  -4  -3  -2    0   0   0   0   0   0   0   0   0   0   0   0   0   0   0   0   0   0   0   0  0.00     0.00
  474 H    -2   0   1  -1  -3   0   0  -2   7  -3  -3  -1  -2  -1  -2  -1  -2  -2   2  -3    0   0   0   0   0   0   0   0   0   0   0   0   0   0   0   0   0   0   0   0  0.00     0.00
  475 A     4  -1  -2  -2   0  -1  -1   0  -2  -1  -1  -1  -1  -2  -1   1   0  -3  -2   0    0   0   0   0   0   0   0   0   0   0   0   0   0   0   0   0   0   0   0   0  0.00     0.00
  476 A     4  -1  -2  -2   0  -1  -1   0  -2  -1  -1  -1  -1  -2  -1   1   0  -3  -2   0    0   0   0   0   0   0   0   0   0   0   0   0   0   0   0   0   0   0   0   0  0.00     0.00
  477 L    -1  -2  -3  -4  -1  -2  -3  -4  -3   2   4  -2   2   0  -3  -2  -1  -2  -1   1    0   0   0   0   0   0   0   0   0   0   0   0   0   0   0   0   0   0   0   0  0.00     0.00
  478 S     1  -1   1   0  -1   0   0   0  -1  -2  -2   0  -1  -2  -1   4   1  -3  -2  -2    0   0   0   0   0   0   0   0   0   0   0   0   0   0   0   0   0   0   0   0  0.00     0.00
  479 A     4  -1  -2  -2   0  -1  -1   0  -2  -1  -1  -1  -1  -2  -1   1   0  -3  -2   0    0   0   0   0   0   0   0   0   0   0   0   0   0   0   0   0   0   0   0   0  0.00     0.00
  480 G     0  -2   0  -1  -2  -2  -2   6  -2  -4  -4  -2  -3  -3  -2   0  -2  -2  -3  -3    0   0   0   0   0   0   0   0   0   0   0   0   0   0   0   0   0   0   0   0  0.00     0.00
  481 G     0  -2   0  -1  -2  -2  -2   6  -2  -4  -4  -2  -3  -3  -2   0  -2  -2  -3  -3    0   0   0   0   0   0   0   0   0   0   0   0   0   0   0   0   0   0   0   0  0.00     0.00
  482 A     4  -1  -2  -2   0  -1  -1   0  -2  -1  -1  -1  -1  -2  -1   1   0  -3  -2   0    0   0   0   0   0   0   0   0   0   0   0   0   0   0   0   0   0   0   0   0  0.00     0.00
  483 M    -1  -1  -2  -3  -1   0  -2  -3  -2   1   2  -1   5   0  -2  -1  -1  -1  -1   1    0   0   0   0   0   0   0   0   0   0   0   0   0   0   0   0   0   0   0   0  0.00     0.00
  484 A     4  -1  -2  -2   0  -1  -1   0  -2  -1  -1  -1  -1  -2  -1   1   0  -3  -2   0    0   0   0   0   0   0   0   0   0   0   0   0   0   0   0   0   0   0   0   0  0.00     0.00
  485 A     4  -1  -2  -2   0  -1  -1   0  -2  -1  -1  -1  -1  -2  -1   1   0  -3  -2   0    0   0   0   0   0   0   0   0   0   0   0   0   0   0   0   0   0   0   0   0  0.00     0.00
  486 G     0  -2   0  -1  -2  -2  -2   6  -2  -4  -4  -2  -3  -3  -2   0  -2  -2  -3  -3    0   0   0   0   0   0   0   0   0   0   0   0   0   0   0   0   0   0   0   0  0.00     0.00
  487 A     4  -1  -2  -2   0  -1  -1   0  -2  -1  -1  -1  -1  -2  -1   1   0  -3  -2   0    0   0   0   0   0   0   0   0   0   0   0   0   0   0   0   0   0   0   0   0  0.00     0.00
  488 A     4  -1  -2  -2   0  -1  -1   0  -2  -1  -1  -1  -1  -2  -1   1   0  -3  -2   0    0   0   0   0   0   0   0   0   0   0   0   0   0   0   0   0   0   0   0   0  0.00     0.00
  489 G     0  -2   0  -1  -2  -2  -2   6  -2  -4  -4  -2  -3  -3  -2   0  -2  -2  -3  -3    0   0   0   0   0   0   0   0   0   0   0   0   0   0   0   0   0   0   0   0  0.00     0.00
  490 A     4  -1  -2  -2   0  -1  -1   0  -2  -1  -1  -1  -1  -2  -1   1   0  -3  -2   0    0   0   0   0   0   0   0   0   0   0   0   0   0   0   0   0   0   0   0   0  0.00     0.00
  491 G     0  -2   0  -1  -2  -2  -2   6  -2  -4  -4  -2  -3  -3  -2   0  -2  -2  -3  -3    0   0   0   0   0   0   0   0   0   0   0   0   0   0   0   0   0   0   0   0  0.00     0.00
  492 A     4  -1  -2  -2   0  -1  -1   0  -2  -1  -1  -1  -1  -2  -1   1   0  -3  -2   0    0   0   0   0   0   0   0   0   0   0   0   0   0   0   0   0   0   0   0   0  0.00     0.00
  493 A     4  -1  -2  -2   0  -1  -1   0  -2  -1  -1  -1  -1  -2  -1   1   0  -3  -2   0    0   0   0   0   0   0   0   0   0   0   0   0   0   0   0   0   0   0   0   0  0.00     0.00
  494 L    -1  -2  -3  -4  -1  -2  -3  -4  -3   2   4  -2   2   0  -3  -2  -1  -2  -1   1    0   0   0   0   0   0   0   0   0   0   0   0   0   0   0   0   0   0   0   0  0.00     0.00
  495 T     0  -1   0  -1  -1  -1  -1  -2  -2  -1  -1  -1  -1  -2  -1   1   5  -2  -2   0    0   0   0   0   0   0   0   0   0   0   0   0   0   0   0   0   0   0   0   0  0.00     0.00
  496 L    -1  -2  -3  -4  -1  -2  -3  -4  -3   2   4  -2   2   0  -3  -2  -1  -2  -1   1    0   0   0   0   0   0   0   0   0   0   0   0   0   0   0   0   0   0   0   0  0.00     0.00
  497 A     4  -1  -2  -2   0  -1  -1   0  -2  -1  -1  -1  -1  -2  -1   1   0  -3  -2   0    0   0   0   0   0   0   0   0   0   0   0   0   0   0   0   0   0   0   0   0  0.00     0.00
  498 F    -2  -3  -3  -3  -2  -3  -3  -3  -1   0   0  -3   0   6  -4  -2  -2   1   3  -1    0   0   0   0   0   0   0   0   0   0   0   0   0   0   0   0   0   0   0   0  0.00     0.00
  499 L    -1  -2  -3  -4  -1  -2  -3  -4  -3   2   4  -2   2   0  -3  -2  -1  -2  -1   1    0   0   0   0   0   0   0   0   0   0   0   0   0   0   0   0   0   0   0   0  0.00     0.00
  500 V     0  -2  -3  -3  -1  -2  -2  -3  -3   3   1  -2   1  -1  -2  -2   0  -3  -1   4    0   0   0   0   0   0   0   0   0   0   0   0   0   0   0   0   0   0   0   0  0.00     0.00
  501 V     0  -2  -3  -3  -1  -2  -2  -3  -3   3   1  -2   1  -1  -2  -2   0  -3  -1   4    0   0   0   0   0   0   0   0   0   0   0   0   0   0   0   0   0   0   0   0  0.00     0.00
  502 T     0  -1   0  -1  -1  -1  -1  -2  -2  -1  -1  -1  -1  -2  -1   1   5  -2  -2   0    0   0   0   0   0   0   0   0   0   0   0   0   0   0   0   0   0   0   0   0  0.00     0.00
  503 W    -3  -3  -4  -4  -2  -2  -3  -2  -2  -3  -2  -3  -1   1  -4  -3  -2  10   2  -3    0   0   0   0   0   0   0   0   0   0   0   0   0   0   0   0   0   0   0   0  0.00     0.00
  504 H    -2   0   1  -1  -3   0   0  -2   7  -3  -3  -1  -2  -1  -2  -1  -2  -2   2  -3    0   0   0   0   0   0   0   0   0   0   0   0   0   0   0   0   0   0   0   0  0.00     0.00
  505 S     1  -1   1   0  -1   0   0   0  -1  -2  -2   0  -1  -2  -1   4   1  -3  -2  -2    0   0   0   0   0   0   0   0   0   0   0   0   0   0   0   0   0   0   0   0  0.00     0.00
  506 R    -1   5   0  -2  -3   1   0  -2   0  -3  -2   2  -1  -3  -2  -1  -1  -3  -2  -2    0   0   0   0   0   0   0   0   0   0   0   0   0   0   0   0   0   0   0   0  0.00     0.00
  507 Y    -2  -2  -2  -3  -2  -1  -2  -3   2  -1  -1  -2  -1   3  -3  -2  -2   2   7  -1    0   0   0   0   0   0   0   0   0   0   0   0   0   0   0   0   0   0   0   0  0.00     0.00
  508 S     1  -1   1   0  -1   0   0   0  -1  -2  -2   0  -1  -2  -1   4   1  -3  -2  -2    0   0   0   0   0   0   0   0   0   0   0   0   0   0   0   0   0   0   0   0  0.00     0.00
  509 R    -1   5   0  -2  -3   1   0  -2   0  -3  -2   2  -1  -3  -2  -1  -1  -3  -2  -2    0   0   0   0   0   0   0   0   0   0   0   0   0   0   0   0   0   0   0   0  0.00     0.00
  510 R    -1   5   0  -2  -3   1   0  -2   0  -3  -2   2  -1  -3  -2  -1  -1  -3  -2  -2    0   0   0   0   0   0   0   0   0   0   0   0   0   0   0   0   0   0   0   0  0.00     0.00
  511 L    -1  -2  -3  -4  -1  -2  -3  -4  -3   2   4  -2   2   0  -3  -2  -1  -2  -1   1    0   0   0   0   0   0   0   0   0   0   0   0   0   0   0   0   0   0   0   0  0.00     0.00
  512 G     0  -2   0  -1  -2  -2  -2   6  -2  -4  -4  -2  -3  -3  -2   0  -2  -2  -3  -3    0   0   0   0   0   0   0   0   0   0   0   0   0   0   0   0   0   0   0   0  0.00     0.00
  513 P    -1  -2  -2  -1  -3  -1  -1  -2  -2  -3  -3  -1  -2  -4   7  -1  -1  -4  -3  -2    0   0   0   0   0   0   0   0   0   0   0   0   0   0   0   0   0   0   0   0  0.00     0.00
  514 V     0  -2  -3  -3  -1  -2  -2  -3  -3   3   1  -2   1  -1  -2  -2   0  -3  -1   4    0   0   0   0   0   0   0   0   0   0   0   0   0   0   0   0   0   0   0   0  0.00     0.00
  515 E    -1   0   0   2  -4   2   5  -2   0  -3  -3   1  -2  -3  -1   0  -1  -3  -2  -2    0   0   0   0   0   0   0   0   0   0   0   0   0   0   0   0   0   0   0   0  0.00     0.00
  516 R    -1   5   0  -2  -3   1   0  -2   0  -3  -2   2  -1  -3  -2  -1  -1  -3  -2  -2    0   0   0   0   0   0   0   0   0   0   0   0   0   0   0   0   0   0   0   0  0.00     0.00
  517 C     0  -3  -3  -3   9  -3  -4  -2  -3  -1  -1  -3  -1  -2  -3  -1  -1  -2  -2  -1    0   0   0   0   0   0   0   0   0   0   0   0   0   0   0   0   0   0   0   0  0.00     0.00
  518 G     0  -2   0  -1  -2  -2  -2   6  -2  -4  -4  -2  -3  -3  -2   0  -2  -2  -3  -3    0   0   0   0   0   0   0   0   0   0   0   0   0   0   0   0   0   0   0   0  0.00     0.00
  519 S     1  -1   1   0  -1   0   0   0  -1  -2  -2   0  -1  -2  -1   4   1  -3  -2  -2    0   0   0   0   0   0   0   0   0   0   0   0   0   0   0   0   0   0   0   0  0.00     0.00
  520 G     0  -2   0  -1  -2  -2  -2   6  -2  -4  -4  -2  -3  -3  -2   0  -2  -2  -3  -3    0   0   0   0   0   0   0   0   0   0   0   0   0   0   0   0   0   0   0   0  0.00     0.00
  521 I    -1  -3  -3  -3  -1  -3  -3  -4  -3   4   2  -3   1   0  -3  -2  -1  -3  -1   3    0   0   0   0   0   0   0   0   0   0   0   0   0   0   0   0   0   0   0   0  0.00     0.00
  522 A     4  -1  -2  -2   0  -1  -1   0  -2  -1  -1  -1  -1  -2  -1   1   0  -3  -2   0    0   0   0   0   0   0   0   0   0   0   0   0   0   0   0   0   0   0   0   0  0.00     0.00
  523 V     0  -2  -3  -3  -1  -2  -2  -3  -3   3   1  -2   1  -1  -2  -2   0  -3  -1   4    0   0   0   0   0   0   0   0   0   0   0   0   0   0   0   0   0   0   0   0  0.00     0.00
  524 V     0  -2  -3  -3  -1  -2  -2  -3  -3   3   1  -2   1  -1  -2  -2   0  -3  -1   4    0   0   0   0   0   0   0   0   0   0   0   0   0   0   0   0   0   0   0   0  0.00     0.00
  525 D    -2  -2   1   6  -3   0   2  -1  -1  -3  -4  -1  -3  -3  -1   0  -1  -4  -3  -3    0   0   0   0   0   0   0   0   0   0   0   0   0   0   0   0   0   0   0   0  0.00     0.00
  526 V     0  -2  -3  -3  -1  -2  -2  -3  -3   3   1  -2   1  -1  -2  -2   0  -3  -1   4    0   0   0   0   0   0   0   0   0   0   0   0   0   0   0   0   0   0   0   0  0.00     0.00
  527 G     0  -2   0  -1  -2  -2  -2   6  -2  -4  -4  -2  -3  -3  -2   0  -2  -2  -3  -3    0   0   0   0   0   0   0   0   0   0   0   0   0   0   0   0   0   0   0   0  0.00     0.00
  528 S     1  -1   1   0  -1   0   0   0  -1  -2  -2   0  -1  -2  -1   4   1  -3  -2  -2    0   0   0   0   0   0   0   0   0   0   0   0   0   0   0   0   0   0   0   0  0.00     0.00
  529 G     0  -2   0  -1  -2  -2  -2   6  -2  -4  -4  -2  -3  -3  -2   0  -2  -2  -3  -3    0   0   0   0   0   0   0   0   0   0   0   0   0   0   0   0   0   0   0   0  0.00     0.00
  530 H    -2   0   1  -1  -3   0   0  -2   7  -3  -3  -1  -2  -1  -2  -1  -2  -2   2  -3    0   0   0   0   0   0   0   0   0   0   0   0   0   0   0   0   0   0   0   0  0.00     0.00
  531 R    -1   5   0  -2  -3   1   0  -2   0  -3  -2   2  -1  -3  -2  -1  -1  -3  -2  -2    0   0   0   0   0   0   0   0   0   0   0   0   0   0   0   0   0   0   0   0  0.00     0.00
  532 S     1  -1   1   0  -1   0   0   0  -1  -2  -2   0  -1  -2  -1   4   1  -3  -2  -2    0   0   0   0   0   0   0   0   0   0   0   0   0   0   0   0   0   0   0   0  0.00     0.00
  533 E    -1   0   0   2  -4   2   5  -2   0  -3  -3   1  -2  -3  -1   0  -1  -3  -2  -2    0   0   0   0   0   0   0   0   0   0   0   0   0   0   0   0   0   0   0   0  0.00     0.00
  534 G     0  -2   0  -1  -2  -2  -2   6  -2  -4  -4  -2  -3  -3  -2   0  -2  -2  -3  -3    0   0   0   0   0   0   0   0   0   0   0   0   0   0   0   0   0   0   0   0  0.00     0.00
  535 N    -2   0   6   1  -3   0   0   0   1  -3  -3   0  -2  -3  -2   1   0  -4  -2  -3    0   0   0   0   0   0   0   0   0   0   0   0   0   0   0   0   0   0   0   0  0.00     0.00
  536 M    -1  -1  -2  -3  -1   0  -2  -3  -2   1   2  -1   5   0  -2  -1  -1  -1  -1   1    0   0   0   0   0   0   0   0   0   0   0   0   0   0   0   0   0   0   0   0  0.00     0.00
  537 S     1  -1   1   0  -1   0   0   0  -1  -2  -2   0  -1  -2  -1   4   1  -3  -2  -2    0   0   0   0   0   0   0   0   0   0   0   0   0   0   0   0   0   0   0   0  0.00     0.00
  538 L    -1  -2  -3  -4  -1  -2  -3  -4  -3   2   4  -2   2   0  -3  -2  -1  -2  -1   1    0   0   0   0   0   0   0   0   0   0   0   0   0   0   0   0   0   0   0   0  0.00     0.00

                      K         Lambda
Standard Ungapped    0.1331     0.3162
Standard Gapped      0.0395     0.2670
PSI Ungapped         0.1291     0.3164
PSI Gapped           0.0395     0.2670
