
Last position-specific scoring matrix computed, weighted observed percentages rounded down, information per position, and relative weight of gapless real matches to pseudocounts
            A   R   N   D   C   Q   E   G   H   I   L   K   M   F   P   S   T   W   Y   V   A   R   N   D   C   Q   E   G   H   I   L   K   M   F   P   S   T   W   Y   V
    1 G     0  -2   0  -1  -2  -2  -2   6  -2  -4  -4  -2  -3  -3  -2   0  -2  -2  -3  -3    0   0   0   0   0   0   0   0   0   0   0   0   0   0   0   0   0   0   0   0  0.00     0.00
    2 R    -1   5   0  -2  -3   1   0  -2   0  -3  -2   2  -1  -3  -2  -1  -1  -3  -2  -2    0   0   0   0   0   0   0   0   0   0   0   0   0   0   0   0   0   0   0   0  0.00     0.00
    3 Y    -2  -2  -2  -3  -2  -1  -2  -3   2  -1  -1  -2  -1   3  -3  -2  -2   2   7  -1    0   0   0   0   0   0   0   0   0   0   0   0   0   0   0   0   0   0   0   0  0.00     0.00
    4 S     1  -1   1   0  -1   0   0   0  -1  -2  -2   0  -1  -2  -1   4   1  -3  -2  -2    0   0   0   0   0   0   0   0   0   0   0   0   0   0   0   0   0   0   0   0  0.00     0.00
    5 S     1  -1   1   0  -1   0   0   0  -1  -2  -2   0  -1  -2  -1   4   1  -3  -2  -2    0   0   0   0   0   0   0   0   0   0   0   0   0   0   0   0   0   0   0   0  0.00     0.00
    6 I    -1  -3  -3  -3  -1  -3  -3  -4  -3   4   2  -3   1   0  -3  -2  -1  -3  -1   3    0   0   0   0   0   0   0   0   0   0   0   0   0   0   0   0   0   0   0   0  0.00     0.00
    7 L    -1  -2  -3  -4  -1  -2  -3  -4  -3   2   4  -2   2   0  -3  -2  -1  -2  -1   1    0   0   0   0   0   0   0   0   0   0   0   0   0   0   0   0   0   0   0   0  0.00     0.00
    8 R    -1   5   0  -2  -3   1   0  -2   0  -3  -2   2  -1  -3  -2  -1  -1  -3  -2  -2    0   0   0   0   0   0   0   0   0   0   0   0   0   0   0   0   0   0   0   0  0.00     0.00
    9 V     0  -2  -3  -3  -1  -2  -2  -3  -3   3   1  -2   1  -1  -2  -2   0  -3  -1   4    0   0   0   0   0   0   0   0   0   0   0   0   0   0   0   0   0   0   0   0  0.00     0.00
   10 M    -1  -1  -2  -3  -1   0  -2  -3  -2   1   2  -1   5   0  -2  -1  -1  -1  -1   1    0   0   0   0   0   0   0   0   0   0   0   0   0   0   0   0   0   0   0   0  0.00     0.00
   11 S     1  -1   1   0  -1   0   0   0  -1  -2  -2   0  -1  -2  -1   4   1  -3  -2  -2    0   0   0   0   0   0   0   0   0   0   0   0   0   0   0   0   0   0   0   0  0.00     0.00
   12 S     1  -1   1   0  -1   0   0   0  -1  -2  -2   0  -1  -2  -1   4   1  -3  -2  -2    0   0   0   0   0   0   0   0   0   0   0   0   0   0   0   0   0   0   0   0  0.00     0.00
   13 G     0  -2   0  -1  -2  -2  -2   6  -2  -4  -4  -2  -3  -3  -2   0  -2  -2  -3  -3    0   0   0   0   0   0   0   0   0   0   0   0   0   0   0   0   0   0   0   0  0.00     0.00
   14 R    -1   5   0  -2  -3   1   0  -2   0  -3  -2   2  -1  -3  -2  -1  -1  -3  -2  -2    0   0   0   0   0   0   0   0   0   0   0   0   0   0   0   0   0   0   0   0  0.00     0.00
   15 T     0  -1   0  -1  -1  -1  -1  -2  -2  -1  -1  -1  -1  -2  -1   1   4  -2  -2   0    0   0   0   0   0   0   0   0   0   0   0   0   0   0   0   0   0   0   0   0  0.00     0.00
   16 P    -1  -2  -2  -1  -3  -1  -1  -2  -2  -3  -3  -1  -2  -4   7  -1  -1  -4  -3  -2    0   0   0   0   0   0   0   0   0   0   0   0   0   0   0   0   0   0   0   0  0.00     0.00
   17 L    -1  -2  -3  -4  -1  -2  -3  -4  -3   2   4  -2   2   0  -3  -2  -1  -2  -1   1    0   0   0   0   0   0   0   0   0   0   0   0   0   0   0   0   0   0   0   0  0.00     0.00
   18 G     0  -2   0  -1  -2  -2  -2   6  -2  -4  -4  -2  -3  -3  -2   0  -2  -2  -3  -3    0   0   0   0   0   0   0   0   0   0   0   0   0   0   0   0   0   0   0   0  0.00     0.00
   19 A     4  -1  -2  -2   0  -1  -1   0  -2  -1  -1  -1  -1  -2  -1   1   0  -2  -2   0    0   0   0   0   0   0   0   0   0   0   0   0   0   0   0   0   0   0   0   0  0.00     0.00
   20 L    -1  -2  -3  -4  -1  -2  -3  -4  -3   2   4  -2   2   0  -3  -2  -1  -2  -1   1    0   0   0   0   0   0   0   0   0   0   0   0   0   0   0   0   0   0   0   0  0.00     0.00
   21 C     0  -3  -3  -3   8  -3  -4  -2  -3  -1  -1  -3  -1  -2  -3  -1  -1  -2  -2  -1    0   0   0   0   0   0   0   0   0   0   0   0   0   0   0   0   0   0   0   0  0.00     0.00
   22 C     0  -3  -3  -3   8  -3  -4  -2  -3  -1  -1  -3  -1  -2  -3  -1  -1  -2  -2  -1    0   0   0   0   0   0   0   0   0   0   0   0   0   0   0   0   0   0   0   0  0.00     0.00
   23 A     4  -1  -2  -2   0  -1  -1   0  -2  -1  -1  -1  -1  -2  -1   1   0  -2  -2   0    0   0   0   0   0   0   0   0   0   0   0   0   0   0   0   0   0   0   0   0  0.00     0.00
   24 A     4  -1  -2  -2   0  -1  -1   0  -2  -1  -1  -1  -1  -2  -1   1   0  -2  -2   0    0   0   0   0   0   0   0   0   0   0   0   0   0   0   0   0   0   0   0   0  0.00     0.00
   25 A     4  -1  -2  -2   0  -1  -1   0  -2  -1  -1  -1  -1  -2  -1   1   0  -2  -2   0    0   0   0   0   0   0   0   0   0   0   0   0   0   0   0   0   0   0   0   0  0.00     0.00
   26 L    -1  -2  -3  -4  -1  -2  -3  -4  -3   2   4  -2   2   0  -3  -2  -1  -2  -1   1    0   0   0   0   0   0   0   0   0   0   0   0   0   0   0   0   0   0   0   0  0.00     0.00
   27 L    -1  -2  -3  -4  -1  -2  -3  -4  -3   2   4  -2   2   0  -3  -2  -1  -2  -1   1    0   0   0   0   0   0   0   0   0   0   0   0   0   0   0   0   0   0   0   0  0.00     0.00
   28 G     0  -2   0  -1  -2  -2  -2   6  -2  -4  -4  -2  -3  -3  -2   0  -2  -2  -3  -3    0   0   0   0   0   0   0   0   0   0   0   0   0   0   0   0   0   0   0   0  0.00     0.00
   29 G     0  -2   0  -1  -2  -2  -2   6  -2  -4  -4  -2  -3  -3  -2   0  -2  -2  -3  -3    0   0   0   0   0   0   0   0   0   0   0   0   0   0   0   0   0   0   0   0  0.00     0.00
   30 T     0  -1   0  -1  -1  -1  -1  -2  -2  -1  -1  -1  -1  -2  -1   1   4  -2  -2   0    0   0   0   0   0   0   0   0   0   0   0   0   0   0   0   0   0   0   0   0  0.00     0.00
   31 W    -2  -3  -4  -4  -2  -2  -3  -2  -2  -3  -2  -3  -1   1  -4  -3  -2  10   2  -3    0   0   0   0   0   0   0   0   0   0   0   0   0   0   0   0   0   0   0   0  0.00     0.00
   32 A     4  -1  -2  -2   0  -1  -1   0  -2  -1  -1  -1  -1  -2  -1   1   0  -2  -2   0    0   0   0   0   0   0   0   0   0   0   0   0   0   0   0   0   0   0   0   0  0.00     0.00
   33 D    -2  -2   1   6  -3   0   1  -1  -1  -3  -4  -1  -3  -3  -1   0  -1  -4  -3  -3    0   0   0   0   0   0   0   0   0   0   0   0   0   0   0   0   0   0   0   0  0.00     0.00
   34 S     1  -1   1   0  -1   0   0   0  -1  -2  -2   0  -1  -2  -1   4   1  -3  -2  -2    0   0   0   0   0   0   0   0   0   0   0   0   0   0   0   0   0   0   0   0  0.00     0.00
   35 G     0  -2   0  -1  -2  -2  -2   6  -2  -4  -4  -2  -3  -3  -2   0  -2  -2  -3  -3    0   0   0   0   0   0   0   0   0   0   0   0   0   0   0   0   0   0   0   0  0.00     0.00
   36 L    -1  -2  -3  -4  -1  -2  -3  -4  -3   2   4  -2   2   0  -3  -2  -1  -2  -1   1    0   0   0   0   0   0   0   0   0   0   0   0   0   0   0   0   0   0   0   0  0.00     0.00
   37 G     0  -2   0  -1  -2  -2  -2   6  -2  -4  -4  -2  -3  -3  -2   0  -2  -2  -3  -3    0   0   0   0   0   0   0   0   0   0   0   0   0   0   0   0   0   0   0   0  0.00     0.00
   38 R    -1   5   0  -2  -3   1   0  -2   0  -3  -2   2  -1  -3  -2  -1  -1  -3  -2  -2    0   0   0   0   0   0   0   0   0   0   0   0   0   0   0   0   0   0   0   0  0.00     0.00
   39 E    -1   0   0   1  -4   2   5  -2   0  -3  -3   1  -2  -3  -1   0  -1  -3  -2  -2    0   0   0   0   0   0   0   0   0   0   0   0   0   0   0   0   0   0   0   0  0.00     0.00
   40 S     1  -1   1   0  -1   0   0   0  -1  -2  -2   0  -1  -2  -1   4   1  -3  -2  -2    0   0   0   0   0   0   0   0   0   0   0   0   0   0   0   0   0   0   0   0  0.00     0.00
   41 G     0  -2   0  -1  -2  -2  -2   6  -2  -4  -4  -2  -3  -3  -2   0  -2  -2  -3  -3    0   0   0   0   0   0   0   0   0   0   0   0   0   0   0   0   0   0   0   0  0.00     0.00
   42 C     0  -3  -3  -3   8  -3  -4  -2  -3  -1  -1  -3  -1  -2  -3  -1  -1  -2  -2  -1    0   0   0   0   0   0   0   0   0   0   0   0   0   0   0   0   0   0   0   0  0.00     0.00
   43 G     0  -2   0  -1  -2  -2  -2   6  -2  -4  -4  -2  -3  -3  -2   0  -2  -2  -3  -3    0   0   0   0   0   0   0   0   0   0   0   0   0   0   0   0   0   0   0   0  0.00     0.00
   44 F    -2  -3  -3  -3  -2  -3  -3  -3  -1   0   0  -3   0   6  -4  -2  -2   1   3  -1    0   0   0   0   0   0   0   0   0   0   0   0   0   0   0   0   0   0   0   0  0.00     0.00
   45 V     0  -2  -3  -3  -1  -2  -2  -3  -3   3   1  -2   1  -1  -2  -2   0  -3  -1   4    0   0   0   0   0   0   0   0   0   0   0   0   0   0   0   0   0   0   0   0  0.00     0.00
   46 D    -2  -2   1   6  -3   0   1  -1  -1  -3  -4  -1  -3  -3  -1   0  -1  -4  -3  -3    0   0   0   0   0   0   0   0   0   0   0   0   0   0   0   0   0   0   0   0  0.00     0.00
   47 D    -2  -2   1   6  -3   0   1  -1  -1  -3  -4  -1  -3  -3  -1   0  -1  -4  -3  -3    0   0   0   0   0   0   0   0   0   0   0   0   0   0   0   0   0   0   0   0  0.00     0.00
   48 T     0  -1   0  -1  -1  -1  -1  -2  -2  -1  -1  -1  -1  -2  -1   1   4  -2  -2   0    0   0   0   0   0   0   0   0   0   0   0   0   0   0   0   0   0   0   0   0  0.00     0.00
   49 I    -1  -3  -3  -3  -1  -3  -3  -4  -3   4   2  -3   1   0  -3  -2  -1  -3  -1   3    0   0   0   0   0   0   0   0   0   0   0   0   0   0   0   0   0   0   0   0  0.00     0.00
   50 T     0  -1   0  -1  -1  -1  -1  -2  -2  -1  -1  -1  -1  -2  -1   1   4  -2  -2   0    0   0   0   0   0   0   0   0   0   0   0   0   0   0   0   0   0   0   0   0  0.00     0.00
   51 L    -1  -2  -3  -4  -1  -2  -3  -4  -3   2   4  -2   2   0  -3  -2  -1  -2  -1   1    0   0   0   0   0   0   0   0   0   0   0   0   0   0   0   0   0   0   0   0  0.00     0.00
   52 P    -1  -2  -2  -1  -3  -1  -1  -2  -2  -3  -3  -1  -2  -4   7  -1  -1  -4  -3  -2    0   0   0   0   0   0   0   0   0   0   0   0   0   0   0   0   0   0   0   0  0.00     0.00
   53 S     1  -1   1   0  -1   0   0   0  -1  -2  -2   0  -1  -2  -1   4   1  -3  -2  -2    0   0   0   0   0   0   0   0   0   0   0   0   0   0   0   0   0   0   0   0  0.00     0.00
   54 G     0  -2   0  -1  -2  -2  -2   6  -2  -4  -4  -2  -3  -3  -2   0  -2  -2  -3  -3    0   0   0   0   0   0   0   0   0   0   0   0   0   0   0   0   0   0   0   0  0.00     0.00
   55 E    -1   0   0   1  -4   2   5  -2   0  -3  -3   1  -2  -3  -1   0  -1  -3  -2  -2    0   0   0   0   0   0   0   0   0   0   0   0   0   0   0   0   0   0   0   0  0.00     0.00
   56 Q    -1   1   0   0  -3   5   2  -2   0  -3  -2   1   0  -3  -1   0  -1  -2  -1  -2    0   0   0   0   0   0   0   0   0   0   0   0   0   0   0   0   0   0   0   0  0.00     0.00
   57 I    -1  -3  -3  -3  -1  -3  -3  -4  -3   4   2  -3   1   0  -3  -2  -1  -3  -1   3    0   0   0   0   0   0   0   0   0   0   0   0   0   0   0   0   0   0   0   0  0.00     0.00
   58 V     0  -2  -3  -3  -1  -2  -2  -3  -3   3   1  -2   1  -1  -2  -2   0  -3  -1   4    0   0   0   0   0   0   0   0   0   0   0   0   0   0   0   0   0   0   0   0  0.00     0.00
   59 A     4  -1  -2  -2   0  -1  -1   0  -2  -1  -1  -1  -1  -2  -1   1   0  -2  -2   0    0   0   0   0   0   0   0   0   0   0   0   0   0   0   0   0   0   0   0   0  0.00     0.00
   60 R    -1   5   0  -2  -3   1   0  -2   0  -3  -2   2  -1  -3  -2  -1  -1  -3  -2  -2    0   0   0   0   0   0   0   0   0   0   0   0   0   0   0   0   0   0   0   0  0.00     0.00
   61 R    -1   5   0  -2  -3   1   0  -2   0  -3  -2   2  -1  -3  -2  -1  -1  -3  -2  -2    0   0   0   0   0   0   0   0   0   0   0   0   0   0   0   0   0   0   0   0  0.00     0.00
   62 L    -1  -2  -3  -4  -1  -2  -3  -4  -3   2   4  -2   2   0  -3  -2  -1  -2  -1   1    0   0   0   0   0   0   0   0   0   0   0   0   0   0   0   0   0   0   0   0  0.00     0.00
   63 V     0  -2  -3  -3  -1  -2  -2  -3  -3   3   1  -2   1  -1  -2  -2   0  -3  -1   4    0   0   0   0   0   0   0   0   0   0   0   0   0   0   0   0   0   0   0   0  0.00     0.00
   64 E    -1   0   0   1  -4   2   5  -2   0  -3  -3   1  -2  -3  -1   0  -1  -3  -2  -2    0   0   0   0   0   0   0   0   0   0   0   0   0   0   0   0   0   0   0   0  0.00     0.00
   65 A     4  -1  -2  -2   0  -1  -1   0  -2  -1  -1  -1  -1  -2  -1   1   0  -2  -2   0    0   0   0   0   0   0   0   0   0   0   0   0   0   0   0   0   0   0   0   0  0.00     0.00
   66 D    -2  -2   1   6  -3   0   1  -1  -1  -3  -4  -1  -3  -3  -1   0  -1  -4  -3  -3    0   0   0   0   0   0   0   0   0   0   0   0   0   0   0   0   0   0   0   0  0.00     0.00
   67 I    -1  -3  -3  -3  -1  -3  -3  -4  -3   4   2  -3   1   0  -3  -2  -1  -3  -1   3    0   0   0   0   0   0   0   0   0   0   0   0   0   0   0   0   0   0   0   0  0.00     0.00
   68 G     0  -2   0  -1  -2  -2  -2   6  -2  -4  -4  -2  -3  -3  -2   0  -2  -2  -3  -3    0   0   0   0   0   0   0   0   0   0   0   0   0   0   0   0   0   0   0   0  0.00     0.00
   69 L    -1  -2  -3  -4  -1  -2  -3  -4  -3   2   4  -2   2   0  -3  -2  -1  -2  -1   1    0   0   0   0   0   0   0   0   0   0   0   0   0   0   0   0   0   0   0   0  0.00     0.00
   70 T     0  -1   0  -1  -1  -1  -1  -2  -2  -1  -1  -1  -1  -2  -1   1   4  -2  -2   0    0   0   0   0   0   0   0   0   0   0   0   0   0   0   0   0   0   0   0   0  0.00     0.00
   71 F    -2  -3  -3  -3  -2  -3  -3  -3  -1   0   0  -3   0   6  -4  -2  -2   1   3  -1    0   0   0   0   0   0   0   0   0   0   0   0   0   0   0   0   0   0   0   0  0.00     0.00
   72 P    -1  -2  -2  -1  -3  -1  -1  -2  -2  -3  -3  -1  -2  -4   7  -1  -1  -4  -3  -2    0   0   0   0   0   0   0   0   0   0   0   0   0   0   0   0   0   0   0   0  0.00     0.00
   73 K    -1   2   0  -1  -3   1   1  -2  -1  -3  -2   4  -1  -3  -1   0  -1  -3  -2  -2    0   0   0   0   0   0   0   0   0   0   0   0   0   0   0   0   0   0   0   0  0.00     0.00
   74 T     0  -1   0  -1  -1  -1  -1  -2  -2  -1  -1  -1  -1  -2  -1   1   4  -2  -2   0    0   0   0   0   0   0   0   0   0   0   0   0   0   0   0   0   0   0   0   0  0.00     0.00
   75 P    -1  -2  -2  -1  -3  -1  -1  -2  -2  -3  -3  -1  -2  -4   7  -1  -1  -4  -3  -2    0   0   0   0   0   0   0   0   0   0   0   0   0   0   0   0   0   0   0   0  0.00     0.00
   76 L    -1  -2  -3  -4  -1  -2  -3  -4  -3   2   4  -2   2   0  -3  -2  -1  -2  -1   1    0   0   0   0   0   0   0   0   0   0   0   0   0   0   0   0   0   0   0   0  0.00     0.00
   77 D    -2  -2   1   6  -3   0   1  -1  -1  -3  -4  -1  -3  -3  -1   0  -1  -4  -3  -3    0   0   0   0   0   0   0   0   0   0   0   0   0   0   0   0   0   0   0   0  0.00     0.00
   78 V     0  -2  -3  -3  -1  -2  -2  -3  -3   3   1  -2   1  -1  -2  -2   0  -3  -1   4    0   0   0   0   0   0   0   0   0   0   0   0   0   0   0   0   0   0   0   0  0.00     0.00
   79 T     0  -1   0  -1  -1  -1  -1  -2  -2  -1  -1  -1  -1  -2  -1   1   4  -2  -2   0    0   0   0   0   0   0   0   0   0   0   0   0   0   0   0   0   0   0   0   0  0.00     0.00
   80 D    -2  -2   1   6  -3   0   1  -1  -1  -3  -4  -1  -3  -3  -1   0  -1  -4  -3  -3    0   0   0   0   0   0   0   0   0   0   0   0   0   0   0   0   0   0   0   0  0.00     0.00
   81 G     0  -2   0  -1  -2  -2  -2   6  -2  -4  -4  -2  -3  -3  -2   0  -2  -2  -3  -3    0   0   0   0   0   0   0   0   0   0   0   0   0   0   0   0   0   0   0   0  0.00     0.00
   82 L    -1  -2  -3  -4  -1  -2  -3  -4  -3   2   4  -2   2   0  -3  -2  -1  -2  -1   1    0   0   0   0   0   0   0   0   0   0   0   0   0   0   0   0   0   0   0   0  0.00     0.00
   83 P    -1  -2  -2  -1  -3  -1  -1  -2  -2  -3  -3  -1  -2  -4   7  -1  -1  -4  -3  -2    0   0   0   0   0   0   0   0   0   0   0   0   0   0   0   0   0   0   0   0  0.00     0.00
   84 W    -2  -3  -4  -4  -2  -2  -3  -2  -2  -3  -2  -3  -1   1  -4  -3  -2  10   2  -3    0   0   0   0   0   0   0   0   0   0   0   0   0   0   0   0   0   0   0   0  0.00     0.00
   85 P    -1  -2  -2  -1  -3  -1  -1  -2  -2  -3  -3  -1  -2  -4   7  -1  -1  -4  -3  -2    0   0   0   0   0   0   0   0   0   0   0   0   0   0   0   0   0   0   0   0  0.00     0.00
   86 K    -1   2   0  -1  -3   1   1  -2  -1  -3  -2   4  -1  -3  -1   0  -1  -3  -2  -2    0   0   0   0   0   0   0   0   0   0   0   0   0   0   0   0   0   0   0   0  0.00     0.00
   87 E    -1   0   0   1  -4   2   5  -2   0  -3  -3   1  -2  -3  -1   0  -1  -3  -2  -2    0   0   0   0   0   0   0   0   0   0   0   0   0   0   0   0   0   0   0   0  0.00     0.00
   88 W    -2  -3  -4  -4  -2  -2  -3  -2  -2  -3  -2  -3  -1   1  -4  -3  -2  10   2  -3    0   0   0   0   0   0   0   0   0   0   0   0   0   0   0   0   0   0   0   0  0.00     0.00
   89 P    -1  -2  -2  -1  -3  -1  -1  -2  -2  -3  -3  -1  -2  -4   7  -1  -1  -4  -3  -2    0   0   0   0   0   0   0   0   0   0   0   0   0   0   0   0   0   0   0   0  0.00     0.00
   90 F    -2  -3  -3  -3  -2  -3  -3  -3  -1   0   0  -3   0   6  -4  -2  -2   1   3  -1    0   0   0   0   0   0   0   0   0   0   0   0   0   0   0   0   0   0   0   0  0.00     0.00
   91 P    -1  -2  -2  -1  -3  -1  -1  -2  -2  -3  -3  -1  -2  -4   7  -1  -1  -4  -3  -2    0   0   0   0   0   0   0   0   0   0   0   0   0   0   0   0   0   0   0   0  0.00     0.00
   92 P    -1  -2  -2  -1  -3  -1  -1  -2  -2  -3  -3  -1  -2  -4   7  -1  -1  -4  -3  -2    0   0   0   0   0   0   0   0   0   0   0   0   0   0   0   0   0   0   0   0  0.00     0.00
   93 E    -1   0   0   1  -4   2   5  -2   0  -3  -3   1  -2  -3  -1   0  -1  -3  -2  -2    0   0   0   0   0   0   0   0   0   0   0   0   0   0   0   0   0   0   0   0  0.00     0.00
   94 A     4  -1  -2  -2   0  -1  -1   0  -2  -1  -1  -1  -1  -2  -1   1   0  -2  -2   0    0   0   0   0   0   0   0   0   0   0   0   0   0   0   0   0   0   0   0   0  0.00     0.00
   95 F    -2  -3  -3  -3  -2  -3  -3  -3  -1   0   0  -3   0   6  -4  -2  -2   1   3  -1    0   0   0   0   0   0   0   0   0   0   0   0   0   0   0   0   0   0   0   0  0.00     0.00
   96 A     4  -2  -1  -2  -1  -1  -1   0  -2  -2  -2  -1  -1  -3  -1   2   0  -3  -2  -1   85   0   0   0   0   0   0   0   0   0   0   0   0   0   0  15   0   0   0   0  0.45 0.04
   97 R    -2   5   1  -2  -4   1   0  -3  -1  -4  -3   4  -2  -4  -2  -1  -1  -4  -2  -3    0  59   7   0   0   0   0   0   0   0   0  34   0   0   0   0   0   0   0   0  0.77 0.12
   98 E    -3  -2  -3  -3  -3  -2   0  -4   1  -2  -2  -2  -2   3  -4  -2  -2   1   8  -2    0   0   0   0   0   0  10   0   0   0   0   0   0   9   0   0   0   0  81   0  1.13 0.17
   99 D    -2  -2   0   6  -4   0   3  -2  -2  -4  -4  -1  -4  -4  -2  -1  -2  -5  -4  -4    0   0   0  81   0   0  19   0   0   0   0   0   0   0   0   0   0   0   0   0  1.13 0.15
  100 E    -1   1  -2  -1  -2   1   2  -3  -2   2   1  -1   0  -1  -2  -1   0  -3  -2   1    0   9   0   0   0   9  20   0   0  17  22   0   0   0   0   0   8   0   0  14  0.14 0.05
  101 S    -1  -2  -1  -2  -2  -1  -2  -2  -2  -1   0  -1   5  -2  -2   2   3  -3  -2  -1    0   0   0   0   0   0   0   0   0   0   0   0  42   0   0  29  29   0   0   0  0.42 0.13
  102 D     0  -1   6   2  -3   0   1  -1   0  -4  -4  -1  -3  -4  -2   0  -1  -4  -3  -3    9   0  71  10   0   0   9   0   0   0   0   0   0   0   0   0   0   0   0   0  0.77 0.13
  103 D    -2  -2   0   6  -4  -1   1  -2  -2  -4  -4  -1  -4  -4   3  -1   0  -5  -4  -3    0   0   0  74   0   0   0   0   0   0   0   0   0   0  19   0   7   0   0   0  1.01 0.14
  104 A     2  -2  -3  -2  -1  -1   0  -2  -3   2   2  -2   0  -1  -2  -1  -1  -3  -2   2   29   0   0   0   0   0   9   0   0   8  22   0   0   0   0   0   0   0   0  32  0.19 0.06
  105 F    -2   2  -3  -4  -2  -1  -2  -4  -2   1   2  -1   5   2  -3  -2  -2  -2  -1   0    0  19   0   0   0   0   0   0   0   7  22   0  42  10   0   0   0   0   0   0  0.38 0.10
  106 F     0  -2  -1  -2  -2  -1  -1  -2  -2  -2  -2  -1  -2   4  -2   4   0  -2   0  -2    0   0   0   0   0   0   0   0   0   0   0   0   0  29   0  71   0   0   0   0  0.53 0.14
  107 Y    -2  -3  -4  -4  -3  -3  -3  -4  -1   0   3  -3   0   5  -4  -3  -2   0   5  -1    0   0   0   0   0   0   0   0   0   0  40   0   0  32   0   0   0   0  29   0  0.61 0.10
  108 G    -1  -3  -1  -2  -3  -3  -3   7  -3  -5  -5  -2  -4  -4  -3  -1  -2  -3  -4  -4    0   0   0   0   0   0   0 100   0   0   0   0   0   0   0   0   0   0   0   0  1.41 0.16
  109 E     0   0  -2  -2  -2   2   1  -3  -2   3   0  -1   3  -2  -2  -1   1  -3  -2   1    9   7   0   0   0  14  10   0   0  34   0   0  15   0   0   0   9   0   0   0  0.15 0.07
  110 P     0  -1   0   3  -3   0   0  -2   6  -3  -3  -1  -2  -2   2  -1  -1  -3   0  -2    9   1   1  23   0   1   1   1  42   1   2   1   0   1  11   1   1   0   1   1  0.50 0.08
  111 R    -2   6  -1  -2  -3   0  -1  -2  -1  -3  -2   1  -2  -3  -2  -1  -1  -2  -2  -2    1  82   1   1   0   1   1   1   0   1   2   1   0   1   1   1   1   0   1   1  0.81 0.11
  112 L    -1  -2  -3  -3  -2  -2  -2  -3  -2   1   4  -2   2   1  -2  -2  -1  -2  -1   1    1   1   1   1   0   1   1   1   0   1  67   1   5   7   1   1   1   0   1   8  0.37 0.08
  113 V    -2   2  -2  -3  -2  -1  -2  -2  -2  -1   0  -1  -1  -1  -2   0  -1   9   0   0    1  18   1   1   0   1   1   1   0   1  10   1   0   1   1  10   1  42   0  10  0.86 0.12
  114 Y     0   3  -1  -2  -2   0  -1  -2  -1  -2  -2   2  -1   2  -2  -1  -1   5   3  -2    9  21   1   1   0   1   1   1   0   1   1  23   0  13   1   1   1   9  14   1  0.29 0.06
  115 H     0   3   3   1  -2   0   0  -1   2  -2  -2   0  -2  -2  -2   0   2  -3  -1  -2    9  25  19   8   0   1   1   1   9   1   1   1   0   1   1   1  18   0   0   1  0.25 0.06
  116 I     0   0  -2   0  -2  -2   0  -3  -3   3   1  -2   0   0  -3  -2  -1   4  -1   1   12   7   0   7   0   0   6   0   0  42   7   0   0   4   0   0   0   6   0   8  0.18 0.08
  117 D     0   0   0   4  -3  -1   0  -2  -2  -1  -1  -1   1   1  -2  -1   2  -3  -1   0    7   6   0  36   0   0   4   0   0   0   0   0   7   9   0   0  17   0   0  12  0.24 0.09
  118 E     1   1  -1   1   3   1   2  -2  -1  -1  -2   1  -1  -3  -2   0  -1  -3  -2   1   17  11   0   6  11   6  21   0   0   4   0   7   0   0   0   3   0   0   0  14  0.18 0.07
  119 A     3   1   1   1  -2   0   1  -1  -1  -3  -3   0  -2  -3  -2   2   1  -3  -2  -2   33   7   6   6   0   0   9   0   0   0   0   6   0   0   0  26   8   0   0   0  0.29 0.09
  120 T     1   0  -1  -2  -2  -1  -2   1  -2  -2  -2  -1   1   1  -2   1   3   4  -1  -1   16   8   0   0   0   0   0  14   0   0   0   0   6   8   0   9  32   7   0   0  0.25 0.10
  121 V     1   0  -3   0  -2  -2  -2  -3  -3   1   2  -2   0  -2  -3  -2  -1  -3  -2   4   15   7   0   6   0   0   0   0   0   0  19   0   0   0   0   0   0   0   0  53  0.28 0.13
  122 R    -2   5   1   3  -4   1   0  -1   3  -4  -4   1  -3  -4  -3   0  -2  -4  -2  -4    0  43   7  19   0   7   0   3  10   0   0   5   0   0   0   7   0   0   0   0  0.55 0.16
  123 A     3   1  -2   0  -2  -1  -1  -1  -2  -2   0   1  -1   0   2   0  -1  -3  -2  -1   41  12   0   6   0   0   1   1   0   0  11  11   0   5  10   1   0   0   0   1  0.21 0.10
  124 L     0   1  -2  -3  -2  -1  -2   0  -2   1   2   0   2  -1  -2  -2   0   5  -1   0    6  11   0   1   0   0   1   8   0  11  31   5   6   0   1   1   5  11   0   1  0.21 0.08
  125 T     0   0   1  -2  -2  -1  -1  -1  -2   0  -2   1  -1  -2   3   0   3   3  -2   0    7   3   7   0   0   0   0   5   0   6   1  16   0   0  16   0  28   5   0   5  0.26 0.10
  126 N     0   3   2   1  -3   0  -1   3  -1  -3  -3   1  -2  -3  -2   0  -1  -3  -2  -3    9  23  15  10   0   0   1  24   0   1   1   5   0   0   1   8   1   0   0   1  0.31 0.09
  127 Y     0  -1  -1   0  -2   1   0  -2   0  -1  -1  -1   1   0  -2   0   0   4   5  -1    6   1   1   5   0   9   6   1   0   1   6   1   6   1   1   5   8   6  34   1  0.30 0.11
  128 Y    -2  -1  -2  -2  -2  -1  -1  -1   2  -1   0   2   1   2  -2  -1  -1   3   4   0    1   1   1   1   0   1   1   5   5   1  11  20   4   8   1   5   1   4  25   6  0.24 0.11
  129 K    -2   2   0  -2  -3   2   0  -1   1   0  -2   3   1  -3   0  -1   0  -3  -2   0    0  15   5   0   0  15   4   3   3   8   1  21   4   0   4   0   6   0   0   9  0.21 0.13
  130 A     3  -3  -3  -3  -2  -2  -2  -1  -3   0   1  -2   3  -2   0   1  -1  -3  -2   0   39   0   0   0   0   0   0   3   0   6  16   0  14   0   4  11   0   0   0   4  0.32 0.19
  131 E    -1  -1   2   4  -4   2   3   1   0  -4  -4   1  -3  -4  -2  -1  -2  -4  -3  -4    3   2  12  27   0   8  23  14   2   0   0   6   0   0   0   0   0   0   0   0  0.53 0.20
  132 I    -1  -4  -4  -4  -2  -3  -4  -1  -4   4   1  -3  -1  -2  -4  -2   0  -4  -3   4    3   0   0   0   0   0   0   6   0  26  13   0   0   0   0   3   4   0   0  44  0.57 0.24
  133 S     1   4  -2  -1   0   2  -1  -2  -2  -3  -3   3  -2  -1  -2   1   0  -3  -1  -2   17  24   0   3   2  10   0   0   0   0   0  20   0   3   1  10   3   0   2   2  0.35 0.19
  134 A     3  -1  -2  -2  -3  -2   0  -1  -3  -3  -3   1  -3  -1   4   1   0  -4  -3   0   29   2   0   0   0   0   8   4   0   0   0  10   0   3  24   9   4   0   0   8  0.46 0.22
  135 G    -1  -4   1  -3  -5  -4  -2   7  -4  -6  -6  -2  -5  -6  -5  -3  -4  -5  -6  -6    3   0   6   0   0   0   3  86   0   0   0   2   0   0   0   0   0   0   0   0  1.75 0.50
  136 S    -1   0   1   2   0   1   0   0   0  -1  -2  -1   1   0  -3   1   2  -3  -1  -1    3   4   5  14   2  10   5   8   2   2   2   0   6   5   0   8  19   0   2   2  0.14 0.13
  137 A     1   3  -1  -1  -2   1  -1   1   0  -1  -1   3  -2  -4  -3   0   1  -4  -3  -2   12  17   1   3   1   4   2  10   2   4   5  26   0   0   0   4   8   0   0   1  0.26 0.17
  138 I     1  -4  -4  -2   0  -3  -3  -4  -4   4   0  -3  -1  -2  -3  -3   0  -4  -3   5   10   0   0   3   2   0   0   0   0  24   6   0   0   0   0   0   5   0   0  48  0.63 0.28
  139 L    -1  -4  -4  -5  -3  -4  -4  -2  -4   0   5  -4   0   0  -4  -1  -3  -3  -3  -1    5   0   0   0   0   0   0   3   0   3  77   0   0   2   0   6   0   0   0   0  0.91 0.36
  140 D    -3  -4  -1   8  -6   0   0  -4   0  -6  -6  -3  -6  -6  -4  -2  -4  -7  -5  -6    2   0   0  87   0   3   3   0   2   0   0   0   0   0   0   2   0   0   0   0  1.98 0.59
  141 I    -2  -4  -4  -5   2  -4  -4  -5  -4   4   2  -2  -1  -2  -4  -2  -2  -4  -3   4    0   0   0   0   5   0   0   0   0  26  24   3   0   0   0   2   0   0   0  37  0.71 0.30
  142 T     3  -4  -3  -3  -3  -2  -3   3  -4  -4  -4  -3  -3  -5   2  -1   4  -5  -4  -3   29   0   0   0   0   2   0  24   0   0   0   0   0   0  10   1  34   0   0   0  0.76 0.37
  143 S     3  -3  -3  -3   2  -2  -3   4  -4  -1  -2  -2  -3   0  -2   0   1  -4  -3  -3   26   0   0   0   6   2   0  37   0   4   3   1   0   5   1   6   9   0   0   0  0.54 0.27
  144 S    -1   2  -2   3   1  -2  -2   4  -3  -5  -5  -2  -4  -4  -4   1  -1  -5  -1  -4    4  13   0  22   3   1   0  38   0   0   0   1   0   0   0  13   3   0   2   0  0.67 0.31
  145 W    -1  -1  -2  -1   0   0  -1  -1  -2   1   0  -2  -1   1  -1  -1   0   7   2   0    3   3   1   3   3   4   5   5   0   9  10   1   0   6   3   3   6  20   9   6  0.36 0.14
  146 V     1  -2  -2  -1   1  -1  -2   0  -2   2   0  -2  -1  -1   0   0   2  -3  -2   1   11   1   1   2   3   2   1   9   0  15   8   1   0   3   4   8  20   0   0  11  0.13 0.11
  147 S     1   0   0  -1  -2   1   0   2  -2   1  -1   0  -1  -1  -2   1   0   0  -2  -1   13   4   5   2   0   8   4  15   0  12   6   7   0   2   1   9   7   2   0   2  0.08 0.07
  148 H     1   1   0   0  -1   0   0  -1   5  -2  -2   1  -1  -1   1  -1  -1  -2   1  -2   14  10   2   6   2   4   5   3  17   1   2  11   2   2   6   3   1   0   6   3  0.21 0.13
  149 F    -1  -2  -3  -3  -2  -2  -2  -2  -2   1   2  -1   1   4  -3  -2  -2  -1   2   1    5   1   1   1   0   1   2   4   0   8  24   4   3  26   1   3   1   0   6   8  0.30 0.15
  150 P     2   0  -1  -1  -2  -1  -1  -1  -2  -2  -1   0  -1  -3   2   1   3   1  -2  -1   22   5   1   3   0   1   1   4   0   1   6   5   2   1  10  13  21   2   0   4  0.23 0.15
  151 N     0   2   2  -1   1   1   0   2  -1  -2  -2   1  -2  -3  -2   1   0  -3  -2  -2    9  15  14   2   3   6   4  16   1   2   2   9   0   0   1  10   3   0   0   1  0.22 0.12
  152 D     1   0   0   4  -3   1   1  -1   0  -1  -1  -1  -1  -2  -1   0  -1  -3   0  -2   14   5   3  29   0   9   6   3   2   4   7   1   1   1   3   4   3   0   3   2  0.23 0.14
  153 F     1  -1  -1  -3  -2  -1  -2  -2   0   0   1  -2  -1   4  -3  -2  -1   1   0   2   14   4   2   1   0   2   2   3   3   4  16   1   0  25   1   1   3   2   0  15  0.22 0.15
  154 P     1  -1  -1  -1   0  -2  -2   2  -2  -2  -3  -1  -1  -3   4   1   1  -3  -3   0   13   2   2   2   2   1   2  15   0   1   1   2   2   1  22  13  10   0   0   7  0.36 0.16
  155 N     0   1   3   1  -3   1   1   1   1  -2  -2   1  -2  -3   0  -1  -1  -3  -2  -2    7  10  16  10   0   5   8  10   5   2   4  10   0   0   3   2   3   0   1   3  0.18 0.10
  156 T     2   0   0  -1  -2  -1   0   0  -2  -1  -3  -1  -2   0  -1   2   3  -3  -1  -1   17   4   4   1   0   2   5   6   0   3   1   3   0   5   2  18  24   0   2   3  0.23 0.17
  157 M    -1  -1  -1  -1   0   1   0   2   0  -1   1  -1   3   1  -2  -1  -1   0  -1   0    1   2   3   3   3   9   5  22   3   2  12   3  11   8   1   2   3   1   0   6  0.13 0.12
  158 A     5  -2  -3  -2   1  -2  -3   2  -4  -1  -1  -2  -1  -1  -3   0  -2  -4  -3   0   51   1   0   1   3   1   0  15   0   3   7   1   1   2   0   5   1   0   0   6  0.55 0.32
  159 R    -1   3   2  -1  -1   2   1  -3   2  -2  -2   2  -2  -3  -3   0   1  -2   0  -1    3  16  11   1   1   8   9   0   6   2   3  15   0   0   0   8   8   1   3   6  0.26 0.19
  160 I     0  -3  -4  -2  -4  -2  -5  -5  -5   3   0  -4  -2  -3  -5  -4  -3  -5   1   6    8   2   1   3   0   1   0   0   0  18   8   0   0   0   0   0   0   0   4  55  0.91 0.43
  161 S     0  -4  -2  -4   1  -3  -3  -2  -1   1  -1  -2  -2  -1  -2   0   5  -4  -1   2    6   0   1   0   4   0   1   3   2   8   5   2   0   2   1   6  44   0   2  13  0.54 0.34
  162 G     1  -4  -3   1  -2  -2  -3   6  -4  -4  -1  -2  -4  -5  -2  -1  -3  -5  -5   0    9   0   0   9   1   1   1  58   0   0   6   2   0   0   1   3   0   0   0   7  0.92 0.40
  163 T     0  -4  -4  -3   1  -3  -3  -2  -4   3   3  -3  -1  -1  -1  -2   1  -4  -3   2    6   0   0   2   3   0   1   2   0  22  34   1   0   2   2   1   9   0   0  12  0.41 0.24
  164 G    -4  -4   4   6  -5  -3  -1   0  -3  -3  -4  -2  -5  -5  -4  -2   0  -6  -1  -4    0   0  18  56   0   0   2   6   0   2   1   2   0   0   0   2   7   0   2   1  1.19 0.50
  165 M    -3  -3   2  -1  -4  -2  -3  -2  -2   4   0  -3   4   3   0  -3  -2  -3  -1  -1    1   1  13   3   0   1   1   3   1  29   8   0  15  14   4   1   1   0   2   2  0.47 0.30
  166 N     0  -2   5   1  -2  -3  -2   0  -3  -3  -5  -2  -4  -5  -3   4   0  -5  -4  -3    5   1  33   7   1   0   1   8   0   2   0   1   0   0   1  34   4   0   0   2  0.77 0.40
  167 A     2  -1  -2   1  -4   1   4  -1  -2  -3  -2   0   2  -4   1   0  -1  -2  -2  -1   17   2   0   9   0   4  28   4   0   0   3   6   6   0   8   4   2   1   1   5  0.32 0.23
  168 H    -1   0   2  -1  -4  -1   1   0   4  -2   0  -1  -1  -2  -2   1  -2  -3   4  -2    4   4  11   2   0   1   9   6  13   1   9   3   1   0   1  14   0   0  16   3  0.28 0.22
  169 E     0  -1  -1  -2  -5   4   1  -2  -3  -3  -1  -1   7  -4   0  -2  -1  -5  -2  -3    7   3   2   2   0  22   8   3   0   0   3   3  35   0   4   2   4   0   2   0  0.78 0.45
  170 L    -1  -4  -2  -5  -4  -3  -4  -5  -2   3   4  -3   2  -2  -2  -4  -3  -4  -3   2    4   0   2   0   0   1   1   0   1  16  50   1   4   0   2   0   0   0   0  17  0.77 0.36
  171 S     1   0   1   0  -3   2   2   1   0  -2  -2   2  -2  -4  -3   1   0  -4  -3  -2   14   3   5   4   0   8  18   9   2   2   3  16   0   0   0   8   4   0   0   3  0.24 0.17
  172 A     1   4  -1  -3  -3   0  -1  -2   0  -1  -1   0   0  -2  -3   0  -1  -4  -2   3   11  27   2   1   0   3   4   3   3   3   3   6   2   2   1   6   2   0   1  23  0.29 0.23
  173 N     3  -2   1   0   0   0  -2   4   0  -4  -3  -1  -3  -2  -4  -1  -2  -4  -4  -2   29   1   7   5   2   4   2  34   2   0   3   2   0   2   0   3   1   0   0   3  0.52 0.29
  174 R    -1   5  -1  -2  -5   2   0  -3   0  -3  -2   3  -3  -4  -2  -3  -1  -5  -1  -2    5  41   3   2   0   8   5   1   2   1   3  20   0   0   2   0   3   0   3   3  0.70 0.36
  175 Q    -1   1   0   2  -4   3   3  -3   2  -4  -1   1  -1  -2  -1  -1  -2  -4   0  -3    5   9   4  10   0  17  21   1   6   0   7   9   1   2   2   1   0   0   3   1  0.36 0.23
  176 L    -1   2  -1  -2   1  -1  -2  -3   3   0   2   1   1  -1  -3  -2  -1  -2   2   1    3  15   3   1   3   0   1   1   8   5  20  12   3   2   0   1   4   0   7  10  0.18 0.15
  177 S     2   0   2   1  -3   0   0  -1   2  -2  -1   0  -2  -1   0   1   0  -3  -2  -1   19   4  14   9   0   3   4   2   5   0   9   7   0   3   4   7   5   0   0   4  0.14 0.12
  178 D    -1   3   1   2  -4   1   1  -2   2  -2  -1   2  -2  -2  -1  -1  -1  -1   1  -2    5  19   7  11   0   5  10   2   5   2   5  12   1   1   2   2   2   1   6   1  0.23 0.15
  179 F     0   1   0   0  -1   0   0  -2  -1   1   0   1   0   1  -2  -1  -1  -1  -1   2    6   7   4   6   1   3   5   3   1  12   8  12   1   7   1   2   1   1   1  18  0.05 0.08
  180 A     3   0  -1  -1  -1   1   0  -1  -1  -2  -1   1  -1  -2   0   0   0   0   1  -1   30   4   2   3   1   8   7   2   1   2   5   8   1   1   3   7   7   1   5   3  0.16 0.15
  181 P     0  -3  -1  -1  -4  -1  -2   5  -2  -1  -1  -1  -3  -1   2  -1  -1  -2  -1  -3    6   0   2   4   0   2   1  42   1   5   6   4   0   4  12   4   3   1   3   0  0.48 0.24
  182 Q    -1  -1  -2   0  -2   1  -2  -3  -1   1   2  -2   0   0  -2  -2   0  -3   0   3    2   4   1   5   1   7   1   1   2   8  21   2   2   5   1   0   6   0   4  28  0.20 0.17
  183 N     1  -1   1   1   0   1   0  -1   2  -1  -1  -1  -1  -2  -1   1   1  -3   0   0   15   3   9   8   3   9   5   3   6   4   3   2   1   1   1  11   8   0   3   7  0.10 0.10
  184 L     0  -2  -1   1  -2  -1   0   4   0   1   0  -2  -2  -3  -2  -1  -2   0  -2   0    8   1   3   7   1   2   7  32   3   9  11   1   0   0   1   4   1   1   1   6  0.23 0.15
  185 N     0   1   3   2  -1   1   0  -1   0  -2  -1   0  -1  -2  -2   0   1  -1  -1  -1    6   7  21  12   2   7   3   4   2   2   7   3   1   2   1   3  10   1   2   4  0.16 0.13
  186 L     2  -3  -2   0   4  -2  -2  -2  -1   2   1  -2   0   1  -3  -1  -2  -3   1   1   19   0   1   6  10   1   1   3   2  13  16   1   2   6   0   2   1   0   5  11  0.18 0.15
  187 D     0  -1   1   4  -3   0   3  -1  -2  -3  -3   0  -3  -2  -2   1   0  -3  -2  -3   10   1   8  24   0   3  22   3   0   1   2   4   0   2   1   9   6   0   1   1  0.40 0.20
  188 P     0  -2  -2  -1  -2  -1   1  -2  -2   1   1  -1   5   1   0  -1   0  -2  -1   0    9   1   1   3   0   1  14   2   0   7  10   1  27   6   5   2   6   0   1   5  0.24 0.17
  189 T     1   2   0   1  -3   3   2  -2   2  -3  -3   2  -2  -4  -2   0   0  -4  -2  -3   13  11   4   7   0  14  16   0   7   0   2  14   0   0   0   7   4   0   0   0  0.34 0.18
  190 L    -1  -4  -5  -5  -3  -2  -4  -5  -2   2   5  -4   4  -1  -5  -3  -3  -4  -3   0    4   0   0   0   0   2   0   0   1   8  66   0  12   2   0   1   0   0   0   3  0.94 0.38
  191 P    -3  -5  -5  -1  -6  -2  -2  -5  -3  -6  -4  -3  -5  -6   8  -2  -2  -7  -6  -5    2   0   0   3   0   2   2   0   0   0   2   0   0   0  85   2   2   0   0   0  2.39 0.66
  192 Y    -2  -5  -5  -5  -4  -3  -4  -4  -2  -1   1  -5  -1   8  -5  -4  -3  -2   3  -2    3   0   0   0   0   1   1   1   1   2  14   0   1  64   0   1   2   0   8   2  1.37 0.46
  193 G     2  -2  -1   2  -2   0   1  -2  -1  -3  -3   0  -3  -2   5   0  -2  -4  -3  -2   22   1   1  10   1   5  11   2   2   1   1   5   0   2  27   6   0   0   0   2  0.51 0.24
  194 D    -1  -3   0   7  -5  -2   1  -3  -2  -5  -5  -2  -5  -5   0  -1  -1  -6  -5  -5    4   0   3  68   0   1   8   0   1   0   0   2   0   0   4   4   4   0   0   0  1.31 0.45
  195 H     1   0   5   1  -2   1   1   1   1  -4  -4   0  -3  -4  -2   0  -2  -5  -3  -4   13   5  35   8   1   6   6  10   3   0   0   4   0   0   1   7   0   0   0   0  0.51 0.25
  196 I     0   0  -1  -2   1  -1  -1  -2   0  -2  -3  -1  -3  -3  -3   4   3  -4   1  -1    5   4   1   0   2   2   2   1   3   2   1   3   0   1   0  40  25   0   5   2  0.49 0.29
  197 F    -3  -5  -6  -6  -1  -2  -6  -6  -4  -1  -1  -5   0   8  -6  -5  -4  -2   2   0    2   0   0   0   1   2   0   0   0   2   2   0   2  77   0   0   0   0   5   6  1.77 0.54
  198 D    -5  -3   0   8  -6  -2  -1  -3  -1  -6  -7  -3  -6  -6  -4  -3  -3  -7  -6  -6    0   1   3  90   0   1   2   2   1   0   0   0   0   0   0   0   1   0   0   0  2.11 0.62
  199 V     2  -1  -3  -4   3  -3  -3  -1  -3   1   1  -1   0  -1  -3  -1  -1  -3   0   2   23   4   0   0   9   0   0   5   0   7  17   3   2   1   0   1   2   0   5  21  0.24 0.17
  200 V     1  -4  -5  -5   2  -4  -4  -5  -4   3  -1  -4  -2  -2  -4  -3  -2  -4   2   5   12   0   0   0   5   0   0   0   0  14   1   0   0   1   0   1   1   0   9  56  0.84 0.36
  201 T    -2  -4  -2  -4  -2  -3  -4  -4  -3  -1  -1  -3  -2   3  -4   0   5   6   3   0    2   0   1   0   1   0   0   0   0   3   6   0   0  13   0   4  44  11   9   6  0.74 0.35
  202 C     1  -4  -1  -3   5  -2  -3  -3  -4   4  -1  -3   2  -2  -4   3  -1  -4  -3   1    9   0   3   0  13   1   0   0   0  28   1   0   7   1   0  30   1   0   0   6  0.53 0.30
  203 V     2  -2   2  -2  -1  -1  -2   1  -1   1  -1  -2   2  -2  -3   2  -1  -4  -3   0   19   1  11   0   1   2   0  12   1  10   5   0   8   1   0  20   1   0   0   7  0.21 0.18
  204 V    -3  -3  -2  -1  -1   0   3  -2  -1  -2   1  -3   0   6  -4  -3  -3   0   3  -2    0   0   2   3   1   3  22   3   1   0  13   0   3  38   0   0   0   1   9   1  0.64 0.31
  205 S     3  -4  -3  -3   0  -3  -3   4  -4  -3  -2  -3   2  -4  -3   1   0  -4  -4   1   23   0   0   0   2   0   0  41   0   0   2   0   8   0   0  10   4   0   0  10  0.62 0.29
  206 V    -2  -4  -4  -5  -3  -4  -4  -3  -1   3   4  -4   1   0  -4  -2   1  -4  -2   1    2   0   0   0   0   0   0   2   2  21  48   0   2   3   0   2   9   0   0   8  0.58 0.26
  207 D    -3   5  -1  -2   3   3   2  -4   3  -3  -3   0  -1  -4  -3  -3  -3  -4  -1  -1    0  44   1   1   7  16  14   0   6   0   2   1   2   0   1   0   0   0   2   4  0.78 0.35
  208 Y    -4  -3   6  -3  -1  -3  -3  -4   7  -5  -3  -3  -4  -1  -5  -2  -3   7   0  -5    0   0  44   0   2   0   0   0  29   0   2   0   0   2   0   2   0  17   3   0  1.57 0.52
  209 L     1  -2  -4  -5   5  -3  -4  -4  -4   1   0  -4   2   0  -2  -1  -2   1   0   4   11   2   0   0  15   0   0   0   0   4   7   0   6   4   2   4   0   2   2  41  0.52 0.27
  210 T    -1  -3   0  -1  -3  -1  -1  -1   0  -3  -3  -2  -3  -4   6   1   2  -1  -3  -1    4   0   5   3   0   3   4   4   3   0   2   1   0   0  38   8  18   1   0   5  0.71 0.27
  211 K    -3   1   1   6  -5   0   0  -4   3  -5  -5   0  -5  -5  -3   0  -2  -6  -2  -4    0   6   6  60   0   2   2   0   9   0   0   5   0   0   0   5   1   0   2   1  1.10 0.40
  212 P    -2   0  -3  -3  -3  -1  -3  -4  -2   1   2   2  -1   1   4  -3  -2  -3   1   0    2   5   0   0   0   2   0   1   1  12  21  14   0   5  25   0   2   0   6   4  0.42 0.22
  213 L     0   0  -1   3  -3   2   2  -1  -2  -1  -1   0  -1  -3   2   0  -1   1  -2  -1    8   6   2  18   0  10  14   3   0   2   8   3   2   0  11   5   2   2   1   4  0.21 0.13
  214 A     1   2  -1   0  -3   2   0   0   0  -2  -1   2  -1  -3  -2   0   0  -4  -3   0   16  11   0   4   0  13   4   7   3   0   4  18   1   0   0   8   4   0   0   8  0.19 0.14
  215 V     4  -4  -3  -4   0  -3  -3   1  -4   0  -1  -3   0   1  -3  -1  -1  -1  -1   3   39   0   0   0   2   0   0   9   0   2   4   0   3   6   0   2   2   1   2  29  0.43 0.26
  216 F    -3  -4  -5  -5  -3  -4  -5  -4  -4   2   5  -4   2   2  -5  -4  -2  -3   3   1    1   0   0   0   0   0   0   2   0   9  61   0   4   7   0   0   1   0   9   7  0.80 0.32
  217 K     1   4  -1  -1  -1   2   0  -1   0  -4  -3   3  -3  -3  -2   1  -1  -4  -2  -2   14  25   2   3   1   8   5   4   2   0   0  19   0   1   1  11   3   0   1   2  0.36 0.20
  218 E     0  -3  -2  -1  -6   1   7  -4  -3  -6  -5  -2  -5  -6  -4   0  -3  -6  -5  -5    7   0   1   1   0   4  79   0   0   0   0   0   0   0   0   8   0   0   0   0  1.50 0.54
  219 V     1  -4  -4  -5   4  -3  -4  -4  -4   3   2  -4   6   0  -4  -3  -2  -4  -3   1   15   0   0   0  11   0   0   0   0  18  16   0  26   2   0   0   1   0   0  10  0.65 0.30
  220 H     1   0   0  -3   0   0  -2  -3   4  -2  -1  -1  -2   3  -4  -1  -1   1   5  -2   15   5   4   0   2   5   0   0  14   1   7   4   0  11   0   5   2   2  25   1  0.43 0.24
  221 R    -3   8  -2  -4  -6  -1  -3  -5  -2  -6  -5   1  -4  -6  -5  -2  -3  -6  -2  -5    2  88   1   0   0   2   0   0   1   0   0   4   0   0   0   2   1   0   1   0  1.95 0.60
  222 V    -1  -5  -5  -6  -3  -5  -5  -6  -6   1   1  -5   0  -3  -5  -4  -2  -5  -4   7    3   0   0   0   0   0   0   0   0   4   9   0   1   0   0   0   1   0   0  82  1.37 0.49
  223 L    -2  -4  -5  -5  -1  -4  -5  -5  -5   0   5  -4   1  -2  -5  -4   1  -4  -3   2    2   0   0   0   1   0   0   0   0   2  70   0   2   0   0   0  12   0   0  11  0.95 0.38
  224 K    -2   4  -1  -3  -6   0  -2  -4  -3  -5  -5   7  -4  -6  -4  -2  -3  -6  -4  -4    3  17   3   0   0   3   0   0   0   0   0  72   0   0   0   1   1   0   0   1  1.38 0.50
  225 P    -3  -3  -2  -4  -6  -4  -4  -4  -2  -3  -4  -3  -5  -6   8  -2  -3  -7  -6  -2    1   1   2   0   0   0   0   0   1   1   1   0   0   0  86   2   1   0   0   3  2.42 0.65
  226 G    -2  -3  -1   0  -5  -4  -2   7  -3  -6  -6  -2  -3  -6  -5  -3  -4  -5  -6  -6    0   1   2   4   0   0   2  87   1   0   0   2   1   0   0   0   0   0   0   0  1.76 0.52
  227 G    -1  -5  -3  -4  -5  -2  -5   7  -5  -7  -6  -3  -5  -6  -5  -2  -4  -5  -6  -6    3   0   0   0   0   1   0  93   0   0   0   1   0   0   0   2   0   0   0   0  2.01 0.57
  228 K    -2   4  -2  -3   1   1   0  -4   1  -1   0   2   0  -2  -3  -2  -1   0   1   0    1  33   0   0   4   5   5   0   4   2   7  15   3   1   0   1   2   1   5   9  0.37 0.22
  229 F    -1  -4  -5  -5  -1  -4  -4  -5  -4   1   3  -4   0   5  -4  -3  -2  -3   0   3    6   0   0   0   1   0   0   0   0   6  35   0   2  26   0   0   1   0   1  22  0.66 0.28
  230 I     1  -3  -4  -4   0  -3  -3  -1  -1   2   2  -3   2   2  -2  -2  -2  -3   0   2   16   1   0   0   1   0   0   4   1  11  20   0   8  12   1   1   1   0   3  20  0.28 0.17
  231 V    -2  -4  -5  -5   4  -4  -5  -5  -4   3   1  -4  -1   4  -4  -3  -2  -3   1   4    2   0   0   0  11   0   0   0   0  17  10   0   0  25   0   1   1   0   3  31  0.68 0.28
  232 S     1  -3  -2   0   0  -2  -2  -3  -3  -1   3  -3  -1  -2  -3   3   1  -4  -2  -1   13   0   0   5   2   0   0   0   0   1  35   0   1   0   0  31   8   0   1   2  0.37 0.24
  233 I    -2  -2  -2   2  -4  -1   4  -4  -3  -1  -2  -1  -3  -4  -2   0   4  -4  -3   0    0   0   0  11   0   0  38   0   0   4   2   1   0   0   1   3  33   0   0   6  0.62 0.30
  234 S    -2  -3  -4  -2  -3  -3  -4  -4  -3   1   3  -3   2   5  -1  -2   0   1   0   0    1   0   0   2   0   0   0   0   0   7  34   0   5  30   3   3   8   2   0   5  0.49 0.22
  235 N     0  -1   3  -2  -1  -2  -2   1   0  -2  -2  -1  -3  -3  -3   4   1  -4  -1  -2    6   3  18   0   1   0   0  11   2   2   2   2   0   0   0  40   8   0   2   1  0.41 0.23
  236 R     0   4   0  -1  -4   3   0  -3   1  -3  -3   2  -1  -4   3  -1   0  -4  -3  -3    7  25   4   1   0  15   5   0   3   0   1  14   1   0  14   2   5   0   0   1  0.45 0.20
  237 C     0  -2   1   1   2  -1  -1   2  -2  -2  -2  -2  -2  -3   4  -1   0  -4  -3   0    5   0  10   8   6   3   3  17   0   1   3   0   0   0  24   2   5   0   0  11  0.37 0.15
  238 F    -1  -2   0   0  -2  -1   0  -1   0  -1  -2  -2  -2   2  -1   2   3   2   1   0    2   1   3   6   0   1   6   3   2   2   2   1   0  10   2  17  26   3   4   8  0.18 0.13
  239 P    -1  -2   1   0  -2  -1  -1  -3  -2   1   2  -1   2   1   2  -1  -1  -2   0   0    3   0   8   5   0   1   3   1   1   8  30   4   9   5  10   2   2   0   3   5  0.15 0.10
  240 T     0  -2   0  -1  -3  -1   0  -2   1  -2  -2   1  -2   0   6  -1  -1  -3  -2  -1    6   1   4   2   0   1   4   3   4   2   3  11   0   5  42   2   4   0   1   4  0.69 0.22
  241 K    -1   0   0   0  -3   1   4  -1  -2  -2  -1   1  -2  -3   2  -1  -1  -2  -3  -1    2   3   4   2   0   4  38   5   0   2   9  11   0   0   9   1   3   1   0   5  0.32 0.16
  242 A     0  -2  -3  -3  -2  -1  -1  -2   0   1   3  -2   1   2  -1  -2  -1  -2  -1   0    7   1   1   1   0   2   4   3   3   5  47   1   2  10   2   2   1   0   1   6  0.25 0.13
  243 V     0   2   0   0  -2   1   0  -1   0  -1  -1   1   0  -1  -1   2   0  -2   0   0    8  15   3   4   0   5   3   4   2   4   4   8   3   2   2  20   3   0   3   6  0.10 0.07
  244 R     0   2   0   0  -4   3   1  -1   0  -3  -3   4  -1  -4  -1   0   0  -4  -3  -3    7  10   4   5   0  19   5   3   1   0   2  32   2   0   1   4   4   0   0   0  0.40 0.19
  245 M     4  -2  -2  -2  -2   0  -2   0  -3   0   1  -2   1  -1  -1   0   0  -3  -2   0   47   0   0   1   0   3   2   5   0   7  12   0   4   2   2   6   4   0   0   4  0.29 0.18
  246 W    -3  -4  -5  -5  -4  -4  -4  -3  -2  -2  -3  -4  -3   2  -5  -4  -4  11   6  -4    2   0   0   0   0   0   0   2   0   3   1   0   0   6   0   0   0  49  33   0  2.22 0.51
  247 L    -1   1  -2  -3  -2   2  -1  -2   1   0   1  -1   1   2  -3  -1  -2  -1   2   0    6   8   0   0   0  16   0   2   5   7  21   2   4  14   0   3   0   0   6   3  0.14 0.10
  248 G     1   1  -1   0  -2   1   0   3   0  -2  -2   0  -1  -2   1   0  -1  -2  -2  -2   12  12   1   7   0  10   6  28   3   1   2   3   2   1   6   1   1   0   1   3  0.22 0.07
  249 M     1  -2  -2  -2  -1  -2  -2  -2  -2   2   2  -1   1  -1  -2  -1  -1   2  -1   3   12   1   1   1   0   1   1   1   0  17  17   4   4   1   1   1   1   4   1  29  0.20 0.09
  250 D    -2  -2   2   5  -3  -1   1  -2  -1  -1  -1  -1  -2  -3  -2  -1  -1  -3  -2  -1    2   1  10  52   0   1   8   2   0   5   6   1   1   1   1   2   1   0   1   5  0.56 0.15
  251 E     0   0   3   1  -2   1   2   2   1  -2  -2   1  -2  -3  -2   0  -1  -3  -2  -2    9   3  19   6   0   4  16  17   3   3   2   9   0   1   1   3   1   0   1   1  0.22 0.07
  252 K     1   2  -1   1  -2   0   0  -1   2  -2  -2   2  -1   0  -1   0  -1  -1   2  -2   13  11   1  10   0   3   5   4   6   1   2  21   0   5   1   2   3   0  11   1  0.14 0.07
  253 Q     0   2  -1   0  -2   2   1  -2  -1  -1  -1   0  -1   0   2   0   0  -2  -1  -1    8  16   1   4   0  15  11   1   0   1   7   4   0   5   9   6   5   0   1   5  0.15 0.06
  254 H    -1   0  -1  -2  -3   1  -1  -1   8  -3  -3  -1  -2  -2  -2  -2  -2  -2   2  -3    5   4   1   1   0   5   1   4  60   1   2   1   0   1   1   2   1   0   8   1  1.00 0.23
  255 C     0  -2  -2  -2   3   0  -1  -2  -1   1   0  -1   0   2  -2  -1   0  -1   1   2    6   1   1   1  11   7   2   2   1   1   6   2   1  11   1   2   6   0   6  31  0.11 0.05
  256 L     0  -1   1  -2  -2  -1   0  -2  -2   0   2   0   0   2  -2  -1  -1   3   0   0   10   1  10   1   0   1   6   1   0   1  33   6   0  12   1   1   1   6   1   7  0.11 0.05
  257 V     0   0  -2  -2  -2  -1  -1  -2   1   2   1   1   0  -1   0  -1   0  -3  -1   2    6   5   1   1   0   0   1   1   7  11  12  13   0   0   5   1   6   0   0  29  0.10 0.05
  258 V     0  -2  -2  -2  -1  -2  -1  -3  -2   2   1  -2   0   2  -2  -1  -1  -2   1   2    6   1   1   1   0   0   5   1   0  13  18   1   0  13   1   7   1   0   4  29  0.15 0.06
  259 S     0   1   2   1  -2   0   0   0   1   0  -1   0  -1  -2   1   1  -1  -3  -2   0    6  13  16   6   0   0   5   6   6   6   7   1   0   0   7  11   1   0   0   7  0.09 0.04
  260 A     3  -2  -2  -2  -1  -1   0  -1  -2  -1  -1  -1  -1  -1   1   1   1  -3  -2   0   48   0   0   0   0   0   6   0   0   0   5   0   0   4   7   6  13   0   0   9  0.25 0.10
  261 Y     1  -2  -2  -3  -2  -2  -2   0   2   1   0  -2  -1   3  -3   0  -1   0   5  -1   18   0   0   0   0   0   0   6   7  12   7   0   0  12   0   7   0   0  29   0  0.27 0.10
  262 F     0   0  -2   0  -2  -2  -2   0  -2   0   1  -1   0   4  -2  -1  -1  -1   1  -1   13   7   1   6   0   1   1   8   0   1  22   1   0  33   1   1   1   0   1   1  0.16 0.07
  263 H    -1   2   0   1  -3   3   2   0   4  -3  -2   0  -2   0  -2  -1  -1  -2  -1  -3    1  12   1   7   0  22  19   8  19   1   1   1   0   7   1   1   1   0   0   1  0.33 0.09
  264 Y     1   0  -2  -3  -2  -1  -2  -2   3  -2  -2  -2  -2   1  -3  -1  -2   0   7  -2   19   5   1   1   0   0   1   1   9   1   1   1   0   0   1   1   1   0  58   1  0.70 0.16
  265 A     2  -2  -2  -2  -1   0  -1   0  -2   1   1  -1   0  -1  -2  -1  -1  -2  -2   2   29   1   1   1   0   8   1   8   0  12  13   1   0   0   1   1   1   0   0  24  0.13 0.06
  266 L     1   0  -3  -3   2  -2  -2  -3  -2   1   3  -2   3   1  -3  -2  -1  -2  -1   0   14   7   0   0   7   0   0   0   0   7  42   0  12   7   0   0   0   0   0   0  0.22 0.08
  267 G     0   0  -1   1  -3  -1  -1   4  -2  -3  -3  -1  -3  -3   2   0  -1   4  -2  -3    8   6   0   8   0   0   0  48   0   0   1   0   0   0  11   8   0   8   0   0  0.53 0.09
  268 W    -2   0  -2   0  -3  -2  -2   0  -2   0  -1   0   2   3  -3  -2  -2   7   1  -1    1   6   0   8   0   0   0   9   0   8   1   6  14  20   0   0   0  23   0   0  0.43 0.10
  269 T     0  -2  -1  -1  -2  -1   1   0  -2   1   1  -1   1  -2   2   0   1  -3  -2   0    9   0   0   0   0   0  17  10   0  13  14   0   7   0   9   0  17   0   0   0  0.11 0.05
  270 D    -1  -1   0   4  -3  -1   0   1   2  -3  -3   0  -3   0   4   0  -1  -3  -2  -3    0   0   0  32   0   0   0  12   8   0   0   9   0   7  23   9   0   0   0   0  0.48 0.09
  271 A     2   1   1  -2  -2  -1  -2   0  -2   0  -1  -1  -1  -2  -2   0   1   4  -1   1   29  15   9   0   0   0   0   6   0   9   0   0   0   0   0   0   9   9   0  15  0.16 0.07
  272 Q    -1   1  -1  -1  -3   4   1   1  -1  -2   0   1  -1  -2  -2  -1  -2  -2   1  -2    0   9   0   0   0  42   9  15   0   0  12   7   0   0   0   0   0   0   7   0  0.34 0.10
  273 V     1  -2  -2  -2  -1  -2  -2  -2  -2   1   1  -2   2   1  -2   1   2  -2  -1   2    9   0   0   0   0   0   0   0   0   6  10   0  10  10   0  15  16   0   0  25  0.15 0.05
  274 F    -2  -2  -2  -3  -3  -2  -2  -3   4  -1   1  -3  -1   5  -3  -1  -2   0   4  -1    0   0   0   0   0   0   0   0  17   0  12   0   0  46   0   7   0   0  18   0  0.56 0.10
  275 D    -2  -2   0   5  -4  -1   2   1  -2  -4  -4   1  -3  -4   2  -1  -2  -4  -3  -4    0   0   0  58   0   0   9  14   0   0   0   9   0   0  10   0   0   0   0   0  0.68 0.10
  276 I     0  -2   0  -2  -2  -1   0  -3  -1   2   0  -2   0   2  -3  -1   1  -1   3   2    7   0   7   0   0   0   8   0   0  20   0   0   0   8   0   0  10   0  20  20  0.15 0.05
  277 S     2  -1  -2  -2  -2  -1  -1  -2  -1  -1   1   1   0   0   2   1  -1  -1   3  -1   27   0   0   0   0   0   0   0   0   0  21  14   0   0  11  11   0   0  16   0  0.17 0.05
  278 P    -1   1  -1  -1  -2  -1  -1  -2  -2  -2  -2   1  -2  -3   6   1   1  -3  -2  -2    1   9   1   1   0   1   1   1   0   1   1  11   0   1  44  18   9   0   0   1  0.73 0.06
  279 L    -2  -2  -2  -3  -2  -2  -2  -3  -1   0   2  -2   0   2  -3  -2   1   7   3  -1    1   1   1   1   0   1   1   1   0   1  35   1   0   9   1   1  12  18  16   1  0.41 0.06
  280 L    -1  -2  -3  -3  -1  -2  -3  -3  -3   2   4  -2   3   0  -3  -2  -1  -2  -1   1    1   1   1   1   0   1   1   1   0  19  57   1  14   0   1   1   1   0   0   1  0.36 0.06
  281 P    -1  -2  -2  -1  -3   1  -1   1  -2  -3  -3  -1  -2  -3   7  -1  -1  -3  -3  -2    1   1   1   1   0  11   1  12   0   1   1   1   0   1  66   1   1   0   0   1  1.23 0.08
  282 D     0  -1   0   2  -2   1   3  -1  -1  -3  -2   0  -2  -3  -1   3   0  -3  -2  -2    1   1   1  15   0   1  34   1   0   1   1   1   0   1   1  38   1   0   1   1  0.35 0.04
  283 K     0   1   0   0  -2   1   3  -1  -1  -2  -2   2  -1  -2  -1   2   0  -2  -1  -2    2   1   1   1   1   1  26   2   1   1   3  28   1   1   1  23   2   0   1   2  0.24 0.02
  284 L    -1  -2  -3  -3  -1  -2  -2  -3  -3   2   3  -2   1   0  -2  -2  -1  -2  -1   3    1   1   1   1   0   1   1   1   0   1  40   1   0   0   1   1   1   0   0  50  0.28 0.04
  285 S     2  -1   0  -1  -1   0   1  -1  -1  -2  -1  -1  -1  -2  -1   3   1  -3  -2  -1   25   0   0   0   0   0  11   0   0   0  10   0   0   0   0  54   0   0   0   0  0.29 0.05
  286 S     2   1   0  -1  -1  -1  -1   1  -1  -2  -2   0  -1  -3  -1   2   2  -3  -2  -1   21  12   0   0   0   0   0  13   0   0   0   0   0   0   0  30  24   0   0   0  0.28 0.04
  287 T     0  -2  -2   1  -2  -2  -2  -2  -2   0   2  -2   0   3  -3  -1   1   5   0  -1   13   0   0  13   0   0   0   0   0   0  28   0   0  21   0   0  14  12   0   0  0.22 0.03
  288 P     1  -2  -1  -2   4  -1  -1  -2  -2  -3  -3  -1  -2  -3   6   2   0  -4  -3  -2   12   0   0   0  13   0   0   0   0   0   0   0   0   0  48  28   0   0   0   0  0.88 0.06
  289 R     0   4  -1  -1  -3   0   2  -2   0  -2  -2   1  -1   2  -2  -1  -1  -1   3  -2   11  39   0   0   0   0  23   0   0   0   0   0   0  12   0   0   0   0  16   0  0.31 0.05
  290 P    -1  -2  -1   1  -3  -1  -1  -2  -2  -3  -3  -1  -3  -4   7   2  -1  -4  -3  -3    0   0   0  12   0   0   0   0   0   0   0   0   0   0  63  25   0   0   0   0  1.21 0.07
  291 G     1  -2   0   2  -2  -1   1   4  -1  -3  -3  -1  -2  -1  -2   0  -1  -1   2  -2   13   1   0  17   0   0  11  39   0   1   1   1   0   0   1   1   1   0  13   1  0.31 0.03
  292 R    -1   5   0  -1  -3   3   0  -2   0  -2  -2   2  -1  -2  -1  -1  -1  -2  -1  -2    2  63   1   1   0  17   1   2   0   1   2   1   1   1   1   2   1   0   1   1  0.50 0.05
  293 D    -1  -1   0   4  -2   1   3  -1  -1  -2  -2   0  -2  -2  -1   0  -1  -2  -2  -2    2   2   1  35   1   1  38   2   1   2   3   2   1   1   2   2   2   0   1   2  0.41 0.02
  294 S     1   2   0  -1  -1   0  -1   2  -1  -2  -2   0  -1  -2  -1   2   2  -2  -2  -1   18  17   1   1   0   1   1  16   0   1   1   1   0   1   1  19  20   0   0   1  0.19 0.01
  295 L    -2  -3  -4  -4  -2  -3  -3  -4  -3   1   5  -3   2   0  -3  -3  -2  -2  -1   1    0   0   0   0   0   0   0   0   0   0 100   0   0   0   0   0   0   0   0   0  0.56 0.05
  296 H    -1   0   1   4  -3   3   1  -2   4  -3  -3   2  -2  -3  -2   0  -1  -3  -1  -3    0   0   0  35   0  23   0   0  20   0   0  21   0   0   0   0   0   0   0   0  0.45 0.03
  297 V     1  -2  -3  -3  -1  -2  -2  -2  -3   2   2  -2   1  -1  -2  -1  -1  -2  -1   3   21   0   0   0   0   0   0   0   0   0  40   0   0   0   0   0   0   0   0  38  0.23 0.02
  298 V     1  -2  -3  -3  -1  -2  -2  -3  -3   2   2  -2   3   0  -2  -1  -1  -2  -1   2   17   0   0   0   0   0   0   0   0  23  18   0  21   0   0   0   0   0   0  20  0.22 0.02
  299 Q    -1   0  -1  -1  -3   4   0   2  -1  -1  -1   0   3  -2  -2  -1  -1  -2  -2  -1    0   0   0   0   0  49   0  22   0   0   0   0  29   0   0   0   0   0   0   0  0.29 0.02
  300 A     3  -2  -1  -2  -1  -1  -1  -1  -2  -1   0  -1   2  -2  -1   1   2  -2  -2   0   56   0   0   0   0   0   0   0   0   0   0   0  22   0   0   0  22   0   0   0  0.23 0.02
  301 S     2   2   0   0  -2   1   2  -1  -1  -3  -2   1  -2  -3  -1   2   0  -3  -2  -2   29  22   0   0   0   0  22   0   0   0   0   0   0   0   0  27   0   0   0   0  0.28 0.01
  302 S     2  -2   0  -1  -1  -1  -1   4  -2  -3  -3  -1  -2  -3  -1   2   0  -3  -2  -2   29   0   0   0   0   0   0  44   0   0   0   0   0   0   0  27   0   0   0   0  0.47 0.01
  303 I    -1  -3  -3  -3  -1  -2  -3  -4  -3   4   2  -2   4   0  -3  -2  -1  -2  -1   2    0   0   0   0   0   0   0   0   0  69   0   0  31   0   0   0   0   0   0   0  0.33 0.01
  304 G     0  -2   0   0  -3   0   2   5  -1  -4  -4  -1  -3  -3  -2   0  -1  -3  -3  -3    0   0   0   0   0   0  31  69   0   0   0   0   0   0   0   0   0   0   0   0  0.67 0.01
  305 K    -1   0  -1  -2  -3   0  -1  -3   1  -2  -2   2  -1   2  -2  -1  -1   1   6  -2    0   0   0   0   0   0   0   0   0   0   0  38   0   0   0   0   0   0  62   0  0.47 0.01
  306 P    -1  -1   5   0  -3   0  -1  -1   0  -3  -3  -1  -2  -4   5   0   0  -4  -3  -3    0   0  62   0   0   0   0   0   0   0   0   0   0   0  38   0   0   0   0   0  0.84 0.01
  307 P    -1  -2  -2  -2  -3  -1  -1  -2  -2  -3  -3  -1  -3  -4   8  -1  -1  -4  -3  -3    0   0   0   0   0   0   0   0   0   0   0   0   0   0 100   0   0   0   0   0  2.06 0.02
  308 A     2  -2  -3  -3  -1  -2  -2  -2  -3   2   2  -2   1  -1  -2  -1  -1  -2  -2   1   38   0   0   0   0   0   0   0   0  31  31   0   0   0   0   0   0   0   0   0  0.18 0.00
  309 A     2  -1  -1  -1  -1  -1  -1  -1  -2  -1  -1  -1  -1  -2  -1   1   4  -3  -2   0   38   0   0   0   0   0   0   0   0   0   0   0   0   0   0   0  62   0   0   0  0.34 0.01
  310 R    -1   5  -1  -2  -3   0  -1   3  -1  -3  -3   1  -2  -3  -2  -1  -1  -3  -2  -3    0  69   0   0   0   0   0  31   0   0   0   0   0   0   0   0   0   0   0   0  0.55 0.01
  311 S     0   3   0  -1  -2   3   1  -1   0  -3  -2   1  -1  -3  -1   2   0  -3  -2  -2    0  31   0   0   0  31   0   0   0   0   0   0   0   0   0  38   0   0   0   0  0.38 0.01
  312 R    -2   3  -2  -3  -3  -1  -2  -3   0  -2  -1   0  -1   4  -3  -2  -2   1   4  -2    0  38   0   0   0   0   0   0   0   0   0   0   0  31   0   0   0   0  31   0  0.42 0.01
  313 Q     2   0   0  -1  -2   3   1  -1   5  -3  -2   0  -1  -2  -1   0  -1  -2   0  -2   31   0   0   0   0  38   0   0  31   0   0   0   0   0   0   0   0   0   0   0  0.35 0.01
  314 L    -2  -2  -4  -4  -1  -2  -3  -4  -3   2   4  -3   2   0  -3  -3  -1  -2  -1   1    0   0   0   0   0   0   0   0   0   0 100   0   0   0   0   0   0   0   0   0  0.47 0.01
  315 T     0  -1   0  -1  -1  -1  -1  -1  -2  -1  -2  -1  -1  -2  -1   3   4  -3  -2  -1    0   0   0   0   0   0   0   0   0   0   0   0   0   0   0  31  69   0   0   0  0.41 0.01
  316 A     3  -2   0  -1  -1  -1  -1   3  -2  -2  -3  -1  -2  -3  -1   2   0  -3  -2  -1   38   0   0   0   0   0   0  31   0   0   0   0   0   0   0  31   0   0   0   0  0.39 0.00
  317 S     0  -1   1   5  -2   0   1  -1  -1  -3  -3  -1  -3  -3  -1   2   0  -4  -3  -3    0   0   0  62   0   0   0   0   0   0   0   0   0   0   0  38   0   0   0   0  0.57 0.01
  318 H    -1  -1   0  -2  -2  -1  -1  -2   5   2   0  -1   0  -1  -2   0   2  -3   0   0    0   0   0   0   0   0   0   0  38  31   0   0   0   0   0   0  31   0   0   0  0.24 0.01
  319 G     1  -2   0  -1  -2  -1  -1   5  -2  -4  -3  -1  -2  -3  -2   2   0  -3  -3  -3    0   0   0   0   0   0   0  69   0   0   0   0   0   0   0  31   0   0   0   0  0.68 0.01
  320 V     0  -3  -3  -3  -1  -2  -3  -3  -3   3   1  -2   1  -1  -3  -2   0  -3  -1   4    0   0   0   0   0   0   0   0   0   0   0   0   0   0   0   0   0   0   0 100  0.37 0.01
  321 S     2  -1   3   0  -1   0   0   0  -1  -2  -3   0  -2  -3  -1   3   1  -3  -2  -2   31   0  31   0   0   0   0   0   0   0   0   0   0   0   0  38   0   0   0   0  0.33 0.01
  322 A     3  -2  -2  -3   7  -2  -2  -1  -2  -1  -1  -2  -1  -2  -2   0   0  -3  -2  -1   50   0   0   0  50   0   0   0   0   0   0   0   0   0   0   0   0   0   0   0  0.56 0.00
  323 R    -2   6   0  -2  -4   1   0  -3   0  -3  -2   2  -1  -3  -2  -1  -1  -3  -2  -3    0 100   0   0   0   0   0   0   0   0   0   0   0   0   0   0   0   0   0   0  0.75 0.00
  324 R    -2   6   0  -2  -4   1   0  -3   0  -3  -2   2  -1  -3  -2  -1  -1  -3  -2  -3    0 100   0   0   0   0   0   0   0   0   0   0   0   0   0   0   0   0   0   0  0.75 0.00
  325 V     3  -2  -2  -3  -1  -2  -2  -1  -2   1   0  -2   0  -2  -2   0   0  -3  -2   3   50   0   0   0   0   0   0   0   0   0   0   0   0   0   0   0   0   0   0  50  0.21 0.00
  326 R    -1   4   0   0  -4   2   4  -2   0  -3  -3   2  -2  -3  -2   0  -1  -3  -2  -3    0  50   0   0   0   0  50   0   0   0   0   0   0   0   0   0   0   0   0   0  0.55 0.00
  327 A     4  -2  -2  -2   0  -1  -1   0  -2  -1  -2  -1  -1  -2  -1   1   0  -3  -2   0  100   0   0   0   0   0   0   0   0   0   0   0   0   0   0   0   0   0   0   0  0.41 0.00
  328 E    -1   0   0   1  -4   2   5  -2   0  -3  -3   1  -2  -3  -1   0  -1  -3  -2  -2    0   0   0   0   0   0   0   0   0   0   0   0   0   0   0   0   0   0   0   0  0.00     0.00
  329 P    -1  -2  -2  -1  -3  -1  -1  -2  -2  -3  -3  -1  -2  -4   7  -1  -1  -4  -3  -2    0   0   0   0   0   0   0   0   0   0   0   0   0   0   0   0   0   0   0   0  0.00     0.00
  330 P    -1  -2  -2  -1  -3  -1  -1  -2  -2  -3  -3  -1  -2  -4   7  -1  -1  -4  -3  -2    0   0   0   0   0   0   0   0   0   0   0   0   0   0   0   0   0   0   0   0  0.00     0.00
  331 S     1  -1   1   0  -1   0   0   0  -1  -2  -2   0  -1  -2  -1   4   1  -3  -2  -2    0   0   0   0   0   0   0   0   0   0   0   0   0   0   0   0   0   0   0   0  0.00     0.00
  332 P    -1  -2  -2  -1  -3  -1  -1  -2  -2  -3  -3  -1  -2  -4   7  -1  -1  -4  -3  -2    0   0   0   0   0   0   0   0   0   0   0   0   0   0   0   0   0   0   0   0  0.00     0.00
  333 Q    -1   1   0   0  -3   5   2  -2   0  -3  -2   1   0  -3  -1   0  -1  -2  -1  -2    0   0   0   0   0   0   0   0   0   0   0   0   0   0   0   0   0   0   0   0  0.00     0.00
  334 R    -1   5   0  -2  -3   1   0  -2   0  -3  -2   2  -1  -3  -2  -1  -1  -3  -2  -2    0   0   0   0   0   0   0   0   0   0   0   0   0   0   0   0   0   0   0   0  0.00     0.00
  335 C     0  -3  -3  -3   8  -3  -4  -2  -3  -1  -1  -3  -1  -2  -3  -1  -1  -2  -2  -1    0   0   0   0   0   0   0   0   0   0   0   0   0   0   0   0   0   0   0   0  0.00     0.00
  336 A     4  -1  -2  -2   0  -1  -1   0  -2  -1  -1  -1  -1  -2  -1   1   0  -2  -2   0    0   0   0   0   0   0   0   0   0   0   0   0   0   0   0   0   0   0   0   0  0.00     0.00
  337 S     1  -1   1   0  -1   0   0   0  -1  -2  -2   0  -1  -2  -1   4   1  -3  -2  -2    0   0   0   0   0   0   0   0   0   0   0   0   0   0   0   0   0   0   0   0  0.00     0.00
  338 A     4  -1  -2  -2   0  -1  -1   0  -2  -1  -1  -1  -1  -2  -1   1   0  -2  -2   0    0   0   0   0   0   0   0   0   0   0   0   0   0   0   0   0   0   0   0   0  0.00     0.00
  339 A     4  -1  -2  -2   0  -1  -1   0  -2  -1  -1  -1  -1  -2  -1   1   0  -2  -2   0    0   0   0   0   0   0   0   0   0   0   0   0   0   0   0   0   0   0   0   0  0.00     0.00
  340 A     4  -1  -2  -2   0  -1  -1   0  -2  -1  -1  -1  -1  -2  -1   1   0  -2  -2   0    0   0   0   0   0   0   0   0   0   0   0   0   0   0   0   0   0   0   0   0  0.00     0.00
  341 G     0  -2   0  -1  -2  -2  -2   6  -2  -4  -4  -2  -3  -3  -2   0  -2  -2  -3  -3    0   0   0   0   0   0   0   0   0   0   0   0   0   0   0   0   0   0   0   0  0.00     0.00
  342 P    -1  -2  -2  -1  -3  -1  -1  -2  -2  -3  -3  -1  -2  -4   7  -1  -1  -4  -3  -2    0   0   0   0   0   0   0   0   0   0   0   0   0   0   0   0   0   0   0   0  0.00     0.00
  343 S     1  -1   1   0  -1   0   0   0  -1  -2  -2   0  -1  -2  -1   4   1  -3  -2  -2    0   0   0   0   0   0   0   0   0   0   0   0   0   0   0   0   0   0   0   0  0.00     0.00
  344 A     4  -1  -2  -2   0  -1  -1   0  -2  -1  -1  -1  -1  -2  -1   1   0  -2  -2   0    0   0   0   0   0   0   0   0   0   0   0   0   0   0   0   0   0   0   0   0  0.00     0.00
  345 A     4  -1  -2  -2   0  -1  -1   0  -2  -1  -1  -1  -1  -2  -1   1   0  -2  -2   0    0   0   0   0   0   0   0   0   0   0   0   0   0   0   0   0   0   0   0   0  0.00     0.00
  346 A     4  -1  -2  -2   0  -1  -1   0  -2  -1  -1  -1  -1  -2  -1   1   0  -2  -2   0    0   0   0   0   0   0   0   0   0   0   0   0   0   0   0   0   0   0   0   0  0.00     0.00
  347 G     0  -2   0  -1  -2  -2  -2   6  -2  -4  -4  -2  -3  -3  -2   0  -2  -2  -3  -3    0   0   0   0   0   0   0   0   0   0   0   0   0   0   0   0   0   0   0   0  0.00     0.00
  348 A     4  -1  -2  -2   0  -1  -1   0  -2  -1  -1  -1  -1  -2  -1   1   0  -2  -2   0    0   0   0   0   0   0   0   0   0   0   0   0   0   0   0   0   0   0   0   0  0.00     0.00
  349 A     4  -1  -2  -2   0  -1  -1   0  -2  -1  -1  -1  -1  -2  -1   1   0  -2  -2   0    0   0   0   0   0   0   0   0   0   0   0   0   0   0   0   0   0   0   0   0  0.00     0.00
  350 G     0  -2   0  -1  -2  -2  -2   6  -2  -4  -4  -2  -3  -3  -2   0  -2  -2  -3  -3    0   0   0   0   0   0   0   0   0   0   0   0   0   0   0   0   0   0   0   0  0.00     0.00
  351 A     4  -1  -2  -2   0  -1  -1   0  -2  -1  -1  -1  -1  -2  -1   1   0  -2  -2   0    0   0   0   0   0   0   0   0   0   0   0   0   0   0   0   0   0   0   0   0  0.00     0.00
  352 A     4  -1  -2  -2   0  -1  -1   0  -2  -1  -1  -1  -1  -2  -1   1   0  -2  -2   0    0   0   0   0   0   0   0   0   0   0   0   0   0   0   0   0   0   0   0   0  0.00     0.00
  353 G     0  -2   0  -1  -2  -2  -2   6  -2  -4  -4  -2  -3  -3  -2   0  -2  -2  -3  -3    0   0   0   0   0   0   0   0   0   0   0   0   0   0   0   0   0   0   0   0  0.00     0.00

                      K         Lambda
Standard Ungapped    0.1345     0.3188
Standard Gapped      0.0412     0.2670
PSI Ungapped         0.1348     0.3172
PSI Gapped           0.0412     0.2670
