
Last position-specific scoring matrix computed, weighted observed percentages rounded down, information per position, and relative weight of gapless real matches to pseudocounts
            A   R   N   D   C   Q   E   G   H   I   L   K   M   F   P   S   T   W   Y   V   A   R   N   D   C   Q   E   G   H   I   L   K   M   F   P   S   T   W   Y   V
    1 P    -1  -2  -2  -1  -3  -1  -1  -2  -2  -3  -3  -1  -2  -4   7  -1  -1  -4  -3  -2    0   0   0   0   0   0   0   0   0   0   0   0   0   0   0   0   0   0   0   0  0.00     0.00
    2 V     0  -2  -3  -3  -1  -2  -2  -3  -3   3   1  -2   1  -1  -2  -2   0  -3  -1   4    0   0   0   0   0   0   0   0   0   0   0   0   0   0   0   0   0   0   0   0  0.00     0.00
    3 R    -1   5   0  -2  -3   1   0  -2   0  -3  -2   2  -1  -3  -2  -1  -1  -3  -2  -2    0   0   0   0   0   0   0   0   0   0   0   0   0   0   0   0   0   0   0   0  0.00     0.00
    4 E    -1   0   0   1  -4   2   5  -2   0  -3  -3   1  -2  -3  -1   0  -1  -3  -2  -2    0   0   0   0   0   0   0   0   0   0   0   0   0   0   0   0   0   0   0   0  0.00     0.00
    5 V     0  -2  -3  -3  -1  -2  -2  -3  -3   3   1  -2   1  -1  -2  -2   0  -3  -1   4    0   0   0   0   0   0   0   0   0   0   0   0   0   0   0   0   0   0   0   0  0.00     0.00
    6 T     0  -1   0  -1  -1  -1  -1  -2  -2  -1  -1  -1  -1  -2  -1   1   4  -2  -2   0    0   0   0   0   0   0   0   0   0   0   0   0   0   0   0   0   0   0   0   0  0.00     0.00
    7 C     0  -3  -3  -3   8  -3  -4  -2  -3  -1  -1  -3  -1  -2  -3  -1  -1  -2  -2  -1    0   0   0   0   0   0   0   0   0   0   0   0   0   0   0   0   0   0   0   0  0.00     0.00
    8 G     0  -2   0  -1  -2  -2  -2   5  -2  -4  -4  -2  -3  -3  -2   0  -2  -2  -3  -3    0   0   0   0   0   0   0   0   0   0   0   0   0   0   0   0   0   0   0   0  0.00     0.00
    9 S     1  -1   1   0  -1   0   0   0  -1  -2  -2   0  -1  -2  -1   4   1  -3  -2  -2    0   0   0   0   0   0   0   0   0   0   0   0   0   0   0   0   0   0   0   0  0.00     0.00
   10 E    -1   0   0   1  -4   2   5  -2   0  -3  -3   1  -2  -3  -1   0  -1  -3  -2  -2    0   0   0   0   0   0   0   0   0   0   0   0   0   0   0   0   0   0   0   0  0.00     0.00
   11 R    -1   5   0  -2  -3   1   0  -2   0  -3  -2   2  -1  -3  -2  -1  -1  -3  -2  -2    0   0   0   0   0   0   0   0   0   0   0   0   0   0   0   0   0   0   0   0  0.00     0.00
   12 E    -1   0   0   1  -4   2   5  -2   0  -3  -3   1  -2  -3  -1   0  -1  -3  -2  -2    0   0   0   0   0   0   0   0   0   0   0   0   0   0   0   0   0   0   0   0  0.00     0.00
   13 S     1  -1   1   0  -1   0   0   0  -1  -2  -2   0  -1  -2  -1   4   1  -3  -2  -2    0   0   0   0   0   0   0   0   0   0   0   0   0   0   0   0   0   0   0   0  0.00     0.00
   14 R    -1   5   0  -2  -3   1   0  -2   0  -3  -2   2  -1  -3  -2  -1  -1  -3  -2  -2    0   0   0   0   0   0   0   0   0   0   0   0   0   0   0   0   0   0   0   0  0.00     0.00
   15 Q    -1   1   0   0  -3   5   2  -2   0  -3  -2   1   0  -3  -1   0  -1  -2  -1  -2    0   0   0   0   0   0   0   0   0   0   0   0   0   0   0   0   0   0   0   0  0.00     0.00
   16 G     0  -2   0  -1  -2  -2  -2   5  -2  -4  -4  -2  -3  -3  -2   0  -2  -2  -3  -3    0   0   0   0   0   0   0   0   0   0   0   0   0   0   0   0   0   0   0   0  0.00     0.00
   17 P    -1  -2  -2  -1  -3  -1  -1  -2  -2  -3  -3  -1  -2  -4   7  -1  -1  -4  -3  -2    0   0   0   0   0   0   0   0   0   0   0   0   0   0   0   0   0   0   0   0  0.00     0.00
   18 V     0  -2  -3  -3  -1  -2  -2  -3  -3   3   1  -2   1  -1  -2  -2   0  -3  -1   4    0   0   0   0   0   0   0   0   0   0   0   0   0   0   0   0   0   0   0   0  0.00     0.00
   19 R    -1   5   0  -2  -3   1   0  -2   0  -3  -2   2  -1  -3  -2  -1  -1  -3  -2  -2    0   0   0   0   0   0   0   0   0   0   0   0   0   0   0   0   0   0   0   0  0.00     0.00
   20 A     4  -1  -2  -2   0  -1  -1   0  -2  -1  -1  -1  -1  -2  -1   1   0  -2  -2   0    0   0   0   0   0   0   0   0   0   0   0   0   0   0   0   0   0   0   0   0  0.00     0.00
   21 A     4  -1  -2  -2   0  -1  -1   0  -2  -1  -1  -1  -1  -2  -1   1   0  -2  -2   0    0   0   0   0   0   0   0   0   0   0   0   0   0   0   0   0   0   0   0   0  0.00     0.00
   22 T     0  -1   0  -1  -1  -1  -1  -2  -2  -1  -1  -1  -1  -2  -1   1   4  -2  -2   0    0   0   0   0   0   0   0   0   0   0   0   0   0   0   0   0   0   0   0   0  0.00     0.00
   23 G     0  -2   0  -1  -2  -2  -2   5  -2  -4  -4  -2  -3  -3  -2   0  -2  -2  -3  -3    0   0   0   0   0   0   0   0   0   0   0   0   0   0   0   0   0   0   0   0  0.00     0.00
   24 A     4  -1  -2  -2   0  -1  -1   0  -2  -1  -1  -1  -1  -2  -1   1   0  -2  -2   0    0   0   0   0   0   0   0   0   0   0   0   0   0   0   0   0   0   0   0   0  0.00     0.00
   25 G     0  -2   0  -1  -2  -2  -2   5  -2  -4  -4  -2  -3  -3  -2   0  -2  -2  -3  -3    0   0   0   0   0   0   0   0   0   0   0   0   0   0   0   0   0   0   0   0  0.00     0.00
   26 R    -1   5   0  -2  -3   1   0  -2   0  -3  -2   2  -1  -3  -2  -1  -1  -3  -2  -2    0   0   0   0   0   0   0   0   0   0   0   0   0   0   0   0   0   0   0   0  0.00     0.00
   27 V     0  -2  -3  -3  -1  -2  -2  -3  -3   3   1  -2   1  -1  -2  -2   0  -3  -1   4    0   0   0   0   0   0   0   0   0   0   0   0   0   0   0   0   0   0   0   0  0.00     0.00
   28 V     0  -2  -3  -3  -1  -2  -2  -3  -3   3   1  -2   1  -1  -2  -2   0  -3  -1   4    0   0   0   0   0   0   0   0   0   0   0   0   0   0   0   0   0   0   0   0  0.00     0.00
   29 S     1  -1   1   0  -1   0   0   0  -1  -2  -2   0  -1  -2  -1   4   1  -3  -2  -2    0   0   0   0   0   0   0   0   0   0   0   0   0   0   0   0   0   0   0   0  0.00     0.00
   30 T     0  -1   0  -1  -1  -1  -1  -2  -2  -1  -1  -1  -1  -2  -1   1   4  -2  -2   0    0   0   0   0   0   0   0   0   0   0   0   0   0   0   0   0   0   0   0   0  0.00     0.00
   31 R    -1   5   0  -2  -3   1   0  -2   0  -3  -2   2  -1  -3  -2  -1  -1  -3  -2  -2    0   0   0   0   0   0   0   0   0   0   0   0   0   0   0   0   0   0   0   0  0.00     0.00
   32 T     0  -1   0  -1  -1  -1  -1  -2  -2  -1  -1  -1  -1  -2  -1   1   4  -2  -2   0    0   0   0   0   0   0   0   0   0   0   0   0   0   0   0   0   0   0   0   0  0.00     0.00
   33 A     4  -1  -2  -2   0  -1  -1   0  -2  -1  -1  -1  -1  -2  -1   1   0  -2  -2   0    0   0   0   0   0   0   0   0   0   0   0   0   0   0   0   0   0   0   0   0  0.00     0.00
   34 A     4  -1  -2  -2   0  -1  -1   0  -2  -1  -1  -1  -1  -2  -1   1   0  -2  -2   0    0   0   0   0   0   0   0   0   0   0   0   0   0   0   0   0   0   0   0   0  0.00     0.00
   35 W    -2  -3  -4  -4  -2  -2  -3  -2  -2  -3  -2  -3  -1   1  -4  -3  -2  10   2  -3    0   0   0   0   0   0   0   0   0   0   0   0   0   0   0   0   0   0   0   0  0.00     0.00
   36 S     1  -1   1   0  -1   0   0   0  -1  -2  -2   0  -1  -2  -1   4   1  -3  -2  -2    0   0   0   0   0   0   0   0   0   0   0   0   0   0   0   0   0   0   0   0  0.00     0.00
   37 L    -1  -2  -3  -4  -1  -2  -3  -4  -3   1   4  -2   2   0  -3  -2  -1  -2  -1   1    0   0   0   0   0   0   0   0   0   0   0   0   0   0   0   0   0   0   0   0  0.00     0.00
   38 A     4  -1  -2  -2   0  -1  -1   0  -2  -1  -1  -1  -1  -2  -1   1   0  -2  -2   0    0   0   0   0   0   0   0   0   0   0   0   0   0   0   0   0   0   0   0   0  0.00     0.00
   39 T     0  -1   0  -1  -1  -1  -1  -2  -2  -1  -1  -1  -1  -2  -1   1   4  -2  -2   0    0   0   0   0   0   0   0   0   0   0   0   0   0   0   0   0   0   0   0   0  0.00     0.00
   40 L    -1  -2  -3  -4  -1  -2  -3  -4  -3   1   4  -2   2   0  -3  -2  -1  -2  -1   1    0   0   0   0   0   0   0   0   0   0   0   0   0   0   0   0   0   0   0   0  0.00     0.00
   41 A     4  -1  -2  -2   0  -1  -1   0  -2  -1  -1  -1  -1  -2  -1   1   0  -2  -2   0    0   0   0   0   0   0   0   0   0   0   0   0   0   0   0   0   0   0   0   0  0.00     0.00
   42 L    -1  -2  -3  -4  -1  -2  -3  -4  -3   1   4  -2   2   0  -3  -2  -1  -2  -1   1    0   0   0   0   0   0   0   0   0   0   0   0   0   0   0   0   0   0   0   0  0.00     0.00
   43 R    -1   5   0  -2  -3   1   0  -2   0  -3  -2   2  -1  -3  -2  -1  -1  -3  -2  -2    0   0   0   0   0   0   0   0   0   0   0   0   0   0   0   0   0   0   0   0  0.00     0.00
   44 P    -1  -2  -2  -1  -3  -1  -1  -2  -2  -3  -3  -1  -2  -4   7  -1  -1  -4  -3  -2    0   0   0   0   0   0   0   0   0   0   0   0   0   0   0   0   0   0   0   0  0.00     0.00
   45 T     0  -1   0  -1  -1  -1  -1  -2  -2  -1  -1  -1  -1  -2  -1   1   4  -2  -2   0    0   0   0   0   0   0   0   0   0   0   0   0   0   0   0   0   0   0   0   0  0.00     0.00
   46 R    -1   5   0  -2  -3   1   0  -2   0  -3  -2   2  -1  -3  -2  -1  -1  -3  -2  -2    0   0   0   0   0   0   0   0   0   0   0   0   0   0   0   0   0   0   0   0  0.00     0.00
   47 D    -2  -2   1   6  -3   0   1  -1  -1  -3  -4  -1  -3  -3  -1   0  -1  -4  -3  -3    0   0   0   0   0   0   0   0   0   0   0   0   0   0   0   0   0   0   0   0  0.00     0.00
   48 F    -2  -3  -3  -3  -2  -3  -3  -3  -1   0   0  -3   0   6  -4  -2  -2   1   3  -1    0   0   0   0   0   0   0   0   0   0   0   0   0   0   0   0   0   0   0   0  0.00     0.00
   49 A     4  -1  -2  -2   0  -1  -1   0  -2  -1  -1  -1  -1  -2  -1   1   0  -2  -2   0    0   0   0   0   0   0   0   0   0   0   0   0   0   0   0   0   0   0   0   0  0.00     0.00
   50 D    -2  -2   1   6  -3   0   1  -1  -1  -3  -4  -1  -3  -3  -1   0  -1  -4  -3  -3    0   0   0   0   0   0   0   0   0   0   0   0   0   0   0   0   0   0   0   0  0.00     0.00
   51 G     0  -2   0  -1  -2  -2  -2   5  -2  -4  -4  -2  -3  -3  -2   0  -2  -2  -3  -3    0   0   0   0   0   0   0   0   0   0   0   0   0   0   0   0   0   0   0   0  0.00     0.00
   52 L    -1  -2  -3  -4  -2  -1  -2  -3  -2   1   3  -2   5   0  -3  -2  -1  -2  -1   1    0   0   0   0   0   0   0   0   0   0  35   0  65   0   0   0   0   0   0   0  0.36 0.01
   53 I     0  -2  -1  -1  -1  -1  -1  -2  -2   2   0  -1   0  -1  -2   2   3  -3  -2   1    0   0   0   0   0   0   0   0   0  35   0   0   0   0   0  33  33   0   0   0  0.19 0.00
   54 S     1   1   0   0  -2   0   0  -1  -1  -3  -3   2  -2  -3  -1   3   1  -3  -2  -2    0   0   0   0   0   0   0   0   0   0   0  33   0   0   0  67   0   0   0   0  0.36 0.01
   55 M    -1  -1  -2  -2  -2   3   0  -3  -1   1   2   0   4  -1  -2  -1  -1  -2  -1   0    0   0   0   0   0  33   0   0   0   0  33   0  35   0   0   0   0   0   0   0  0.23 0.01
   56 I    -1  -3  -4  -4  -2  -3  -4  -4  -4   5   1  -3   1  -1  -3  -3  -1  -3  -2   3    0   0   0   0   0   0   0   0   0  82   0   0   0   0   0   0   0   0   0  18  0.51 0.06
   57 G     1  -3  -1  -2   5  -2  -3   5  -3  -3  -3  -2  -3  -3  -2   0  -2  -3  -3  -3   10   0   0   0  20   0   0  71   0   0   0   0   0   0   0   0   0   0   0   0  0.81 0.05
   58 T     0  -2   0  -2  -1  -1  -1  -2  -2  -1  -2  -1  -1  -3  -2   1   6  -3  -2   0    0   0   0   0   0   0   0   0   0   0   0   0   0   0   0   0 100   0   0   0  0.69 0.08
   59 H    -2  -1   0  -2  -4   0  -1  -3   9  -4  -3  -1  -2  -2  -3  -1  -2  -3   1  -4    0   0   0   0   0   0   0   0 100   0   0   0   0   0   0   0   0   0   0   0  1.31 0.11
   60 S     0  -1   3   3  -2   0   0  -1  -1  -3  -3  -1  -2  -3  -1   3   0  -4  -2  -3    0   0  19  27   0   0   0   0   0   0   0   0   0   0   0  53   0   0   0   0  0.48 0.05
   61 G     0  -3  -1  -2  -3  -2  -3   6  -3  -4  -4  -2  -3  -4  -3  -1  -2  -3  -4  -4    0   0   0   0   0   0   0 100   0   0   0   0   0   0   0   0   0   0   0   0  1.21 0.07
   62 S     0  -1   0  -1  -1   0   0  -1  -1  -2  -2   1  -2  -3  -1   4   3  -3  -2  -1    0   0   0   0   0   0   0   0   0   0   0  10   0   0   0  61  29   0   0   0  0.42 0.05
   63 F    -3  -3  -4  -4  -3  -4  -4  -4  -2  -1   0  -4   0   7  -4  -3  -3   1   3  -1    0   0   0   0   0   0   0   0   0   0   0   0   0 100   0   0   0   0   0   0  1.04 0.08
   64 H    -2  -1   0  -2  -4   0  -1  -3   9  -4  -3  -1  -2  -2  -3  -1  -2  -3   1  -4    0   0   0   0   0   0   0   0 100   0   0   0   0   0   0   0   0   0   0   0  1.31 0.11
   65 A     4  -2  -2  -3   6  -2  -2  -1  -2  -2  -2  -2  -1  -3  -2   0  -1  -3  -2  -1   71   0   0   0  29   0   0   0   0   0   0   0   0   0   0   0   0   0   0   0  0.55 0.06
   66 D    -2  -2   1   7  -4  -1   1  -2  -2  -4  -4  -1  -4  -4  -2  -1  -2  -5  -4  -4    0   0   0 100   0   0   0   0   0   0   0   0   0   0   0   0   0   0   0   0  1.16 0.08
   67 E    -1   0  -1   1  -4   2   6  -3  -1  -4  -3   0  -3  -4  -2  -1  -1  -3  -3  -3    0   0   0   0   0   0 100   0   0   0   0   0   0   0   0   0   0   0   0   0  0.93 0.08
   68 A     4  -2  -2  -2  -1  -1  -1  -1  -2   0  -1  -1  -1  -2  -1   1   0  -3  -2   2   63   0   0   0   0   0   0   0   0   0   0   0   0   0   0  10   0   0   0  27  0.30 0.04
   69 L    -1  -2  -2  -3  -2  -2  -3  -3  -3   1   3  -2   1   2  -3  -1   2  -2  -1   0    0   0   0   0   0   0   0   0   0   0  63   0   0  10   0   0  27   0   0   0  0.31 0.04
   70 G     4  -2  -2  -2  -1  -1  -1   2  -2  -2  -2  -1  -1  -3  -1   1  -1  -3  -2  -1   86   0   0   0   0   0   0  14   0   0   0   0   0   0   0   0   0   0   0   0  0.49 0.06
   71 V    -1  -4  -3  -4   8  -3  -4  -3  -4   0  -1  -3  -1  -2  -3  -2  -1  -3  -2   2    0   0   0   0  66   0   0   0   0   0   0   0   0   0   0   0   0   0   0  34  0.95 0.07
   72 W     3  -2  -2  -3  -2  -2  -2  -1   0  -2  -1  -2  -1   2  -2   0  -1   6   4  -1   47   0   0   0   0   0   0   0   0   0   0   0   0  10   0   0   0  14  29   0  0.47 0.05
   73 M    -2  -2  -3  -4  -2  -2  -3  -4  -3   1   4  -2   5   0  -3  -2  -1  -2  -1   1    0   0   0   0   0   0   0   0   0   0  56   0  44   0   0   0   0   0   0   0  0.49 0.06
   74 L    -2  -3  -4  -4  -2  -3  -3  -4  -3   1   5  -3   2   0  -3  -3  -2  -2  -1   1    0   0   0   0   0   0   0   0   0   0 100   0   0   0   0   0   0   0   0   0  0.60 0.06
   75 R    -2   5  -1  -2  -3   0  -1  -3  -1   2  -1   2  -1  -2  -2  -1  -1  -3  -2   0    0  53   0   0   0   0   0   0   0  27   0  20   0   0   0   0   0   0   0   0  0.39 0.05
   76 R    -2   2  -2  -3  -2   1  -1  -3  -2   1   3   0   3  -1  -3  -2  -1  -2  -1   0    0  24   0   0   0  10   0   0   0  10  39   0  18   0   0   0   0   0   0   0  0.23 0.03
   77 L    -2  -3  -4  -4  -2  -3  -3  -4  -3   1   4  -3   1   4  -4  -3  -2  -1   0   0    0   0   0   0   0   0   0   0   0   0  73   0   0  27   0   0   0   0   0   0  0.49 0.05
   78 D    -2  -2   0   5  -4  -1   0  -2  -2  -3  -4  -1  -3  -4   6  -1  -1  -5  -4  -3    0   0   0  51   0   0   0   0   0   0   0   0   0   0  49   0   0   0   0   0  1.16 0.06
   79 R    -1   3  -1  -1  -3   2   3  -3  -1  -1   1   0   0  -2  -2  -1   0  -3  -2  -1    0  24   0   0   0  10  29   0   0   0  27   0   0   0   0   0  10   0   0   0  0.23 0.03
   80 F    -2  -3  -3  -4  -2  -3  -3  -4  -1   0   0  -3   0   5  -3  -2  -2   1   5   2    0   0   0   0   0   0   0   0   0   0   0   0   0  44   0   0   0   0  29  27  0.54 0.05
   81 G     0   1   0   3  -2   0   0   2  -1  -2  -2   1  -2  -2  -1   1  -1  -2  -2  -2    8  14   1  29   0   1   1  16   0   1   2  11   0   1   1  11   1   0   1   1  0.23 0.01
   82 G     0  -1   1   1  -1   0   0   3  -1  -1  -1   0  -1  -1   0   0   0  -1  -1  -1    5   3   9  13   1   3   4  28   1   3   5   3   1   2   3   4   3   1   2   4  0.14 0.00
   83 P     0   0   0   0  -1   0   0  -1   2  -1  -1   2  -1  -1   3   0   0  -1   0  -1    4   3   3   3   1   2   4   4  11   3   5  23   1   2  17   4   3   1   2   4  0.18 0.01
   84 T    -1   0   0   3  -2   1   3  -1  -1  -2  -2   1  -2  -3  -1   1   1  -3  -2  -2    1   1   1  27   0   1  26   1   0   1   1  10   0   1   1  11  15   0   1   1  0.31 0.02
   85 A     3  -1   2   1  -1  -1   0   0  -1  -2  -2  -1  -1  -2  -1   1   0  -3  -2  -1   54   1  19  10   0   0   1   1   0   1   1   1   0   0   1  10   1   0   0   1  0.27 0.03
   86 E    -1   1   0   0  -3   2   3  -2  -1  -3  -3   4  -2  -3  -1   0  -1  -3  -2  -2    1   1   0   1   0  10  34   1   0   1   1  48   0   0   1   1   1   0   0   1  0.45 0.04
   87 V    -1  -3  -4  -4  -2  -3  -4  -4  -4   5   2  -3   1   0  -3  -3  -1  -3  -2   3    0   0   0   0   0   0   0   0   0  76  10   0   0   0   0   0   0   0   0  14  0.47 0.05
   88 V    -1  -3  -3  -4  -1  -3  -3  -4  -4   3   2  -3   1  -1  -3  -2  -1  -3  -2   4    0   0   0   0   0   0   0   0   0  28  10   0   0   0   0   0   0   0   0  62  0.41 0.04
   89 R    -2   7  -1  -2  -4   1  -1  -3  -1  -4  -3   2  -2  -3  -3  -1  -2  -3  -2  -3    0 100   0   0   0   0   0   0   0   0   0   0   0   0   0   0   0   0   0   0  0.99 0.08
   90 S     0  -1   0  -1  -1  -1  -1  -1  -2  -2  -2  -1  -1  -3  -1   4   4  -3  -2  -1    0   0   0   0   0   0   0   0   0   0   0   0   0   0   0  53  47   0   0   0  0.48 0.06
   91 R    -2   7  -1  -2  -4   1  -1  -3  -1  -4  -3   2  -2  -3  -3  -1  -2  -3  -2  -3    0 100   0   0   0   0   0   0   0   0   0   0   0   0   0   0   0   0   0   0  0.99 0.08
   92 D    -2  -2   2   6  -4  -1   1  -2  -1  -4  -4  -1  -4  -4  -2  -1  -1  -5  -4  -4    0   0  10  90   0   0   0   0   0   0   0   0   0   0   0   0   0   0   0   0  1.03 0.07
   93 P     0  -2  -2  -2  -3  -1  -1  -2  -2  -3  -3   0  -3  -4   7   0  -1  -4  -3  -2   10   0   0   0   0   0   0   0   0   0   0  10   0   0  71   9   0   0   0   0  1.37 0.06
   94 K     0   0  -1   0  -3   3   3  -2  -1  -2  -2   2  -1  -3  -1   1   0  -3  -2   0   10   0   0   0   0  18  28   0   0   0   0  24   0   0   0  10   0   0   0  10  0.29 0.03
   95 V    -1   0  -1   1  -2   1   0  -2  -2   1  -1   3  -1  -2  -2  -1  -1  -3  -2   2    0   0   0  10   0  10   0   0   0   0   0  37   0   0   0   0   0   0   0  43  0.18 0.04
   96 L    -2  -3  -4  -4  -2  -3  -3  -4  -3   2   4  -3   2   0  -3  -3  -2   5  -1   1    0   0   0   0   0   0   0   0   0  10  80   0   0   0   0   0   0  10   0   0  0.53 0.05
   97 E     2  -1  -1   2  -2   1   4  -1  -1  -3  -3   0  -2  -3  -1   1   0  -3  -2  -2   37   0   0  10   0   0  44   0   0   0   0   0   0   0   0  10   0   0   0   0  0.39 0.04
   98 N     1   1   2   0  -2   2   0  -1  -1  -3  -3   3  -1  -3  -1   2   0  -3  -2  -2   16   0  14   0   0  18   0   0   0   0   0  30   0   0   0  22   0   0   0   0  0.30 0.03
   99 L     0  -3  -2  -3   8  -2  -3  -3  -3  -1   0  -3  -1  -2  -3   1  -1  -3  -3  -1    0   0   0   0  66   0   0   0   0   0  14   0   0   0   0  20   0   0   0   0  0.87 0.07
  100 P    -1  -1   0   5  -3   0   3  -2  -1  -3  -3   0  -3  -4   3   0   0  -4  -3  -3    0   0   0  49   0   0  27   0   0   0   0   0   0   0  14   0  10   0   0   0  0.64 0.04
  101 V    -1  -3  -3  -4  -2  -3  -3  -4  -1   4   1  -3   0   1  -3  -2  -1  -1   4   3    0   0   0   0   0   0   0   0   0  49   0   0   0   0   0   0   0   0  27  24  0.38 0.04
  102 L     0  -3  -3  -3  -1  -2  -3  -3  -3   3   2  -2   1  -1  -3  -2  -1  -3  -1   3   10   0   0   0   0   0   0   0   0  20  24   0   0   0   0   0   0   0   0  47  0.30 0.03
  103 I    -1  -3  -3  -4   6  -3  -3  -3  -4   2   0  -3   0  -1  -3  -2  -1  -3  -2   4    0   0   0   0  27   0   0   0   0  14   0   0   0   0   0   0   0   0   0  58  0.48 0.05
  104 D    -2  -2   1   7  -4  -1   1  -2  -2  -4  -4  -1  -4  -4  -2  -1  -2  -5  -4  -4    0   0   0 100   0   0   0   0   0   0   0   0   0   0   0   0   0   0   0   0  1.16 0.08
  105 I    -1  -3  -3  -4  -1  -3  -3  -4  -4   3   1  -3   1  -1  -3  -2   0  -3  -2   5    0   0   0   0   0   0   0   0   0  14   0   0   0   0   0   0   0   0   0  86  0.48 0.06
  106 G     0  -3  -1  -2  -3  -2  -3   6  -3  -4  -4  -2  -3  -4  -3  -1  -2  -3  -4  -4    0   0   0   0   0   0   0 100   0   0   0   0   0   0   0   0   0   0   0   0  1.21 0.07
  107 G     2  -3  -1  -2  -2  -2  -2   6  -2  -4  -4  -2  -3  -3  -2   0  -2  -3  -3  -3   20   0   0   0   0   0   0  80   0   0   0   0   0   0   0   0   0   0   0   0  0.90 0.05
  108 V    -1   2  -1  -1  -2   1   2  -3  -1   1  -1   1   0  -2  -2  -1  -1  -3  -2   2    0  18   0   0   0  10  19   0   0  10   0  10   0   0   0   0   0   0   0  34  0.17 0.03
  109 Y    -2  -2  -3  -4  -3  -2  -3  -4   1  -2  -1  -2  -1   4  -4  -2  -2   2   8  -2    0   0   0   0   0   0   0   0   0   0   0   0   0  10   0   0   0   0  90   0  1.10 0.09
  110 D    -1  -1   3   5  -2   0   1  -1  -1  -3  -3  -1  -2  -3  -1   1  -1  -3  -2  -2    1   1  17  57   0   1   1   1   0   1   2   1   0   1   1  10   1   0   1   1  0.53 0.03
  111 H    -1  -1   0  -1  -2   0  -1   2   4  -1  -1  -1  -1   1  -1   0   0  -1   0  -1    3   2   2   2   1   2   2  22  25   2   3   2   1  11   2   3  11   1   1   2  0.16 0.01
  112 K     0   0   0   0  -1   0   2  -1  -1   0  -1   1   0  -1  -1   1   0  -2  -1   0    3   2   2   2   1   2  21   3   1  12   3  16   1   1   2  13   2   1   1  12  0.07 0.01
  113 A     1   1   0   0  -1   1   0  -1  -1  -1  -1   3  -1  -1   0   0   0  -1  -1  -1   18   2   2   2   1   2   3   3   1   2   4  42   1   2   2   3   3   1   1   3  0.14 0.01
  114 C    -1  -1  -1  -1   4   1  -1  -1   0   0   0  -1   0   2  -1  -1  -1   0   2  -1    4   2   2   2  15  12   3   3   1   2  14   3   1  12   2   3   3   1  11   3  0.08 0.01
  115 F     0   0   0   0  -1   0   0   0   0   0   0   0   0   2   0   0   0   0   1   0    7   4   4   5   2   4   5   6   2   4   8   5   2  17   4   6   5   1   3   6  0.02 0.00
  116 W     0   0   0   0  -1   0   0   0   0  -1   0   0   0   0   0   0   0   6   0   0    7   4   4   5   2   4   5   6   2   4   8   5   2   3   4   6   5  15   3   6  0.14 0.00
  117 P     0   0   0   0  -1   0   0   0   0  -1   0   0   0  -1   3   0   0   0   0   0    7   4   4   5   2   4   5   6   2   4   8   5   2   3  19   6   5   1   3   6  0.14 0.00
  118 S     0   0   0   0   0   0   0   0   0  -1   0   0   0  -1   0   1   0   0   0   0    7   4   4   5   2   4   5   6   2   4   8   5   2   3   4  20   5   1   3   6  0.04 0.00
  119 D     0   0   0   2  -1   0   0   0   0  -1  -1   0   0  -1   0   0   0   0   0  -1    7   4   4  19   2   4   5   6   2   4   8   5   2   3   4   6   5   1   3   6  0.05 0.00
  120 P     0   0   0   0  -1   0   0   0   0  -1   0   0   0  -1   3   0   0   0   0   0    7   4   4   5   2   4   5   6   2   4   8   5   2   3  19   6   5   1   3   6  0.14 0.00
  121 A     1   0   0   0   0   0   0   0   0   0   0   0   0  -1   0   0   0   0   0   0   21   4   4   5   2   4   5   6   2   4   8   5   2   3   4   6   5   1   3   6  0.03 0.00
  122 K     0   0   0   0  -1   0   0   0   0  -1   0   1   0  -1   0   0   0   0   0   0    7   4   4   5   2   4   5   6   2   4   8  19   2   3   4   6   5   1   3   6  0.04 0.00
  123 S     0   0   0   0   0   0   0   0   0  -1   0   0   0  -1   0   1   0   0   0   0    7   4   4   5   2   4   5   6   2   4   8   5   2   3   4  20   5   1   3   6  0.04 0.00
  124 G     0   0   0   0  -1   0   0   2   0  -1  -1   0   0  -1   0   0   0   0   0  -1    7   4   4   5   2   4   5  20   2   4   8   5   2   3   4   6   5   1   3   6  0.05 0.01
  125 E     0   0   0   0  -1   1   2   0   0  -1   0   0   0  -1   0   0   0   0   0   0    7   4   4   5   2   4  20   6   2   4   8   5   2   3   4   6   5   1   3   6  0.05 0.00
  126 E     0   0   0   0  -1   1   2   0   0  -1   0   0   0  -1   0   0   0   0   0   0    7   4   4   5   2   4  20   6   2   4   8   5   2   3   4   6   5   1   3   6  0.05 0.00
  127 A     1   0   0   0   0   0   0   0   0   0   0   0   0  -1   0   0   0   0   0   0   21   4   4   5   2   4   5   6   2   4   8   5   2   3   4   6   5   1   3   6  0.03 0.00
  128 K     0   0   0   0  -1   0   0   0   0  -1   0   1   0  -1   0   0   0   0   0   0    7   4   4   5   2   4   5   6   2   4   8  19   2   3   4   6   5   1   3   6  0.04 0.00
  129 D     0   0   0   2  -1   0   0   0   0  -1  -1   0   0  -1   0   0   0   0   0  -1    7   4   4  19   2   4   5   6   2   4   8   5   2   3   4   6   5   1   3   6  0.05 0.00
  130 C     0   0   0   0   4   0   0   0   0   0   0   0   0  -1   0   0   0   0   0   0    7   4   4   5  16   4   5   6   2   4   8   5   2   3   4   6   5   1   3   6  0.05 0.00
  131 H     0   0   0   0  -1   0   0   0   3  -1   0   0   0   0   0   0   0   0   0  -1    7   4   4   5   2   4   5   6  16   4   8   5   2   3   4   6   5   1   3   6  0.04 0.00
  132 K     0   0   0   0  -1   0   0   0   0  -1   0   1   0  -1   0   0   0   0   0   0    7   4   4   5   2   4   5   6   2   4   8  19   2   3   4   6   5   1   3   6  0.04 0.00
  133 A     1   0   0   0   0   0   0   0   0  -1  -1   0  -1  -1   0   2   0  -1  -1   0   19   3   3   4   1   3   4   5   1   3   6   4   2   3   3  24   4   1   2   4  0.08 0.00
  134 A     1  -1  -1  -1  -1  -1  -1  -1  -1   1   0  -1   0  -1   4   0   0  -1  -1   0   18   2   2   3   1   2   3   4   1  21   4   3   1   2  22   3   3   1   2   3  0.19 0.01
  135 R     0   2   0   0  -1   2   1  -1   0  -1  -1   1  -1  -1   0   0   0  -1  -1  -1   13  23   2   3   1  15  13   4   1   2   4   3   1   2   2   3   3   1   2   3  0.15 0.01
  136 A     1   1   2   1  -1   0   0  -1   2  -2  -1   0  -1  -2  -1   1   0  -2  -1  -1   17  15  12  11   1   2   2   3  10   2   4   2   1   2   2   9   2   1   1   3  0.11 0.01
  137 C    -1   0   0  -1   4   0   0  -1   4  -2  -1   2  -1  -1  -1   0  -1  -1   0  -1    3   2   2   2  15   2   2   3  20   2   4  30   1   2   2   3   2   1   1   3  0.17 0.02
  138 R    -1   6  -1  -1  -3   1   0  -2   0  -3  -2   2  -1  -2  -2  -1  -1  -2  -2  -2    2  81   1   1   0   1   1   1   0   1   2   1   0   1   1   1   1   0   1   1  0.65 0.05
  139 Y    -2  -3  -3  -4  -3  -3  -3  -4   0  -1   0  -3  -1   6  -4  -3  -2   1   6  -1    0   0   0   0   0   0   0   0   0   0   0   0   0  57   0   0   0   0  43   0  0.88 0.07
  140 D    -2  -2   1   7  -4  -1   1  -2  -2  -4  -4  -1  -4  -4  -2  -1  -2  -5  -4  -4    0   0   0 100   0   0   0   0   0   0   0   0   0   0   0   0   0   0   0   0  1.16 0.08
  141 H    -2  -1   0  -2  -4   0  -1  -3   9  -4  -3  -1  -2  -2  -3  -1  -2  -3   1  -4    0   0   0   0   0   0   0   0 100   0   0   0   0   0   0   0   0   0   0   0  1.31 0.11
  142 H    -2  -1   0  -2  -4   0  -1  -3   9  -4  -3  -1  -2  -2  -3  -1  -2  -3   1  -4    0   0   0   0   0   0   0   0 100   0   0   0   0   0   0   0   0   0   0   0  1.31 0.11
  143 Q    -1   1   0  -1  -4   7   2  -2   0  -3  -3   1  -1  -4  -2  -1  -1  -3  -2  -3    0   0   0   0   0 100   0   0   0   0   0   0   0   0   0   0   0   0   0   0  0.93 0.10
  144 R    -1   5   0  -1  -2   1   0  -1   0  -2  -2   1  -1  -2  -1   1  -1  -2  -1  -2    2  64   1   1   1   1   2   2   1   1   2   2   1   1   1  12   2   0   1   2  0.43 0.03
  145 G     0  -1   0   0  -2   0   1   4  -1  -2  -2  -1  -2  -2  -1   1   0  -2  -2  -2    2   1   1   1   1   1  11  46   1   1   2   2   1   1   1  15   8   0   1   2  0.34 0.02
  146 F    -2  -2  -2  -2  -2  -2  -2  -2  -1   0   0  -2   0   6  -2  -2  -2   1   2  -1    2   1   1   1   1   1   2   2   1   1   2   2   1  74   1   2   2   0   1   2  0.51 0.04
  147 N    -1  -1   3   0  -1  -1  -1  -1  -1  -1  -1  -1  -1   1  -1   1   3  -1  -1  -1    2   1  25   1   1   1   2   2   1   1   2   2   1  11   1   2  40   0   1   2  0.20 0.02
  148 E    -1   0   0   3  -3   1   4  -1   0  -2  -2   0  -2  -2  -1   0  -1  -2  -2  -2    2   1   1  21   1   1  55   2   1   1   2   2   1   1   1   2   2   0   1   2  0.44 0.03
  149 T     0  -1   0  -1  -1  -1  -1  -1  -1  -1  -1  -1  -1  -2  -1   1   5  -2  -1   0    2   1   1   1   1   1   2   2   1   1   2   2   1   1   1   2  74   0   1   2  0.37 0.04
  150 F    -1  -2  -2  -2  -2  -1  -2  -2  -1   0   1  -2   4   5  -2  -1  -1   0   1   0    2   1   1   1   1   1   2   2   1   1   2   2  30  45   1   2   2   0   1   2  0.28 0.03
  151 G     0  -1   2   2  -2   0   1   2  -1  -2  -2   0  -2  -2  -1   2   0  -2  -2  -2    2   1  11  11   1   1  12  16   1   1   2   2   1   1   1  31   2   0   1   2  0.21 0.01
  152 E     0   0   0   2  -2   1   2  -1  -1  -2  -2   1  -1  -2   2   1   0  -2  -2  -2    2   1   1  11   1   1  26   2   1   1   2  12   1   1  11  21   2   0   1   2  0.26 0.01
  153 F    -1  -2  -2  -2  -1  -1  -2  -2  -2   1   2  -2   1   2  -2  -1  -1  -1   0   2    2   2   1   2   1   1   2   2   1   2  32   2   1  15   2   2   2   0   1  29  0.13 0.01
  154 G     0   0   2  -1  -2   0   0   2  -1  -3  -3   2  -2  -3   1   3   0  -3  -2  -2    0   0  10   0   0   0   0  14   0   0   0  29   0   0   6  40   0   0   0   0  0.32 0.03
  155 F    -2  -2  -3  -4  -3  -2  -3  -3   3  -2  -1  -3  -1   4  -4  -2  -2   7   6  -2    0   0   0   0   0   0   0   0  10   0   0   0   0  24   0   0   0  19  47   0  0.89 0.06
  156 T    -1   0   0   3  -2   2   1  -2  -1  -2  -3   1  -2  -3  -1   1   3  -3  -2  -2    0   0   0  30   0  19   0   0   0   0   0  10   0   0   0  10  32   0   0   0  0.36 0.04
  157 T     0  -2  -1  -2  -2  -1  -2   3  -2   0  -2  -1  -1  -2  -2   1   4  -3  -2   0    0   0   0   0   0   0   0  27   0  10   0   0   0   0   0   0  63   0   0   0  0.40 0.05
  158 K     0   2   0  -1  -3   1   0  -2  -1  -3  -3   4  -2  -3  -1   2   0  -3  -2  -3    0  10   0   0   0   0   0   0   0   0   0  63   0   0   0  27   0   0   0   0  0.46 0.05
  159 L    -2  -3  -4  -4  -2  -3  -3  -4  -3   1   4  -3   1   0  -4  -3  -2   8   0   0    0   0   0   0   0   0   0   0   0   0  73   0   0   0   0   0   0  27   0   0  0.77 0.06
  160 S     1  -1   0  -1  -1   0  -1  -1  -1  -3  -3  -1  -2  -3  -1   5   1  -3  -2  -2    0   0   0   0   0   0   0   0   0   0   0   0   0   0   0 100   0   0   0   0  0.63 0.08
  161 S     1  -1   0  -1  -1   0  -1  -1  -1  -3  -3  -1  -2  -3  -1   5   1  -3  -2  -2    0   0   0   0   0   0   0   0   0   0   0   0   0   0   0 100   0   0   0   0  0.63 0.08
  162 S     4  -2  -1  -2  -1  -1  -1   0  -2  -2  -2  -1  -1  -3  -1   2   0  -3  -2  -1   86   0   0   0   0   0   0   0   0   0   0   0   0   0   0  14   0   0   0   0  0.49 0.06
  163 G     0  -3  -1  -2  -3  -2  -3   6  -3  -4  -4  -2  -3  -4  -3  -1  -2  -3  -4  -4    0   0   0   0   0   0   0 100   0   0   0   0   0   0   0   0   0   0   0   0  1.21 0.07
  164 L    -2  -2  -3  -4  -2  -2  -3  -4  -3   1   4  -3   4   0  -3  -3  -1  -2  -1   1    0   0   0   0   0   0   0   0   0   0  73   0  27   0   0   0   0   0   0   0  0.50 0.05
  165 V    -1  -3  -4  -4  -1  -3  -3  -4  -4   4   1  -3   1  -1  -3  -2  -1  -3  -2   4    0   0   0   0   0   0   0   0   0  52   0   0   0   0   0   0   0   0   0  48  0.45 0.05
  166 Y    -2  -2  -3  -4  -2  -2  -3  -4   1   0   2  -3   0   3  -3  -2  -2   1   6  -1    0   0   0   0   0   0   0   0   0   0  27   0   0  10   0   0   0   0  63   0  0.67 0.06
  167 K     0   1   0   2  -2   0   0  -2  -1  -1   0   3  -1  -2  -1   0  -1  -3  -2  -1   11   1   0  18   0   0   1   1   0   1  20  44   0   0   1   1   1   0   0   1  0.18 0.03
  168 H    -2  -1   0  -2  -4   0  -1  -3   8  -3  -3  -1  -2   0  -3  -1  -2  -1   4  -3    0   0   0   0   0   0   0   0  82   0   0   0   0   0   0   0   0   0  18   0  1.06 0.09
  169 W    -2  -3  -3  -4  -3  -2  -3  -4   0  -1   1  -3   0   4  -4  -3  -2   6   5  -1    0   0   0   0   0   0   0   0   0   0  18   0   0  29   0   0   0  14  39   0  0.71 0.05
  170 G     0  -2  -1  -1  -2  -2  -2   5  -2  -2  -1  -1  -1  -2  -2  -1  -1  -2  -2  -2    1   1   1   1   0   1   1  74   0   1  11   1   0   1   1   1   1   0   1   1  0.64 0.04
  171 R    -1   5   0  -1  -3   1   0  -2   3  -3  -2   3  -1  -2  -1  -1  -1  -2  -1  -2    1  51   1   1   0   1   1   1  13   1   2  21   0   1   1   1   1   0   1   1  0.44 0.03
  172 E    -1   0   0   3  -3   1   4  -2  -1  -3  -2   2  -2  -3  -1   0  -1  -3  -2  -2    1   1   1  21   0   1  45   1   0   1   2  20   0   1   1   1   1   0   1   1  0.42 0.03
  173 V    -1  -2  -2  -3  -1  -2  -2  -3  -2   2   2  -2   1   2  -2  -2  -1  -2   0   3    1   1   1   1   0   1   1   1   0  21  21   1   0  11   1   1   1   0   1  35  0.19 0.02
  174 I    -1  -2  -2  -2  -1  -2  -2  -2  -2   3   2  -2   1   0  -2  -2  -1  -2  -1   2    2   1   1   1   1   1   2   2   1  55  21   2   1   1   1   2   2   0   1   2  0.20 0.02
  175 C     1   0   1  -1   4   0   0  -1   2  -2  -2   2  -1  -2  -1   0   0  -2  -1  -1   21   1  11   1  15   1   2   2  10   1   2  21   1   1   1   2   2   0   1   2  0.14 0.01
  176 A     2   0   0  -1  -1   2   0   0   0  -1  -1   0   0  -1   0   1   1  -1  -1  -1   27   2   2   2   1  22   3   3   1   2   4   3   1   2   2   3  13   1   1   3  0.12 0.01
  177 L     0  -1  -1  -1  -1  -1  -1  -1  -1   2   1  -1   1   0  -1  -1   0  -1  -1   1    4   3   3   3   1   2   4   4   1  23  19   3   1   2   3   4   3   1   2  13  0.04 0.00
  178 H     0   0   0   0  -1   0   0   0   3   0   0   0   0   0   0   0   0   0   0   0    6   4   3   4   1   3   5   6  16   4  17   4   2   3   4   5   4   1   2   5  0.03 0.00
  179 P     0   0   0   0  -1   0   0   0  -1  -1  -1   0  -1  -1   4   0   0  -1  -1  -1    6   4   3   4   1   3   5   6   2   4   7   4   2   3  28   5   4   1   2   5  0.27 0.00
  180 H    -1   0   0   0  -2   3   1  -1   5  -2  -2   0  -1  -1  -1   0  -1  -1   0  -2    3   2   2   2   1  30   2   3  33   2   4   2   1   2   2   3   2   1   1   3  0.30 0.02
  181 L    -1  -2  -2  -2  -1  -1  -2   0   2   1   3  -2   1   0  -2  -2  -1  -2  -1   0    2   1   1   1   0   1   1  10   9   1  65   1   0   1   1   1   1   0   1   1  0.19 0.03
  182 T    -1  -1   1  -1  -1  -1  -1   1  -1   0   2   0   0  -1  -1   0   1  -2  -1   0    2   1  11   1   0   1   1  11   0   1  38  11   0   1   1   1  15   0   1   1  0.07 0.01
  183 G     0  -2   1  -1  -2  -1  -2   5  -1  -1  -2  -1  -2  -2  -2   0  -1  -2  -2  -1    2   1  11   1   0   1   1  62   0  11   2   1   0   1   1   1   1   0   1   1  0.49 0.03
  184 C     0  -1   2  -1   4   0  -1  -1  -1  -1  -1   1  -1   1  -1   1   2  -2  -1  -1    2   1  21   1  15   1   1   1   0   1   2  11   0   9   1  10  20   0   1   1  0.16 0.02
  185 S     0   1  -1  -1  -1   0   1  -2  -1   0   1   0   0  -1  -2   2   0  -2  -2   1    1  10   0   1   0   0  10   1   0   1  19   1   0   0   1  34   1   0   0  21  0.09 0.02
  186 A     1  -1   0   0  -2   1   2  -1  -1  -2  -1   0  -1  -2   2   2   0  -2  -2  -1   15   1   0   1   0  10  20   1   0   1  11   1   0   0   9  29   1   0   0   1  0.22 0.02
  187 G     0  -1   0   2  -2   0   0   2   4  -2  -2  -1  -2  -2  -1   1   0  -2  -1  -2    2   1   1  21   1   1   2  16  18   1   3   2   1   1   2  22   2   0   1   2  0.21 0.02
  188 G     0  -1   0   1  -1   0   1   3  -1  -2  -2   0  -1  -2  -1   1   1  -1  -1  -1    3   2   2  11   1   2  11  27   1   2   3   2   1   1   2  13  12   1   1   2  0.17 0.01
  189 D    -1  -1   2   3  -3   1   3  -1   0  -2  -2   0  -2  -1  -1   0  -1  -2   1  -2    2   1  11  25   0   1  38   1   0   1   2   1   0   1   1   1   1   0  10   1  0.35 0.02
  190 T    -1  -1   0   3  -2   0   0  -1   0  -1  -1  -1   1   0  -1   0   1  -1   3  -1    2   2   1  30   1   1   2   2   1   2   3   2  10   1   2   2  16   0  19   2  0.17 0.02
  191 D     0  -1   0   3  -2   0   2   0  -1  -2  -2   0  -2  -2  -1   2   0  -2  -2  -2    2   1   1  25   0   1  19   8   0   1   2   1   0   1   1  34   1   0   1   1  0.30 0.02
  192 L    -1  -2  -2  -2   3  -1  -2  -2  -1   1   1  -2   3   1  -2  -1  -1   0   3   1    2   1   1   1  10   1   1   1   0  11  16   1  23   1   1   1   1   0  18   8  0.16 0.02
  193 L    -1  -2  -3  -2  -2  -2   0  -3  -3   2   3  -2   1   0  -3  -2   0  -2  -1   2    0   0   0   0   0   0  10   0   0  10  51   0   0   0   0   0  10   0   0  19  0.24 0.03
  194 D    -1  -1   3   4  -4   0   3   1  -1  -4  -4   0  -3  -4  -2   0  -1  -4  -3  -3    0   0  18  41   0   0  29  13   0   0   0   0   0   0   0   0   0   0   0   0  0.57 0.04
  195 W    -1  -2  -1  -2  -1  -1  -2  -2  -1   0   2  -1   0   0  -2   0   2   6   2   0    1   1   1   1   0   1   1   1   0   1  31   1   0   1   1   1  30  14  10   1  0.26 0.03
  196 V    -1  -2  -2  -2  -1  -2  -2  -3   2   1   3  -2   1   2  -2  -2  -1  -1   0   1    1   1   1   1   0   1   1   1  10   7  44   1   0  11   1   1   1   0   1  15  0.16 0.02
  197 F    -2  -2  -2  -3  -2  -2  -2  -3   1  -1  -1  -2  -1   4  -2  -2  -2   1   6  -1    1   1   1   1   0   1   1   1   0   1   2   1   0  25   1   1   1   0  59   1  0.64 0.05
  198 K    -1   0   0   3  -2   2   2  -2   2  -2  -1   1  -1  -2  -1   0  -1  -2  -1  -2    1   1   1  30   0  10  11   1  10   1  11  15   0   1   1   1   1   0   1   1  0.24 0.02
  199 Q    -1   2   1   0  -3   2   1  -1   0  -2  -2   4  -1  -3  -1   0  -1  -2  -2  -2    1  11  11   1   0  15   1   1   0   1   2  49   0   1   1   1   1   0   1   1  0.35 0.03
  200 Q    -1  -1  -1  -2  -1   1  -1  -2  -1   1   2  -1   3  -1  -1  -1   0  -1  -1   1    2   1   1   1   1  15   2   2   1   1  22   2  20   1   1   2   2   0   1  21  0.10 0.02
  201 Y    -1  -1  -2  -2  -2  -1  -1  -2   1  -1  -1  -1  -1   2  -2  -1  -1   2   7  -1    2   1   1   1   1   1   2   2   1   1   2   2   1   1   1   2   2   0  73   2  0.64 0.05
  202 K    -1   0   3   2  -3   2   3  -2   0  -3  -3   2  -2  -3  -1   1  -1  -3  -2  -3    0   0  19  10   0  10  29   0   0   0   0  24   0   0   0   9   0   0   0   0  0.41 0.03
  203 E     0   0   3   0  -2   3   2  -1   0  -2  -2   0  -1  -3  -1   2   2  -3  -2  -2    0   0  19   0   0  20  14   0   0   0   0   0   0   0   0  19  27   0   0   0  0.34 0.03
  204 F    -2  -3  -3  -4  -2  -3  -3  -4  -2   0   2  -3   2   6  -4  -3  -2   0   2   0    0   0   0   0   0   0   0   0   0   0  27   0  10  63   0   0   0   0   0   0  0.58 0.05
  205 I    -1  -3  -3  -4  -1  -3  -3  -4  -4   3   1  -3   1  -1  -3  -2   0  -3  -2   4    0   0   0   0   0   0   0   0   0  24   0   0   0   0   0   0   0   0   0  76  0.46 0.05
  206 E    -1   0   0   1  -4   2   5  -2   5  -4  -3   0  -2  -3  -2  -1  -1  -3  -1  -3    0   0   0   0   0  10  63   0  27   0   0   0   0   0   0   0   0   0   0   0  0.67 0.06
  207 A     2  -1  -1   0  -2   0   2   4  -1  -3  -3  -1  -2  -3  -2   1  -1  -3  -3  -2   24   0   0   0   0   0  29  37   0   0   0   0   0   0   0  10   0   0   0   0  0.41 0.03
  208 I    -1  -3  -3  -4  -1  -3  -3  -4  -3   3   2  -3   1   0  -3  -2  -1  -3  -1   3    0   0   0   0   0   0   0   0   0  24  29   0   0   0   0   0   0   0   0  47  0.38 0.03
  209 D    -2  -2   1   7  -4  -1   1  -2  -2  -4  -4  -1  -4  -4  -2  -1  -2  -5  -4  -4    0   0   0 100   0   0   0   0   0   0   0   0   0   0   0   0   0   0   0   0  1.16 0.08
  210 A     4  -1  -1  -1  -1   0   2   1  -1  -2  -2  -1  -2  -3  -1   1  -1  -3  -2  -1   63   0   0   0   0   0  27  10   0   0   0   0   0   0   0   0   0   0   0   0  0.36 0.05
  211 I    -1  -1   2  -1  -2   3   0  -2  -1   2   0  -1   0  -2  -2  -1  -1  -3  -2   2    0   0  20   0   0  27   0   0   0  24   0   0   0   0   0   0   0   0   0  29  0.18 0.04
  212 D    -2  -2   1   7  -4  -1   1  -2  -2  -4  -4  -1  -4  -4  -2  -1  -2  -5  -4  -4    0   0   0 100   0   0   0   0   0   0   0   0   0   0   0   0   0   0   0   0  1.16 0.08
  213 N    -2  -1   7   1  -3   0  -1  -1   0  -4  -4  -1  -3  -4  -3   0   0  -4  -3  -3    0   0 100   0   0   0   0   0   0   0   0   0   0   0   0   0   0   0   0   0  0.99 0.09
  214 G     0  -3  -1  -2  -3  -2  -3   6  -3  -4  -4  -2  -3  -4  -3  -1  -2  -3  -4  -4    0   0   0   0   0   0   0 100   0   0   0   0   0   0   0   0   0   0   0   0  1.21 0.07
  215 I    -2   3  -3  -3  -2  -1  -2  -4  -2   4   1  -1   0  -1  -3  -2  -1  -3  -2   2    0  27   0   0   0   0   0   0   0  63   0   0   0   0   0   0   0   0   0  10  0.30 0.05
  216 H     0  -1   0  -1  -2  -1   1  -2   3  -2  -2  -1  -1   3  -2   3   0  -1   1  -2    0   0   0   0   0   0  10   0  14   0   0   0   0  27   0  49   0   0   0   0  0.27 0.04
  217 I     0   1  -1  -2  -3   3   0  -2  -1   0  -1   1   0   3  -2  -1  -1  -1   0  -1   10  10   0   0   0  29   0   0   0  14   0  10   0  27   0   0   0   0   0   0  0.18 0.03
  218 C    -1  -2  -2  -3   4  -2  -2  -2   0  -2  -2  -2  -2   1  -3   2  -1   7   5  -2    0   0   0   0  14   0   0   0   0   0   0   0   0   0   0  27   0  19  39   0  0.62 0.06
  219 D     0   0   0   4  -3   0   1  -2  -1  -3  -3   2  -2  -4   3   0  -1  -4  -3  -2   13   0   0  34   0   0   6   0   0   0   0  27   0   0  19   0   0   0   0   0  0.48 0.03
  220 S     1  -1   0   1  -2   1   4  -1  -1  -3  -2   0  -2  -3  -1   2   0  -3  -2  -2   10   1   0   1   0   0  47   1   0   1   1   1   0   0   1  35   1   0   0   1  0.39 0.04
  221 G     0  -2   1   1  -3  -2  -2   6  -2  -4  -4  -2  -3  -4  -2   0  -2  -3  -3  -4    0   0  10  10   0   0   0  80   0   0   0   0   0   0   0   0   0   0   0   0  0.89 0.05
  222 R    -1   2  -1  -1  -3   0   2  -3  -1  -1  -1   2  -1   3  -2  -1  -1  -1   0   0    0  14   0   0   0   0  29   0   0   0   0  19   0  27   0   0   0   0   0  10  0.23 0.03
  223 T    -1  -3  -2  -2   6  -2  -2  -3  -3  -2  -3  -2  -2  -4   6  -1   1  -4  -3  -2    0   0   0   0  27   0   0   0   0   0   0   0   0   0  58   0  14   0   0   0  1.22 0.06
  224 R     0   5   2  -1  -3   0   0  -2  -1  -3  -3   1  -2  -3  -2   2   0  -3  -2  -3    0  53  10   0   0   0   0   0   0   0   0   0   0   0   0  37   0   0   0   0  0.48 0.05
  225 Y    -2  -3  -3  -4  -3  -3  -3  -4   0  -1  -1  -3  -1   6  -4  -2  -2   1   6  -1    0   0   0   0   0   0   0   0   0   0   0   0   0  47   0   0   0   0  53   0  0.89 0.07
  226 S     1   1   0  -1  -2   1   0  -1   2  -2  -1   1  -1  -2  -1   3   0  -3  -1  -2   13  10   0   0   0  10   0   0  10   0   6  10   0   0   0  42   0   0   0   0  0.23 0.03
  227 D     0  -2   0   5  -2  -1   0  -1  -2  -2   0  -1   0  -2  -2   1   0  -3  -3  -2   10   0   0  52   0   0   0   0   0   0  13   0   6   0   0  20   0   0   0   0  0.37 0.04
  228 A     2  -2  -1  -2  -1  -1  -1   1  -2   1  -1  -1  -1  -2  -1   1   2  -2  -2   0   35   1   0   1   0   0   1  10   0  18   1   1   0   0   1  11  20   0   0   1  0.16 0.02
  229 T     0  -2  -1  -2  -1  -1  -2   1  -2   2   0  -1   1  -1  -2   1   3  -2  -2   1    1   1   0   1   0   0   1  11   0  28   1   1  10   0   1  10  34   0   0   1  0.14 0.03
  230 G     0   0   2   0  -2   0   0   2  -1  -2  -2   1  -2  -3  -1   2   2  -3  -2  -2    1   1  10   1   0   0   1  15   0   1   1  18   0   0   1  30  20   0   0   1  0.24 0.02
  231 L    -1  -2  -3  -3  -1  -2  -3  -3  -3   3   3  -2   1   0  -3  -2  -1  -2  -1   1    1   1   0   1   0   0   1   1   0  38  54   1   0   0   1   1   1   0   0   1  0.35 0.03
  232 S     0  -1   0  -1  -1   0   0  -1  -1  -2  -2   0  -1  -2   4   3   1  -2  -2  -1    2   1   1   1   1   1   2   2   1   1   2   2   1   1  21  55   2   0   1   2  0.40 0.03
  233 A     3  -1  -1  -1  -1   0   1   1  -1  -2  -2   0  -1  -2  -1   1   0  -2  -1  -1   45   1   1   1   1   1  11  12   1   1   2   2   1   1   1  12   2   0   1   2  0.19 0.02
  234 R    -1   5  -1  -1  -2   0  -1  -2  -1   0  -1   1   1  -1  -1  -1  -1  -2  -1  -1    2  54   1   1   1   1   2   2   1  11   2   2  10   1   1   2   2   0   1   2  0.28 0.03
  235 V     0  -2  -2  -2  -1  -2  -2  -2  -2   3   1  -2   0  -1  -2  -1   1  -2  -1   3    1   1   1   1   0   1   1   1   0  21   2   1   0   1   1   1  11   0   1  54  0.22 0.03
  236 A     2  -1  -1  -1  -1  -1  -1   2  -1   0  -1  -1  -1  -2  -1   2   0  -2  -2   0   35   1   1   1   0   1   1  21   0  11   2   1   0   1   1  21   1   0   1   1  0.20 0.02
  237 K    -1   3   0  -1  -2   2   0   1   2  -2  -2   2  -1  -2  -1   1  -1  -2  -1  -2    1  20   1   1   0  11   1  11  10   1   2  25   0   1   1  11   1   0   1   1  0.24 0.02
  238 L    -1  -2  -2  -3  -1  -2  -2  -3  -2   2   3  -2   2   3  -2  -2  -1  -1   0   1    1   1   1   1   0   1   1   1   0  11  44   1  10  20   1   1   1   0   1   1  0.23 0.02
  239 N    -1  -1   5   0  -2   0  -1  -1   0  -2  -1  -1  -1  -1  -2   0   0  -2   2  -2    1   1  64   1   0   1   1   1   0   1  11   1   0   1   1   1   1   0  10   1  0.39 0.04
  240 V    -1  -1   1  -1  -2   1  -1  -1  -1  -1  -2  -1  -1  -2   5   1   0  -3  -2   0    1   1  11   1   0  10   1   1   0   1   2   1   0   1  40  11   1   0   1  15  0.55 0.03
  241 A     2  -1   1  -1  -1  -1  -1   1   2  -2  -2  -1  -1  -2   2   0   2  -2  -1  -1   25   1  11   1   0   1   1  11  10   1   2   1   0   1  11   1  20   0   1   1  0.20 0.02
  242 W    -3   0  -4  -4  -3  -2  -3  -3  -1  -3  -2  -2  -2   1  -4  -3  -3  11   4  -3    0  10   0   0   0   0   0   0   0   0   0   0   0   0   0   0   0  73  18   0  1.90 0.10
  243 N    -2  -1   6   1  -3   0   1  -1   0  -4  -4   0  -3  -4  -2   0   0  -4  -3  -3    0   0  90   0   0   0  10   0   0   0   0   0   0   0   0   0   0   0   0   0  0.86 0.08
  244 D    -1  -1   0   2  -3   2   3  -2   2  -3  -3   0  -2  -3   3   1  -1  -3  -2  -3    0   0   0  14   0  13  39   0   6   0   0   0   0   0  18  10   0   0   0   0  0.53 0.03
  245 D    -1  -2  -1   3  -3   0   2  -2  -2  -2   0  -1  -1  -3   5  -1  -1  -4  -3  -2    0   0   0  24   0   0  20   0   0   0  18   0   0   0  39   0   0   0   0   0  0.67 0.04
  246 G    -1   0   2   1  -3   2   3   1  -1  -3  -3   1  -2  -3  -2   0   1  -3  -2  -3    0   0  13   6   0  10  37  14   0   0   0  10   0   0   0   0  10   0   0   0  0.36 0.03
  247 T    -1   0   2   2  -2   3   2  -2   0  -3  -3   0  -1  -3  -1   1   2  -3  -2  -2    0   0  10  10   0  29  18   0   0   0   0   0   0   0   0  10  24   0   0   0  0.36 0.03
  248 G    -1  -2   1   5  -3  -1   0   3  -2  -3  -3  -1  -3  -3  -2   0  -1  -3  -3  -3    1   1   0  59   0   0   1  33   0   1   1   1   0   0   1   1   1   0   0   1  0.64 0.04
  249 P     1  -1   0   1  -2   0   2   2  -1  -2  -2   0  -2  -2   3   0  -1  -2  -2  -2   12   1   1  11   1   1  21  20   1   1   3   2   1   1  16   2   2   0   1   2  0.27 0.01
  250 S     0  -1   3   2  -2   1   0  -1   0   0  -2   0  -1  -2  -1   2   0  -2  -2  -1    1   1  28  11   0  10   1   1   0  11   2   1   0   1   1  25   1   0   1   1  0.21 0.02
  251 E     0  -1  -1  -1  -2   0   2  -2  -1  -1  -1  -1  -1   1  -2   1   3  -2  -1   0    0   0   0   0   0   0  24   0   0   0   0   0   0  10   0  10  46   0   0  10  0.25 0.04
  252 E    -1  -1   2   4  -3   0   3  -2   0  -3  -3   0  -2  -2  -1   0  -1  -2   1  -3    1   1  10  38   0   0  34   1   0   1   1   1   0   0   1   1   1   0  10   1  0.47 0.03
  253 A     3   2  -1  -2  -1   0   0  -1  -1  -1   0   2  -1  -2  -1   0  -1  -2  -2  -1   44  10   0   1   0   0   1   1   0   1  11  28   0   0   1   1   1   0   0   1  0.19 0.03
  254 R    -1   3  -1   1   5   1   2   2  -1  -3  -3   0  -2  -3  -2  -1  -1  -3  -3  -3    0  24   0  10  20  10  18  19   0   0   0   0   0   0   0   0   0   0   0   0  0.33 0.03
  255 F    -3  -3  -4  -4  -3  -4  -4  -4  -2  -1   0  -4   0   7  -4  -3  -3   1   3  -1    0   0   0   0   0   0   0   0   0   0   0   0   0 100   0   0   0   0   0   0  1.04 0.08
  256 E     0   1  -1   0  -3   3   2  -2  -1  -2  -2   1  -1   2  -2   1  -1  -2   0  -2   10   6   0   0   0  20  24   0   0   0   0  13   0  18   0  10   0   0   0   0  0.24 0.03
  257 Q    -1   3  -1  -2   3   3   0  -2  -1  -2  -2   2  -1   2  -2  -1  -1  -2   0  -2    0  29   0   0  10  24   0   0   0   0   0  19   0  18   0   0   0   0   0   0  0.32 0.04
  258 A     5  -2  -2  -2  -1  -1  -1   0  -2  -2  -2  -1  -1  -3  -1   1   0  -3  -2  -1  100   0   0   0   0   0   0   0   0   0   0   0   0   0   0   0   0   0   0   0  0.57 0.07
  259 S     0  -2  -1  -2  -2  -1  -2  -2  -2   0   2  -1   5  -1  -2   2   0  -2  -2   0    0   0   0   0   0   0   0   0   0   0  27   0  39   0   0  34   0   0   0   0  0.25 0.05
  260 E    -2   1   0   4  -4   2   3  -2   4  -4  -3   0  -2  -3  -2  -1  -1  -3  -1  -3    0   9   0  29   0  10  34   0  19   0   0   0   0   0   0   0   0   0   0   0  0.52 0.04
  261 M    -2  -3  -3  -4  -2  -3  -3  -4  -2   1   3  -3   3   5  -4  -3  -2   0   1   0    0   0   0   0   0   0   0   0   0   0  38   0  14  47   0   0   0   0   0   0  0.49 0.05
  262 C    -1  -2  -2  -2   4  -1  -2  -2  -2   2   1  -2   3  -1  -2  -1   0  -2  -1   2    2   1   1   1  15   1   2   2   1  21   2   2  20   1   1   2   2   0   1  21  0.15 0.02
  263 G     1   0  -1  -1  -2   1  -1   4  -2  -3  -3  -1  -2  -3  -2   0   0  -3  -3  -2   18   6   0   0   0  13   0  53   0   0   0   0   0   0   0   0  10   0   0   0  0.49 0.03
  264 H    -1  -1  -1   0  -3   1   2   0   3   1  -1  -1  -1  -2  -2  -1   0  -3  -1   0    0   0   0   0   0  10  29  10  14  27   0   0   0   0   0   0  10   0   0   0  0.16 0.03
  265 D    -2  -2   0   4  -3   0   3  -2  -1  -2  -2  -1  -2  -1  -2  -1  -1   5   1  -1    0   0   0  42   0   0  29   0   0   0   0   0   0   0   0   0   0  10  10  10  0.47 0.04
  266 F    -3  -3  -4  -4  -3  -3  -4  -4  -2   0   2  -3   0   7  -4  -3  -2   0   2  -1    0   0   0   0   0   0   0   0   0   0  18   0   0  82   0   0   0   0   0   0  0.79 0.07
  267 I    -1  -2  -3  -3  -1  -2  -3  -3  -3   2   3  -2   1   0  -3  -1  -1  -2  -1   2    0   0   0   0   0   0   0   0   0  14  56   0   0   0   0  10   0   0   0  20  0.31 0.03
  268 A     1   2   0   1   3   2   0  -2  -1  -2  -2   0  -1  -3  -2   0   2  -3  -2  -1   14  20   0  10  10  19   0   0   0   0   0   0   0   0   0   0  28   0   0   0  0.24 0.03
  269 S    -1   5   0  -2  -2   0  -1  -2  -1  -2  -1   1  -1  -3  -2   2   0  -3  -2  -2    0  56   0   0   0   0   0   0   0   0  10   0   0   0   0  34   0   0   0   0  0.42 0.05
  270 L    -1  -3  -4  -4  -1  -3  -3  -4  -3   2   4  -3   2   0  -3  -3  -1  -2  -1   2    0   0   0   0   0   0   0   0   0   0  70   0   0   0   0   0   0   0   0  30  0.44 0.04
  271 S    -1   4   1   3  -3   1   1  -2  -1  -3  -3   2  -2  -3  -2   1  -1  -3  -2  -3    0  37   6  22   0   0  10   0   0   0   0  10   0   0   0  14   0   0   0   0  0.41 0.03
  272 H    -2  -1  -1  -1  -3   0   1   0   5  -2  -2   0  -1   3  -2  -1  -2   0   4  -2    0   0   0   0   0   0  18  10  24   0   0  10   0  19   0   0   0   0  20   0  0.31 0.03
  273 I    -2   0  -2  -3  -3  -1  -1  -3   0   1   0   2   0   1  -3  -2  -1   0   5  -1    0   0   0   0   0   0   0   0   0  14  10  27   0   0   0   0   0   0  48   0  0.36 0.05
  274 V     1  -2  -2  -2  -2   2  -1   2  -1  -1  -1  -1  -1   3  -2  -1  -1  -1   0   0   20   0   0   0   0  19   0  20   0   0   0   0   0  27   0   0   0   0   0  14  0.16 0.03
  275 N    -1   1   3   0   2   2   0  -2   3  -2  -1   1  -1  -2  -2   0  -1  -3  -1  -2    0   9  31   0   9  20   0   0  13   0  10  10   0   0   0   0   0   0   0   0  0.27 0.03
  276 V     0  -2  -1  -2  -2  -1  -1  -2   0   0  -1  -1  -1   0  -2   3   0  -1   4   1    0   0   0   0   0   0   0   0   0   0   0   0   0   0   0  48   0   0  27  24  0.26 0.05
  277 E    -3  -2  -1   3  -3  -1   1  -3  -2  -3  -3  -2  -2  -1  -3  -2  -2  10   1  -3    0   0   0  27   0   0  14   0   0   0   0   0   0   0   0   0   0  58   0   0  1.41 0.08
  278 L    -2   3  -3  -3  -2  -1  -2  -4  -2   0   3  -1   1   0  -3  -2  -2   5  -1   0    0  27   0   0   0   0   0   0   0   0  63   0   0   0   0   0   0  10   0   0  0.37 0.04
  279 P    -1  -3  -3  -2  -3  -2  -2  -3  -3   0  -2  -2  -2  -3   7  -1  -1  -4  -3   1    0   0   0   0   0   0   0   0   0   9   0   0   0   0  73   0   0   0   0  19  1.35 0.06
  280 G     3  -3  -2  -3   7  -2  -2   2  -3  -2  -2  -2  -2  -3  -2   0  -1  -3  -3  -1   49   0   0   0  37   0   0  14   0   0   0   0   0   0   0   0   0   0   0   0  0.55 0.05
  281 R    -2   6  -1  -2  -4   1   0  -3  -1  -3  -3   3  -2  -3  -2  -1  -1  -3  -2  -3    0  80   0   0   0   0   0   0   0   0   0  20   0   0   0   0   0   0   0   0  0.81 0.07
  282 D     1  -1   0   3  -2   0   1   1  -1  -2  -3  -1  -2  -3  -1   1   1  -3  -3  -2   23   0   0  32   0   0  10  10   0   0   0   0   0   0   0  10  16   0   0   0  0.31 0.03
  283 I    -2  -3  -4  -4  -1  -3  -3  -4  -3   4   3  -3   1   0  -3  -3  -1  -3  -1   2    0   0   0   0   0   0   0   0   0  52  39   0   0   0   0   0   0   0   0   9  0.42 0.04
  284 V     1  -3  -3  -3  -1  -2  -3  -3  -3   3   1  -3   0  -1  -3  -2   0  -3  -2   4   10   0   0   0   0   0   0   0   0  10   0   0   0   0   0   0   0   0   0  80  0.40 0.05
  285 S     0   3   0   0  -3   1   3  -2  -1  -3  -3   2  -2  -3  -1   1  -1  -3  -2  -2   10  20   0   0   0   0  39   0   0   0   0  18   0   0   0  14   0   0   0   0  0.39 0.03
  286 Q     0   0   1   0  -3   4   4  -2   0  -3  -3   1  -1  -4  -2   0  -1  -3  -2  -2   10   0  10   0   0  42  39   0   0   0   0   0   0   0   0   0   0   0   0   0  0.53 0.05
  287 A     4  -2  -2  -2  -1  -1  -1   0  -2   0  -1  -1  -1  -2  -1   1   0  -3  -2   1   82   0   0   0   0   0   0   0   0   0   0   0   0   0   0   0   0   0   0  18  0.40 0.06
  288 L    -1  -2  -3  -4  -2  -2  -3  -4  -3   3   3  -2   4   0  -3  -2  -1  -2  -1   2    0   0   0   0   0   0   0   0   0  20  43   0  27   0   0   0   0   0   0  10  0.38 0.04
  289 K     1   0   0   3  -2   1   3  -1  -1  -3  -3   1  -2  -3  -1   0  -1  -3  -2  -2   20   0   0  21   0   0  38   1   0   0   1  15   0   0   1   1   1   0   0   1  0.35 0.03
  290 E    -1   1   1   0  -3   2   3  -1   0  -2  -2   3  -1  -3  -1   0  -1  -2  -2  -2    2   1  11   1   0  14  25   1   0   1   2  35   0   1   1   1   1   0   1   1  0.32 0.02
  291 R    -1   5   0  -1  -3   1   2  -2   0  -3  -2   2  -1  -2  -1  -1  -1  -2  -2  -2    2  64   1   1   0   1  19   1   0   1   2   1   0   1   1   1   1   0   1   1  0.50 0.04
  292 F    -1  -1  -1  -2  -2  -1  -1  -2  -1   0   0   0   2   5  -1  -1  -1   0   1  -1    3   2   2   2   1   2   2   3   1   2   3  12  11  45   2   3   2   0   1   2  0.18 0.02
  293 S     0   0   0   2  -2   3   2  -1   0  -2  -2   1  -1  -2  -1   1   0  -2  -1  -1    3   2   2  12   1  24  12   3   1   2   3   9   1   1   2  17   2   0   1   2  0.20 0.01
  294 V     0  -2  -2  -2  -1  -1  -2  -2  -2   2   1  -1   1  -1  -1  -1   1  -2  -1   3    2   1   1   1   1   1   2   2   1  11  12   2   1   1   1   2  11   0   1  45  0.14 0.02
  295 H    -1   0   1   4  -2   0   1  -1   4  -2  -2   1  -2  -2  -1   0  -1  -2  -1  -2    2   1   1  40   1   1   2   2  24   1   2  11   1   1   1   2   2   0   1   2  0.35 0.02
  296 A     2   0  -1  -1  -1   0   0   0  -1  -2  -2   1  -1  -2   3   2   0  -2  -1  -1   36   1   1   1   1   1   2   2   1   1   2  12   1   1  14  18   2   0   1   2  0.24 0.02
  297 S     1   0   0   0  -1   0   0  -1  -1  -2  -2   1  -1  -2  -1   4   2  -2  -2  -1    1   1   1   1   0   1   1   1   0   1   2  11   0   1   1  64  11   0   1   1  0.32 0.04
  298 G     0  -2   0   1  -2  -1   1   5  -2  -3  -3  -1  -2  -3  -2   0  -1  -2  -2  -3    1   1   1  11   0   1  11  64   0   1   2   1   0   1   1   1   1   0   1   1  0.57 0.03
  299 E    -1   1   0   3  -3   1   4  -2  -1  -3  -3   1  -2  -3  -1   1  -1  -3  -2  -3    0  10   0  19   0   0  43   0   0   0   0  10   0   0   0  18   0   0   0   0  0.46 0.03
  300 I    -1  -3  -3  -3  -2  -3  -3  -4  -3   4   1  -3   2  -1   1  -2  -1  -3  -2   3    0   0   0   0   0   0   0   0   0  63   0   0  10   0  10   0   0   0   0  18  0.38 0.04
  301 I    -1  -3  -3  -4   6  -3  -4  -4  -4   4   1  -3   1  -1  -3  -2  -1  -3  -2   2    0   0   0   0  27   0   0   0   0  50  10   0   0   0   0   0   0   0   0  13  0.46 0.04
  302 R    -1   1  -2  -2  -2  -1   1  -3  -2   1   3  -1   1  -1  -3  -2  -1  -2  -2   1    0  14   0   0   0   0  19   0   0  10  47   0   0   0   0   0   0   0   0  10  0.19 0.03
  303 M    -2   2  -3  -3  -2  -1  -2  -4  -2   2   3  -1   3   0  -3  -2  -1  -1   2   1    0  18   0   0   0   0   0   0   0  20  39   0  14   0   0   0   0   0  10   0  0.23 0.03
  304 P     0  -2  -2  -1  -2  -1   1  -2  -1  -1  -1  -1  -1   3   4  -1  -1  -1   0   0   13   0   0   1   0   0  17   1   0   0   1   1   0  28  25   1   1   0   0  10  0.32 0.03
  305 G    -1   0   2   4  -3   0   1   1  -1  -3  -3   2  -2  -3  -1   0  -1  -3  -3  -3    1   1  10  47   0   0   1  15   0   1   1  20   0   0   1   1   1   0   0   1  0.44 0.03
  306 S     0   3   0  -1  -3   2   0   3  -1  -3  -2   1   1  -3  -2   1  -1  -3  -2  -2    0  27   0   0   0  20   0  29   0   0   0   0  10   0   0  14   0   0   0   0  0.32 0.03
  307 G     0  -3  -2  -2  -3  -2  -2   3  -2  -2  -2  -2  -2   3   4  -1  -2  -1   0  -2    6   0   0   0   0   0   0  37   0   0   0   0   0  29  27   0   0   0   0   0  0.57 0.04
  308 V    -1  -3  -3  -4   7  -3  -4  -3  -3   0   2  -3   0   1  -3  -2  -1  -2  -1   1    0   0   0   0  49   0   0   0   0   0  27   0   0  10   0   0   0   0   0  14  0.61 0.05
  309 P     2  -2  -2  -2  -2  -2  -1  -2  -2  -3  -3  -1  -2  -4   7   0  -1  -4  -3  -2   27   0   0   0   0   0   0   0   0   0   0   0   0   0  73   0   0   0   0   0  1.44 0.07
  310 W    -3  -3  -5  -5  -3  -3  -4  -3  -3  -3  -2  -4  -2   0  -5  -4  -3  12   2  -4    0   0   0   0   0   0   0   0   0   0   0   0   0   0   0   0   0 100   0   0  2.82 0.13
  311 R    -1   3   0  -1  -4   4   1  -2  -1  -3  -3   4  -1  -4  -2  -1  -1  -3  -2  -3    0  14   0   0   0  27   0   0   0   0   0  58   0   0   0   0   0   0   0   0  0.56 0.05
  312 N    -1  -1   2   2  -4   1   5   1   0  -4  -4   0  -3  -4  -2   0  -1  -3  -3  -3    0   0  14  10   0   0  66  10   0   0   0   0   0   0   0   0   0   0   0   0  0.59 0.05
  313 H    -2  -1   4  -1  -3   0  -1  -2   8  -4  -4  -1  -2  -2  -3  -1  -2  -3   1  -4    0   0  27   0   0   0   0   0  73   0   0   0   0   0   0   0   0   0   0   0  0.92 0.08
  314 L    -2  -3  -4  -4  -2  -3  -3  -4  -2   1   4  -3   1   4  -4  -3  -2  -1   1   0    0   0   0   0   0   0   0   0   0   0  63   0   0  37   0   0   0   0   0   0  0.50 0.05
  315 W    -3  -3  -3  -4  -3  -3  -3  -4   0  -1   0  -3  -1   6  -4  -3  -2   6   5  -2    0   0   0   0   0   0   0   0   0   0   0   0   0  57   0   0   0  14  29   0  0.90 0.06
  316 D    -1  -1   0   4  -3   1   2  -2   3  -3  -3  -1  -2   1  -2   2   0  -3  -1  -3    0   0   0  34   0   6  10   0  13   0   0   0   0  10   0  27   0   0   0   0  0.34 0.03
  317 L    -2  -3  -4  -4  -2  -3  -3  -4  -3   3   4  -3   2   0  -3  -3  -1  -2  -1   1    0   0   0   0   0   0   0   0   0  20  80   0   0   0   0   0   0   0   0   0  0.50 0.05
  318 E    -1  -1  -1   1  -4   1   5   3  -1  -4  -4   0  -3  -4  -2   0  -1  -3  -3  -3    0   0   0   0   0   0  73  27   0   0   0   0   0   0   0   0   0   0   0   0  0.65 0.06
  319 A     1   1  -1  -1  -1   1   0  -1  -1  -1   0   1   0  -1  -1   1   0  -2  -1   0   16  11   1   1   1  11   2   2   1   1   9  11   1   1   1  15   2   0   1  12  0.08 0.01
  320 A     1  -1   0   0  -2   1   4   1  -1  -2  -2   0  -1  -2  -1   0  -1  -2  -2  -2   16   1   1   1   1   1  47  15   1   1   2   2   1   1   1   2   2   0   1   2  0.28 0.02
  321 R    -1   2  -1  -1  -2   0   0  -2  -1   0   1   2   0  -1  -1  -1  -1  -2  -1  -1    2  16   1   1   1   1   2   2   1   1  31  31   1   1   1   2   2   0   1   2  0.13 0.02
  322 G     0  -2   3   1  -3  -1  -1   4  -1  -4  -4  -1  -3  -3  -2   1  -1  -3  -3  -3    0   0  20  10   0   0   0  51   0   0   0   0   0   0   0  19   0   0   0   0  0.57 0.04
  323 L    -1  -2  -2  -1  -2  -1   2  -3  -2   3   1  -1   0  -1   3  -2  -1  -3  -2   1    0   0   0   0   0   0  27   0   0  39  14   0   0   0  19   0   0   0   0   0  0.29 0.04
  324 K     0   1   1   2  -3   1   2  -1  -1  -3  -3   3  -2  -3   1   1  -1  -3  -2  -2    6   0   9  10   0   0  20   0   0   0   0  40   0   0   6   9   0   0   0   0  0.35 0.03
  325 G    -1  -1   1   1  -3   0  -1   2   5  -2  -2   0  -2  -2  -2   0   0  -3  -1   0    0   0  10  10   0   0   0  20  27   0   0  10   0   0   0   0  10   0   0  13  0.23 0.03
  326 V     1  -1   1  -1  -2   2   0  -2  -1  -1  -2  -1  -1  -3   5   0   0  -3  -2   0   13   0  10   0   0  20   0   0   0   0   0   0   0   0  37   0   6   0   0  14  0.55 0.04
  327 L     1  -3  -3  -3  -1  -2  -3  -2  -3   3   2  -2   1   1  -2  -1  -1  -2  -1   1   27   0   0   0   0   0   0   0   0  49  14   0   0  10   0   0   0   0   0   0  0.22 0.03
  328 K     2   0  -1  -1  -2   0   1  -1  -1  -2  -2   3  -1   0  -1   0   1  -3  -1  -1   34   0   0   0   0   0  10   0   0   0   0  34   0   6   0   0  16   0   0   0  0.21 0.03
  329 F    -3  -3  -3  -4  -3  -3  -3  -4  -1  -1   0  -3  -1   7  -4  -3  -2   1   5  -1    0   0   0   0   0   0   0   0   0   0   0   0   0  80   0   0   0   0  20   0  0.91 0.07
  330 V     1  -3  -3  -3  -1  -2  -3  -3  -3   3   1  -3   0  -1  -3  -2   0  -3  -2   4   10   0   0   0   0   0   0   0   0  10   0   0   0   0   0   0   0   0   0  80  0.40 0.05
  331 L    -1  -2  -2  -3   3  -2  -3  -3  -3   2   3  -2   1   0  -3   0  -1  -2  -2   1    0   0   0   0  10   0   0   0   0  29  44   0   0   0   0  18   0   0   0   0  0.24 0.03
  332 Y    -2  -3  -3  -4  -3  -3  -3  -4   0  -1   0  -3  -1   6  -4  -3  -2   1   6  -1    0   0   0   0   0   0   0   0   0   0   0   0   0  57   0   0   0   0  43   0  0.88 0.07
  333 Q     0  -1  -1  -1  -2   2   1  -2  -1  -2  -2   0  -2  -3   4   2   3  -3  -2  -2    0   0   0   0   0  14  10   0   0   0   0   0   0   0  27  20  29   0   0   0  0.52 0.04
  334 S    -1  -2   0   5   4  -1   0  -2  -2  -3  -3  -1  -3  -3  -2   2  -1  -4  -3  -3    0   0   0  58  18   0   0   0   0   0   0   0   0   0   0  24   0   0   0   0  0.61 0.05
  335 G     0  -1   0  -1   3   2   0   2  -1  -2  -2  -1  -2  -3  -2   2   2  -3  -2  -2    0   0   0   0  10  19   0  24   0   0   0   0   0   0   0  28  20   0   0   0  0.31 0.03
  336 P     1  -1   2   3  -2  -1   0  -1  -1  -2  -3  -1  -2  -3   3   2   0  -3  -2  -2   20   0  10  28   0   0   1   1   0   0   1   1   0   0  15  20   1   0   0   1  0.35 0.02
  337 Q     1   0  -1  -1  -3   4   0   4  -1  -3  -3   1  -2  -3  -2   0  -1  -3  -2  -3   10   0   0   0   0  42   0  39   0   0   0  10   0   0   0   0   0   0   0   0  0.47 0.04
  338 N     1   0   2   0  -1   3   0  -1   0  -2  -2   0  -1  -2  -1   1   0  -2  -1  -1   22   1  15   1   1  30   2   2   1   1   2   2   1   1   1  12   2   0   1   2  0.20 0.02
  339 W    -3  -3  -5  -5  -3  -3  -4  -3  -3  -3  -2  -4  -2   0  -5  -4  -3  12   2  -4    0   0   0   0   0   0   0   0   0   0   0   0   0   0   0   0   0 100   0   0  2.82 0.13
  340 K    -2   5  -1  -2  -3   0  -1  -3  -1   2  -1   2  -1  -2  -2  -1  -1  -3  -2   0    0  58   0   0   0   0   0   0   0  27   0  14   0   0   0   0   0   0   0   0  0.42 0.05
  341 V    -1  -3  -3  -4  -1  -3  -3  -4  -3   3   2  -3   1  -1  -3  -2  -1  -3  -1   4    0   0   0   0   0   0   0   0   0   6  27   0   0   0   0   0   0   0   0  66  0.39 0.04
  342 K    -1   3   0  -1  -3   4   1  -2   0  -3  -3   2  -1  -3  -2   1   0  -3  -2  -3    0  27   0   0   0  39   0   0   0   0   0  14   0   0   0  20   0   0   0   0  0.47 0.04
  343 A     3  -2  -1  -2   5  -2  -2   3  -2  -2  -2  -2  -2  -3  -2   0   1  -3  -3  -1   44   0   0   0  19   0   0  27   0   0   0   0   0   0   0   0  10   0   0   0  0.40 0.04
  344 V    -1  -3  -3  -4  -1  -3  -3  -4  -4   4   1  -3   1  -1  -3  -2  -1  -3  -2   4    0   0   0   0   0   0   0   0   0  37   0   0   0   0   0   0   0   0   0  63  0.45 0.05
  345 E    -1  -2  -2  -1  -3  -1   1   0  -2  -3  -3  -1  -3  -4   7   0  -1  -4  -3  -3    0   0   0   0   0   0  14  10   0   0   0   0   0   0  66  10   0   0   0   0  1.26 0.06
  346 V    -1  -1  -2  -2  -2  -1  -2  -3  -3   2   0   1   0  -2   4  -1  -1  -3  -2   2    0   0   0   0   0   0   0   0   0  29   0  19   0   0  27   0   0   0   0  24  0.39 0.03
  347 Q    -2  -1   3   3  -3   2   2  -2   0  -2   0   0  -1  -2  -2   0  -1  -3  -2  -2    0   0  29  20   0  14  19   0   0   0  18   0   0   0   0   0   0   0   0   0  0.32 0.03
  348 G    -1  -2  -1   3  -3  -1   0   1  -2  -2  -1  -1   1  -3   4   0  -1  -3  -3  -2    0   0   0  27   0   0   0  14   0   0  10   0  10   0  29  10   0   0   0   0  0.45 0.03
  349 S    -1   3   0  -1  -2   0   0  -2   5  -3  -3   0  -2  -2  -2   2   2  -3   0  -2    0  27   0   0   0   0   0   0  29   0   0   0   0   0   0  24  20   0   0   0  0.37 0.04
  350 A     1   3   0  -1  -2   0   0  -1  -1  -3  -3   0  -2  -3  -1   3   1  -3  -2  -2   14  27   0   0   0   0   0   0   0   0   0   0   0   0   0  58   0   0   0   0  0.39 0.05
  351 F    -2  -3  -3  -4  -3  -3  -3  -4  -2   0   1  -3   4   6  -4  -3  -2   0   2  -1    0   0   0   0   0   0   0   0   0   0   0   0  27  73   0   0   0   0   0   0  0.70 0.07
  352 T    -1   0   0   0  -3   3   3  -2  -1  -2  -2   0  -1  -3  -1   0   3  -3  -2  -2    0   0   0   0   0  29  37   0   0   0   0   0   0   0   0   0  34   0   0   0  0.46 0.05
  353 N    -1  -2   3  -1   3  -1  -2  -2  -1   0   0  -2   0   1  -2   1   0  -2  -1   1    0   0  24   0  10   0   0   0   0   0  10   0   0  10   0  19   0   0   0  27  0.12 0.03
  354 R    -2   7  -1  -2  -4   1  -1  -3  -1  -4  -3   2  -2  -3  -3  -1  -2  -3  -2  -3    0 100   0   0   0   0   0   0   0   0   0   0   0   0   0   0   0   0   0   0  0.99 0.08
  355 V    -1   0  -3  -3  -2  -2  -3  -4  -3   2   3  -2   2   0  -3  -2  -1  -2  -1   2    0  10   0   0   0   0   0   0   0  18  38   0  10   0   0   0   0   0   0  24  0.27 0.03
  356 S    -1  -2  -2  -2  -3  -2  -1   1  -2  -3  -3  -1  -3  -4   7   1  -1  -4  -3  -3    0   0   0   0   0   0   0  10   0   0   0   0   0   0  76  14   0   0   0   0  1.51 0.07
  357 L    -2  -3  -4  -4  -2  -3  -3  -4  -3   1   4  -3   1   4  -4  -3  -2  -1   0   0    0   0   0   0   0   0   0   0   0   0  73   0   0  27   0   0   0   0   0   0  0.49 0.05
  358 P    -1  -3  -3  -2  -3  -2  -2  -3  -3  -3  -2  -2  -2  -4   8  -1  -2  -4  -3  -3    0   0   0   0   0   0   0   0   0   0   6   0   0   0  94   0   0   0   0   0  1.99 0.08
  359 K     0   0  -1   1  -4   1   5  -2  -1  -3  -3   2  -2  -4  -1   0  -1  -3  -2  -3   10   0   0   0   0   0  76   0   0   0   0  14   0   0   0   0   0   0   0   0  0.64 0.06
  360 A     1  -2   1   1  -2   0   2  -1  -1  -3  -3  -1  -2  -3   5   0  -1  -4  -3  -2   24   0  10   9   0   0  18   0   0   0   0   0   0   0  39   0   0   0   0   0  0.67 0.04
  361 W    -3  -3  -4  -5  -3  -3  -4  -3  -3  -2   0  -4  -1   0  -4  -3  -3  11   2  -3    0   0   0   0   0   0   0   0   0   0  10   0   0   0   0   0   0  90   0   0  2.41 0.12
  362 R     2   5  -1  -2  -3   0  -1  -2  -1  -3  -2   1  -2  -3  -2   0  -1  -3  -2  -2   27  73   0   0   0   0   0   0   0   0   0   0   0   0   0   0   0   0   0   0  0.60 0.06
  363 G     0  -3  -1  -2  -3  -2  -3   6  -3  -4  -4  -2  -3  -4  -3  -1  -2  -3  -4  -4    0   0   0   0   0   0   0 100   0   0   0   0   0   0   0   0   0   0   0   0  1.21 0.07
  364 L    -2  -2  -3  -4  -2  -2  -3  -4  -3   2   4   0   2   0  -3  -2  -1  -2  -1   1    0   0   0   0   0   0   0   0   0  10  81  10   0   0   0   0   0   0   0   0  0.41 0.04
  365 R    -2   5  -1  -2  -3   0  -1  -3  -1  -1   1   1   0  -2  -3  -1  -2  -3  -2  -2    0  73   0   0   0   0   0   0   0   0  27   0   0   0   0   0   0   0   0   0  0.54 0.06
  366 D    -1  -2   1   6  -4  -1   1   3  -2  -4  -4  -1  -3  -4  -2  -1  -2  -4  -4  -4    0   0   0  73   0   0   0  27   0   0   0   0   0   0   0   0   0   0   0   0  0.82 0.06
  367 A     1   0   0   3  -3   1   4  -2  -1  -3  -3   2  -2  -4  -1   0  -1  -4  -3  -2   14   0   0  28   0   0  42   0   0   0   0  16   0   0   0   0   0   0   0   0  0.48 0.04
  368 E     1   0   0   2  -3   3   4  -2  -1  -3  -3   1  -2  -3  -1   0  -1  -3  -2  -2   19   0   0  10   0  18  44   0   0   0   0  10   0   0   0   0   0   0   0   0  0.43 0.04
  369 L    -2  -3  -4  -4  -2  -3  -3  -4  -3   1   5  -3   2   0  -3  -3  -2  -2  -1   1    0   0   0   0   0   0   0   0   0   0 100   0   0   0   0   0   0   0   0   0  0.60 0.06
  370 D     0  -2   0   4  -2  -1   0  -1  -2  -1  -2  -1  -2  -3  -2   3   0  -4  -2   0    0   0   0  33   0   0   0   0   0   0   0   0   0   0   0  49   0   0   0  18  0.34 0.04
  371 V    -1   1  -1  -1  -3   4   2  -2  -1  -1  -2   3  -1  -3  -2   0   1  -3  -2   0    0   0   0   0   0  37  10   0   0   0   0  29   0   0   0   0  10   0   0  14  0.33 0.04
  372 Q     1  -1  -2  -2  -2   2   1  -2  -2   2   1   1   0  -2  -2  -1  -1  -3  -2   2   18   0   0   0   0  14  10   0   0  16  10  10   0   0   0   0   0   0   0  23  0.10 0.02
  373 T     0  -1   0  -1  -1  -1  -1  -1  -2  -2  -2  -1  -1  -3  -1   4   4  -3  -2  -1    0   0   0   0   0   0   0   0   0   0   0   0   0   0   0  59  41   0   0   0  0.48 0.06
  374 G     0  -3  -1  -2  -3  -2  -3   6  -3  -4  -4  -2  -3  -4  -3  -1  -2  -3  -4  -4    0   0   0   0   0   0   0 100   0   0   0   0   0   0   0   0   0   0   0   0  1.21 0.07
  375 I    -2  -3  -4  -4  -2  -3  -4  -4  -4   5   1  -3   1  -1  -3  -3  -1  -3  -2   3    0   0   0   0   0   0   0   0   0  90   0   0   0   0   0   0   0   0   0  10  0.54 0.06
  376 P    -1  -2  -2  -1  -3  -1   1  -3  -2  -3  -3  -1  -3  -4   8  -1  -2  -4  -3  -3    0   0   0   0   0   0  10   0   0   0   0   0   0   0  90   0   0   0   0   0  1.92 0.08
  377 G     0  -3  -1  -2  -3  -2  -3   6  -3  -4  -4  -2  -3  -4  -3  -1  -2  -3  -4  -4    0   0   0   0   0   0   0 100   0   0   0   0   0   0   0   0   0   0   0   0  1.21 0.07
  378 G     2  -3  -2  -3   7  -2  -3   3  -3  -2  -2  -2  -2  -3  -2   0  -1  -3  -3  -1   27   0   0   0  48   0   0  24   0   0   0   0   0   0   0   0   0   0   0   0  0.68 0.06
  379 T    -1  -3  -3  -3  -1  -3  -3  -4  -3   4   1  -3   1  -1  -3  -2   1  -3  -2   3    0   0   0   0   0   0   0   0   0  56   0   0   0   0   0   0  14   0   0  30  0.36 0.04
  380 F    -3  -3  -4  -4  -3  -4  -4  -4  -2  -1   0  -4   0   7  -4  -3  -3   1   3  -1    0   0   0   0   0   0   0   0   0   0   0   0   0 100   0   0   0   0   0   0  1.04 0.08
  381 V     1  -3  -3  -3   6  -3  -3  -3  -3   2   0  -3   0  -2  -3  -1  -1  -3  -2   3   10   0   0   0  27   0   0   0   0  10   0   0   0   0   0   0   0   0   0  53  0.41 0.05
  382 H    -2  -1   0  -2  -4   0  -1  -3   9  -4  -3  -1  -2  -2  -3  -1  -2  -3   1  -4    0   0   0   0   0   0   0   0 100   0   0   0   0   0   0   0   0   0   0   0  1.31 0.11
  383 V     3   0  -2  -2  -1  -1  -1  -1  -2   1  -1   2  -1  -2  -1   0   0  -3  -2   1   48   0   0   0   0   0   0   0   0  10   0  27   0   0   0   0   0   0   0  14  0.19 0.03
  384 A     2  -1   1  -1  -2  -1  -1   3  -1  -3  -3  -1  -2  -3  -1   3   0  -3  -2  -2   24   0  10   0   0   0   0  27   0   0   0   0   0   0   0  39   0   0   0   0  0.39 0.03
  385 G     0  -3  -1  -2  -3  -2  -3   5  -3  -1   1  -2  -1  -2  -3  -1  -2  -3  -3  -2    0   0   0   0   0   0   0  73   0   0  27   0   0   0   0   0   0   0   0   0  0.66 0.05
  386 F    -3  -3  -4  -4  -3  -4  -4  -4  -2  -1   0  -4   0   7  -4  -3  -3   1   3  -1    0   0   0   0   0   0   0   0   0   0   0   0   0 100   0   0   0   0   0   0  1.04 0.08
  387 L    -2  -3  -3  -4  -2  -3  -3  -4  -3   4   3  -3   1   0  -3  -2   0  -2  -2   2    0   0   0   0   0   0   0   0   0  52  42   0   0   0   0   0   6   0   0   0  0.39 0.04
  388 G     0  -2   0  -1  -2  -2  -2   5  -2  -4  -4  -1  -3  -3  -2   2  -1  -3  -3  -3    0   0   0   0   0   0   0  73   0   0   0   0   0   0   0  27   0   0   0   0  0.80 0.05
  389 G     0  -3  -1  -2  -2  -2  -3   5  -3  -1  -2  -2  -2  -3  -3  -1  -1  -3  -3   1    0   0   0   0   0   0   0  73   0   0   0   0   0   0   0   0   0   0   0  27  0.67 0.05
  390 G     0  -2   3  -1  -3  -1  -1   1   4  -3  -3  -1  -2  -1  -3  -1  -1   8   0  -3   10   0  29   0   0   0   0  14  19   0   0   0   0   0   0   0   0  27   0   0  0.64 0.05
  391 K    -1   1   0   2  -3   2   0  -2   3  -2  -1   3  -1  -2  -2   0   0  -3  -1  -2    0   6   0  18   0  10   0   0  13   0  10  34   0   0   0   0  10   0   0   0  0.24 0.03
  392 S     0  -1   2  -1  -1  -1  -1  -1  -1  -2  -2  -1  -1  -3  -1   3   4  -3  -2  -1    0   0  10   0   0   0   0   0   0   0   0   0   0   0   0  42  48   0   0   0  0.44 0.05
  393 Y    -2   5  -1  -2  -3   2   0  -3   0  -3  -2   2  -1   1  -2  -1  -1  -1   3  -2    0  57   0   0   0   9   0   0   0   0   0  10   0  10   0   0   0   0  14   0  0.49 0.05
  394 D    -1  -1   0   3  -4   1   5  -2  -1  -4  -3   0  -3  -4  -2   0  -1  -4  -3  -3    0   0   0  14   0   0  86   0   0   0   0   0   0   0   0   0   0   0   0   0  0.83 0.07
  395 T     1  -2   0  -1  -2  -1  -1   4  -2  -3  -3  -1  -2  -3  -2   2   1  -3  -3  -2   10   0   0   0   0   0   0  48   0   0   0   0   0   0   0  27  14   0   0   0  0.50 0.04
  396 V     3  -2  -2  -3   6  -2  -2  -1  -3   0  -1  -2  -1  -2  -2   0   0  -3  -2   2   48   0   0   0  27   0   0   0   0   0   0   0   0   0   0   0   0   0   0  24  0.39 0.05
  397 L    -2  -1  -2  -2  -2   1   1  -3  -1   1   3  -1   1   0  -3  -2  -1  -1   2   0    0   0   0   0   0  10  18   0   0  10  53   0   0   0   0   0   0   0  10   0  0.21 0.03
  398 R     0   3   1   0  -3   1   3  -2  -1  -2  -1   1  -1  -3  -2   1  -1  -3  -2  -2   10  24   6   0   0   0  37   0   0   0  10   0   0   0   0  13   0   0   0   0  0.28 0.03
  399 M     2  -2  -3  -3  -1  -1  -2  -2  -2   0   2  -2   6  -1  -2  -1  -1  -2  -2   0   27   0   0   0   0   0   0   0   0   0  10   0  63   0   0   0   0   0   0   0  0.37 0.07
  400 A     4  -2  -2  -3  -1  -1  -2  -1  -2   0   1  -1   0  -2  -2   0  -1  -3  -2   0   73   0   0   0   0   0   0   0   0   0  27   0   0   0   0   0   0   0   0   0  0.32 0.05
  401 T    -1   4   2  -1  -3   0  -1  -2  -1  -1  -2   2  -1  -3  -2   0   1  -3  -2  -1    0  49  18   0   0   0   0   0   0  10   0  10   0   0   0   0  14   0   0   0  0.37 0.04
  402 K     1   0  -1  -2  -2   0  -1  -2  -2   0   2   3   2  -1  -2  -1  -1  -3  -2  -1   19   0   0   0   0   0   0   0   0   0  27  44  10   0   0   0   0   0   0   0  0.17 0.03
  403 A     2  -2  -1  -2  -1  -1  -1  -1  -2   0  -1  -1  -1  -2  -1   1   3  -3  -2   1   34   0   0   0   0   0   0   0   0   0   0   0   0   0   0  10  39   0   0  18  0.27 0.04
  404 L    -2  -3  -4  -4  -2  -3  -3  -4  -3   1   5  -3   2   0  -3  -3  -2  -2  -1   1    0   0   0   0   0   0   0   0   0   0 100   0   0   0   0   0   0   0   0   0  0.60 0.06
  405 E     1   0   0   2  -3   3   3  -1  -1  -3  -3   2  -2  -3  -1   0  -1  -3  -2  -2   21   0   0  11   0  22  27   0   0   0   0  19   0   0   0   0   0   0   0   0  0.36 0.03
  406 A     1   0  -1  -1  -2   4   1  -1   0  -2  -2   0  -1   1  -2   1   0  -2   0  -2   19   0   0   0   0  53   0   0   0   0   0   0   0  15   0  14   0   0   0   0  0.31 0.03
  407 P    -1  -1  -1  -1  -3   3   0  -2  -1  -3  -3   0  -2  -4   7  -1  -1  -3  -3  -3    0   0   0   0   0  34   0   0   0   0   0   0   0   0  66   0   0   0   0   0  1.29 0.03
  408 R    -1   5   0  -1  -4   3   1  -2   0  -3  -2   3  -1  -3  -2  -1  -1  -3  -2  -3    0  54   0   0   0  23   0   0   0   0   0  23   0   0   0   0   0   0   0   0  0.57 0.02
  409 S     0  -1   3   0  -1   0   0  -1  -1  -2  -2   0  -1  -3  -1   3   3  -3  -2  -1    0   0  32   0   0   0   0   0   0   0   0   0   0   0   0  35  33   0   0   0  0.37 0.01
  410 M    -1  -2  -3  -4  -1  -1  -3  -3  -2   1   3  -2   5   0  -3  -2  -1  -2  -1   1    0   0   0   0   0   0   0   0   0   0  50   0  50   0   0   0   0   0   0   0  0.35 0.00

                      K         Lambda
Standard Ungapped    0.1355     0.3194
Standard Gapped      0.0372     0.2670
PSI Ungapped         0.1215     0.3182
PSI Gapped           0.0372     0.2670
