
Last position-specific scoring matrix computed, weighted observed percentages rounded down, information per position, and relative weight of gapless real matches to pseudocounts
           A  R  N  D  C  Q  E  G  H  I  L  K  M  F  P  S  T  W  Y  V   A   R   N   D   C   Q   E   G   H   I   L   K   M   F   P   S   T   W   Y   V
    1 M   -1 -2 -2 -3 -2 -1 -2 -3 -2  1  2 -2  6  0 -3 -2 -1 -2 -1  1    0   0   0   0   0   0   0   0   0   0   0   0 100   0   0   0   0   0   0   0  0.41 0.01
    2 V    2 -2 -1 -2 -1 -1 -1 -1 -2  0  0 -1  2 -2 -2  2  2 -3 -2  1   19   0   0   0   0   0   0   0   0   0   0   0  20   0   0  27  18   0   0  17  0.18 0.02
    3 K    1  2  0 -1 -2  0  0  0  2 -3 -3  3 -2 -3 -2  2  1 -3 -2 -2   10  15   0   0   0   0   0   5   8   0   0  31   0   0   0  20  11   0   0   0  0.29 0.06
    4 G    0  0 -1 -2 -3 -2 -2  6 -2 -4 -4 -1 -3 -4 -3  0 -2 -3 -4 -4    0   5   0   0   0   0   0  84   0   0   0   4   0   0   0   8   0   0   0   0  1.05 0.11
    5 G   -1  2 -1 -2 -4  0 -1  4 -2 -4 -4  4 -3 -4 -2 -1 -2 -3 -3 -3    0  11   0   0   0   0   0  49   0   0   0  39   0   0   0   0   0   0   0   0  0.68 0.10
    6 R    1  1 -1 -2 -2  1 -1 -1 -2 -2 -1  3  3 -3 -2  1 -1 -3 -2 -1   14   5   0   0   0   4   0   4   0   0   0  37  19   0   0  16   0   0   0   1  0.29 0.10
    7 G    0 -2  3  0 -3 -2 -2  5 -2 -3 -4 -1 -3 -4 -3  1 -1 -4 -3 -2    6   0  18   4   0   0   0  50   0   0   0   1   0   0   0  15   2   0   0   4  0.63 0.13
    8 G    1  0  0 -1 -3  0  1  3 -2 -3 -3  3 -2 -4 -2  0  1 -4 -3 -3    9   0   3   0   0   0  13  27   0   0   0  30   0   0   0   4  14   0   0   0  0.39 0.12
    9 S    3 -1 -2 -1 -2 -1  0  1 -2 -2 -3  1 -2  0  2  2  0 -3 -2 -1   41   1   0   1   0   0   3   9   0   0   0   9   0   5   8  17   2   0   0   3  0.31 0.12
   10 K    0  3  0  1 -3  2  0 -1 -1 -3 -3  3 -2 -4 -2  0 -1 -4 -3 -2    9  16   4   9   0  14   1   4   0   0   0  32   0   0   0   7   2   0   0   2  0.37 0.12
   11 K    1  2 -1 -2 -3  0  1 -1 -2 -3 -3  4  0 -1 -2  2  0 -3 -2 -2   12  12   0   0   0   0   7   2   0   0   0  36   2   3   0  21   3   0   0   2  0.34 0.13
   12 K    2  0 -1 -2 -3  1  0 -2 -2 -1 -1  4 -1  0 -2  0  0 -3 -2  0   20   1   1   0   0   4   1   1   0   3   3  42   0   6   0   4   5   0   0   7  0.27 0.13
   13 A    1 -1  0 -2 -2  0 -1 -1 -2  1 -1  0 -1 -2  2  2  1 -3 -2  0   12   0   2   0   0   5   0   4   0  18   5   8   0   0   9  31   6   0   0   1  0.19 0.10
   14 T   -1  1  1 -1  1  1  2 -1 -1  0 -1  1  0 -2 -2  0  2 -3 -2  1    0   8   7   0   4   8  15   4   0   4   2   9   2   0   0   4  17   0   0  15  0.12 0.06
   15 S    0 -1 -1 -1 -2 -1 -1  1 -2 -3 -3  1 -2 -3 -1  4  2 -4 -3 -3    0   1   0   0   0   0   0  11   0   0   0  13   0   0   2  61  10   0   0   0  0.55 0.17
   16 R   -2  6 -1 -2 -4  2 -1 -3  2 -4 -3  3 -2 -4 -3 -1 -2 -4 -2 -4    0  60   1   0   0   7   0   0   7   0   0  23   0   0   0   2   0   0   0   0  0.95 0.21
   17 S    0 -1 -1 -2 -2 -1 -1 -2 -2 -3 -3  2 -3 -4 -2  5  1 -4 -3 -3    0   0   0   0   0   0   0   0   0   0   0  18   0   0   0  74   5   0   0   0  0.79 0.23
   18 A    2  2 -1 -2 -2  0  0 -1 -2 -1 -2  0 -1 -2 -2  2  1 -3 -1  0   30  19   1   0   0   2   5   0   0   2   0   2   1   1   0  22   6   0   1   7  0.25 0.10
   19 K   -2  6 -2 -2 -5  0 -1 -3 -2 -4 -4  5 -3 -4 -3 -2 -2 -4 -3 -4    0  60   0   0   0   0   0   0   0   0   0  40   0   0   0   0   0   0   0   0  1.15 0.24
   20 A    4 -2  2 -2  4 -2 -2 -1 -2 -3 -3 -2 -2 -3  1  1 -1 -4 -3 -2   59   0  12   0  12   0   0   0   0   0   0   0   0   0   7  10   0   0   0   0  0.58 0.18
   21 G    0 -3 -1 -1 -3 -2  1  6 -3 -4 -4 -2 -3 -4  2 -1 -2 -3 -4 -4    4   0   0   3   0   0  10  67   0   0   1   0   0   0  11   0   0   0   0   0  0.93 0.19
   22 L   -2 -3 -4 -3 -2 -3 -1 -4 -3  1  5 -3  1 -1 -3 -3 -2 -3 -2  1    1   0   0   0   0   0   6   0   0   3  75   0   0   0   0   0   0   0   0  11  0.64 0.18
   23 Q   -1 -1 -2 -2 -3  5  1 -3 -2  1 -1 -1  1 -3 -3  1  2 -3 -3  1    2   0   0   0   0  40   5   0   0  11   3   0   5   0   0   9  15   0   0  10  0.42 0.19
   24 F   -4 -4 -5 -5 -4 -5 -5 -5 -3  0  2 -5 -1  7 -5 -4 -3 -1  1  0    0   0   0   0   0   0   0   0   0   3  19   0   0  73   0   0   0   0   0   6  1.31 0.30
   25 P   -2 -4 -3 -3 -4  0 -3 -4 -4 -5 -5 -3 -4 -5  8  2 -2 -5 -5 -4    0   0   0   0   0   4   0   0   0   0   0   0   0   0  79  17   0   0   0   0  2.04 0.37
   26 V    0 -4 -4 -5  3 -4 -4 -4 -4  1 -1 -4 -1  0 -4 -3  0 -4 -2  6    5   0   0   0   6   0   0   0   0   0   0   0   0   5   0   0   4   0   0  80  0.91 0.29
   27 G    0 -3  0  0 -4 -2  1  6 -3 -5 -5 -2 -4 -5 -3  2 -2 -4 -4 -4    5   0   5   3   0   0   9  63   0   0   0   0   0   0   0  15   0   0   0   0  0.98 0.27
   28 R   -3  7 -2 -3 -5  1 -2 -4 -2 -5 -2  2 -3 -4 -4 -3 -3 -4  1 -4    0  75   0   0   0   4   0   0   0   0   4  12   0   0   0   0   0   0   5   0  1.37 0.38
   29 V   -2 -4 -4 -5 -3 -4 -4 -5 -4  5  1 -4  1  2 -4 -3 -1 -4 -2  4    0   0   0   0   0   0   0   0   0  43   6   0   4   8   0   0   2   0   0  37  0.80 0.26
   30 H   -1  0 -1  0 -4 -1  1  0  7 -3 -2  2 -1  1 -3 -2 -2 -3  2 -3    4   4   0   5   0   0   7  10  35   0   4  13   2   8   0   1   1   0   6   0  0.52 0.21
   31 R   -3  7 -2 -3 -4 -1 -2 -2 -2 -4 -4  2 -3 -4  0 -1 -1 -4 -1 -4    0  69   0   0   0   0   0   3   0   0   0  11   0   0   5   3   3   0   3   0  1.11 0.32
   32 H   -3 -3 -3 -4 -3  0 -3 -4  3  1  2 -3  2  3 -4 -1 -2  5  4 -1    0   0   0   0   0   4   0   0   9   8  22   0   6  16   0   7   0  10  18   0  0.52 0.19
   33 I   -3 -4 -5 -5 -3 -4 -5 -5 -5  2  5 -4  5 -2 -5 -4 -3 -4 -3  1    0   0   0   0   0   0   0   0   0   8  67   0  20   0   0   0   0   0   0   6  1.10 0.37
   34 K   -3  4 -2 -3 -5  2 -1 -4 -3 -3 -2  5 -3 -4 -3 -2 -3 -5 -4  1    0  21   0   0   0   9   0   0   0   0   4  54   0   0   0   0   0   0   0  11  0.92 0.36
   35 L   -1  2  1  2 -4  3  2 -1 -2 -4 -2  3 -2 -4 -2  1  0 -4 -3 -3    3  10   6  12   0  14  12   2   0   0   3  24   0   0   0   8   5   0   0   0  0.38 0.18
   36 G    0  2  1  1 -3  0  1  3  0 -3 -3  0  1 -3 -3  1  0 -3 -3 -3    4  13   5   8   0   2  10  31   2   0   0   3   6   0   0   8   7   0   0   0  0.33 0.15
   37 R    0  3  2  0  1  1 -1 -3  1 -2 -2  0 -2 -1 -3 -1  0 -4 -2  1    9  24  14   5   4   8   0   0   4   0   0   4   0   3   0   2   6   0   0  16  0.25 0.17
   38 Y   -2 -2  0  0 -3  1 -2 -3  1  0  0 -1 -2  1  0 -1  1 -1  5  0    2   0   3   5   0   7   0   0   3   5   9   4   0   4   5   5   9   0  33   6  0.34 0.20
   39 A    3  0  1 -2  2  1 -1  1 -2  0 -2  0 -2 -3 -2  1  1 -3 -3 -1   33   3   7   0   5   7   0  10   0   7   3   4   0   0   0  14   7   0   0   0  0.22 0.13
   40 S   -1  1 -1 -2 -3  1  0  0  1 -2 -1  2  1  0  1  0 -1 -2  3 -1    0   5   2   0   0  10   4   7   5   0   4  17   6   4   6   8   1   0  16   6  0.15 0.10
   41 R   -3  7 -2 -3  2 -1 -2 -4 -2 -5 -4  3 -3 -5 -4 -1 -3 -5 -4 -4    0  71   0   0   4   0   0   0   0   0   0  18   0   0   0   4   0   0   0   0  1.28 0.36
   42 V   -2 -4 -5 -5  1 -4 -4 -5 -4  5  1 -4  0 -2 -4 -3 -2 -4 -1  5    0   0   0   0   3   0   0   0   0  39   7   0   0   0   0   0   0   0   2  49  0.85 0.27
   43 G    0 -3 -1  2 -3  0 -1  4  2 -4 -4 -2 -3 -4 -3  2 -2 -4 -3 -4    7   0   0  11   0   4   2  45   7   0   0   0   0   0   0  24   0   0   0   0  0.67 0.22
   44 A    2 -1  1 -1 -2  1  1 -1  1 -1 -3  0 -2 -2  0  2  0 -3  0 -1   27   1   8   0   0   7   8   2   5   3   0   5   0   0   4  21   2   0   4   2  0.21 0.11
   45 G    0 -1 -1  0 -2  0 -1  2  2 -3 -2  0 -2 -2 -2  2  2 -3  1 -2    7   0   0   5   0   5   0  16   7   0   3   7   0   0   0  23  21   0   6   0  0.24 0.13
   46 A    4 -2 -2 -1  2 -2 -2  0 -3 -2 -2 -2 -2 -3 -2  2  1 -4 -3  1   51   0   0   4   4   0   0   3   0   0   0   0   0   0   0  14  11   0   0  13  0.42 0.20
   47 P    2 -2  0 -2  1 -2 -2 -2 -3 -2  0 -2  1 -3  4  2 -1 -4 -3 -1   25   0   4   0   4   0   0   0   0   0  11   0   5   0  27  20   0   0   0   4  0.48 0.18
   48 V   -1 -3 -3 -1 -2 -3 -3 -4  1  3  0 -3  0 -2 -3 -1  1 -4 -2  5    3   0   0   3   0   0   0   0   5  17   4   0   0   0   0   3   7   0   0  57  0.50 0.21
   49 Y    0 -3 -4 -4 -4 -3 -3 -4 -1 -3 -2 -3 -2  4 -4 -1 -3  0  8 -3   11   0   0   0   0   0   0   0   0   0   0   0   0  19   0   6   0   0  64   0  1.28 0.35
   50 L   -1 -3 -4 -4 -2 -3 -3 -4 -3  2  4 -3  3  0 -4 -1 -1 -3 -2  2    2   0   0   0   0   0   0   0   0  10  55   0   9   4   0   4   3   0   0  13  0.50 0.18
   51 A    4 -2 -2 -2 -1 -1 -1 -1 -2 -1 -1 -1 -1 -2 -2  2  2 -3 -2  1   49   0   0   0   0   0   1   1   0   0   6   0   0   0   0  14  16   0   0   9  0.34 0.13
   52 A    5 -1 -2 -2 -2 -1 -1  0 -2 -2 -2  1 -2 -3 -2  1 -1 -3 -2 -1   67   0   0   0   0   0   1   6   0   0   1  13   0   0   0   8   1   0   0   1  0.53 0.18
   53 V    0 -3 -3 -3  4 -2 -3 -3 -3  2  0 -3  2 -2 -3 -2 -1 -3 -2  4    9   0   0   0  13   0   1   1   0  10   1   0   6   0   0   1   1   0   0  53  0.43 0.15
   54 L   -2 -3 -3 -4 -2 -2 -3 -4 -3  1  4 -3  3  0 -3 -3 -2 -2 -2  1    1   0   0   0   0   0   1   1   0   6  69   0  11   1   0   1   1   0   0   5  0.56 0.16
   55 E   -2 -1 -1  1 -4  1  6 -3 -1 -3 -3  0  0 -4 -2 -1 -2 -3 -3 -3    1   0   0   6   0   4  76   1   0   0   1   0   4   0   0   1   1   0   0   1  0.92 0.23
   56 Y   -2 -3  0 -3 -3 -2 -3 -3  0 -2  0 -3 -2  1 -3 -1 -2  0  8 -2    1   0   6   0   0   0   1   1   0   0   9   0   0   0   0   5   1   0  73   1  1.14 0.26
   57 M   -2 -3 -4 -4 -2 -3 -3 -4 -3  2  4 -3  2  2 -3 -3 -2 -2 -1  0    1   0   0   0   0   0   1   1   0   9  72   0   4   9   0   1   1   0   0   1  0.60 0.16
   58 A    1 -2 -1 -2 -1 -1 -2 -2 -2  1  0 -1  2  0 -2  1  3 -2 -1  1   17   0   0   0   1   0   1   1   0   8   4   0   9   5   0  10  32   0   0   9  0.20 0.10
   59 A    3  0 -1  0 -2 -1  1 -1 -2  0 -1 -1 -1 -2 -2  1  0 -3 -2 -1   46   5   0   6   0   0   8   1   0   9   4   0   0   1   0  12   3   0   0   1  0.23 0.11
   60 E   -2 -1  0  2 -4  0  5 -2 -1 -3 -3  0 -3 -3 -2  1 -1 -3  1 -3    1   0   4  10   0   0  63   1   0   0   1   2   0   0   0   9   1   0   6   1  0.71 0.19
   61 V   -2 -4 -4 -4 -2 -4 -4 -5 -4  5  2 -4  0 -1 -4 -3 -2 -3 -2  3    0   0   0   0   0   0   0   0   0  53  18   0   0   0   0   0   0   0   0  29  0.71 0.19
   62 L   -1 -3 -4 -5 -3 -3 -4 -5 -4  1  5 -4  1  1 -4 -3 -1 -3 -2  0    4   0   0   0   0   0   0   0   0   6  79   0   0   4   0   0   4   0   0   4  0.79 0.25
   63 E   -1  0 -2  1 -5  2  6 -3 -2 -4 -4  1 -3 -5 -3 -1 -1 -4 -3 -4    4   4   0   6   0   5  67   0   0   0   0   9   0   0   0   0   4   0   0   0  0.91 0.28
   64 L   -2  0 -3 -3 -2 -2 -1 -2 -3  1  4 -2  2 -1 -3 -1 -1 -3 -2  1    0   8   0   0   0   0   6   4   0   3  59   0   6   0   0   4   2   0   0   8  0.38 0.17
   65 A    4 -2 -2 -3 -2  0 -2 -2 -3 -2 -2 -2  0 -3 -2  2  1 -4 -3  1   55   0   0   0   0   4   0   0   0   0   0   0   4   0   0  18   8   0   0  12  0.50 0.22
   66 G    1 -3 -2 -2  2 -2 -2  5 -1 -1 -1 -1  0 -3 -3  0 -2  2 -3 -1   10   0   0   0   6   0   2  49   1   3   6   4   3   0   0   7   0   4   0   4  0.49 0.16
   67 N   -2 -2  7  0 -4 -1  0 -2 -1 -4 -3  0 -3 -4  0  1 -1 -5 -4 -4    0   0  68   3   0   0   7   0   0   0   4   4   0   0   4  10   2   0   0   0  0.98 0.30
   68 A    2  0 -2  0 -2  1  1 -1  1 -1 -2 -1 -1 -2 -2  0  0 -2  2  1   32   4   0   4   0   8   9   3   4   2   0   0   0   0   0   4   3   0  10  17  0.17 0.12
   69 A    4 -2 -2 -2  0 -2 -1  0 -3 -2 -1 -2 -2 -3 -2  2  0 -4 -3  1   54   0   0   0   1   0   4   4   0   0   6   0   0   0   0  18   3   0   0  10  0.44 0.20
   70 R   -1  4  1 -2 -3  1  0 -1  0 -1 -3  2 -2 -2  1  1 -1 -3 -2 -1    2  30   6   0   0   4   3   4   1   6   0  20   0   2   8  11   0   0   0   3  0.31 0.13
   71 D   -2 -2  2  4 -3  1  1 -1 -2  0 -1  0  1 -3 -2  0  0 -4 -3 -2    0   0  11  37   0   5   9   4   0   8   5   4   6   0   0   3   7   0   0   0  0.37 0.15
   72 N    0  0  5  0 -3  0 -1 -2  0  1 -1 -1 -1 -2 -3  1  0 -4 -2 -1   11   6  39   4   0   3   0   0   1  12   8   2   1   1   0   9   5   0   0   0  0.30 0.16
   73 K   -1  2  2 -2 -4 -1 -1  3 -2 -4 -4  4 -3 -4 -3  0 -1 -4 -3 -3    3   9  12   0   0   0   0  27   0   0   0  41   0   0   0   3   4   0   0   0  0.57 0.20
   74 K   -1  2 -1 -2 -3  1  0  0  3 -1 -2  4 -2 -3  0  0 -1 -4 -2  0    0   8   0   0   0   5   2   8   9   4   3  41   0   0   3   6   0   0   0  12  0.30 0.16
   75 S   -1  2  0 -2  0  1 -1  0 -1 -2 -3  3 -2 -2  1  1  2 -3  1 -2    1  11   3   0   3   5   0   8   0   3   0  26   0   0   8   9  16   0   9   0  0.24 0.13
   76 R   -2  6  1 -2 -4  0  2 -3 -2 -4 -2  2 -3 -4  0 -2 -2 -4 -3 -2    0  56   7   0   0   0  16   0   0   0   3  12   0   0   4   0   0   0   0   3  0.78 0.25
   77 I   -2 -4 -5 -5 -3 -4 -4 -5 -4  6  1 -4  0  1 -4 -4 -2 -4 -2  3    0   0   0   0   0   0   0   0   0  67   4   0   0   8   0   0   0   0   0  22  0.92 0.28
   78 I    0 -2  1 -2 -2  0 -1 -2 -2  1 -1  1  1 -3 -2  3  3 -3 -2  0    4   0   5   0   0   3   0   0   0  14   4   8   4   0   0  27  27   0   0   3  0.27 0.15
   79 P    0 -3 -1 -3 -3 -1 -2 -3 -3 -3 -2  0 -3 -4  7 -1 -2 -4 -4 -1    8   0   2   0   0   3   0   0   0   0   4   6   0   0  66   4   0   0   0   4  1.40 0.28
   80 R   -2  5 -1 -1 -4  3  3 -3 -1 -4 -2  2 -2 -4  0  0 -2 -4 -3 -2    0  44   0   0   0  13  21   0   0   0   2   7   0   0   4   6   0   0   0   2  0.66 0.22
   81 H    0 -2 -1  3 -4 -1 -1 -1  8 -4 -3 -2 -3 -2 -3  0 -1 -4 -1 -4    8   0   0  21   0   0   0   4  53   0   2   0   0   1   0   8   4   0   0   0  1.00 0.30
   82 I   -2 -1 -4 -4 -2 -3 -4 -5 -4  4  3 -3  0  1 -4 -3 -1 -3 -2  2    0   5   0   0   0   0   0   0   0  34  44   0   0   4   0   0   4   0   0  10  0.55 0.19
   83 T   -2  1  1  0  2  3  3 -3  0 -3 -1  2  1 -1 -2  0 -1 -3 -2 -2    0   4   8   2   5  23  23   0   2   0   7  12   6   3   0   3   3   0   0   0  0.31 0.14
   84 L   -2  0  0 -3 -3  2 -1 -4 -2  0  3 -2  3 -1 -3 -2 -2  3 -2  1    0   6   8   0   0  14   2   0   0   0  47   0  10   0   0   0   0   5   0   9  0.37 0.18
   85 A    5 -3 -2 -3 -2  0 -2 -2 -3 -2 -2 -2 -2 -3 -2  2 -1 -4 -3  2   65   0   0   0   0   5   0   0   0   0   0   0   0   0   0  13   0   0   0  16  0.64 0.25
   86 V   -1 -1 -4 -4 -2 -3 -4 -4 -4  4  1 -3  3  0 -2 -3 -2 -3 -2  3    3   5   0   0   0   0   0   0   0  42   7   0   9   2   2   0   0   0   0  29  0.52 0.19
   87 R   -1  4  2  0  4  1 -1 -2  0 -3 -1  0 -2 -3 -3  0 -2 -4 -3 -3    4  34  13   5  15   7   0   2   3   0   9   2   0   0   0   4   0   0   0   0  0.37 0.17
   88 N    0 -2  6 -1 -1 -1  0  1  2 -4 -4 -1 -3 -4 -3  0 -1 -5 -3 -4    9   0  59   0   2   0   7   9   4   0   0   2   0   0   0   3   2   0   0   0  0.76 0.25
   89 D   -3 -3  1  7 -5 -2  0 -3 -3 -5 -5 -2 -5 -5 -3 -2  0 -6 -5 -5    0   0   4  87   0   0   0   0   0   0   0   0   0   0   0   0   7   0   0   0  1.57 0.37
   90 E    1  1 -1  1 -3  0  4 -2 -2 -1 -2  1 -2 -3  0  0  0 -4 -3 -1   11  11   0   6   0   1  38   0   0   3   2   6   0   0   3   7   4   0   0   6  0.31 0.14
   91 E   -2 -2 -2  1 -5  2  6 -4 -2 -3 -2 -1 -3 -4 -3 -2 -2 -4 -3  0    0   0   0   4   0  11  71   0   0   0   3   0   0   0   0   0   0   0   0   9  0.95 0.30
   92 L   -3 -4 -5 -5 -3 -4 -4 -5 -4  1  5 -4  1  2  0 -4 -2 -3 -2  0    0   0   0   0   0   0   0   0   0   3  78   0   0  10   5   0   0   0   0   3  0.82 0.25
   93 N   -2 -1  4  3 -3 -1  0  1  3 -3 -3 -1  2 -2 -3  1 -1  2  0 -3    0   2  28  18   0   0   2   9   9   0   0   0   9   0   0  13   0   4   4   0  0.41 0.16
   94 K   -1  1  0  1 -3  2  0  0 -1 -2 -1  2 -1  1 -2  0  1 -3 -1 -2    3   8   3  11   0  10   0   8   0   1   4  21   2  11   0   7  11   0   0   0  0.16 0.09
   95 F   -2 -3 -4 -5 -3 -3 -4 -1 -4  0  5 -4  4  1 -4 -3 -2 -3 -2  0    0   0   0   0   0   0   0   6   0   0  72   0  13   4   0   0   0   0   0   5  0.76 0.23
   96 L   -2 -3 -4 -4 -3  0 -3 -1 -3  2  3 -3  0  4 -4 -3 -2 -2  1  0    0   0   0   0   0   7   0   5   0  11  43   0   0  27   0   0   0   0   3   3  0.47 0.17
   97 G   -1  2  2  1 -4  1 -1  2  4 -4 -4  3 -2 -4 -2  0 -2 -4 -2 -3    4   9  12   7   0   8   0  19  13   0   0  25   0   0   0   3   0   0   0   0  0.39 0.13
   98 G   -1 -2  3  2 -3 -1 -1  3  2  0 -3 -1 -2 -3 -2  0  0 -3 -2 -2    1   1  23  13   0   1   1  30   8   9   1   0   0   0   0   4   5   0   0   1  0.35 0.10
   99 V    1 -3 -3 -3 -2 -3 -3 -3 -3  1 -1 -3 -1 -2 -3 -1  1  4 -2  4   17   0   0   0   0   0   0   0   0   5   0   0   0   0   0   0  13   6   0  58  0.48 0.17
  100 T   -1 -2 -2 -2 -2 -2 -2 -3 -3  2  0 -2 -1 -2 -2  1  5 -4 -3  0    0   0   0   0   0   0   0   0   0  18   7   0   0   0   0  10  64   0   0   1  0.63 0.19
  101 V   -2 -3 -4 -4 -3 -3 -4 -5 -4  6  1  0  0 -1 -4 -3 -2 -4 -2  1    0   0   0   0   0   0   0   0   0  82   6  10   0   1   0   0   0   0   0   1  0.82 0.22
  102 A    4 -2 -2 -2  1 -1 -1 -1  3 -3 -3  0 -2 -3  2  2 -1 -3 -2 -2   54   0   0   0   4   0   0   0  10   0   0   7   0   0   9  15   0   0   0   0  0.46 0.15
  103 S    0  0  2 -1 -3  3  0  2  2 -3 -3 -1 -2 -2  2  1 -1 -3  0 -3    4   2  11   1   0  23   4  16   8   0   0   0   0   1  10  16   0   0   4   0  0.32 0.10
  104 G   -1 -3 -1  1 -3 -2 -2  6 -3 -5 -5 -2 -4 -4 -3  1 -2 -4 -4 -4    0   0   0  11   0   0   0  76   0   0   0   0   0   0   0  13   0   0   0   0  1.09 0.19
  105 G    1 -3 -2 -2 -3 -3 -3  6 -3 -5 -4 -3 -4 -4 -3 -1 -2 -4 -4 -4   11   0   0   0   0   0   0  87   0   0   0   0   0   0   0   3   0   0   0   0  1.32 0.21
  106 V   -1 -1 -4 -4 -2 -3 -3 -4 -4  1  0 -3  2 -2 -3 -2  0 -4 -2  5    1   5   0   0   0   0   0   0   0   0   0   0   7   0   0   0   4   0   0  83  0.73 0.20
  107 L    0 -2 -3 -3 -2 -2 -2 -3 -3  2  3  0  2 -1 -1 -2 -1 -3 -2  1   11   0   0   0   0   0   0   0   0  17  43  11   5   0   3   0   0   0   0   9  0.27 0.09
  108 P   -2 -3 -3 -3 -4 -2 -2 -3 -3 -4 -4 -1 -4 -5  8  1 -2 -5 -4 -4    0   0   0   0   0   0   0   0   0   0   0   3   0   0  81  16   0   0   0   0  1.93 0.25
  109 N    0 -1  4 -1 -3 -1 -1 -2  4 -1 -1  0 -2  0 -3  1 -1 -2  2 -2   11   1  37   0   0   0   0   0  15   4   4   4   0   4   0   8   2   0  11   0  0.34 0.11
  110 I   -2 -4 -3 -4 -2 -3 -4 -4 -4  5  1 -3  0  1 -1 -2  2 -3 -2  2    0   0   0   0   0   0   0   0   0  72   2   0   0   5   3   0  15   0   0   2  0.61 0.17
  111 H    0  0  4 -1 -3  2 -1  1  6 -4 -4 -1 -2 -3 -3  0 -2 -4 -1 -3    8   4  25   0   0  15   0  12  32   0   0   0   1   0   0   3   0   0   0   0  0.58 0.15
  112 G    0  0  0 -1 -3  2  2 -2 -1 -3 -3  3 -2 -4  4  1 -1 -4 -3 -3    8   3   2   0   0  10  15   1   0   0   0  26   0   0  24  10   0   0   0   0  0.53 0.11
  113 V    1 -2  0 -1 -2  0  2  0 -1  0 -1 -1 -1 -2 -2  1  0 -3 -2  2   13   0   4   0   0   1  21   9   1   5   1   0   1   0   0  17   2   0   1  24  0.14 0.07
  114 L   -2 -3 -3  1 -2 -2  1 -4 -3  0  4 -2  1 -1 -3 -3 -2 -3 -2  0    0   0   0   9   0   0  13   0   0   0  74   0   0   0   0   0   0   0   0   4  0.48 0.13
  115 L   -2 -2 -3 -1 -2  1 -2 -3 -2  1  4 -2  1  2 -3 -2 -2 -2 -1  0    0   0   0   6   0  14   0   0   0   7  59   0   1  10   0   0   0   0   0   2  0.33 0.09
  116 P    1  0  0  0 -3 -1 -1 -1 -2 -2 -1  0 -2 -3  6 -1 -1 -4 -3 -2   14   6   5   5   0   0   0   4   0   1   7   8   0   0  49   0   0   0   0   0  0.82 0.11
  117 K   -1  2 -1 -2 -3  0  0 -3 -2 -2 -1  5 -2 -3 -2  0  0 -4 -3  0    2   7   0   0   0   0   0   0   0   0   5  68   0   0   0   3   5   0   0  10  0.53 0.13
  118 K   -1  3 -1 -2 -3  0  0 -2 -1 -2 -3  5 -2 -3  1  1  0 -4 -2 -1    0  14   0   0   0   1   0   0   1   0   0  56   0   0   7  11   3   0   0   8  0.49 0.12
  119 T    0  3  0 -1 -2  0  1  0 -1 -2 -2  1 -2 -3 -2  2  2 -3 -2 -1    2  22   1   0   0   0   8   5   0   0   0  11   0   0   0  25  22   0   0   4  0.30 0.08
  120 K    0  1 -1  0 -3  1  2  3 -1 -3 -3  3 -2 -4 -1  0 -1 -3 -3 -3    7   6   0   5   0   7  15  27   0   0   0  29   0   0   1   2   2   0   0   0  0.36 0.07
  121 K   -1  3  0 -1 -3  2  1 -1  0 -3 -3  4 -2 -4 -2  1  0 -3 -2 -3    2  14   1   0   0  11   5   2   1   0   1  45   0   0   0  15   3   0   0   0  0.45 0.10
  122 D    1  0  0  0 -3  0  0  1 -2 -3 -3  4 -2 -3 -1  1  1 -3 -3 -2   10   0   3   5   0   0   0  14   0   0   0  45   0   0   1  13  10   0   0   0  0.33 0.08
  123 A    3 -1 -1 -1 -1 -1 -1 -1 -2 -2 -2 -1 -2 -3 -1  3  2 -3 -2 -1   43   0   0   0   0   0   0   0   0   0   0   0   0   0   0  47  10   0   0   0  0.42 0.06

                      K         Lambda
Standard Ungapped    0.1346     0.3167
Standard Gapped      0.0467     0.2670
PSI Ungapped         0.1527     0.3175
PSI Gapped           0.0467     0.2670
