
Last position-specific scoring matrix computed, weighted observed percentages rounded down, information per position, and relative weight of gapless real matches to pseudocounts
            A   R   N   D   C   Q   E   G   H   I   L   K   M   F   P   S   T   W   Y   V   A   R   N   D   C   Q   E   G   H   I   L   K   M   F   P   S   T   W   Y   V
    1 M    -1  -1  -2  -3  -1   0  -2  -3  -2   1   2  -1   5   0  -2  -1  -1  -1  -1   1    0   0   0   0   0   0   0   0   0   0   0   0   0   0   0   0   0   0   0   0  0.00     0.00
    2 G     0  -2   0  -1  -2  -2  -2   6  -2  -4  -4  -2  -3  -3  -2   0  -2  -2  -3  -3    0   0   0   0   0   0   0   0   0   0   0   0   0   0   0   0   0   0   0   0  0.00     0.00
    3 N    -2   0   6   1  -3   0   0   0   1  -3  -3   0  -2  -3  -2   1   0  -4  -2  -3    0   0   0   0   0   0   0   0   0   0   0   0   0   0   0   0   0   0   0   0  0.00     0.00
    4 S     1  -1   1   0  -1   0   0   0  -1  -2  -2   0  -1  -2  -1   4   1  -3  -2  -2    0   0   0   0   0   0   0   0   0   0   0   0   0   0   0   0   0   0   0   0  0.00     0.00
    5 S     1  -1   1   0  -1   0   0   0  -1  -2  -2   0  -1  -2  -1   4   1  -3  -2  -2    0   0   0   0   0   0   0   0   0   0   0   0   0   0   0   0   0   0   0   0  0.00     0.00
    6 S     1  -1   1   0  -1   0   0   0  -1  -2  -2   0  -1  -2  -1   4   1  -3  -2  -2    0   0   0   0   0   0   0   0   0   0   0   0   0   0   0   0   0   0   0   0  0.00     0.00
    7 T     0  -1   0  -1  -1  -1  -1  -2  -2  -1  -1  -1  -1  -2  -1   1   5  -2  -2   0    0   0   0   0   0   0   0   0   0   0   0   0   0   0   0   0   0   0   0   0  0.00     0.00
    8 E    -1   0   0   2  -4   2   5  -2   0  -3  -3   1  -2  -3  -1   0  -1  -3  -2  -2    0   0   0   0   0   0   0   0   0   0   0   0   0   0   0   0   0   0   0   0  0.00     0.00
    9 A     4  -1  -2  -2   0  -1  -1   0  -2  -1  -1  -1  -1  -2  -1   1   0  -3  -2   0    0   0   0   0   0   0   0   0   0   0   0   0   0   0   0   0   0   0   0   0  0.00     0.00
   10 D    -2  -2   1   6  -3   0   2  -1  -1  -3  -4  -1  -3  -3  -1   0  -1  -4  -3  -3    0   0   0   0   0   0   0   0   0   0   0   0   0   0   0   0   0   0   0   0  0.00     0.00
   11 G     0  -2   0  -1  -2  -2  -2   6  -2  -4  -4  -2  -3  -3  -2   0  -2  -2  -3  -3    0   0   0   0   0   0   0   0   0   0   0   0   0   0   0   0   0   0   0   0  0.00     0.00
   12 G     0  -2   0  -1  -2  -2  -2   6  -2  -4  -4  -2  -3  -3  -2   0  -2  -2  -3  -3    0   0   0   0   0   0   0   0   0   0   0   0   0   0   0   0   0   0   0   0  0.00     0.00
   13 R    -1   5   0  -2  -3   1   0  -2   0  -3  -2   2  -1  -3  -2  -1  -1  -3  -2  -2    0   0   0   0   0   0   0   0   0   0   0   0   0   0   0   0   0   0   0   0  0.00     0.00
   14 A     4  -1  -2  -2   0  -1  -1   0  -2  -1  -1  -1  -1  -2  -1   1   0  -3  -2   0    0   0   0   0   0   0   0   0   0   0   0   0   0   0   0   0   0   0   0   0  0.00     0.00
   15 S     1  -1   1   0  -1   0   0   0  -1  -2  -2   0  -1  -2  -1   4   1  -3  -2  -2    0   0   0   0   0   0   0   0   0   0   0   0   0   0   0   0   0   0   0   0  0.00     0.00
   16 L    -1  -2  -3  -4  -1  -2  -3  -4  -3   2   4  -2   2   0  -3  -2  -1  -2  -1   1    0   0   0   0   0   0   0   0   0   0   0   0   0   0   0   0   0   0   0   0  0.00     0.00
   17 A     4  -1  -2  -2   0  -1  -1   0  -2  -1  -1  -1  -1  -2  -1   1   0  -3  -2   0    0   0   0   0   0   0   0   0   0   0   0   0   0   0   0   0   0   0   0   0  0.00     0.00
   18 L    -1  -2  -3  -4  -1  -2  -3  -4  -3   2   4  -2   2   0  -3  -2  -1  -2  -1   1    0   0   0   0   0   0   0   0   0   0   0   0   0   0   0   0   0   0   0   0  0.00     0.00
   19 T     0  -1   0  -1  -1  -1  -1  -2  -2  -1  -1  -1  -1  -2  -1   1   5  -2  -2   0    0   0   0   0   0   0   0   0   0   0   0   0   0   0   0   0   0   0   0   0  0.00     0.00
   20 T     0  -1   0  -1  -1  -1  -1  -2  -2  -1  -1  -1  -1  -2  -1   1   5  -2  -2   0    0   0   0   0   0   0   0   0   0   0   0   0   0   0   0   0   0   0   0   0  0.00     0.00
   21 F    -2  -3  -3  -3  -2  -3  -3  -3  -1   0   0  -3   0   6  -4  -2  -2   1   3  -1    0   0   0   0   0   0   0   0   0   0   0   0   0   0   0   0   0   0   0   0  0.00     0.00
   22 N    -2   0   6   1  -3   0   0   0   1  -3  -3   0  -2  -3  -2   1   0  -4  -2  -3    0   0   0   0   0   0   0   0   0   0   0   0   0   0   0   0   0   0   0   0  0.00     0.00
   23 R    -1   5   0  -2  -3   1   0  -2   0  -3  -2   2  -1  -3  -2  -1  -1  -3  -2  -2    0   0   0   0   0   0   0   0   0   0   0   0   0   0   0   0   0   0   0   0  0.00     0.00
   24 L    -1  -2  -3  -4  -1  -2  -3  -4  -3   2   4  -2   2   0  -3  -2  -1  -2  -1   1    0   0   0   0   0   0   0   0   0   0   0   0   0   0   0   0   0   0   0   0  0.00     0.00
   25 R    -1   5   0  -2  -3   1   0  -2   0  -3  -2   2  -1  -3  -2  -1  -1  -3  -2  -2    0   0   0   0   0   0   0   0   0   0   0   0   0   0   0   0   0   0   0   0  0.00     0.00
   26 G     0  -2   0  -1  -2  -2  -2   6  -2  -4  -4  -2  -3  -3  -2   0  -2  -2  -3  -3    0   0   0   0   0   0   0   0   0   0   0   0   0   0   0   0   0   0   0   0  0.00     0.00
   27 R    -1   5   0  -2  -3   1   0  -2   0  -3  -2   2  -1  -3  -2  -1  -1  -3  -2  -2    0   0   0   0   0   0   0   0   0   0   0   0   0   0   0   0   0   0   0   0  0.00     0.00
   28 Y    -2  -2  -2  -3  -2  -1  -2  -3   2  -1  -1  -2  -1   3  -3  -2  -2   2   7  -1    0   0   0   0   0   0   0   0   0   0   0   0   0   0   0   0   0   0   0   0  0.00     0.00
   29 D    -2  -2   1   6  -3   0   2  -1  -1  -3  -4  -1  -3  -3  -1   0  -1  -4  -3  -3    0   0   0   0   0   0   0   0   0   0   0   0   0   0   0   0   0   0   0   0  0.00     0.00
   30 A     4  -1  -2  -2   0  -1  -1   0  -2  -1  -1  -1  -1  -2  -1   1   0  -3  -2   0    0   0   0   0   0   0   0   0   0   0   0   0   0   0   0   0   0   0   0   0  0.00     0.00
   31 P    -1  -2  -2  -1  -3  -1  -1  -2  -2  -3  -3  -1  -2  -4   7  -1  -1  -4  -3  -2    0   0   0   0   0   0   0   0   0   0   0   0   0   0   0   0   0   0   0   0  0.00     0.00
   32 D    -2  -2   1   6  -3   0   2  -1  -1  -3  -4  -1  -3  -3  -1   0  -1  -4  -3  -3    0   0   0   0   0   0   0   0   0   0   0   0   0   0   0   0   0   0   0   0  0.00     0.00
   33 E    -1   0   0   2  -4   2   5  -2   0  -3  -3   1  -2  -3  -1   0  -1  -3  -2  -2    0   0   0   0   0   0   0   0   0   0   0   0   0   0   0   0   0   0   0   0  0.00     0.00
   34 Q    -1   1   0   0  -3   5   2  -2   0  -3  -2   1   0  -3  -1   0  -1  -2  -1  -2    0   0   0   0   0   0   0   0   0   0   0   0   0   0   0   0   0   0   0   0  0.00     0.00
   35 V     0  -2  -3  -3  -1  -2  -2  -3  -3   3   1  -2   1  -1  -2  -2   0  -3  -1   4    0   0   0   0   0   0   0   0   0   0   0   0   0   0   0   0   0   0   0   0  0.00     0.00
   36 P    -1  -2  -2  -1  -3  -1  -1  -2  -2  -3  -3  -1  -2  -4   7  -1  -1  -4  -3  -2    0   0   0   0   0   0   0   0   0   0   0   0   0   0   0   0   0   0   0   0  0.00     0.00
   37 V     0  -2  -3  -3  -1  -2  -2  -3  -3   3   1  -2   1  -1  -2  -2   0  -3  -1   4    0   0   0   0   0   0   0   0   0   0   0   0   0   0   0   0   0   0   0   0  0.00     0.00
   38 V     0  -2  -3  -3  -1  -2  -2  -3  -3   3   1  -2   1  -1  -2  -2   0  -3  -1   4    0   0   0   0   0   0   0   0   0   0   0   0   0   0   0   0   0   0   0   0  0.00     0.00
   39 T     0  -1   0  -1  -1  -1  -1  -2  -2  -1  -1  -1  -1  -2  -1   1   5  -2  -2   0    0   0   0   0   0   0   0   0   0   0   0   0   0   0   0   0   0   0   0   0  0.00     0.00
   40 P    -1  -2  -2  -1  -3  -1  -1  -2  -2  -3  -3  -1  -2  -4   7  -1  -1  -4  -3  -2    0   0   0   0   0   0   0   0   0   0   0   0   0   0   0   0   0   0   0   0  0.00     0.00
   41 E    -1   0   0   2  -4   2   5  -2   0  -3  -3   1  -2  -3  -1   0  -1  -3  -2  -2    0   0   0   0   0   0   0   0   0   0   0   0   0   0   0   0   0   0   0   0  0.00     0.00
   42 P    -1  -2  -2  -1  -3  -1  -1  -2  -2  -3  -3  -1  -2  -4   7  -1  -1  -4  -3  -2    0   0   0   0   0   0   0   0   0   0   0   0   0   0   0   0   0   0   0   0  0.00     0.00
   43 R    -1   5   0  -2  -3   1   0  -2   0  -3  -2   2  -1  -3  -2  -1  -1  -3  -2  -2    0   0   0   0   0   0   0   0   0   0   0   0   0   0   0   0   0   0   0   0  0.00     0.00
   44 K    -1   2   0  -1  -3   1   1  -2  -1  -3  -2   4  -1  -3  -1   0  -1  -3  -2  -2    0   0   0   0   0   0   0   0   0   0   0   0   0   0   0   0   0   0   0   0  0.00     0.00
   45 Q    -1   1   0   0  -3   5   2  -2   0  -3  -2   1   0  -3  -1   0  -1  -2  -1  -2    0   0   0   0   0   0   0   0   0   0   0   0   0   0   0   0   0   0   0   0  0.00     0.00
   46 P    -1  -2  -2  -1  -3  -1  -1  -2  -2  -3  -3  -1  -2  -4   7  -1  -1  -4  -3  -2    0   0   0   0   0   0   0   0   0   0   0   0   0   0   0   0   0   0   0   0  0.00     0.00
   47 R    -1   5   0  -2  -3   1   0  -2   0  -3  -2   2  -1  -3  -2  -1  -1  -3  -2  -2    0   0   0   0   0   0   0   0   0   0   0   0   0   0   0   0   0   0   0   0  0.00     0.00
   48 K    -1   2   0  -1  -3   1   1  -2  -1  -3  -2   4  -1  -3  -1   0  -1  -3  -2  -2    0   0   0   0   0   0   0   0   0   0   0   0   0   0   0   0   0   0   0   0  0.00     0.00
   49 Q    -1   1   0   0  -3   5   2  -2   0  -3  -2   1   0  -3  -1   0  -1  -2  -1  -2    0   0   0   0   0   0   0   0   0   0   0   0   0   0   0   0   0   0   0   0  0.00     0.00
   50 P    -1  -2  -2  -1  -3  -1  -1  -2  -2  -3  -3  -1  -2  -4   7  -1  -1  -4  -3  -2    0   0   0   0   0   0   0   0   0   0   0   0   0   0   0   0   0   0   0   0  0.00     0.00
   51 S     1  -1   1   0  -1   0   0   0  -1  -2  -2   0  -1  -2  -1   4   1  -3  -2  -2    0   0   0   0   0   0   0   0   0   0   0   0   0   0   0   0   0   0   0   0  0.00     0.00
   52 S     1  -1   1   0  -1   0   0   0  -1  -2  -2   0  -1  -2  -1   4   1  -3  -2  -2    0   0   0   0   0   0   0   0   0   0   0   0   0   0   0   0   0   0   0   0  0.00     0.00
   53 S     1  -1   1   0  -1   0   0   0  -1  -2  -2   0  -1  -2  -1   4   1  -3  -2  -2    0   0   0   0   0   0   0   0   0   0   0   0   0   0   0   0   0   0   0   0  0.00     0.00
   54 K    -1   2   0  -1  -3   1   1  -2  -1  -3  -2   4  -1  -3  -1   0  -1  -3  -2  -2    0   0   0   0   0   0   0   0   0   0   0   0   0   0   0   0   0   0   0   0  0.00     0.00
   55 Q    -1   1   0   0  -3   5   2  -2   0  -3  -2   1   0  -3  -1   0  -1  -2  -1  -2    0   0   0   0   0   0   0   0   0   0   0   0   0   0   0   0   0   0   0   0  0.00     0.00
   56 K    -1   2   0  -1  -3   1   1  -2  -1  -3  -2   4  -1  -3  -1   0  -1  -3  -2  -2    0   0   0   0   0   0   0   0   0   0   0   0   0   0   0   0   0   0   0   0  0.00     0.00
   57 P    -1  -2  -2  -1  -3  -1  -1  -2  -2  -3  -3  -1  -2  -4   7  -1  -1  -4  -3  -2    0   0   0   0   0   0   0   0   0   0   0   0   0   0   0   0   0   0   0   0  0.00     0.00
   58 R    -1   5   0  -2  -3   1   0  -2   0  -3  -2   2  -1  -3  -2  -1  -1  -3  -2  -2    0   0   0   0   0   0   0   0   0   0   0   0   0   0   0   0   0   0   0   0  0.00     0.00
   59 D    -2  -2   1   6  -3   0   2  -1  -1  -3  -4  -1  -3  -3  -1   0  -1  -4  -3  -3    0   0   0   0   0   0   0   0   0   0   0   0   0   0   0   0   0   0   0   0  0.00     0.00
   60 Q    -1   1   0   0  -3   5   2  -2   0  -3  -2   1   0  -3  -1   0  -1  -2  -1  -2    0   0   0   0   0   0   0   0   0   0   0   0   0   0   0   0   0   0   0   0  0.00     0.00
   61 P    -1  -2  -2  -1  -3  -1  -1  -2  -2  -3  -3  -1  -2  -4   7  -1  -1  -4  -3  -2    0   0   0   0   0   0   0   0   0   0   0   0   0   0   0   0   0   0   0   0  0.00     0.00
   62 P    -1  -2  -2  -1  -3  -1  -1  -2  -2  -3  -3  -1  -2  -4   7  -1  -1  -4  -3  -2    0   0   0   0   0   0   0   0   0   0   0   0   0   0   0   0   0   0   0   0  0.00     0.00
   63 T     0  -1   0  -1  -1  -1  -1  -2  -2  -1  -1  -1  -1  -2  -1   1   5  -2  -2   0    0   0   0   0   0   0   0   0   0   0   0   0   0   0   0   0   0   0   0   0  0.00     0.00
   64 A     4  -1  -2  -2   0  -1  -1   0  -2  -1  -1  -1  -1  -2  -1   1   0  -3  -2   0    0   0   0   0   0   0   0   0   0   0   0   0   0   0   0   0   0   0   0   0  0.00     0.00
   65 Y    -2  -2  -2  -3  -2  -1  -2  -3   2  -1  -1  -2  -1   3  -3  -2  -2   2   7  -1    0   0   0   0   0   0   0   0   0   0   0   0   0   0   0   0   0   0   0   0  0.00     0.00
   66 V     0  -2  -3  -3  -1  -2  -2  -3  -3   3   1  -2   1  -1  -2  -2   0  -3  -1   4    0   0   0   0   0   0   0   0   0   0   0   0   0   0   0   0   0   0   0   0  0.00     0.00
   67 A     4  -1  -2  -2   0  -1  -1   0  -2  -1  -1  -1  -1  -2  -1   1   0  -3  -2   0    0   0   0   0   0   0   0   0   0   0   0   0   0   0   0   0   0   0   0   0  0.00     0.00
   68 Q    -1   1   0   0  -3   5   2  -2   0  -3  -2   1   0  -3  -1   0  -1  -2  -1  -2    0   0   0   0   0   0   0   0   0   0   0   0   0   0   0   0   0   0   0   0  0.00     0.00
   69 T     0  -1   0  -1  -1  -1  -1  -2  -2  -1  -1  -1  -1  -2  -1   1   5  -2  -2   0    0   0   0   0   0   0   0   0   0   0   0   0   0   0   0   0   0   0   0   0  0.00     0.00
   70 P    -1  -2  -2  -1  -3  -1  -1  -2  -2  -3  -3  -1  -2  -4   7  -1  -1  -4  -3  -2    0   0   0   0   0   0   0   0   0   0   0   0   0   0   0   0   0   0   0   0  0.00     0.00
   71 P    -1  -2  -2  -1  -3  -1  -1  -2  -2  -3  -3  -1  -2  -4   7  -1  -1  -4  -3  -2    0   0   0   0   0   0   0   0   0   0   0   0   0   0   0   0   0   0   0   0  0.00     0.00
   72 T     0  -1   0  -1  -1  -1  -1  -2  -2  -1  -1  -1  -1  -2  -1   1   5  -2  -2   0    0   0   0   0   0   0   0   0   0   0   0   0   0   0   0   0   0   0   0   0  0.00     0.00
   73 S     1  -1   1   0  -1   0   0   0  -1  -2  -2   0  -1  -2  -1   4   1  -3  -2  -2    0   0   0   0   0   0   0   0   0   0   0   0   0   0   0   0   0   0   0   0  0.00     0.00
   74 S     1  -1   1   0  -1   0   0   0  -1  -2  -2   0  -1  -2  -1   4   1  -3  -2  -2    0   0   0   0   0   0   0   0   0   0   0   0   0   0   0   0   0   0   0   0  0.00     0.00
   75 T     0  -1   0  -1  -1  -1  -1  -2  -2  -1  -1  -1  -1  -2  -1   1   5  -2  -2   0    0   0   0   0   0   0   0   0   0   0   0   0   0   0   0   0   0   0   0   0  0.00     0.00
   76 Q    -1   1   0   0  -3   5   2  -2   0  -3  -2   1   0  -3  -1   0  -1  -2  -1  -2    0   0   0   0   0   0   0   0   0   0   0   0   0   0   0   0   0   0   0   0  0.00     0.00
   77 P    -1  -2  -2  -1  -3  -1  -1  -2  -2  -3  -3  -1  -2  -4   7  -1  -1  -4  -3  -2    0   0   0   0   0   0   0   0   0   0   0   0   0   0   0   0   0   0   0   0  0.00     0.00
   78 S     1  -1   1   0  -1   0   0   0  -1  -2  -2   0  -1  -2  -1   4   1  -3  -2  -2    0   0   0   0   0   0   0   0   0   0   0   0   0   0   0   0   0   0   0   0  0.00     0.00
   79 T     0  -1   0  -1  -1  -1  -1  -2  -2  -1  -1  -1  -1  -2  -1   1   5  -2  -2   0    0   0   0   0   0   0   0   0   0   0   0   0   0   0   0   0   0   0   0   0  0.00     0.00
   80 A     4  -1  -2  -2   0  -1  -1   0  -2  -1  -1  -1  -1  -2  -1   1   0  -3  -2   0    0   0   0   0   0   0   0   0   0   0   0   0   0   0   0   0   0   0   0   0  0.00     0.00
   81 I    -1  -3  -3  -3  -1  -3  -3  -4  -3   4   2  -3   1   0  -3  -2  -1  -3  -1   3    0   0   0   0   0   0   0   0   0   0   0   0   0   0   0   0   0   0   0   0  0.00     0.00
   82 S     1  -1   1   0  -1   0   0   0  -1  -2  -2   0  -1  -2  -1   4   1  -3  -2  -2    0   0   0   0   0   0   0   0   0   0   0   0   0   0   0   0   0   0   0   0  0.00     0.00
   83 R    -1   5   0  -2  -3   1   0  -2   0  -3  -2   2  -1  -3  -2  -1  -1  -3  -2  -2    0   0   0   0   0   0   0   0   0   0   0   0   0   0   0   0   0   0   0   0  0.00     0.00
   84 W    -2  -2  -3  -4  -2  -1  -3  -3  -2   0   1  -2   7   0  -3  -2  -1   6  -1   0    0   0   0   0   0   0   0   0   0   0   0   0  84   0   0   0   0  16   0   0  0.82 0.12
   85 V    -2  -1   1  -2  -2  -1  -2  -3  -2   1   3   0   1   1  -3  -2  -1  -2  -1   1    0   0  13   0   0   0   0   0   0   0  51  13   0   9   0   0   0   0   0  14  0.18 0.04
   86 V    -1  -3  -4  -4  -1  -3  -3  -4  -4   4   1  -3   1  -1  -3  -2  -1  -3  -2   4    0   0   0   0   0   0   0   0   0  41   0   0   0   0   0   0   0   0   0  59  0.49 0.07
   87 G    -1  -3  -2  -3  -2  -2  -3   4  -3   1   3  -2   0  -1  -3  -2  -2  -2  -2   0    0   0   0   0   0   0   0  45   0   9  45   0   0   0   0   0   0   0   0   0  0.39 0.05
   88 V     1  -3  -3  -4  -1  -3  -3  -3  -4   3   0  -3   0  -1  -3  -2  -1  -3  -2   4   14   0   0   0   0   0   0   0   0  21   0   0   0   0   0   0   0   0   0  66  0.43 0.09
   89 L    -2  -3  -4  -4  -2  -3  -4  -4  -3   4   3  -3   3   0  -3  -3  -1  -3  -2   2    0   0   0   0   0   0   0   0   0  51  38   0  11   0   0   0   0   0   0   0  0.49 0.08
   90 A     2  -2   0  -1  -2  -1  -1   3  -2  -3  -3  -1  -2  -3  -2   4   0  -3  -3  -2   19   0   0   0   0   0   0  31   0   0   0   0   0   0   0  50   0   0   0   0  0.51 0.09
   91 E    -2  -2   1   7  -4  -1   2  -2  -2  -4  -4  -1  -4  -4  -2  -1  -2  -5  -4  -4    0   0   0  90   0   0  10   0   0   0   0   0   0   0   0   0   0   0   0   0  1.22 0.15
   92 T    -1  -2  -1  -2  -2  -2  -2  -3  -2   1   1  -2   0   1  -2   1   4  -2  -1   1    0   0   0   0   0   0   0   0   0  10  16   0   0   9   0   9  50   0   0   7  0.28 0.08
   93 H    -3  -1   0  -2  -4   0  -1  -3  10  -4  -4  -2  -3  -2  -3  -2  -3  -3   1  -4    0   0   0   0   0   0   0   0 100   0   0   0   0   0   0   0   0   0   0   0  1.71 0.22
   94 G     0  -2   1   1  -2  -1  -1   4  -2  -2  -3  -1  -2  -3   2   0  -1  -3  -3  -1    6   0  10  10   0   0   0  46   0   0   1   0   0   0   9   8   0   0   0   7  0.43 0.05
   95 I    -1  -1  -1   0  -2   1   1  -2   2   0   0   1  -1  -1   1   1   0  -2   1  -1    0   0   0   6   0   9   8   0  10  10  10   9   0   0   7  16   5   0   9   0  0.10 0.03
   96 I    -1  -2  -2  -2  -2  -1   0  -3  -2   3   3  -2   1   0  -2  -2  -1  -2  -1   1    1   1   1   1   0   1  10   1   0  25  51   1   0   1   1   1   1   0   1   1  0.24 0.05
   97 D    -1  -2   2   1  -3  -1   1  -2  -1  -3  -3  -1  -3  -3   6   0  -1  -3   0  -3    0   0  17  10   0   0   9   0   0   0   0   0   0   0  49   9   0   0   6   0  0.90 0.09
   98 E     0  -1   1   3  -3   2   4  -2  -1  -3  -3   0  -2  -4   2   0  -1  -4  -3  -3   10   0   9  15   0   8  45   0   0   0   0   0   0   0  12   0   0   0   0   0  0.53 0.08
   99 R     0   5  -1  -1  -4   2   1  -2  -1  -3  -3   4  -2  -4  -2  -1  -1  -3  -2  -3    7  43   0   0   0   9   7   0   0   0   0  34   0   0   0   0   0   0   0   0  0.57 0.09
  100 I     1  -3  -3  -3  -2  -3  -3  -3  -2   1   0  -3   0   4  -3  -1   0   6   1   1   16   0   0   0   0   0   0   0   0  10   0   0   0  31   0   0   9  17   0  17  0.42 0.08
  101 L    -2   1  -2  -3  -2  -1  -2  -3  -2   2   2   2   1   2  -3  -2  -1  -2  -1   0    0   9   0   0   0   0   0   0   0  27  28  22   0  13   0   0   0   0   0   0  0.19 0.06
  102 R     1   2  -1   1  -3   2   3  -2  -1  -3  -3   2  -2  -3  -2   0  -1  -3  -2  -2   18  10   0   7   0   9  34   0   0   0   0  17   0   0   0   6   0   0   0   0  0.37 0.06
  103 V     0  -2  -3  -3  -2  -2  -2  -3  -3   2   3   0   2  -1  -3  -2  -1  -3  -2   2    7   0   0   0   0   0   0   0   0   9  44   9   6   0   0   0   0   0   0  25  0.26 0.06
  104 F    -2   1  -3  -4  -3  -2  -3  -4  -2   0   2   0   2   5  -3  -2  -2  -1   1  -1    0   9   0   0   0   0   0   0   0   0  31   8   8  43   0   0   0   0   0   0  0.38 0.08
  105 E     0   1   2   1  -2   0   1  -2   2   1  -1   1  -1  -2  -2  -1  -1  -3  -1   1   10   7  18   6   0   0  10   0   9   9   0   8   0   0   0   0   0   0   0  22  0.11 0.04
  106 D    -2  -2  -1   3  -3   1   2  -3  -1  -3  -1  -1  -2  -2   5  -1  -1  -3   1  -2    0   0   0  27   0  10  15   0   0   0   8   0   0   0  31   0   0   0   8   0  0.59 0.08
  107 E     1  -1   0   0  -2   0   2   3   4  -3  -3  -1  -2  -3  -2   1  -1  -3  -1  -2   10   0   0   0   0   0  27  25  17   0   1   0   0   0   0  16   0   0   0   0  0.34 0.06
  108 R    -1   2   4   0  -3   0   1   1  -1  -3  -3   3  -2  -3  -2   0  -1  -3  -2  -3    1  10  33   0   0   0  10  10   0   0   1  32   0   0   0   1   0   0   0   0  0.39 0.07
  109 V     0  -3  -3  -3  -2  -3  -3  -3  -3   3   0  -2   0  -1   3  -2  -1  -3  -2   3   10   0   0   0   0   0   0   0   0  31   0   0   0   0  17   0   0   0   0  42  0.41 0.08
  110 S    -1  -1   0   4  -3   4   3  -2  -1  -4  -3   0  -2  -4  -2   2  -1  -4  -3  -3    0   0   0  32   0  32  17   0   0   0   0   0   0   0   0  19   0   0   0   0  0.56 0.09
  111 H    -2  -1  -1  -2  -2   1  -1  -3   6   0   1  -2   0  -1  -3  -1   0   5   0   1    0   0   0   0   0   9   0   0  33   0  23   0   0   0   0   0   9  10   0  17  0.34 0.08
  112 I    -2  -3  -4  -4  -2  -3  -4  -4  -4   5   2  -3   3  -1  -3  -3  -1  -3  -2   3    0   0   0   0   0   0   0   0   0  63  10   0   9   0   0   0   0   0   0  18  0.51 0.09
  113 I    -2  -3  -4  -4  -2  -3  -4  -4  -4   5   3  -3   1  -1  -3  -3  -1  -3  -2   2    0   0   0   0   0   0   0   0   0  66  24   0   0   0   0   0   0   0   0  10  0.55 0.10
  114 H    -2  -2  -1  -3   7  -1  -2  -3   8   0  -2  -2  -2  -2  -3  -2  -2  -3   0  -2    0   0   0   0  31   0   0   0  59  10   0   0   0   0   0   0   0   0   0   0  1.00 0.16
  115 A     2  -2  -2  -3   6  -2  -2  -2  -3  -1   1  -2  -1  -2  -2   0   2  -3  -2   0   34   0   0   0  25   0   0   0   0   0  19   0   0   0   0   0  22   0   0   0  0.37 0.08
  116 G     0  -3  -1  -2  -3  -3  -3   7  -3  -5  -5  -2  -4  -4  -3  -1  -2  -3  -4  -4    0   0   0   0   0   0   0 100   0   0   0   0   0   0   0   0   0   0   0   0  1.39 0.15
  117 D    -2  -2   4   6  -4  -1   1  -2  -1  -4  -4  -1  -4  -4  -2  -1  -1  -5  -4  -4    0   0  31  69   0   0   0   0   0   0   0   0   0   0   0   0   0   0   0   0  1.01 0.13
  118 I    -1  -2  -2  -3  -1  -2  -2  -3   2   2   3  -2   1   2  -2  -2  -1  -1   0   2    1   1   1   1   0   1   1   1   9  11  40   1   0  10   1   1   1   0   1  17  0.18 0.04
  119 T    -1  -2  -1  -2   4  -1  -2  -2  -2   0   1  -2   0  -1  -2   0   3  -2  -2   1    1   1   1   1  16   1   1   1   0   1  20   1   0   1   1   1  33   0   1  17  0.22 0.05
  120 D     0  -1   2   2  -1   0   0  -1  -1  -2  -2  -1  -1  -2  -1   3   2  -2  -2  -1    2   1  11  17   0   1   1   2   1   1   2   1   1   1   1  34  20   0   1   2  0.27 0.04
  121 P     0   0   0   0  -1   0   0  -1  -1  -1  -1   0  -1  -1   5   0   1  -1  -1  -1    5   3   3   3   1   3   4   4   1   3   5   9   1   2  30   4  12   1   2   4  0.34 0.01
  122 D    -1   1   0   3  -1   0   1  -1   0  -1  -1   1  -1  -1   0   0   0  -1  -1  -1    5  13   3  26   1   3   4   4   1   3   5  12   1   2   3   4   3   1   2   4  0.13 0.01
  123 G     0   0   1   0  -1   0   0   1   0  -1  -1   0  -1  -1   0   0   1  -1  -1  -1    6   4  13   4   1   3   5  16   2   4   7   4   2   3   4   5  10   1   2   5  0.06 0.00
  124 A     1   0   0   0  -1   0   0   0   0  -1  -1   0   0   0   0   0   1   0   1   0   25   3   3   4   1   3   4   5   1   3   6   4   1   3   3   5  13   1   8   4  0.05 0.01
  125 D     0   0   0   2  -1   0   0   0  -1  -1   0   0   0  -1   0   1   0  -1  -1  -1    5   3   3  19   1   3   4   5   1   3  16   4   1   3   3  14   4   1   2   4  0.05 0.00
  126 P     0  -1  -1  -1  -1   0   0  -1  -1   0  -1   0   0   0   4   0   0   0   1   0    5   3   3   4   1   3   4   5   1   3   6   4   1   3  23   5   4   1   8  13  0.20 0.01
  127 Y     0   0   0   0  -1   0   1  -1   0  -1  -1   0   0   1   0   0   0   0   3  -1    6   4   3   4   1   3  14   5   2   4   6   4   2   3   4   5   4   1  21   5  0.08 0.01
  128 E     0   0   0   0  -1   0   2   1   0  -1  -1   0  -1  -1   0   0   0  -1  -1  -1    6   4   3   4   1   3  23  15   2   4   6   4   2   3   4   5   4   1   2   5  0.09 0.00
  129 L     0   0  -1  -1  -1   0   0  -1   0   0   1   0   0   1   0   0   0   0   3   0    6   4   3   4   1   3   4   5   2   4  17   4   2   3   4   5   4   1  21   5  0.05 0.01
  130 A     2   0   0   0   0   0   0   0   0  -1   0   0   0  -1   0   0   0   0   0   0   26   4   4   4   2   3   5   6   2   4   7   5   2   3   4   6   5   1   3   5  0.04 0.00
  131 R     0   1   0   0  -1   0   0   0   2  -1  -1   0  -1  -1   2   0   0  -1   0  -1    6  14   3   4   1   3   5   5  10   4   6   4   2   3  13   5   4   1   2   5  0.11 0.00
  132 M     1  -1  -1  -1  -1   0   0  -1  -1   0   1   0   3   0   0   0   0  -1  -1   0   15   3   3   3   1   3   4   5   1   3  15   4  20   2   3   4   4   1   2   4  0.03 0.01
  133 P     0   0   0   0  -1   0   0  -1  -1  -1  -1   1  -1   1   2   0   1  -1   0  -1    5   3   3   3   1   3   4   5   1   3   6  13   1  12  13   4  12   1   2   4  0.09 0.01
  134 I     0  -1  -1  -1  -1  -1  -1  -1  -1   2   1  -1   0   0  -1  -1   1  -1  -1   2    4   2   2   3   1   2   3   4   1  18  13   3   1   2   2   3  11   1   2  22  0.05 0.01
  135 E     1   1  -1  -1  -2   0   1  -1  -1   0  -1   3  -1  -2  -1   1   0  -2  -2  -1   11   1   1   1   0   1  11   2   0  10   2  42   0   1   1  11   1   0   1   1  0.19 0.04
  136 E    -1   0   0   1  -3   2   4  -2   3  -3  -2   1  -2  -2  -1   0  -1  -2  -1  -2    2   1   1   1   0   9  53   2   9   1   2  11   0   1   1   2   1   0   1   1  0.45 0.06
  137 M    -1  -2  -2  -1  -1  -1   0  -2  -2   2   1  -1   2   1  -2  -1  -1  -1   0   1    2   1   1   1   0   1  11   2   1  27  11   1  11   9   1   6   1   0   1  10  0.09 0.02
  138 L    -1  -1  -1  -1   3  -1   0  -2   3   0   2  -1   2   2  -2  -1  -1  -1   1  -1    2   1   1   1   9   1  11   2  13   1  26   1   9  10   1   2   1   0   5   2  0.10 0.03
  139 G    -1  -1   0   4  -2   0   1   1  -1  -2  -2  -1  -2  -2  -1   1   2  -2  -2  -2    2   1   1  33   0   1  11  12   1   1   2   1   1   1   1  11  18   0   1   2  0.28 0.04
  140 K    -1   3   1   1  -3   2   1  -2   0  -3  -2   2  -2  -1  -2   0  -1  -1   3  -2    0  19  10   9   0   9   8   0   0   0   0  19   0   0   0   7   0   0  17   0  0.27 0.05
  141 L    -2  -2   0  -3  -2  -2  -3  -4   2   1   4  -3   1   3  -3  -2  -2  -2   0   0    0   0   8   0   0   0   0   0   9   0  67   0   0  15   0   0   0   0   0   0  0.39 0.09
  142 R     0   2   2  -1  -3   0   1  -2  -1  -3  -2   3   1  -3   2   0  -1  -3  -2  -2    8  10  19   0   0   0   7   0   0   0   0  38   8   0   9   0   0   0   0   0  0.33 0.07
  143 E     0  -1   0   2  -2   0   2  -1  -1  -1  -2   0  -1  -2  -1   0   3  -2  -2   0   11   1   1  16   0   1  21   1   0   1   2   1   0   1   1   1  33   0   1   8  0.22 0.05
  144 I    -1  -2  -2  -2  -1   0  -2  -3  -2   2   3  -2   1   1  -2  -2  -1  -1   0   1    1   1   1   1   0   9   1   1   0  17  41   1   0   9   1   1   1   0   1  11  0.18 0.04
  145 A     3  -1   1  -1   2   0   1   0  -1  -2  -2  -1  -1  -2  -1   1   0  -2  -2  -1   54   1   9   1   6   1  10   1   0   1   2   1   0   1   1   8   1   0   1   1  0.25 0.06
  146 P     0  -1   1   2  -2   0   0  -1  -1  -2  -3   1  -2  -3   5   0  -1  -3  -2  -2   10   1  10  18   0   1   1   1   0   1   2  17   0   1  33   1   1   0   1   1  0.53 0.05
  147 V    -1  -2  -2  -2  -1  -2  -2  -3  -2   2   1  -2   0   0  -2  -1   1  -2   2   3    1   1   1   1   0   1   1   1   0  10   7   1   0   1   1   1   9   0  10  51  0.21 0.05
  148 I     0  -1  -1  -2  -2  -1   0  -2   4   2   0  -1   0   1  -2  -1  -1  -2   0   1   11   1   1   1   0   1   8   1  23  30   2   1   0   9   1   1   1   0   1   7  0.14 0.05
  149 A     2  -3  -3  -3   3  -2  -3  -2  -3   2   0  -2   0  -1  -2  -1  -1   6  -1   1   35   0   0   0   7   0   0   0   0  17   9   0   0   0   0   0   0  17   0  15  0.36 0.07
  150 V    -1  -3  -3  -4  -1  -3  -3  -4  -4   2   0  -3   0  -2  -3  -2   1  -4  -2   5    0   0   0   0   0   0   0   0   0   0   0   0   0   0   0   0   9   0   0  91  0.60 0.13
  151 R     1   4  -1  -2  -3   2   0  -2  -1  -3  -3   3  -2  -2  -2  -1  -1  -2   1  -2   17  42   0   0   0   7   0   0   0   0   0  24   0   0   0   0   0   0   9   0  0.44 0.08
  152 G     0  -3  -1  -2  -3  -3  -3   7  -3  -5  -5  -2  -4  -4  -3  -1  -2  -3  -4  -4    0   0   0   0   0   0   0 100   0   0   0   0   0   0   0   0   0   0   0   0  1.39 0.15
  153 N     0  -1   6   3  -3  -1   1  -1   0  -4  -4  -1  -3  -4  -2   0  -1  -4  -3  -3    9   0  69  17   0   0   6   0   0   0   0   0   0   0   0   0   0   0   0   0  0.77 0.12
  154 D    -2  -2   2   1   5  -2  -2  -3   2  -1   0  -2   2   3  -3  -1  -1  -2   0  -1    0   0  18  10  19   0   0   0   8   0   7   0  13  25   0   0   0   0   0   0  0.27 0.08
  155 D    -3  -2   1   7  -5  -1   1  -2  -2  -4  -5  -2  -4  -5  -2  -1  -2  -5  -4  -4    0   0   0 100   0   0   0   0   0   0   0   0   0   0   0   0   0   0   0   0  1.38 0.17
  156 D    -1   1   0   1  -2   0   2  -2  -1  -1  -2   1  -1   1  -2   1   0  -2   1  -1    1   8   0  11   0   0  23   1   0   0   1  10   0  10   0  19   1   0   6   9  0.15 0.04
  157 L     0  -1  -1  -1  -1  -1  -1  -1   2   1   2  -1   1   0  -1  -1   0  -1  -1   1   12   2   2   2   1   2   3   3   8  11  29   2   1   2   2   3   2   1   1  11  0.05 0.01
  158 Y     0   0   0  -1  -1   0  -1   3   0  -1  -1   1  -1   0  -1   0  -1   0   3  -1    4   2   2   3   1   2   3  30   1   2   4  12   1   2   2   3   3   1  19   3  0.16 0.02
  159 E    -1   0   1   2  -2   1   3   1   0  -2  -2   0  -1  -2  -1   0  -1  -2  -1  -2    3   2  10  11   1   2  40  10   1   2   3   2   1   1   2   3   2   0   1   2  0.26 0.03
  160 P    -1  -1  -1  -1  -2  -1   1  -2  -1   1   0  -1   0   1   2  -1  -1   5   0   1    2   1   1   2   1   1  19   2   1  18   3   2   1  10  12   2   2  10   1  11  0.16 0.03
  161 D    -1  -1   2   3  -2   0   1  -2  -1   1   0   1  -1  -2  -2   0  -1  -3  -2  -1    0   0  17  26   0   0   8   0   0  17  10  10   0   0   0   9   0   0   0   0  0.19 0.04
  162 H     0   0   0   1  -2   2   0  -1   3  -1   0   1  -1  -2  -1   1   0  -2  -1  -1    7   1   1  10   0  19   1   2  11   1  12  11   0   1   1  10   8   0   1   1  0.12 0.03
  163 G    -1   1   2   1  -2   0   1   1  -1  -2  -1   1   2  -2  -1   0  -1  -2  -2  -2    1   6  17  10   0   1  10  11   0   1   1  10  18   1   1   8   1   0   1   1  0.14 0.04
  164 L     0  -2  -2  -2  -1  -2  -2  -2  -1   1   2  -2   1   1  -2  -1   0   0   4   0   10   1   1   1   0   1   1   1   0  10  37   1   0   1   1   1   8   0  23   1  0.18 0.04
  165 P    -1  -1   1  -1  -2  -1  -1  -1  -1  -2  -2  -1  -2  -2   6  -1  -1  -2  -2  -2    3   2  11   2   1   2   2   3   1   2   3   2   1   1  57   3   2   0   1   2  0.94 0.06
  166 L    -1   2  -1   1  -2   0   2  -2  -1   0   1   0   0  -1  -1  -1  -1  -2  -1   0    2  15   1   8   1   1  27   2   1  10  22   1   1   1   1   2   2   0   1   2  0.12 0.03
  167 H     0   0   1   0  -2   2   1  -1   4  -2  -2   1  -1  -2  -1   1   1  -2   0  -2   11   1   7   1   1  11  11   2  20   1   2   8   1   1   1   9   8   0   1   2  0.19 0.03
  168 Q    -1   2   1   0  -3   3   2   1   0  -3  -2   2  -1  -3  -1   0  -1  -2  -2  -2    1   8  10   1   0  20  16  10   0   1   2  23   0   1   1   1   1   0   1   1  0.29 0.04
  169 T    -1  -1  -2  -2  -2   1  -1  -3  -2   3   1   0   1  -1  -2  -1   1  -2  -2   2    1   0   0   0   0  10   1   1   0  31  17   9   0   0   0   1  16   0   0  11  0.14 0.04
  170 V    -1  -3  -4  -4  -2  -3  -3  -4  -3   2   2  -3   1   3  -3  -3  -1  -2   0   3    0   0   0   0   0   0   0   0   0   9  21   0   0  24   0   0   0   0   0  46  0.39 0.08
  171 E    -1  -1  -1   0  -3   2   4  -2  -1  -2  -1   0  -1  -3  -2   1   3  -3  -2  -1    0   0   0   0   0   8  41   0   0   0  10   0   0   0   0   7  34   0   0   0  0.38 0.09
  172 I     0  -3  -4  -4  -2  -3  -3  -4  -3   4   3  -3   1   0  -3  -2  -1  -3  -2   2    9   0   0   0   0   0   0   0   0  45  35   0   0   0   0   0   0   0   0  10  0.39 0.07
  173 G    -1  -2   1   2  -4  -1   2   5  -2  -4  -4  -1  -3  -4  -2  -1  -2  -3  -3  -4    0   0   6   9   0   0  25  59   0   0   0   0   0   0   0   0   0   0   0   0  0.70 0.09
  174 P    -1   0   0   2  -3   4   1   0  -1  -3  -3   1  -2  -4   2   2   0  -3  -3  -3    0   0   0  16   0  31   0   8   0   0   0  10   0   0  10  25   0   0   0   0  0.39 0.08
  175 V    -2   0  -3  -3  -2   0  -2  -4  -2   2   1  -2   0   5  -3  -2  -2  -1   1   1    0   9   0   0   0  10   0   0   0  23   9   0   0  39   0   0   0   0   0  10  0.30 0.07
  176 R    -2   4   1  -1  -4   2   0  -2  -1  -4  -3   5  -2  -4  -2  -1  -1  -4  -2  -3    0  27   8   0   0   8   0   0   0   0   0  56   0   0   0   0   0   0   0   0  0.62 0.10
  177 L    -2  -3  -4  -4  -2  -3  -4  -4  -3   3   2  -3   1   4  -4  -3  -2  -1   1   2    0   0   0   0   0   0   0   0   0  34  25   0   0  33   0   0   0   0   0   7  0.45 0.08
  178 T    -1  -3  -2  -3  -2  -2  -3   4  -3  -1   0  -2  -1   3  -3  -1   0  -2  -1   1    0   0   0   0   0   0   0  45   0   0   9   0   0  19   0   0  10   0   0  17  0.34 0.07
  179 V    -2  -3  -4  -4  -2  -3  -3  -4  -3   2   4  -3   1   0  -3  -3  -1  -2   2   2    0   0   0   0   0   0   0   0   0   9  56   0   0   0   0   0   0   0   9  25  0.41 0.07
  180 T    -1  -2  -2  -3   4  -2  -2  -3  -3   2   0  -2   3  -2  -2   0   4  -3  -2   0    0   0   0   0  12   0   0   0   0  24   0   0  17   0   0   0  47   0   0   0  0.38 0.10
  181 H    -3  -1   2  -2  -4   0  -1  -3   9  -4  -4  -2  -3  -2  -3  -2  -2  -4   1  -4    0   0   9   0   0   0   0   0  91   0   0   0   0   0   0   0   0   0   0   0  1.48 0.20
  182 G     0  -3  -1  -2  -3  -3  -3   7  -3  -5  -5  -2  -4  -4  -3  -1  -2  -3  -4  -4    0   0   0   0   0   0   0 100   0   0   0   0   0   0   0   0   0   0   0   0  1.39 0.15
  183 D    -2  -1   0   2  -4   0   1  -3   9  -4  -4  -1  -3  -2  -3  -2  -2  -4   0  -4    0   0   0  16   0   0   7   0  76   0   0   0   0   0   0   0   0   0   0   0  1.15 0.17
  184 D    -1  -1  -1   1  -2   3  -1  -3   2   1   2  -1   0  -1  -3  -2  -1  -3  -1   2    0   0   0  10   0  24   0   0   9   0  28   0   0   0   0   0   0   0   0  29  0.18 0.07
  185 Q     1  -1  -2  -2  -2   2  -1  -2   2   2   0  -1   0   1  -2  -1  -1  -2   2   1   17   0   0   0   0  19   0   0   9  22   0   0   0  10   0   0   0   0   7  15  0.14 0.06
  186 D    -1  -2  -1   1  -3  -2  -1   2  -2  -1  -2  -2  -2  -2   5   0  -1  -3   0   0    0   0   0  10   0   0   0  19   0   0   0   0   0   0  40   9   0   0   6  16  0.62 0.08
  187 I    -2   3  -3  -3  -3  -1  -2  -3  -2   1  -1  -1  -1  -2   5  -2  -2   6  -1   0    0  24   0   0   0   0   0   0   0  19   0   0   0   0  31   0   0  16   0   9  0.64 0.09
  188 K    -1   1  -1   1  -3   1   1   2   2  -3  -1   2  -1  -2  -2  -1  -1   4  -1  -3    0   6   0   8   0   9  10  23   8   0   9  19   0   0   0   0   0   7   0   0  0.23 0.04
  189 D    -2  -1   3   5  -4   1   2   1  -1  -4  -4  -1  -3  -4  -2   0  -1  -4  -3  -4    0   0  18  50   0   9   9  13   0   0   0   0   0   0   0   0   0   0   0   0  0.65 0.09
  190 N    -1  -2   1   1  -2  -1  -1  -2  -2   0   2  -2   3  -1  -2   0   2  -3  -2   0    0   0  10  13   0   0   0   0   0   0  32   0  19   0   0   9  17   0   0   0  0.18 0.06
  191 P     1   2  -1   0  -2   1   0  -2  -1  -3  -2   2  -2  -3   5   0  -1  -3  -2  -2   20  13   0   6   0   8   1   1   0   0   1  17   0   0  29   1   1   0   0   1  0.48 0.05
  192 L     2  -1  -1  -2  -2   2  -1  -2  -2   1   1   0   0  -2  -2   1   0  -3  -2   0   25   0   0   0   0  16   0   0   0   9  25   8   0   0   0  16   0   0   0   0  0.13 0.05
  193 L    -2  -2  -3  -3  -2  -2  -3  -3  -3   0   4   0   1   0  -3  -2  -2   6  -1   0    1   0   0   0   0   0   0   0   0   0  68  10   0   0   0   0   0  17   0   0  0.53 0.09
  194 A     2   2   2  -1  -2  -1  -1  -1   0  -2  -2   0  -2  -1  -2   2   0  -1   3  -2   26  14  19   0   0   0   0   0   0   0   1   0   0   0   0  19   0   0  17   0  0.23 0.06
  195 L    -1  -1  -2  -2  -2   1  -1   0  -1   1   2   0   1   0  -2  -1  -1  -1   1   1    1   1   1   1   0   9   1  11   0  10  28   9   6   1   1   1   1   0   8  10  0.06 0.02
  196 E    -1  -2  -2  -2  -2  -1   0  -2  -2   1   3  -1   2   0  -2   0  -1  -2  -1   0    1   1   1   1   0   1  11   1   0   1  58   1   9   1   1   8   1   0   1   1  0.21 0.05
  197 P    -1  -1  -1  -1  -1   2   0  -1   0   0   1   0   0   0   2  -1  -1  -1   2  -1    3   2   2   2   1  18   3   3   1   2  27   2   1   2  12   3   2   1  11   3  0.12 0.02
  198 P     0  -1  -1  -1  -1   0  -1  -1  -1   0   0  -1   0   0   2   0   0   0   2   1   11   3   3   3   1   2   4   4   1   3   5   3   1   2  13   4   3   1  11  21  0.08 0.01
  199 D     0  -1   0   2  -1   0   0  -1   0  -1   0   0   0   0   0   0   0   0   2  -1   11   3   3  21   1   2   4   4   1   3  14   3   1   2   3   4   3   1  11   4  0.06 0.01
  200 G     0   1   0   0  -1   1   0   1   0  -1   0   1   0  -1   0   0   0  -1  -1  -1    4  12   3   3   1  11   4  14   1   3  12  12   1   2   3   4   3   1   2   4  0.06 0.01
  201 G     2  -1  -1  -1  -1   1  -1   3  -1  -2  -2  -1  -1  -2  -1   0   0  -2  -1  -1   38   2   2   2   1   8   2  26   1   2   3   2   1   1   2   2   2   0   1   2  0.22 0.03
  202 W    -1   4  -1  -1  -3   2   1  -2  -1  -2  -1   2  -1  -2  -2  -1  -1   5  -1  -2    1  32   1   1   0   9  10   1   0   1   9  16   0   1   1   1   1  10   1   1  0.32 0.05
  203 R    -1   2   0   0  -3   4   3  -2   0  -3  -2   1  -1  -3  -1   1  -1  -2  -2  -2    1  11   1   1   0  32  33   1   0   1   2   1   0   1   1  10   1   0   1   1  0.41 0.06
  204 V    -1  -2  -2  -3  -2  -1  -2  -3  -1   1   2  -2   3   2  -2  -2  -1   0   3   1    1   1   1   1   0   1   1   1   0   1  35   1  15   6   1   1   1   0  17  11  0.22 0.04
  205 D    -1  -2   0   4  -3   1   0   3  -2  -2  -1  -1  -2  -3   2  -1  -1  -3  -3  -2    1   0   0  36   0  10   1  29   0   0   9   1   0   0   9   1   1   0   0   1  0.39 0.06
  206 R     2   1   1  -2   5  -1  -2  -2  -2   0  -1  -1  -1  -2  -2   0  -1  -3  -2   2   26  11  10   1  17   0   1   1   0   0   1   1   0   0   0   1   1   0   0  29  0.18 0.06
  207 D    -3  -2   1   7  -5  -1   1  -2  -2  -4  -5  -2  -4  -5  -2  -1  -2  -5  -4  -4    0   0   0 100   0   0   0   0   0   0   0   0   0   0   0   0   0   0   0   0  1.38 0.17
  208 V    -1  -3  -4  -4  -2  -3  -3  -4  -4   4   1  -3   0  -1  -3  -2  -1  -4  -2   5    0   0   0   0   0   0   0   0   0  25   0   0   0   0   0   0   0   0   0  75  0.60 0.12
  209 V    -2  -3  -4  -4  -2  -3  -3  -4  -4   2   4  -3   1   0  -3  -3  -1  -2  -2   2    0   0   0   0   0   0   0   0   0   9  71   0   0   0   0   0   0   0   0  19  0.52 0.09
  210 I    -2  -4  -4  -4   3  -3  -4  -4  -4   5   2  -3   1  -1  -3  -3  -1  -3  -2   3    0   0   0   0   9   0   0   0   0  67   9   0   0   0   0   0   0   0   0  15  0.52 0.10
  211 T    -1  -2  -1  -2  -2  -2  -2  -2  -1  -1  -1  -2  -1   4  -2   2   2   0   4   0    0   0   0   0   0   0   0   0   0   0   0   0   0  27   0  30  16   0  19   8  0.32 0.08
  212 G     0  -3  -1  -2  -3  -3  -3   7  -3  -5  -5  -2  -4  -4  -3  -1  -2  -3  -4  -4    0   0   0   0   0   0   0 100   0   0   0   0   0   0   0   0   0   0   0   0  1.39 0.15
  213 H    -2  -1   0  -2  -4  -1  -1   0   9  -4  -4  -2  -3  -2  -3  -2  -3  -3   1  -4    0   0   0   0   0   0   0   9  91   0   0   0   0   0   0   0   0   0   0   0  1.44 0.20
  214 T     0  -2   0  -2  -2  -1  -1  -2  -2  -2  -2  -1  -2  -3  -2   3   5  -3  -2  -1    0   0   0   0   0   0   0   0   0   0   0   0   0   0   0  26  74   0   0   0  0.67 0.13
  215 Y    -3  -1   0  -2  -4  -1  -1  -3   9  -4  -4  -2  -2  -1  -3  -2  -3  -2   3  -4    0   0   0   0   0   0   0   0  90   0   0   0   0   0   0   0   0   0  10   0  1.48 0.20
  216 A     0   0  -2  -2  -2   2   1  -2  -2   2   0   2   0  -2  -2  -1   0  -3  -2   1   10   0   0   0   0  13   9   0   0  26  10  19   0   0   0   0   6   0   0   7  0.11 0.04
  217 P     0   1  -2  -2  -3  -1   1  -3  -2  -2  -1  -1  -1   3   5  -1  -2  -2   0  -2    9   9   0   0   0   0  17   0   0   0   7   0   0  25  33   0   0   0   0   0  0.51 0.08
  218 Q     0  -1  -1  -1  -2   1   1   0   2  -1  -1  -1  -1   2  -2  -1   0  -1   2   1    9   0   0   0   0  10  17   9   8   0   0   0   0  13   0   0   6   0   8  19  0.10 0.04
  219 L     2  -2  -2  -2  -1  -2  -2  -2  -2   1   0  -2   0   1  -2   1   1  -2   2   1   34   0   0   0   0   0   0   0   0  13  10   0   0   9   0   9   8   0   8   7  0.14 0.04
  220 Y    -2   1   1   1  -4   0   3  -3   0  -2  -2  -1  -2   3  -3  -1  -2  -1   4  -2    0   7   8   6   0   0  37   0   0   0   0   0   0  17   0   0   0   0  25   0  0.39 0.08
  221 R    -1   2  -1   1  -3   2   4  -2  -1  -2  -2   2  -2  -3  -2   0   0  -3  -2  -1    0  10   0   6   0  10  42   0   0   0   0  14   0   0   0   0   8   0   0   9  0.39 0.07
  222 R    -1   2   0  -2   2  -1  -2  -3   2   2   2  -1   0  -1  -3  -1  -1  -3  -1   1    0  20   5   0   6   0   0   0  11  17  25   0   0   0   0   7   0   0   0   9  0.13 0.05
  223 Q    -2   2   2   3  -4   2   3   1  -1  -4  -4   0  -2  -4  -2   0  -1  -4  -3  -3    0  15  15  27   0  10  23  10   0   0   0   0   0   0   0   0   0   0   0   0  0.46 0.06
  224 G    -1  -2   2   3  -3  -1   1   4  -2  -3  -3  -1   1  -3  -2  -1  -2  -3  -3  -3    0   0  10  23   0   0  10  49   0   0   0   0   8   0   0   0   0   0   0   0  0.55 0.08
  225 V    -1  -1  -2  -3   3  -1  -2  -1  -3   3   0   2   2  -2  -3  -2  -1  -3  -2   2    0   0   0   0   9   0   0   6   0  33   0  26   7   0   0   0   0   0   0  19  0.18 0.07
  226 L    -2  -2  -3  -3  -2   2  -2  -4  -2   1   3  -2   1   4  -3  -2  -2  -1   0   1    0   0   0   0   0  17   0   0   0   0  42   0   0  29   0   0   0   0   0  13  0.32 0.08
  227 F    -2  -2  -3  -4  -2  -2  -3  -4   2   1   2  -3   2   4  -3  -2  -1  -1   3   2    0   0   0   0   0   0   0   0  10   0  22   0   9  26   0   0   0   0  10  23  0.31 0.06
  228 L    -2  -3  -4  -4  -2  -3  -4  -4  -3   4   2  -3   1   2  -3  -3  -1  -2  -1   2    0   0   0   0   0   0   0   0   0  51  24   0   0  10   0   0   0   0   0  16  0.44 0.08
  229 N    -2  -1   7   1  -4  -1  -1  -1   0  -4  -4  -1  -3  -4  -3   0  -1  -5  -3  -4    0   0 100   0   0   0   0   0   0   0   0   0   0   0   0   0   0   0   0   0  1.25 0.18
  230 P    -2  -3  -3  -2  -4  -2  -2  -3  -3  -4  -4  -2  -4  -5   8  -2  -2  -5  -4  -3    0   0   0   0   0   0   0   0   0   0   0   0   0   0 100   0   0   0   0   0  2.39 0.19
  231 G     0  -3  -1  -2  -3  -3  -3   7  -3  -5  -5  -2  -4  -4  -3  -1  -2  -3  -4  -4    0   0   0   0   0   0   0 100   0   0   0   0   0   0   0   0   0   0   0   0  1.39 0.15
  232 T     1  -1   0  -1  -1  -1  -1  -1  -2  -3  -3  -1  -2  -3  -1   5   2  -3  -2  -2    0   0   0   0   0   0   0   0   0   0   0   0   0   0   0  89  11   0   0   0  0.66 0.12
  233 A     3  -2  -2  -2  -1  -1  -1  -1  -2   0   0  -1  -1  -2   3   0   0  -2  -2   1   47   1   1   1   0   1   1   1   0   1  11   1   0   1  16   1   1   0   1  12  0.26 0.04
  234 G     0  -1   0  -1  -1   0   1   1  -1  -1  -2  -1  -1  -2  -1   2   4  -2  -2  -1    2   1   1   1   0   1  11  13   0   1   2   1   0   1   1  12  50   0   1   1  0.28 0.05
  235 V    -1  -2  -3  -3  -1  -2  -2  -3  -3   4   1  -2   1  -1  -2  -2   0  -2  -1   3    1   1   1   1   0   1   1   1   0  45   1   1   0   1   1   1   1   0   0  43  0.30 0.03
  236 L    -1   2  -2  -2  -2  -1  -1  -2  -1   0   3   0   1   0  -2  -1  -1  -2  -1   0    2  26   1   1   0   1   1   2   0   1  55   1   0   1   1   2   1   0   1   1  0.17 0.01
  237 M    -1  -1  -1  -2  -2   2   0  -2  -1   0   2   0   3   0  -1  -1  -1  -1  -1   0    2   1   1   1   0  24   1   2   0   1  27   1  30   1   1   2   1   0   1   1  0.15 0.01
  238 P    -1  -2  -3  -2  -3  -2  -2  -3  -3  -1   1  -2  -1  -2   7  -1  -1  -3  -3  -2    0   0   0   0   0   0   0   0   0   0  23   0   0   0  77   0   0   0   0   0  1.41 0.03
  239 S     0   4   0  -1  -3   0   0  -2  -1  -3  -3   1  -2  -3   4   2   0  -3  -2  -2    0  47   0   0   0   0   0   0   0   0   0   0   0   0  23  30   0   0   0   0  0.54 0.02
  240 S     0   2   3  -1  -2   0  -1  -1  -1   0  -1   0  -1  -2  -2   2   0  -3  -2   1    0  23  22   0   0   0   0   0   0   0   0   0   0   0   0  30   0   0   0  25  0.18 0.01
  241 R    -2   4   3  -1  -3   0   0  -2   0  -3  -3   1  -2  -3   4  -1  -1  -3  -2  -3    0  55  23   0   0   0   0   0   0   0   0   0   0   0  22   0   0   0   0   0  0.60 0.02
  242 R    -1   6   0  -1  -4   3   0  -2   0  -3  -2   2  -1  -3  -2  -1  -1  -3  -2  -3    0  77   0   0   0  23   0   0   0   0   0   0   0   0   0   0   0   0   0   0  0.69 0.03
  243 R    -1   3   0  -1  -2   0   0  -2  -1  -2  -2   2  -1  -3  -2   1   3  -3  -2  -1    0  30   0   0   0   0   0   0   0   0   0  22   0   0   0   0  48   0   0   0  0.36 0.02
  244 K    -1   1   3   1  -3   1   3  -1   0  -3  -3   3  -2  -3  -2   0  -1  -3  -2  -3    0   0  33   0   0   0  32   0   0   0   0  35   0   0   0   0   0   0   0   0  0.43 0.01
  245 E     0  -1   0   0  -2   1   3  -1  -1  -2  -2   0  -1  -3  -1   2   3  -3  -2  -1    0   0   0   0   0   0  35   0   0   0   0   0   0   0   0  32  33   0   0   0  0.35 0.01
  246 P    -1  -1  -1  -1  -2  -1  -1  -1  -1  -2  -2  -1  -2  -2   7  -1  -1  -2  -2  -2    3   2   1   2   1   1   2   2   1   2   3   2   1   1  70   2   2   0   1   2  1.18 0.01
  247 R     0   3   0  -1  -1   0   0  -1   0  -2  -2   1  -1  -2  -1   2   0  -2  -1  -1    3  37   1   2   1   1   2   2   1   2   3   2   1   1   2  35   2   0   1   2  0.22 0.00
  248 R    -1   3  -1  -1  -2   0  -1  -2   1  -2  -1   1  -1   1  -1  -1  -1   0   4  -1    3  37   1   2   1   1   2   2   1   2   3   2   1   1   2   2   2   0  34   2  0.26 0.01
  249 A     2  -2  -2  -3   6  -2  -2  -2   0  -1  -1  -2  -1   1  -2   0  -1   0   4  -1   35   0   0   0  33   0   0   0   0   0   0   0   0   0   0   0   0   0  32   0  0.41 0.01
  250 A     3  -1  -1  -2  -1  -1  -1   0  -2  -1  -2  -1  -1  -2  -1   1   3  -3  -2   0   67   0   0   0   0   0   0   0   0   0   0   0   0   0   0   0  33   0   0   0  0.33 0.01
  251 L    -2  -3  -4  -4  -2  -3  -3  -4  -3   3   3  -3   1   4  -3  -3  -1  -1   1   1    0   0   0   0   0   0   0   0   0  32  35   0   0  33   0   0   0   0   0   0  0.35 0.01
  252 I    -2  -3  -4  -4  -1  -3  -3  -4  -3   4   3  -3   2   0  -3  -3  -1  -2  -1   2    0   0   0   0   0   0   0   0   0  68  32   0   0   0   0   0   0   0   0   0  0.38 0.01
  253 T     0  -2  -1  -2  -1  -1  -1  -2  -2   1   0  -1   0  -2  -2   1   4  -3  -2   2    0   0   0   0   0   0   0   0   0   0   0   0   0   0   0   0  67   0   0  33  0.31 0.01
  254 I    -2  -2   3  -1  -2  -2  -2  -2  -1   2   2  -2   1  -1  -3  -1  -1  -3  -2   1    0   0  33   0   0   0   0   0   0  35  32   0   0   0   0   0   0   0   0   0  0.19 0.01
  255 K    -1   2   0   0  -4   2   3  -2  -1  -3  -3   4  -2  -3  -1   0  -1  -3  -2  -3    0   0   0   0   0   0  32   0   0   0   0  68   0   0   0   0   0   0   0   0  0.50 0.01
  256 A     2  -1   3   4  -2   0   0  -1  -1  -3  -3  -1  -2  -3  -2   1   0  -4  -2  -2   35   0  32  33   0   0   0   0   0   0   0   0   0   0   0   0   0   0   0   0  0.38 0.01
  257 E    -1  -1   0   4  -4   1   5  -2  -1  -4  -3   0  -3  -4  -1   0  -1  -4  -3  -3    0   0   0  32   0   0  68   0   0   0   0   0   0   0   0   0   0   0   0   0  0.69 0.01
  258 M     2  -2  -2  -3  -1  -1  -2  -2  -2   1   2  -2   4   0  -2  -1  -1  -2  -1   0   32   0   0   0   0   0   0   0   0   0  33   0  35   0   0   0   0   0   0   0  0.21 0.01
  259 A     3  -1  -1  -2  -1  -1  -1   0  -2  -1  -2  -1  -1  -2  -1   1   3  -3  -2   0   67   0   0   0   0   0   0   0   0   0   0   0   0   0   0   0  33   0   0   0  0.33 0.01
  260 E     2  -1   0   4  -2   1   3  -1  -1  -3  -3   0  -2  -3  -1   0  -1  -3  -2  -2   32   0   0  33   0   0  35   0   0   0   0   0   0   0   0   0   0   0   0   0  0.41 0.01
  261 G     0  -3   0  -1  -3  -2  -2   6  -2  -4  -4  -2  -3  -3  -2   0  -2  -3  -3  -3    0   0   0   0   0   0   0 100   0   0   0   0   0   0   0   0   0   0   0   0  1.04 0.00
  262 E    -1   0   4   2  -3   1   4  -1   0  -3  -3   0  -2  -3  -2   0   0  -4  -2  -3    0   0  50   0   0   0  50   0   0   0   0   0   0   0   0   0   0   0   0   0  0.54 0.00
  263 E    -1   0   0   2  -4   2   5  -2   0  -3  -3   1  -2  -3  -1   0  -1  -3  -2  -3    0   0   0   0   0   0 100   0   0   0   0   0   0   0   0   0   0   0   0   0  0.74 0.00
  264 V    -1  -3  -3  -3  -1  -3  -3  -4  -3   4   1  -3   1  -1  -3  -2   0  -3  -1   4    0   0   0   0   0   0   0   0   0  50   0   0   0   0   0   0   0   0   0  50  0.35 0.00
  265 E    -1   0   0   2  -4   2   5  -2   0  -3  -3   1  -2  -3  -1   0  -1  -3  -2  -3    0   0   0   0   0   0 100   0   0   0   0   0   0   0   0   0   0   0   0   0  0.74 0.00
  266 V     0  -2  -3  -3  -1  -2  -2  -3  -3   3   1  -2   1  -1  -2  -2   0  -3  -1   4    0   0   0   0   0   0   0   0   0   0   0   0   0   0   0   0   0   0   0   0  0.00     0.00
  267 R    -1   5   0  -2  -3   1   0  -2   0  -3  -2   2  -1  -3  -2  -1  -1  -3  -2  -2    0   0   0   0   0   0   0   0   0   0   0   0   0   0   0   0   0   0   0   0  0.00     0.00
  268 A     4  -1  -2  -2   0  -1  -1   0  -2  -1  -1  -1  -1  -2  -1   1   0  -3  -2   0    0   0   0   0   0   0   0   0   0   0   0   0   0   0   0   0   0   0   0   0  0.00     0.00
  269 V     0  -2  -3  -3  -1  -2  -2  -3  -3   3   1  -2   1  -1  -2  -2   0  -3  -1   4    0   0   0   0   0   0   0   0   0   0   0   0   0   0   0   0   0   0   0   0  0.00     0.00
  270 D    -2  -2   1   6  -3   0   2  -1  -1  -3  -4  -1  -3  -3  -1   0  -1  -4  -3  -3    0   0   0   0   0   0   0   0   0   0   0   0   0   0   0   0   0   0   0   0  0.00     0.00
  271 M    -1  -1  -2  -3  -1   0  -2  -3  -2   1   2  -1   5   0  -2  -1  -1  -1  -1   1    0   0   0   0   0   0   0   0   0   0   0   0   0   0   0   0   0   0   0   0  0.00     0.00
  272 W    -3  -3  -4  -4  -2  -2  -3  -2  -2  -3  -2  -3  -1   1  -4  -3  -2  10   2  -3    0   0   0   0   0   0   0   0   0   0   0   0   0   0   0   0   0   0   0   0  0.00     0.00
  273 V     0  -2  -3  -3  -1  -2  -2  -3  -3   3   1  -2   1  -1  -2  -2   0  -3  -1   4    0   0   0   0   0   0   0   0   0   0   0   0   0   0   0   0   0   0   0   0  0.00     0.00
  274 E    -1   0   0   2  -4   2   5  -2   0  -3  -3   1  -2  -3  -1   0  -1  -3  -2  -2    0   0   0   0   0   0   0   0   0   0   0   0   0   0   0   0   0   0   0   0  0.00     0.00
  275 N    -2   0   6   1  -3   0   0   0   1  -3  -3   0  -2  -3  -2   1   0  -4  -2  -3    0   0   0   0   0   0   0   0   0   0   0   0   0   0   0   0   0   0   0   0  0.00     0.00
  276 E    -1   0   0   2  -4   2   5  -2   0  -3  -3   1  -2  -3  -1   0  -1  -3  -2  -2    0   0   0   0   0   0   0   0   0   0   0   0   0   0   0   0   0   0   0   0  0.00     0.00
  277 L    -1  -2  -3  -4  -1  -2  -3  -4  -3   2   4  -2   2   0  -3  -2  -1  -2  -1   1    0   0   0   0   0   0   0   0   0   0   0   0   0   0   0   0   0   0   0   0  0.00     0.00
  278 D    -2  -2   1   6  -3   0   2  -1  -1  -3  -4  -1  -3  -3  -1   0  -1  -4  -3  -3    0   0   0   0   0   0   0   0   0   0   0   0   0   0   0   0   0   0   0   0  0.00     0.00
  279 L    -1  -2  -3  -4  -1  -2  -3  -4  -3   2   4  -2   2   0  -3  -2  -1  -2  -1   1    0   0   0   0   0   0   0   0   0   0   0   0   0   0   0   0   0   0   0   0  0.00     0.00
  280 G     0  -2   0  -1  -2  -2  -2   6  -2  -4  -4  -2  -3  -3  -2   0  -2  -2  -3  -3    0   0   0   0   0   0   0   0   0   0   0   0   0   0   0   0   0   0   0   0  0.00     0.00
  281 E    -1   0   0   2  -4   2   5  -2   0  -3  -3   1  -2  -3  -1   0  -1  -3  -2  -2    0   0   0   0   0   0   0   0   0   0   0   0   0   0   0   0   0   0   0   0  0.00     0.00
  282 K    -1   2   0  -1  -3   1   1  -2  -1  -3  -2   4  -1  -3  -1   0  -1  -3  -2  -2    0   0   0   0   0   0   0   0   0   0   0   0   0   0   0   0   0   0   0   0  0.00     0.00
  283 G     0  -2   0  -1  -2  -2  -2   6  -2  -4  -4  -2  -3  -3  -2   0  -2  -2  -3  -3    0   0   0   0   0   0   0   0   0   0   0   0   0   0   0   0   0   0   0   0  0.00     0.00
  284 E    -1   0   0   2  -4   2   5  -2   0  -3  -3   1  -2  -3  -1   0  -1  -3  -2  -2    0   0   0   0   0   0   0   0   0   0   0   0   0   0   0   0   0   0   0   0  0.00     0.00
  285 T     0  -1   0  -1  -1  -1  -1  -2  -2  -1  -1  -1  -1  -2  -1   1   5  -2  -2   0    0   0   0   0   0   0   0   0   0   0   0   0   0   0   0   0   0   0   0   0  0.00     0.00
  286 I    -1  -3  -3  -3  -1  -3  -3  -4  -3   4   2  -3   1   0  -3  -2  -1  -3  -1   3    0   0   0   0   0   0   0   0   0   0   0   0   0   0   0   0   0   0   0   0  0.00     0.00
  287 I    -1  -3  -3  -3  -1  -3  -3  -4  -3   4   2  -3   1   0  -3  -2  -1  -3  -1   3    0   0   0   0   0   0   0   0   0   0   0   0   0   0   0   0   0   0   0   0  0.00     0.00
  288 T     0  -1   0  -1  -1  -1  -1  -2  -2  -1  -1  -1  -1  -2  -1   1   5  -2  -2   0    0   0   0   0   0   0   0   0   0   0   0   0   0   0   0   0   0   0   0   0  0.00     0.00
  289 T     0  -1   0  -1  -1  -1  -1  -2  -2  -1  -1  -1  -1  -2  -1   1   5  -2  -2   0    0   0   0   0   0   0   0   0   0   0   0   0   0   0   0   0   0   0   0   0  0.00     0.00
  290 W    -3  -3  -4  -4  -2  -2  -3  -2  -2  -3  -2  -3  -1   1  -4  -3  -2  10   2  -3    0   0   0   0   0   0   0   0   0   0   0   0   0   0   0   0   0   0   0   0  0.00     0.00
  291 G     0  -2   0  -1  -2  -2  -2   6  -2  -4  -4  -2  -3  -3  -2   0  -2  -2  -3  -3    0   0   0   0   0   0   0   0   0   0   0   0   0   0   0   0   0   0   0   0  0.00     0.00
  292 P    -1  -2  -2  -1  -3  -1  -1  -2  -2  -3  -3  -1  -2  -4   7  -1  -1  -4  -3  -2    0   0   0   0   0   0   0   0   0   0   0   0   0   0   0   0   0   0   0   0  0.00     0.00
  293 S     1  -1   1   0  -1   0   0   0  -1  -2  -2   0  -1  -2  -1   4   1  -3  -2  -2    0   0   0   0   0   0   0   0   0   0   0   0   0   0   0   0   0   0   0   0  0.00     0.00
  294 D    -2  -2   1   6  -3   0   2  -1  -1  -3  -4  -1  -3  -3  -1   0  -1  -4  -3  -3    0   0   0   0   0   0   0   0   0   0   0   0   0   0   0   0   0   0   0   0  0.00     0.00
  295 A     4  -1  -2  -2   0  -1  -1   0  -2  -1  -1  -1  -1  -2  -1   1   0  -3  -2   0    0   0   0   0   0   0   0   0   0   0   0   0   0   0   0   0   0   0   0   0  0.00     0.00
  296 T     0  -1   0  -1  -1  -1  -1  -2  -2  -1  -1  -1  -1  -2  -1   1   5  -2  -2   0    0   0   0   0   0   0   0   0   0   0   0   0   0   0   0   0   0   0   0   0  0.00     0.00
  297 S     1  -1   1   0  -1   0   0   0  -1  -2  -2   0  -1  -2  -1   4   1  -3  -2  -2    0   0   0   0   0   0   0   0   0   0   0   0   0   0   0   0   0   0   0   0  0.00     0.00
  298 M    -1  -1  -2  -3  -1   0  -2  -3  -2   1   2  -1   5   0  -2  -1  -1  -1  -1   1    0   0   0   0   0   0   0   0   0   0   0   0   0   0   0   0   0   0   0   0  0.00     0.00
  299 G     0  -2   0  -1  -2  -2  -2   6  -2  -4  -4  -2  -3  -3  -2   0  -2  -2  -3  -3    0   0   0   0   0   0   0   0   0   0   0   0   0   0   0   0   0   0   0   0  0.00     0.00
  300 L    -1  -2  -3  -4  -1  -2  -3  -4  -3   2   4  -2   2   0  -3  -2  -1  -2  -1   1    0   0   0   0   0   0   0   0   0   0   0   0   0   0   0   0   0   0   0   0  0.00     0.00
  301 A     4  -1  -2  -2   0  -1  -1   0  -2  -1  -1  -1  -1  -2  -1   1   0  -3  -2   0    0   0   0   0   0   0   0   0   0   0   0   0   0   0   0   0   0   0   0   0  0.00     0.00
  302 D    -2  -2   1   6  -3   0   2  -1  -1  -3  -4  -1  -3  -3  -1   0  -1  -4  -3  -3    0   0   0   0   0   0   0   0   0   0   0   0   0   0   0   0   0   0   0   0  0.00     0.00
  303 G     0  -2   0  -1  -2  -2  -2   6  -2  -4  -4  -2  -3  -3  -2   0  -2  -2  -3  -3    0   0   0   0   0   0   0   0   0   0   0   0   0   0   0   0   0   0   0   0  0.00     0.00
  304 D    -2  -2   1   6  -3   0   2  -1  -1  -3  -4  -1  -3  -3  -1   0  -1  -4  -3  -3    0   0   0   0   0   0   0   0   0   0   0   0   0   0   0   0   0   0   0   0  0.00     0.00
  305 E    -1   0   0   2  -4   2   5  -2   0  -3  -3   1  -2  -3  -1   0  -1  -3  -2  -2    0   0   0   0   0   0   0   0   0   0   0   0   0   0   0   0   0   0   0   0  0.00     0.00
  306 E    -1   0   0   2  -4   2   5  -2   0  -3  -3   1  -2  -3  -1   0  -1  -3  -2  -2    0   0   0   0   0   0   0   0   0   0   0   0   0   0   0   0   0   0   0   0  0.00     0.00
  307 G     0  -2   0  -1  -2  -2  -2   6  -2  -4  -4  -2  -3  -3  -2   0  -2  -2  -3  -3    0   0   0   0   0   0   0   0   0   0   0   0   0   0   0   0   0   0   0   0  0.00     0.00
  308 V     0  -2  -3  -3  -1  -2  -2  -3  -3   3   1  -2   1  -1  -2  -2   0  -3  -1   4    0   0   0   0   0   0   0   0   0   0   0   0   0   0   0   0   0   0   0   0  0.00     0.00
  309 G     0  -2   0  -1  -2  -2  -2   6  -2  -4  -4  -2  -3  -3  -2   0  -2  -2  -3  -3    0   0   0   0   0   0   0   0   0   0   0   0   0   0   0   0   0   0   0   0  0.00     0.00
  310 D    -2  -2   1   6  -3   0   2  -1  -1  -3  -4  -1  -3  -3  -1   0  -1  -4  -3  -3    0   0   0   0   0   0   0   0   0   0   0   0   0   0   0   0   0   0   0   0  0.00     0.00
  311 P    -1  -2  -2  -1  -3  -1  -1  -2  -2  -3  -3  -1  -2  -4   7  -1  -1  -4  -3  -2    0   0   0   0   0   0   0   0   0   0   0   0   0   0   0   0   0   0   0   0  0.00     0.00
  312 D    -2  -2   1   6  -3   0   2  -1  -1  -3  -4  -1  -3  -3  -1   0  -1  -4  -3  -3    0   0   0   0   0   0   0   0   0   0   0   0   0   0   0   0   0   0   0   0  0.00     0.00
  313 D    -2  -2   1   6  -3   0   2  -1  -1  -3  -4  -1  -3  -3  -1   0  -1  -4  -3  -3    0   0   0   0   0   0   0   0   0   0   0   0   0   0   0   0   0   0   0   0  0.00     0.00
  314 E    -1   0   0   2  -4   2   5  -2   0  -3  -3   1  -2  -3  -1   0  -1  -3  -2  -2    0   0   0   0   0   0   0   0   0   0   0   0   0   0   0   0   0   0   0   0  0.00     0.00
  315 C     0  -3  -3  -3   9  -3  -4  -2  -3  -1  -1  -3  -1  -2  -3  -1  -1  -2  -2  -1    0   0   0   0   0   0   0   0   0   0   0   0   0   0   0   0   0   0   0   0  0.00     0.00
  316 S     1  -1   1   0  -1   0   0   0  -1  -2  -2   0  -1  -2  -1   4   1  -3  -2  -2    0   0   0   0   0   0   0   0   0   0   0   0   0   0   0   0   0   0   0   0  0.00     0.00
  317 V     0  -2  -3  -3  -1  -2  -2  -3  -3   3   1  -2   1  -1  -2  -2   0  -3  -1   4    0   0   0   0   0   0   0   0   0   0   0   0   0   0   0   0   0   0   0   0  0.00     0.00
  318 R    -1   5   0  -2  -3   1   0  -2   0  -3  -2   2  -1  -3  -2  -1  -1  -3  -2  -2    0   0   0   0   0   0   0   0   0   0   0   0   0   0   0   0   0   0   0   0  0.00     0.00
  319 R    -1   5   0  -2  -3   1   0  -2   0  -3  -2   2  -1  -3  -2  -1  -1  -3  -2  -2    0   0   0   0   0   0   0   0   0   0   0   0   0   0   0   0   0   0   0   0  0.00     0.00
  320 Q    -1   1   0   0  -3   5   2  -2   0  -3  -2   1   0  -3  -1   0  -1  -2  -1  -2    0   0   0   0   0   0   0   0   0   0   0   0   0   0   0   0   0   0   0   0  0.00     0.00
  321 R    -1   5   0  -2  -3   1   0  -2   0  -3  -2   2  -1  -3  -2  -1  -1  -3  -2  -2    0   0   0   0   0   0   0   0   0   0   0   0   0   0   0   0   0   0   0   0  0.00     0.00
  322 R    -1   5   0  -2  -3   1   0  -2   0  -3  -2   2  -1  -3  -2  -1  -1  -3  -2  -2    0   0   0   0   0   0   0   0   0   0   0   0   0   0   0   0   0   0   0   0  0.00     0.00
  323 R    -1   5   0  -2  -3   1   0  -2   0  -3  -2   2  -1  -3  -2  -1  -1  -3  -2  -2    0   0   0   0   0   0   0   0   0   0   0   0   0   0   0   0   0   0   0   0  0.00     0.00
  324 L    -1  -2  -3  -4  -1  -2  -3  -4  -3   2   4  -2   2   0  -3  -2  -1  -2  -1   1    0   0   0   0   0   0   0   0   0   0   0   0   0   0   0   0   0   0   0   0  0.00     0.00
  325 Q    -1   1   0   0  -3   5   2  -2   0  -3  -2   1   0  -3  -1   0  -1  -2  -1  -2    0   0   0   0   0   0   0   0   0   0   0   0   0   0   0   0   0   0   0   0  0.00     0.00
  326 G     0  -2   0  -1  -2  -2  -2   6  -2  -4  -4  -2  -3  -3  -2   0  -2  -2  -3  -3    0   0   0   0   0   0   0   0   0   0   0   0   0   0   0   0   0   0   0   0  0.00     0.00
  327 S     1  -1   1   0  -1   0   0   0  -1  -2  -2   0  -1  -2  -1   4   1  -3  -2  -2    0   0   0   0   0   0   0   0   0   0   0   0   0   0   0   0   0   0   0   0  0.00     0.00
  328 P    -1  -2  -2  -1  -3  -1  -1  -2  -2  -3  -3  -1  -2  -4   7  -1  -1  -4  -3  -2    0   0   0   0   0   0   0   0   0   0   0   0   0   0   0   0   0   0   0   0  0.00     0.00
  329 P    -1  -2  -2  -1  -3  -1  -1  -2  -2  -3  -3  -1  -2  -4   7  -1  -1  -4  -3  -2    0   0   0   0   0   0   0   0   0   0   0   0   0   0   0   0   0   0   0   0  0.00     0.00
  330 V     0  -2  -3  -3  -1  -2  -2  -3  -3   3   1  -2   1  -1  -2  -2   0  -3  -1   4    0   0   0   0   0   0   0   0   0   0   0   0   0   0   0   0   0   0   0   0  0.00     0.00
  331 S     1  -1   1   0  -1   0   0   0  -1  -2  -2   0  -1  -2  -1   4   1  -3  -2  -2    0   0   0   0   0   0   0   0   0   0   0   0   0   0   0   0   0   0   0   0  0.00     0.00
  332 E    -1   0   0   2  -4   2   5  -2   0  -3  -3   1  -2  -3  -1   0  -1  -3  -2  -2    0   0   0   0   0   0   0   0   0   0   0   0   0   0   0   0   0   0   0   0  0.00     0.00
  333 A     4  -1  -2  -2   0  -1  -1   0  -2  -1  -1  -1  -1  -2  -1   1   0  -3  -2   0    0   0   0   0   0   0   0   0   0   0   0   0   0   0   0   0   0   0   0   0  0.00     0.00
  334 A     4  -1  -2  -2   0  -1  -1   0  -2  -1  -1  -1  -1  -2  -1   1   0  -3  -2   0    0   0   0   0   0   0   0   0   0   0   0   0   0   0   0   0   0   0   0   0  0.00     0.00
  335 F    -2  -3  -3  -3  -2  -3  -3  -3  -1   0   0  -3   0   6  -4  -2  -2   1   3  -1    0   0   0   0   0   0   0   0   0   0   0   0   0   0   0   0   0   0   0   0  0.00     0.00
  336 Y    -2  -2  -2  -3  -2  -1  -2  -3   2  -1  -1  -2  -1   3  -3  -2  -2   2   7  -1    0   0   0   0   0   0   0   0   0   0   0   0   0   0   0   0   0   0   0   0  0.00     0.00
  337 E    -1   0   0   2  -4   2   5  -2   0  -3  -3   1  -2  -3  -1   0  -1  -3  -2  -2    0   0   0   0   0   0   0   0   0   0   0   0   0   0   0   0   0   0   0   0  0.00     0.00
  338 Q    -1   1   0   0  -3   5   2  -2   0  -3  -2   1   0  -3  -1   0  -1  -2  -1  -2    0   0   0   0   0   0   0   0   0   0   0   0   0   0   0   0   0   0   0   0  0.00     0.00
  339 W    -3  -3  -4  -4  -2  -2  -3  -2  -2  -3  -2  -3  -1   1  -4  -3  -2  10   2  -3    0   0   0   0   0   0   0   0   0   0   0   0   0   0   0   0   0   0   0   0  0.00     0.00
  340 Q    -1   1   0   0  -3   5   2  -2   0  -3  -2   1   0  -3  -1   0  -1  -2  -1  -2    0   0   0   0   0   0   0   0   0   0   0   0   0   0   0   0   0   0   0   0  0.00     0.00
  341 E    -1   0   0   2  -4   2   5  -2   0  -3  -3   1  -2  -3  -1   0  -1  -3  -2  -2    0   0   0   0   0   0   0   0   0   0   0   0   0   0   0   0   0   0   0   0  0.00     0.00
  342 R    -1   5   0  -2  -3   1   0  -2   0  -3  -2   2  -1  -3  -2  -1  -1  -3  -2  -2    0   0   0   0   0   0   0   0   0   0   0   0   0   0   0   0   0   0   0   0  0.00     0.00
  343 F    -2  -3  -3  -3  -2  -3  -3  -3  -1   0   0  -3   0   6  -4  -2  -2   1   3  -1    0   0   0   0   0   0   0   0   0   0   0   0   0   0   0   0   0   0   0   0  0.00     0.00
  344 G     0  -2   0  -1  -2  -2  -2   6  -2  -4  -4  -2  -3  -3  -2   0  -2  -2  -3  -3    0   0   0   0   0   0   0   0   0   0   0   0   0   0   0   0   0   0   0   0  0.00     0.00
  345 C     0  -3  -3  -3   9  -3  -4  -2  -3  -1  -1  -3  -1  -2  -3  -1  -1  -2  -2  -1    0   0   0   0   0   0   0   0   0   0   0   0   0   0   0   0   0   0   0   0  0.00     0.00
  346 W    -3  -3  -4  -4  -2  -2  -3  -2  -2  -3  -2  -3  -1   1  -4  -3  -2  10   2  -3    0   0   0   0   0   0   0   0   0   0   0   0   0   0   0   0   0   0   0   0  0.00     0.00
  347 W    -3  -3  -4  -4  -2  -2  -3  -2  -2  -3  -2  -3  -1   1  -4  -3  -2  10   2  -3    0   0   0   0   0   0   0   0   0   0   0   0   0   0   0   0   0   0   0   0  0.00     0.00
  348 L    -1  -2  -3  -4  -1  -2  -3  -4  -3   2   4  -2   2   0  -3  -2  -1  -2  -1   1    0   0   0   0   0   0   0   0   0   0   0   0   0   0   0   0   0   0   0   0  0.00     0.00
  349 A     4  -1  -2  -2   0  -1  -1   0  -2  -1  -1  -1  -1  -2  -1   1   0  -3  -2   0    0   0   0   0   0   0   0   0   0   0   0   0   0   0   0   0   0   0   0   0  0.00     0.00
  350 T     0  -1   0  -1  -1  -1  -1  -2  -2  -1  -1  -1  -1  -2  -1   1   5  -2  -2   0    0   0   0   0   0   0   0   0   0   0   0   0   0   0   0   0   0   0   0   0  0.00     0.00
  351 P    -1  -2  -2  -1  -3  -1  -1  -2  -2  -3  -3  -1  -2  -4   7  -1  -1  -4  -3  -2    0   0   0   0   0   0   0   0   0   0   0   0   0   0   0   0   0   0   0   0  0.00     0.00
  352 Y    -2  -2  -2  -3  -2  -1  -2  -3   2  -1  -1  -2  -1   3  -3  -2  -2   2   7  -1    0   0   0   0   0   0   0   0   0   0   0   0   0   0   0   0   0   0   0   0  0.00     0.00
  353 R    -1   5   0  -2  -3   1   0  -2   0  -3  -2   2  -1  -3  -2  -1  -1  -3  -2  -2    0   0   0   0   0   0   0   0   0   0   0   0   0   0   0   0   0   0   0   0  0.00     0.00
  354 G     0  -2   0  -1  -2  -2  -2   6  -2  -4  -4  -2  -3  -3  -2   0  -2  -2  -3  -3    0   0   0   0   0   0   0   0   0   0   0   0   0   0   0   0   0   0   0   0  0.00     0.00
  355 G     0  -2   0  -1  -2  -2  -2   6  -2  -4  -4  -2  -3  -3  -2   0  -2  -2  -3  -3    0   0   0   0   0   0   0   0   0   0   0   0   0   0   0   0   0   0   0   0  0.00     0.00
  356 L    -1  -2  -3  -4  -1  -2  -3  -4  -3   2   4  -2   2   0  -3  -2  -1  -2  -1   1    0   0   0   0   0   0   0   0   0   0   0   0   0   0   0   0   0   0   0   0  0.00     0.00
  357 E    -1   0   0   2  -4   2   5  -2   0  -3  -3   1  -2  -3  -1   0  -1  -3  -2  -2    0   0   0   0   0   0   0   0   0   0   0   0   0   0   0   0   0   0   0   0  0.00     0.00
  358 A     4  -1  -2  -2   0  -1  -1   0  -2  -1  -1  -1  -1  -2  -1   1   0  -3  -2   0    0   0   0   0   0   0   0   0   0   0   0   0   0   0   0   0   0   0   0   0  0.00     0.00
  359 C     0  -3  -3  -3   9  -3  -4  -2  -3  -1  -1  -3  -1  -2  -3  -1  -1  -2  -2  -1    0   0   0   0   0   0   0   0   0   0   0   0   0   0   0   0   0   0   0   0  0.00     0.00
  360 F    -2  -3  -3  -3  -2  -3  -3  -3  -1   0   0  -3   0   6  -4  -2  -2   1   3  -1    0   0   0   0   0   0   0   0   0   0   0   0   0   0   0   0   0   0   0   0  0.00     0.00
  361 G     0  -2   0  -1  -2  -2  -2   6  -2  -4  -4  -2  -3  -3  -2   0  -2  -2  -3  -3    0   0   0   0   0   0   0   0   0   0   0   0   0   0   0   0   0   0   0   0  0.00     0.00
  362 A     4  -1  -2  -2   0  -1  -1   0  -2  -1  -1  -1  -1  -2  -1   1   0  -3  -2   0    0   0   0   0   0   0   0   0   0   0   0   0   0   0   0   0   0   0   0   0  0.00     0.00
  363 L    -1  -2  -3  -4  -1  -2  -3  -4  -3   2   4  -2   2   0  -3  -2  -1  -2  -1   1    0   0   0   0   0   0   0   0   0   0   0   0   0   0   0   0   0   0   0   0  0.00     0.00
  364 G     0  -2   0  -1  -2  -2  -2   6  -2  -4  -4  -2  -3  -3  -2   0  -2  -2  -3  -3    0   0   0   0   0   0   0   0   0   0   0   0   0   0   0   0   0   0   0   0  0.00     0.00
  365 L    -1  -2  -3  -4  -1  -2  -3  -4  -3   2   4  -2   2   0  -3  -2  -1  -2  -1   1    0   0   0   0   0   0   0   0   0   0   0   0   0   0   0   0   0   0   0   0  0.00     0.00
  366 H    -2   0   1  -1  -3   0   0  -2   7  -3  -3  -1  -2  -1  -2  -1  -2  -2   2  -3    0   0   0   0   0   0   0   0   0   0   0   0   0   0   0   0   0   0   0   0  0.00     0.00
  367 L    -1  -2  -3  -4  -1  -2  -3  -4  -3   2   4  -2   2   0  -3  -2  -1  -2  -1   1    0   0   0   0   0   0   0   0   0   0   0   0   0   0   0   0   0   0   0   0  0.00     0.00
  368 A     4  -1  -2  -2   0  -1  -1   0  -2  -1  -1  -1  -1  -2  -1   1   0  -3  -2   0    0   0   0   0   0   0   0   0   0   0   0   0   0   0   0   0   0   0   0   0  0.00     0.00
  369 L    -1  -2  -3  -4  -1  -2  -3  -4  -3   2   4  -2   2   0  -3  -2  -1  -2  -1   1    0   0   0   0   0   0   0   0   0   0   0   0   0   0   0   0   0   0   0   0  0.00     0.00
  370 R    -1   5   0  -2  -3   1   0  -2   0  -3  -2   2  -1  -3  -2  -1  -1  -3  -2  -2    0   0   0   0   0   0   0   0   0   0   0   0   0   0   0   0   0   0   0   0  0.00     0.00
  371 L    -1  -2  -3  -4  -1  -2  -3  -4  -3   2   4  -2   2   0  -3  -2  -1  -2  -1   1    0   0   0   0   0   0   0   0   0   0   0   0   0   0   0   0   0   0   0   0  0.00     0.00
  372 E    -1   0   0   2  -4   2   5  -2   0  -3  -3   1  -2  -3  -1   0  -1  -3  -2  -2    0   0   0   0   0   0   0   0   0   0   0   0   0   0   0   0   0   0   0   0  0.00     0.00
  373 T     0  -1   0  -1  -1  -1  -1  -2  -2  -1  -1  -1  -1  -2  -1   1   5  -2  -2   0    0   0   0   0   0   0   0   0   0   0   0   0   0   0   0   0   0   0   0   0  0.00     0.00
  374 A     4  -1  -2  -2   0  -1  -1   0  -2  -1  -1  -1  -1  -2  -1   1   0  -3  -2   0    0   0   0   0   0   0   0   0   0   0   0   0   0   0   0   0   0   0   0   0  0.00     0.00
  375 L    -1  -2  -3  -4  -1  -2  -3  -4  -3   2   4  -2   2   0  -3  -2  -1  -2  -1   1    0   0   0   0   0   0   0   0   0   0   0   0   0   0   0   0   0   0   0   0  0.00     0.00
  376 Q    -1   1   0   0  -3   5   2  -2   0  -3  -2   1   0  -3  -1   0  -1  -2  -1  -2    0   0   0   0   0   0   0   0   0   0   0   0   0   0   0   0   0   0   0   0  0.00     0.00
  377 R    -1   5   0  -2  -3   1   0  -2   0  -3  -2   2  -1  -3  -2  -1  -1  -3  -2  -2    0   0   0   0   0   0   0   0   0   0   0   0   0   0   0   0   0   0   0   0  0.00     0.00
  378 L    -1  -2  -3  -4  -1  -2  -3  -4  -3   2   4  -2   2   0  -3  -2  -1  -2  -1   1    0   0   0   0   0   0   0   0   0   0   0   0   0   0   0   0   0   0   0   0  0.00     0.00
  379 W    -3  -3  -4  -4  -2  -2  -3  -2  -2  -3  -2  -3  -1   1  -4  -3  -2  10   2  -3    0   0   0   0   0   0   0   0   0   0   0   0   0   0   0   0   0   0   0   0  0.00     0.00
  380 P    -1  -2  -2  -1  -3  -1  -1  -2  -2  -3  -3  -1  -2  -4   7  -1  -1  -4  -3  -2    0   0   0   0   0   0   0   0   0   0   0   0   0   0   0   0   0   0   0   0  0.00     0.00
  381 A     4  -1  -2  -2   0  -1  -1   0  -2  -1  -1  -1  -1  -2  -1   1   0  -3  -2   0    0   0   0   0   0   0   0   0   0   0   0   0   0   0   0   0   0   0   0   0  0.00     0.00
  382 F    -2  -3  -3  -3  -2  -3  -3  -3  -1   0   0  -3   0   6  -4  -2  -2   1   3  -1    0   0   0   0   0   0   0   0   0   0   0   0   0   0   0   0   0   0   0   0  0.00     0.00
  383 R    -1   5   0  -2  -3   1   0  -2   0  -3  -2   2  -1  -3  -2  -1  -1  -3  -2  -2    0   0   0   0   0   0   0   0   0   0   0   0   0   0   0   0   0   0   0   0  0.00     0.00
  384 A     4  -1  -2  -2   0  -1  -1   0  -2  -1  -1  -1  -1  -2  -1   1   0  -3  -2   0    0   0   0   0   0   0   0   0   0   0   0   0   0   0   0   0   0   0   0   0  0.00     0.00
  385 P    -1  -2  -2  -1  -3  -1  -1  -2  -2  -3  -3  -1  -2  -4   7  -1  -1  -4  -3  -2    0   0   0   0   0   0   0   0   0   0   0   0   0   0   0   0   0   0   0   0  0.00     0.00
  386 P    -1  -2  -2  -1  -3  -1  -1  -2  -2  -3  -3  -1  -2  -4   7  -1  -1  -4  -3  -2    0   0   0   0   0   0   0   0   0   0   0   0   0   0   0   0   0   0   0   0  0.00     0.00
  387 E    -1   0   0   2  -4   2   5  -2   0  -3  -3   1  -2  -3  -1   0  -1  -3  -2  -2    0   0   0   0   0   0   0   0   0   0   0   0   0   0   0   0   0   0   0   0  0.00     0.00
  388 A     4  -1  -2  -2   0  -1  -1   0  -2  -1  -1  -1  -1  -2  -1   1   0  -3  -2   0    0   0   0   0   0   0   0   0   0   0   0   0   0   0   0   0   0   0   0   0  0.00     0.00
  389 F    -2  -3  -3  -3  -2  -3  -3  -3  -1   0   0  -3   0   6  -4  -2  -2   1   3  -1    0   0   0   0   0   0   0   0   0   0   0   0   0   0   0   0   0   0   0   0  0.00     0.00
  390 E    -1   0   0   2  -4   2   5  -2   0  -3  -3   1  -2  -3  -1   0  -1  -3  -2  -2    0   0   0   0   0   0   0   0   0   0   0   0   0   0   0   0   0   0   0   0  0.00     0.00
  391 G     0  -2   0  -1  -2  -2  -2   6  -2  -4  -4  -2  -3  -3  -2   0  -2  -2  -3  -3    0   0   0   0   0   0   0   0   0   0   0   0   0   0   0   0   0   0   0   0  0.00     0.00
  392 A     4  -1  -2  -2   0  -1  -1   0  -2  -1  -1  -1  -1  -2  -1   1   0  -3  -2   0    0   0   0   0   0   0   0   0   0   0   0   0   0   0   0   0   0   0   0   0  0.00     0.00
  393 R    -1   5   0  -2  -3   1   0  -2   0  -3  -2   2  -1  -3  -2  -1  -1  -3  -2  -2    0   0   0   0   0   0   0   0   0   0   0   0   0   0   0   0   0   0   0   0  0.00     0.00
  394 A     4  -1  -2  -2   0  -1  -1   0  -2  -1  -1  -1  -1  -2  -1   1   0  -3  -2   0    0   0   0   0   0   0   0   0   0   0   0   0   0   0   0   0   0   0   0   0  0.00     0.00
  395 E    -1   0   0   2  -4   2   5  -2   0  -3  -3   1  -2  -3  -1   0  -1  -3  -2  -2    0   0   0   0   0   0   0   0   0   0   0   0   0   0   0   0   0   0   0   0  0.00     0.00
  396 Q    -1   1   0   0  -3   5   2  -2   0  -3  -2   1   0  -3  -1   0  -1  -2  -1  -2    0   0   0   0   0   0   0   0   0   0   0   0   0   0   0   0   0   0   0   0  0.00     0.00
  397 A     4  -1  -2  -2   0  -1  -1   0  -2  -1  -1  -1  -1  -2  -1   1   0  -3  -2   0    0   0   0   0   0   0   0   0   0   0   0   0   0   0   0   0   0   0   0   0  0.00     0.00
  398 C     0  -3  -3  -3   9  -3  -4  -2  -3  -1  -1  -3  -1  -2  -3  -1  -1  -2  -2  -1    0   0   0   0   0   0   0   0   0   0   0   0   0   0   0   0   0   0   0   0  0.00     0.00
  399 E    -1   0   0   2  -4   2   5  -2   0  -3  -3   1  -2  -3  -1   0  -1  -3  -2  -2    0   0   0   0   0   0   0   0   0   0   0   0   0   0   0   0   0   0   0   0  0.00     0.00
  400 W    -3  -3  -4  -4  -2  -2  -3  -2  -2  -3  -2  -3  -1   1  -4  -3  -2  10   2  -3    0   0   0   0   0   0   0   0   0   0   0   0   0   0   0   0   0   0   0   0  0.00     0.00
  401 L    -1  -2  -3  -4  -1  -2  -3  -4  -3   2   4  -2   2   0  -3  -2  -1  -2  -1   1    0   0   0   0   0   0   0   0   0   0   0   0   0   0   0   0   0   0   0   0  0.00     0.00
  402 E    -1   0   0   2  -4   2   5  -2   0  -3  -3   1  -2  -3  -1   0  -1  -3  -2  -2    0   0   0   0   0   0   0   0   0   0   0   0   0   0   0   0   0   0   0   0  0.00     0.00
  403 Q    -1   1   0   0  -3   5   2  -2   0  -3  -2   1   0  -3  -1   0  -1  -2  -1  -2    0   0   0   0   0   0   0   0   0   0   0   0   0   0   0   0   0   0   0   0  0.00     0.00
  404 G     0  -2   0  -1  -2  -2  -2   6  -2  -4  -4  -2  -3  -3  -2   0  -2  -2  -3  -3    0   0   0   0   0   0   0   0   0   0   0   0   0   0   0   0   0   0   0   0  0.00     0.00
  405 E    -1   0   0   2  -4   2   5  -2   0  -3  -3   1  -2  -3  -1   0  -1  -3  -2  -2    0   0   0   0   0   0   0   0   0   0   0   0   0   0   0   0   0   0   0   0  0.00     0.00
  406 L    -1  -2  -3  -4  -1  -2  -3  -4  -3   2   4  -2   2   0  -3  -2  -1  -2  -1   1    0   0   0   0   0   0   0   0   0   0   0   0   0   0   0   0   0   0   0   0  0.00     0.00
  407 E    -1   0   0   2  -4   2   5  -2   0  -3  -3   1  -2  -3  -1   0  -1  -3  -2  -2    0   0   0   0   0   0   0   0   0   0   0   0   0   0   0   0   0   0   0   0  0.00     0.00
  408 L    -1  -2  -3  -4  -1  -2  -3  -4  -3   2   4  -2   2   0  -3  -2  -1  -2  -1   1    0   0   0   0   0   0   0   0   0   0   0   0   0   0   0   0   0   0   0   0  0.00     0.00
  409 P    -1  -2  -2  -1  -3  -1  -1  -2  -2  -3  -3  -1  -2  -4   7  -1  -1  -4  -3  -2    0   0   0   0   0   0   0   0   0   0   0   0   0   0   0   0   0   0   0   0  0.00     0.00
  410 E    -1   0   0   2  -4   2   5  -2   0  -3  -3   1  -2  -3  -1   0  -1  -3  -2  -2    0   0   0   0   0   0   0   0   0   0   0   0   0   0   0   0   0   0   0   0  0.00     0.00
  411 F    -2  -3  -3  -3  -2  -3  -3  -3  -1   0   0  -3   0   6  -4  -2  -2   1   3  -1    0   0   0   0   0   0   0   0   0   0   0   0   0   0   0   0   0   0   0   0  0.00     0.00
  412 P    -1  -2  -2  -1  -3  -1  -1  -2  -2  -3  -3  -1  -2  -4   7  -1  -1  -4  -3  -2    0   0   0   0   0   0   0   0   0   0   0   0   0   0   0   0   0   0   0   0  0.00     0.00
  413 R    -1   5   0  -2  -3   1   0  -2   0  -3  -2   2  -1  -3  -2  -1  -1  -3  -2  -2    0   0   0   0   0   0   0   0   0   0   0   0   0   0   0   0   0   0   0   0  0.00     0.00
  414 L    -1  -2  -3  -4  -1  -2  -3  -4  -3   2   4  -2   2   0  -3  -2  -1  -2  -1   1    0   0   0   0   0   0   0   0   0   0   0   0   0   0   0   0   0   0   0   0  0.00     0.00
  415 G     0  -2   0  -1  -2  -2  -2   6  -2  -4  -4  -2  -3  -3  -2   0  -2  -2  -3  -3    0   0   0   0   0   0   0   0   0   0   0   0   0   0   0   0   0   0   0   0  0.00     0.00
  416 G     0  -2   0  -1  -2  -2  -2   6  -2  -4  -4  -2  -3  -3  -2   0  -2  -2  -3  -3    0   0   0   0   0   0   0   0   0   0   0   0   0   0   0   0   0   0   0   0  0.00     0.00
  417 F    -2  -3  -3  -3  -2  -3  -3  -3  -1   0   0  -3   0   6  -4  -2  -2   1   3  -1    0   0   0   0   0   0   0   0   0   0   0   0   0   0   0   0   0   0   0   0  0.00     0.00
  418 E    -1   0   0   2  -4   2   5  -2   0  -3  -3   1  -2  -3  -1   0  -1  -3  -2  -2    0   0   0   0   0   0   0   0   0   0   0   0   0   0   0   0   0   0   0   0  0.00     0.00
  419 F    -2  -3  -3  -3  -2  -3  -3  -3  -1   0   0  -3   0   6  -4  -2  -2   1   3  -1    0   0   0   0   0   0   0   0   0   0   0   0   0   0   0   0   0   0   0   0  0.00     0.00
  420 T     0  -1   0  -1  -1  -1  -1  -2  -2  -1  -1  -1  -1  -2  -1   1   5  -2  -2   0    0   0   0   0   0   0   0   0   0   0   0   0   0   0   0   0   0   0   0   0  0.00     0.00
  421 L    -1  -2  -3  -4  -1  -2  -3  -4  -3   2   4  -2   2   0  -3  -2  -1  -2  -1   1    0   0   0   0   0   0   0   0   0   0   0   0   0   0   0   0   0   0   0   0  0.00     0.00
  422 P    -1  -2  -2  -1  -3  -1  -1  -2  -2  -3  -3  -1  -2  -4   7  -1  -1  -4  -3  -2    0   0   0   0   0   0   0   0   0   0   0   0   0   0   0   0   0   0   0   0  0.00     0.00
  423 P    -1  -2  -2  -1  -3  -1  -1  -2  -2  -3  -3  -1  -2  -4   7  -1  -1  -4  -3  -2    0   0   0   0   0   0   0   0   0   0   0   0   0   0   0   0   0   0   0   0  0.00     0.00
  424 I    -1  -3  -3  -3  -1  -3  -3  -4  -3   4   2  -3   1   0  -3  -2  -1  -3  -1   3    0   0   0   0   0   0   0   0   0   0   0   0   0   0   0   0   0   0   0   0  0.00     0.00
  425 P    -1  -2  -2  -1  -3  -1  -1  -2  -2  -3  -3  -1  -2  -4   7  -1  -1  -4  -3  -2    0   0   0   0   0   0   0   0   0   0   0   0   0   0   0   0   0   0   0   0  0.00     0.00
  426 R    -1   5   0  -2  -3   1   0  -2   0  -3  -2   2  -1  -3  -2  -1  -1  -3  -2  -2    0   0   0   0   0   0   0   0   0   0   0   0   0   0   0   0   0   0   0   0  0.00     0.00
  427 L    -1  -2  -3  -4  -1  -2  -3  -4  -3   2   4  -2   2   0  -3  -2  -1  -2  -1   1    0   0   0   0   0   0   0   0   0   0   0   0   0   0   0   0   0   0   0   0  0.00     0.00
  428 L    -1  -2  -3  -4  -1  -2  -3  -4  -3   2   4  -2   2   0  -3  -2  -1  -2  -1   1    0   0   0   0   0   0   0   0   0   0   0   0   0   0   0   0   0   0   0   0  0.00     0.00
  429 P    -1  -2  -2  -1  -3  -1  -1  -2  -2  -3  -3  -1  -2  -4   7  -1  -1  -4  -3  -2    0   0   0   0   0   0   0   0   0   0   0   0   0   0   0   0   0   0   0   0  0.00     0.00
  430 S     1  -1   1   0  -1   0   0   0  -1  -2  -2   0  -1  -2  -1   4   1  -3  -2  -2    0   0   0   0   0   0   0   0   0   0   0   0   0   0   0   0   0   0   0   0  0.00     0.00
  431 L    -1  -2  -3  -4  -1  -2  -3  -4  -3   2   4  -2   2   0  -3  -2  -1  -2  -1   1    0   0   0   0   0   0   0   0   0   0   0   0   0   0   0   0   0   0   0   0  0.00     0.00
  432 E    -1   0   0   2  -4   2   5  -2   0  -3  -3   1  -2  -3  -1   0  -1  -3  -2  -2    0   0   0   0   0   0   0   0   0   0   0   0   0   0   0   0   0   0   0   0  0.00     0.00
  433 H    -2   0   1  -1  -3   0   0  -2   7  -3  -3  -1  -2  -1  -2  -1  -2  -2   2  -3    0   0   0   0   0   0   0   0   0   0   0   0   0   0   0   0   0   0   0   0  0.00     0.00
  434 L    -1  -2  -3  -4  -1  -2  -3  -4  -3   2   4  -2   2   0  -3  -2  -1  -2  -1   1    0   0   0   0   0   0   0   0   0   0   0   0   0   0   0   0   0   0   0   0  0.00     0.00
  435 Q    -1   1   0   0  -3   5   2  -2   0  -3  -2   1   0  -3  -1   0  -1  -2  -1  -2    0   0   0   0   0   0   0   0   0   0   0   0   0   0   0   0   0   0   0   0  0.00     0.00
  436 A     4  -1  -2  -2   0  -1  -1   0  -2  -1  -1  -1  -1  -2  -1   1   0  -3  -2   0    0   0   0   0   0   0   0   0   0   0   0   0   0   0   0   0   0   0   0   0  0.00     0.00
  437 L    -1  -2  -3  -4  -1  -2  -3  -4  -3   2   4  -2   2   0  -3  -2  -1  -2  -1   1    0   0   0   0   0   0   0   0   0   0   0   0   0   0   0   0   0   0   0   0  0.00     0.00
  438 E    -1   0   0   2  -4   2   5  -2   0  -3  -3   1  -2  -3  -1   0  -1  -3  -2  -2    0   0   0   0   0   0   0   0   0   0   0   0   0   0   0   0   0   0   0   0  0.00     0.00
  439 A     4  -1  -2  -2   0  -1  -1   0  -2  -1  -1  -1  -1  -2  -1   1   0  -3  -2   0    0   0   0   0   0   0   0   0   0   0   0   0   0   0   0   0   0   0   0   0  0.00     0.00
  440 A     4  -1  -2  -2   0  -1  -1   0  -2  -1  -1  -1  -1  -2  -1   1   0  -3  -2   0    0   0   0   0   0   0   0   0   0   0   0   0   0   0   0   0   0   0   0   0  0.00     0.00
  441 R    -1   5   0  -2  -3   1   0  -2   0  -3  -2   2  -1  -3  -2  -1  -1  -3  -2  -2    0   0   0   0   0   0   0   0   0   0   0   0   0   0   0   0   0   0   0   0  0.00     0.00
  442 A     4  -1  -2  -2   0  -1  -1   0  -2  -1  -1  -1  -1  -2  -1   1   0  -3  -2   0    0   0   0   0   0   0   0   0   0   0   0   0   0   0   0   0   0   0   0   0  0.00     0.00
  443 H    -2   0   1  -1  -3   0   0  -2   7  -3  -3  -1  -2  -1  -2  -1  -2  -2   2  -3    0   0   0   0   0   0   0   0   0   0   0   0   0   0   0   0   0   0   0   0  0.00     0.00
  444 W    -3  -3  -4  -4  -2  -2  -3  -2  -2  -3  -2  -3  -1   1  -4  -3  -2  10   2  -3    0   0   0   0   0   0   0   0   0   0   0   0   0   0   0   0   0   0   0   0  0.00     0.00
  445 H    -2   0   1  -1  -3   0   0  -2   7  -3  -3  -1  -2  -1  -2  -1  -2  -2   2  -3    0   0   0   0   0   0   0   0   0   0   0   0   0   0   0   0   0   0   0   0  0.00     0.00
  446 A     4  -1  -2  -2   0  -1  -1   0  -2  -1  -1  -1  -1  -2  -1   1   0  -3  -2   0    0   0   0   0   0   0   0   0   0   0   0   0   0   0   0   0   0   0   0   0  0.00     0.00
  447 T     0  -1   0  -1  -1  -1  -1  -2  -2  -1  -1  -1  -1  -2  -1   1   5  -2  -2   0    0   0   0   0   0   0   0   0   0   0   0   0   0   0   0   0   0   0   0   0  0.00     0.00
  448 N    -2   0   6   1  -3   0   0   0   1  -3  -3   0  -2  -3  -2   1   0  -4  -2  -3    0   0   0   0   0   0   0   0   0   0   0   0   0   0   0   0   0   0   0   0  0.00     0.00
  449 H    -2   0   1  -1  -3   0   0  -2   7  -3  -3  -1  -2  -1  -2  -1  -2  -2   2  -3    0   0   0   0   0   0   0   0   0   0   0   0   0   0   0   0   0   0   0   0  0.00     0.00
  450 A     4  -1  -2  -2   0  -1  -1   0  -2  -1  -1  -1  -1  -2  -1   1   0  -3  -2   0    0   0   0   0   0   0   0   0   0   0   0   0   0   0   0   0   0   0   0   0  0.00     0.00
  451 P    -1  -2  -2  -1  -3  -1  -1  -2  -2  -3  -3  -1  -2  -4   7  -1  -1  -4  -3  -2    0   0   0   0   0   0   0   0   0   0   0   0   0   0   0   0   0   0   0   0  0.00     0.00
  452 T     0  -1   0  -1  -1  -1  -1  -2  -2  -1  -1  -1  -1  -2  -1   1   5  -2  -2   0    0   0   0   0   0   0   0   0   0   0   0   0   0   0   0   0   0   0   0   0  0.00     0.00
  453 N    -2   0   6   1  -3   0   0   0   1  -3  -3   0  -2  -3  -2   1   0  -4  -2  -3    0   0   0   0   0   0   0   0   0   0   0   0   0   0   0   0   0   0   0   0  0.00     0.00
  454 H    -2   0   1  -1  -3   0   0  -2   7  -3  -3  -1  -2  -1  -2  -1  -2  -2   2  -3    0   0   0   0   0   0   0   0   0   0   0   0   0   0   0   0   0   0   0   0  0.00     0.00
  455 A     4  -1  -2  -2   0  -1  -1   0  -2  -1  -1  -1  -1  -2  -1   1   0  -3  -2   0    0   0   0   0   0   0   0   0   0   0   0   0   0   0   0   0   0   0   0   0  0.00     0.00
  456 P    -1  -2  -2  -1  -3  -1  -1  -2  -2  -3  -3  -1  -2  -4   7  -1  -1  -4  -3  -2    0   0   0   0   0   0   0   0   0   0   0   0   0   0   0   0   0   0   0   0  0.00     0.00
  457 L    -1  -2  -3  -4  -1  -2  -3  -4  -3   2   4  -2   2   0  -3  -2  -1  -2  -1   1    0   0   0   0   0   0   0   0   0   0   0   0   0   0   0   0   0   0   0   0  0.00     0.00
  458 Q    -1   1   0   0  -3   5   2  -2   0  -3  -2   1   0  -3  -1   0  -1  -2  -1  -2    0   0   0   0   0   0   0   0   0   0   0   0   0   0   0   0   0   0   0   0  0.00     0.00
  459 E    -1   0   0   2  -4   2   5  -2   0  -3  -3   1  -2  -3  -1   0  -1  -3  -2  -2    0   0   0   0   0   0   0   0   0   0   0   0   0   0   0   0   0   0   0   0  0.00     0.00
  460 G     0  -2   0  -1  -2  -2  -2   6  -2  -4  -4  -2  -3  -3  -2   0  -2  -2  -3  -3    0   0   0   0   0   0   0   0   0   0   0   0   0   0   0   0   0   0   0   0  0.00     0.00
  461 A     4  -1  -2  -2   0  -1  -1   0  -2  -1  -1  -1  -1  -2  -1   1   0  -3  -2   0    0   0   0   0   0   0   0   0   0   0   0   0   0   0   0   0   0   0   0   0  0.00     0.00
  462 S     1  -1   1   0  -1   0   0   0  -1  -2  -2   0  -1  -2  -1   4   1  -3  -2  -2    0   0   0   0   0   0   0   0   0   0   0   0   0   0   0   0   0   0   0   0  0.00     0.00
  463 I    -1  -3  -3  -3  -1  -3  -3  -4  -3   4   2  -3   1   0  -3  -2  -1  -3  -1   3    0   0   0   0   0   0   0   0   0   0   0   0   0   0   0   0   0   0   0   0  0.00     0.00
  464 S     1  -1   1   0  -1   0   0   0  -1  -2  -2   0  -1  -2  -1   4   1  -3  -2  -2    0   0   0   0   0   0   0   0   0   0   0   0   0   0   0   0   0   0   0   0  0.00     0.00
  465 A     4  -1  -2  -2   0  -1  -1   0  -2  -1  -1  -1  -1  -2  -1   1   0  -3  -2   0    0   0   0   0   0   0   0   0   0   0   0   0   0   0   0   0   0   0   0   0  0.00     0.00
  466 P    -1  -2  -2  -1  -3  -1  -1  -2  -2  -3  -3  -1  -2  -4   7  -1  -1  -4  -3  -2    0   0   0   0   0   0   0   0   0   0   0   0   0   0   0   0   0   0   0   0  0.00     0.00
  467 M    -1  -1  -2  -3  -1   0  -2  -3  -2   1   2  -1   5   0  -2  -1  -1  -1  -1   1    0   0   0   0   0   0   0   0   0   0   0   0   0   0   0   0   0   0   0   0  0.00     0.00
  468 A     4  -1  -2  -2   0  -1  -1   0  -2  -1  -1  -1  -1  -2  -1   1   0  -3  -2   0    0   0   0   0   0   0   0   0   0   0   0   0   0   0   0   0   0   0   0   0  0.00     0.00
  469 T     0  -1   0  -1  -1  -1  -1  -2  -2  -1  -1  -1  -1  -2  -1   1   5  -2  -2   0    0   0   0   0   0   0   0   0   0   0   0   0   0   0   0   0   0   0   0   0  0.00     0.00
  470 A     4  -1  -2  -2   0  -1  -1   0  -2  -1  -1  -1  -1  -2  -1   1   0  -3  -2   0    0   0   0   0   0   0   0   0   0   0   0   0   0   0   0   0   0   0   0   0  0.00     0.00
  471 M    -1  -1  -2  -3  -1   0  -2  -3  -2   1   2  -1   5   0  -2  -1  -1  -1  -1   1    0   0   0   0   0   0   0   0   0   0   0   0   0   0   0   0   0   0   0   0  0.00     0.00
  472 G     0  -2   0  -1  -2  -2  -2   6  -2  -4  -4  -2  -3  -3  -2   0  -2  -2  -3  -3    0   0   0   0   0   0   0   0   0   0   0   0   0   0   0   0   0   0   0   0  0.00     0.00
  473 A     4  -1  -2  -2   0  -1  -1   0  -2  -1  -1  -1  -1  -2  -1   1   0  -3  -2   0    0   0   0   0   0   0   0   0   0   0   0   0   0   0   0   0   0   0   0   0  0.00     0.00
  474 I    -1  -3  -3  -3  -1  -3  -3  -4  -3   4   2  -3   1   0  -3  -2  -1  -3  -1   3    0   0   0   0   0   0   0   0   0   0   0   0   0   0   0   0   0   0   0   0  0.00     0.00
  475 A     4  -1  -2  -2   0  -1  -1   0  -2  -1  -1  -1  -1  -2  -1   1   0  -3  -2   0    0   0   0   0   0   0   0   0   0   0   0   0   0   0   0   0   0   0   0   0  0.00     0.00
  476 G     0  -2   0  -1  -2  -2  -2   6  -2  -4  -4  -2  -3  -3  -2   0  -2  -2  -3  -3    0   0   0   0   0   0   0   0   0   0   0   0   0   0   0   0   0   0   0   0  0.00     0.00
  477 L    -1  -2  -3  -4  -1  -2  -3  -4  -3   2   4  -2   2   0  -3  -2  -1  -2  -1   1    0   0   0   0   0   0   0   0   0   0   0   0   0   0   0   0   0   0   0   0  0.00     0.00
  478 V     0  -2  -3  -3  -1  -2  -2  -3  -3   3   1  -2   1  -1  -2  -2   0  -3  -1   4    0   0   0   0   0   0   0   0   0   0   0   0   0   0   0   0   0   0   0   0  0.00     0.00
  479 T     0  -1   0  -1  -1  -1  -1  -2  -2  -1  -1  -1  -1  -2  -1   1   5  -2  -2   0    0   0   0   0   0   0   0   0   0   0   0   0   0   0   0   0   0   0   0   0  0.00     0.00
  480 A     4  -1  -2  -2   0  -1  -1   0  -2  -1  -1  -1  -1  -2  -1   1   0  -3  -2   0    0   0   0   0   0   0   0   0   0   0   0   0   0   0   0   0   0   0   0   0  0.00     0.00
  481 S     1  -1   1   0  -1   0   0   0  -1  -2  -2   0  -1  -2  -1   4   1  -3  -2  -2    0   0   0   0   0   0   0   0   0   0   0   0   0   0   0   0   0   0   0   0  0.00     0.00
  482 A     4  -1  -2  -2   0  -1  -1   0  -2  -1  -1  -1  -1  -2  -1   1   0  -3  -2   0    0   0   0   0   0   0   0   0   0   0   0   0   0   0   0   0   0   0   0   0  0.00     0.00
  483 S     1  -1   1   0  -1   0   0   0  -1  -2  -2   0  -1  -2  -1   4   1  -3  -2  -2    0   0   0   0   0   0   0   0   0   0   0   0   0   0   0   0   0   0   0   0  0.00     0.00
  484 L    -1  -2  -3  -4  -1  -2  -3  -4  -3   2   4  -2   2   0  -3  -2  -1  -2  -1   1    0   0   0   0   0   0   0   0   0   0   0   0   0   0   0   0   0   0   0   0  0.00     0.00
  485 F    -2  -3  -3  -3  -2  -3  -3  -3  -1   0   0  -3   0   6  -4  -2  -2   1   3  -1    0   0   0   0   0   0   0   0   0   0   0   0   0   0   0   0   0   0   0   0  0.00     0.00
  486 F    -2  -3  -3  -3  -2  -3  -3  -3  -1   0   0  -3   0   6  -4  -2  -2   1   3  -1    0   0   0   0   0   0   0   0   0   0   0   0   0   0   0   0   0   0   0   0  0.00     0.00
  487 I    -1  -3  -3  -3  -1  -3  -3  -4  -3   4   2  -3   1   0  -3  -2  -1  -3  -1   3    0   0   0   0   0   0   0   0   0   0   0   0   0   0   0   0   0   0   0   0  0.00     0.00
  488 S     1  -1   1   0  -1   0   0   0  -1  -2  -2   0  -1  -2  -1   4   1  -3  -2  -2    0   0   0   0   0   0   0   0   0   0   0   0   0   0   0   0   0   0   0   0  0.00     0.00
  489 R    -1   5   0  -2  -3   1   0  -2   0  -3  -2   2  -1  -3  -2  -1  -1  -3  -2  -2    0   0   0   0   0   0   0   0   0   0   0   0   0   0   0   0   0   0   0   0  0.00     0.00
  490 L    -1  -2  -3  -4  -1  -2  -3  -4  -3   2   4  -2   2   0  -3  -2  -1  -2  -1   1    0   0   0   0   0   0   0   0   0   0   0   0   0   0   0   0   0   0   0   0  0.00     0.00
  491 R    -1   5   0  -2  -3   1   0  -2   0  -3  -2   2  -1  -3  -2  -1  -1  -3  -2  -2    0   0   0   0   0   0   0   0   0   0   0   0   0   0   0   0   0   0   0   0  0.00     0.00
  492 Q    -1   1   0   0  -3   5   2  -2   0  -3  -2   1   0  -3  -1   0  -1  -2  -1  -2    0   0   0   0   0   0   0   0   0   0   0   0   0   0   0   0   0   0   0   0  0.00     0.00
  493 M    -1  -1  -2  -3  -1   0  -2  -3  -2   1   2  -1   5   0  -2  -1  -1  -1  -1   1    0   0   0   0   0   0   0   0   0   0   0   0   0   0   0   0   0   0   0   0  0.00     0.00
  494 G     0  -2   0  -1  -2  -2  -2   6  -2  -4  -4  -2  -3  -3  -2   0  -2  -2  -3  -3    0   0   0   0   0   0   0   0   0   0   0   0   0   0   0   0   0   0   0   0  0.00     0.00
  495 R    -1   5   0  -2  -3   1   0  -2   0  -3  -2   2  -1  -3  -2  -1  -1  -3  -2  -2    0   0   0   0   0   0   0   0   0   0   0   0   0   0   0   0   0   0   0   0  0.00     0.00
  496 F    -2  -3  -3  -3  -2  -3  -3  -3  -1   0   0  -3   0   6  -4  -2  -2   1   3  -1    0   0   0   0   0   0   0   0   0   0   0   0   0   0   0   0   0   0   0   0  0.00     0.00
  497 A     4  -1  -2  -2   0  -1  -1   0  -2  -1  -1  -1  -1  -2  -1   1   0  -3  -2   0    0   0   0   0   0   0   0   0   0   0   0   0   0   0   0   0   0   0   0   0  0.00     0.00
  498 M    -1  -1  -2  -3  -1   0  -2  -3  -2   1   2  -1   5   0  -2  -1  -1  -1  -1   1    0   0   0   0   0   0   0   0   0   0   0   0   0   0   0   0   0   0   0   0  0.00     0.00
  499 R    -1   5   0  -2  -3   1   0  -2   0  -3  -2   2  -1  -3  -2  -1  -1  -3  -2  -2    0   0   0   0   0   0   0   0   0   0   0   0   0   0   0   0   0   0   0   0  0.00     0.00
  500 A     4  -1  -2  -2   0  -1  -1   0  -2  -1  -1  -1  -1  -2  -1   1   0  -3  -2   0    0   0   0   0   0   0   0   0   0   0   0   0   0   0   0   0   0   0   0   0  0.00     0.00
  501 N    -2   0   6   1  -3   0   0   0   1  -3  -3   0  -2  -3  -2   1   0  -4  -2  -3    0   0   0   0   0   0   0   0   0   0   0   0   0   0   0   0   0   0   0   0  0.00     0.00
  502 A     4  -1  -2  -2   0  -1  -1   0  -2  -1  -1  -1  -1  -2  -1   1   0  -3  -2   0    0   0   0   0   0   0   0   0   0   0   0   0   0   0   0   0   0   0   0   0  0.00     0.00
  503 I    -1  -3  -3  -3  -1  -3  -3  -4  -3   4   2  -3   1   0  -3  -2  -1  -3  -1   3    0   0   0   0   0   0   0   0   0   0   0   0   0   0   0   0   0   0   0   0  0.00     0.00
  504 K    -1   2   0  -1  -3   1   1  -2  -1  -3  -2   4  -1  -3  -1   0  -1  -3  -2  -2    0   0   0   0   0   0   0   0   0   0   0   0   0   0   0   0   0   0   0   0  0.00     0.00
  505 T     0  -1   0  -1  -1  -1  -1  -2  -2  -1  -1  -1  -1  -2  -1   1   5  -2  -2   0    0   0   0   0   0   0   0   0   0   0   0   0   0   0   0   0   0   0   0   0  0.00     0.00
  506 G     0  -2   0  -1  -2  -2  -2   6  -2  -4  -4  -2  -3  -3  -2   0  -2  -2  -3  -3    0   0   0   0   0   0   0   0   0   0   0   0   0   0   0   0   0   0   0   0  0.00     0.00
  507 E    -1   0   0   2  -4   2   5  -2   0  -3  -3   1  -2  -3  -1   0  -1  -3  -2  -2    0   0   0   0   0   0   0   0   0   0   0   0   0   0   0   0   0   0   0   0  0.00     0.00
  508 G     0  -2   0  -1  -2  -2  -2   6  -2  -4  -4  -2  -3  -3  -2   0  -2  -2  -3  -3    0   0   0   0   0   0   0   0   0   0   0   0   0   0   0   0   0   0   0   0  0.00     0.00
  509 A     4  -1  -2  -2   0  -1  -1   0  -2  -1  -1  -1  -1  -2  -1   1   0  -3  -2   0    0   0   0   0   0   0   0   0   0   0   0   0   0   0   0   0   0   0   0   0  0.00     0.00
  510 T     0  -1   0  -1  -1  -1  -1  -2  -2  -1  -1  -1  -1  -2  -1   1   5  -2  -2   0    0   0   0   0   0   0   0   0   0   0   0   0   0   0   0   0   0   0   0   0  0.00     0.00
  511 Y    -2  -2  -2  -3  -2  -1  -2  -3   2  -1  -1  -2  -1   3  -3  -2  -2   2   7  -1    0   0   0   0   0   0   0   0   0   0   0   0   0   0   0   0   0   0   0   0  0.00     0.00

                      K         Lambda
Standard Ungapped    0.1346     0.3167
Standard Gapped      0.0395     0.2670
PSI Ungapped         0.1289     0.3164
PSI Gapped           0.0395     0.2670
