
Last position-specific scoring matrix computed, weighted observed percentages rounded down, information per position, and relative weight of gapless real matches to pseudocounts
            A   R   N   D   C   Q   E   G   H   I   L   K   M   F   P   S   T   W   Y   V   A   R   N   D   C   Q   E   G   H   I   L   K   M   F   P   S   T   W   Y   V
    1 A     4  -1  -1  -2   0  -1  -1   0  -2  -1  -1  -1  -1  -2  -1   1   0  -2  -2   0    0   0   0   0   0   0   0   0   0   0   0   0   0   0   0   0   0   0   0   0  0.00     0.00
    2 G     0  -2   0  -1  -2  -2  -2   5  -2  -4  -4  -1  -3  -3  -2   0  -2  -2  -3  -3    0   0   0   0   0   0   0   0   0   0   0   0   0   0   0   0   0   0   0   0  0.00     0.00
    3 G     0  -2   0  -1  -2  -2  -2   5  -2  -4  -4  -1  -3  -3  -2   0  -2  -2  -3  -3    0   0   0   0   0   0   0   0   0   0   0   0   0   0   0   0   0   0   0   0  0.00     0.00
    4 G     0  -2   0  -1  -2  -2  -2   5  -2  -4  -4  -1  -3  -3  -2   0  -2  -2  -3  -3    0   0   0   0   0   0   0   0   0   0   0   0   0   0   0   0   0   0   0   0  0.00     0.00
    5 F    -2  -3  -3  -3  -2  -3  -3  -3  -1   0   0  -3   0   6  -4  -2  -2   1   3  -1    0   0   0   0   0   0   0   0   0   0   0   0   0   0   0   0   0   0   0   0  0.00     0.00
    6 F    -2  -3  -3  -3  -2  -3  -3  -3  -1   0   0  -3   0   6  -4  -2  -2   1   3  -1    0   0   0   0   0   0   0   0   0   0   0   0   0   0   0   0   0   0   0   0  0.00     0.00
    7 S     1  -1   1   0  -1   0   0   0  -1  -2  -2   0  -1  -2  -1   4   1  -3  -2  -2    0   0   0   0   0   0   0   0   0   0   0   0   0   0   0   0   0   0   0   0  0.00     0.00
    8 D    -2  -2   1   6  -4   0   2  -1  -1  -3  -4  -1  -3  -4  -2   0  -1  -5  -3  -3    0   0   0 100   0   0   0   0   0   0   0   0   0   0   0   0   0   0   0   0  0.93 0.00
    9 L    -2  -1   4   0  -2  -1  -1  -2  -1   0   2  -1   1  -1  -3  -1  -1  -3  -2  -1    0   0  50   0   0   0   0   0   0   0  50   0   0   0   0   0   0   0   0   0  0.24 0.00
   10 M    -1  -1  -2  -3  -2   0  -2  -3  -2   1   2  -1   6   0  -3  -2  -1  -2  -1   1    0   0   0   0   0   0   0   0   0   0   0   0 100   0   0   0   0   0   0   0  0.36 0.01
   11 A     3  -1   4   0  -1   0  -1   0   0  -2  -2   0  -2  -3  -1   1   0  -3  -2  -1   50   0  50   0   0   0   0   0   0   0   0   0   0   0   0   0   0   0   0   0  0.35 0.00
   12 T    -1  -1   1   4  -2  -1   1  -2  -1  -2  -2  -1  -2  -3  -1   1   3  -3  -2  -1    0   0   0  50   0   0   0   0   0   0   0   0   0   0   0   0  50   0   0   0  0.46 0.00
   13 A     3  -1   0  -1  -1   0  -1   0  -1  -2  -2   0  -1  -2  -1   3   1  -3  -2  -1   50   0   0   0   0   0   0   0   0   0   0   0   0   0   0  50   0   0   0   0  0.35 0.00
   14 W    -2  -1  -2   0  -3   1   3  -2  -1  -3  -2  -1  -2  -1  -2  -1  -2   9   1  -3    0   0   0   0   0   0  50   0   0   0   0   0   0   0   0   0   0  50   0   0  1.07 0.01
   15 L    -2  -2  -4  -4  -1  -2  -3  -4  -3   2   4  -3   2   0  -3  -3  -1  -2  -1   1    0   0   0   0   0   0   0   0   0   0 100   0   0   0   0   0   0   0   0   0  0.46 0.00
   16 C     0  -4  -3  -4   9  -3  -4  -3  -3  -1  -1  -3  -2  -3  -3  -1  -1  -2  -3  -1    0   0   0   0 100   0   0   0   0   0   0   0   0   0   0   0   0   0   0   0  1.22 0.01
   17 L    -2  -3  -4  -4  -1  -2  -3  -4  -3   3   4  -3   2   0  -3  -3  -1  -2  -1   1    0   0   0   0   0   0   0   0   0  23  77   0   0   0   0   0   0   0   0   0  0.43 0.02
   18 A     3   2   2  -1  -1   0  -1   0  -1  -2  -2   0  -1  -3  -1   1   0  -3  -2  -1   55  23  23   0   0   0   0   0   0   0   0   0   0   0   0   0   0   0   0   0  0.28 0.02
   19 V     2  -2  -3  -3  -1  -2  -2  -2  -3   2   0  -2   0  -1  -2  -1   0  -3  -2   4   25   0   0   0   0   0   0   0   0   0   0   0   0   0   0   0   0   0   0  75  0.27 0.02
   20 H     0  -1   3   0  -2   0   0  -1   5  -2  -3  -1  -2  -2  -2   2   2  -3   0  -2    0   0  23   0   0   0   0   0  29   0   0   0   0   0   0  23  25   0   0   0  0.36 0.02
   21 T     0  -1   2  -1  -1  -1  -1  -2  -1   0   1  -1   2  -2  -2   2   3  -3  -2   0    0   0  15   0   0   0   0   0   0   0  15   0  15   0   0  19  35   0   0   0  0.20 0.03
   22 A     3  -1   2  -1  -1   0  -1  -1  -1  -2  -2   1  -1  -3  -1   1   2  -3  -2  -1   50   0  15   0   0   0   0   0   0   0   0  15   0   0   0   0  19   0   0   0  0.26 0.03
   23 A     4  -1  -1  -1  -1   0  -1   0  -2  -2  -2   1  -1  -3  -1   2   0  -3  -2  -1   65   0   0   0   0   0   0   0   0   0   0  15   0   0   0  19   0   0   0   0  0.35 0.04
   24 P    -1   1  -2  -2  -3  -1  -1  -3  -2  -2   0  -1  -1  -3   7  -1  -1  -4  -3  -2    0  15   0   0   0   0   0   0   0   0  15   0   0   0  70   0   0   0   0   0  1.28 0.05
   25 L    -1  -2  -2  -2  -2  -1   1  -3  -2   2   1  -2   0  -1   3  -2  -1  -3  -2   2    0   0   0   0   0   0  15   0   0  15  20   0   0   0  19   0   0   0   0  30  0.27 0.02
   26 Q     0   2  -1  -1  -3   4   1  -2  -1  -3  -2   2  -1  -2  -2  -1  -1   5  -1  -2   12  14   0   0   0  48   0   0   0   0   0  13   0   0   0   0   0  13   0   0  0.51 0.05
   27 A     2  -1  -1  -2  -1  -1  -1  -1  -2   0  -1   1   2  -2  -1   1   1  -3  -2   1   36   0   0   0   0   0   0   0   0   0   0  13  12   0   0  12  13   0   0  14  0.16 0.03
   28 G     2   0  -1  -2  -2   0  -1   2   3  -2  -2   2   1  -2  -2   0  -1  -3  -1  -1   30   0   0   0   0   0   0  19  12   0   0  26  12   0   0   0   0   0   0   0  0.20 0.03
   29 V     0  -2  -1  -1  -1  -1   1  -2  -2   2   0  -1   2  -1  -2   1   2  -3  -2   2    0   0   0   0   0   0  14   0   0  12   0   0  12   0   0  13  17   0   0  31  0.15 0.03
   30 D     2  -2   2   5  -3  -1   1  -1  -1  -3  -3  -1  -3  -3  -2   0  -1  -4  -3  -2   29   0  12  58   0   0   0   0   0   0   0   0   0   0   0   0   0   0   0   0  0.57 0.05
   31 D    -1  -2   0   4  -3  -1   0   1  -1  -3  -3  -1  -2  -1   3   1  -1  -2   1  -2    1   1   0  44   0   0   1  11   0   1   1   1   0   0  15  12   1   0  11   1  0.42 0.04
   32 A     3  -1  -1   1  -2  -1  -1  -1  -2  -2  -2   1  -1   1   3   0  -1  -2  -1  -1   44   1   0  10   0   0   1   1   0   1   1  11   0  12  15   1   1   0   0   1  0.23 0.04
   33 V    -1   1  -1   1  -2   0  -1  -2  -2   1   1   2   0  -1  -2  -1  -1  -3  -2   2    1  10   0  12   0   0   1   1   0   1  15  22   0   0   1   1   1   0   0  33  0.10 0.03
   34 P     1  -2  -2  -2  -2  -1  -1   1  -2  -2  -1  -1  -1  -3   6   0   0  -3  -2  -1   18   0   0   0   0   0   0  11   0   0  10   0   0   0  47   1   9   0   0   0  0.74 0.05
   35 P     0  -2  -2  -1  -2  -1   1  -2  -2   0  -2  -1  -2  -3   7  -1  -1  -3  -3  -1   10   0   0   0   0   0  11   1   0  11   1   0   0   0  62   1   0   0   0   0  1.08 0.07
   36 V     0  -1  -2  -2  -2  -1   0  -2  -2   0  -1   1   0   2  -2  -1  -1   5   0   2   11   0   0   0   0   0   8   1   0   0   1  18   0  14   0   1   0  11   0  34  0.16 0.03
   37 D     0   0   2   3  -2   2   1  -1   0  -2  -2   2  -1  -3  -1   0  -1  -2  -2  -2   11   1  17  23   0  17   1   1   0   1   2  17   0   1   1   1   1   0   1   1  0.27 0.03
   38 A     1   0   0   1  -1   0   0  -1  -1  -1  -1   2   1  -2  -1   1   0  -2  -2   0   16   1   1  11   0   1   1   1   0   1   2  24   8   1   1  17   1   0   1  11  0.10 0.02
   39 K    -1   1   0   2  -3   1   3  -2  -1  -3  -3   4  -2  -3   2   0  -1  -3  -2  -3    1   0   0  10   0   0  27   1   0   0   1  49   0   0   8   1   0   0   0   1  0.45 0.05
   40 L    -1  -2  -2   1  -2   1  -1  -3  -2   2   2  -1   2  -1   2  -2  -1  -2  -2   1    1   0   0  10   0  10   1   1   0  25  28   0   8   0  13   1   0   0   0   1  0.18 0.03
   41 V    -1  -2   1  -2  -2  -1  -2  -2   1   1   1  -2   0  -1  -2   0   0   4  -1   1    1   0  12   0   0   0   0   1   7   9  25   0   0   0   0  13   0   8   0  21  0.13 0.03
   42 A     4   0  -2  -2  -1  -1  -1  -1  -2  -2  -1   2  -1  -3  -1   0  -1  -3  -2  -1   64   4   0   0   0   0   0   0   0   0   6  24   0   0   0   0   0   0   0   0  0.37 0.09
   43 S     3  -1   1  -1  -2   1  -1  -1  -1  -2  -2  -1  -1  -1  -2   2   0  -2   2   0   35   0   9   0   0  12   0   0   0   0   0   0   0   0   0  24   0   0  14   6  0.24 0.07
   44 W    -1   2   0  -2  -3  -1  -1  -1   3  -1   0   1  -1   0  -3  -1   0   5   0   0    0  20   4   0   0   0   0   4  15   0   9   8   0   5   0   3   7  11   0  13  0.20 0.06
   45 W    -2  -2  -2  -3  -3  -2  -2   2   3  -3  -2  -2  -2   2  -3   0  -2   5   5  -3    0   0   0   0   0   0   0  22  11   0   0   0   0   6   0   9   0  11  40   0  0.64 0.11
   46 G     1  -2  -1  -1  -2  -1  -1   4  -2  -3  -3   0  -2  -3  -2   2   2  -3  -3  -2   14   0   0   0   0   0   0  35   0   0   0   6   0   0   0  23  22   0   0   0  0.42 0.08
   47 G    -1  -1   1  -1  -2   0  -1   2  -2   1  -1   0  -1  -2  -2   1   3  -3  -2   0    0   0   9   0   0   4   0  16   0  13   0   5   0   0   0   8  39   0   0   5  0.22 0.07
   48 P     0  -2  -1  -1   3  -1   1   4  -2  -3  -3   0  -3  -3   3  -1  -2  -3   0  -3    5   0   0   0   8   0  13  46   0   0   0   5   0   0  19   0   0   0   4   0  0.57 0.09
   49 S     0   0  -1   0  -2   2   3  -2  -1  -2  -1   1   1  -2  -2   1   0  -3   0  -2    7   4   0   0   0   8  28   0   0   0   8  13   6   0   0  19   4   0   3   0  0.23 0.06
   50 E     1  -2  -1   2  -2  -1   1   0  -1  -1  -1  -1   0  -1  -2   0   1  -2   1   0   23   0   0  20   0   0  10   8   0   0   4   0   4   0   0   0  11   0   8  10  0.14 0.05
   51 P     2  -2  -2  -2  -2   0  -1  -2  -2  -1  -3  -1  -2  -3   6   1   1  -4  -3  -2   32   0   0   0   0   4   0   0   0   4   0   0   0   0  41   9  11   0   0   0  0.77 0.12
   52 P     2   0  -2  -1  -3  -1   2  -2  -2  -3  -3   1  -2  -4   5   0  -1  -4  -3  -2   31   6   0   0   0   0  16   0   0   0   0  10   0   0  35   3   0   0   0   0  0.68 0.12
   53 A     1  -1   0   0  -2   0   2   0   1  -3  -3   0  -2  -3  -2   4   0  -4  -2  -2   12   0   0   3   0   3  13   3   3   0   0   3   0   0   0  60   0   0   0   0  0.49 0.14
   54 G     2  -2  -2  -1  -2  -1  -1   1  -2  -2  -1  -2  -1   4   0  -1  -2  -1   3  -2   27   0   0   3   0   3   3  14   0   0   5   0   0  30   5   0   0   0  10   0  0.27 0.10
   55 D    -2   2   1   4  -3  -1   1  -2  -2  -3  -3   1  -2  -4   0   0   3  -4  -3  -2    0  18   7  28   0   0   5   0   0   0   0   6   0   0   3   0  33   0   0   0  0.45 0.13
   56 D    -1  -1   2   2  -2  -1   0  -2  -2  -1  -2   1  -2  -3   1   3   1  -4  -3  -2    0   0  10  17   0   0   3   0   0   4   3  13   0   0   5  40   5   0   0   0  0.33 0.11
   57 P     1  -2  -1  -2  -2   0   0  -2  -2   0  -1  -1   2  -2   1   2   3  -3  -2   1   13   0   0   0   0   3   5   0   0   3   3   3  10   0   8  18  25   0   0  10  0.21 0.08
   58 N     2  -2   2   0   0  -1  -1   1  -2  -1  -1  -2  -1   2   2   0  -1  -2  -1   0   24   0  13   4   2   0   2  10   0   0   3   0   0  14  10   8   0   0   0  10  0.15 0.07
   59 G    -1  -2   1  -1  -2  -1   1   1  -1   0   1  -1   2   2  -2   0  -1  -2  -1   0    1   1  13   1   0   0  12  14   0   1  22   1  11  12   1   6   1   0   0   5  0.10 0.06
   60 K    -1  -1  -1  -1  -2   0   2  -2   0  -1   0   1   0  -2   1   0   3  -3  -2   0    3   0   0   0   0   0  17   1   2   0  10  15   3   0   7   3  29   0   0   8  0.19 0.08
   61 R    -1   3  -1  -1  -4   0  -1  -3  -2  -3  -3   3  -2  -4   5   0  -1  -4  -3  -2    2  20   0   3   0   3   0   0   0   0   0  32   0   0  29   8   2   0   0   2  0.67 0.15
   62 P     0   0  -2  -2   0  -1   1   0   1  -1  -1  -1  -1  -3   5   1  -1  -4  -3   0    4   4   0   0   2   0  10   9   5   2   5   0   2   0  37  13   0   0   0   8  0.52 0.11
   63 W     1   1  -1  -2  -2   2  -1  -2  -2  -1  -1  -1  -1  -1  -2   1   3   4  -2   0   12   9   0   0   0  14   0   0   0   0   4   0   0   2   0   8  36   7   0   9  0.29 0.12
   64 R     1   3   0   0   0   0   1  -2  -1  -2  -2   3  -2  -3  -1   1   0  -3  -2  -2   16  18   2   4   2   2   6   0   0   2   3  26   0   0   2  12   4   0   0   0  0.25 0.09
   65 A     1  -2   0   1  -2  -1   1   1  -1  -1  -1  -1  -1   1   0   1   0  -2   0  -1   16   0   4  12   0   0   8   9   0   3   4   2   0   9   5  16   6   0   3   2  0.11 0.04
   66 E    -2  -1   1   1  -4   1   5  -2   1  -3  -3   0  -2  -4   2  -1  -1  -4  -3   0    0   0   6   4   0   3  55   2   3   0   0   4   0   0   9   2   2   0   0   9  0.53 0.14
   67 L    -2   0  -1   3  -3   0   0  -2  -2  -1   1  -1   5  -1  -1   0  -1  -3  -2  -1    0   6   0  26   0   2   5   3   0   0  15   0  28   2   2   6   1   0   0   3  0.29 0.14
   68 N     0   0   2  -1  -2  -1   0  -1  -1  -2  -2  -1   2  -1   1   2   1  -3  -1  -1    9   5  17   1   0   0   5   1   0   0   0   2  10   3   6  23  12   0   2   2  0.20 0.11
   69 A     2  -1   2  -2  -2   0  -1  -1  -2  -1   1   0  -1  -1  -1   1   0  -3  -2   0   28   0  12   0   0   4   2   3   0   1  19   7   0   2   1  11   4   0   0   7  0.13 0.11
   70 R     1   0  -2  -2  -2   0   0  -1   1   2   0   1   0  -2  -1  -1   2  -3  -2   1   14   7   0   0   0   2   4   3   4  15   7  10   1   0   1   0  19   0   0  12  0.11 0.10
   71 A     2  -1   1  -2  -3   0   0  -1  -1  -1  -2   2  -2  -1  -2   0   0  -2   4  -1   27   0   8   0   0   4   3   2   0   3   0  19   0   0   0   7   4   0  19   3  0.26 0.16
   72 V     0  -2   0   0   2   0   1  -2  -2   2   0  -1   0  -1  -1   0   0  -3  -2   2    4   0   5   6   6   5  10   1   0  18   4   3   1   3   3   9   4   0   0  18  0.09 0.09
   73 W     0  -2  -1  -1  -2   0   1  -1  -2   0   1   0  -1  -1   1   0   2   2  -2  -1    5   0   1   2   0   5  14   5   0   5  19   7   0   3   7   2  23   3   0   0  0.14 0.12
   74 H    -1   0   1   2  -4   1   4  -2   4  -4  -3   0  -3  -4  -1   0   0  -4  -2  -3    4   5   7  12   0   6  32   2  16   0   1   3   0   0   2   4   6   0   0   1  0.47 0.21
   75 N    -1   0   3   2  -4  -1   0  -2  -1  -3  -2   2  -3  -3   5   0  -2  -4   0  -3    4   6  17  10   0   1   6   1   1   1   3  13   0   0  29   4   0   0   4   0  0.56 0.22
   76 P     0  -1  -2  -2  -3   1  -1  -2   0   0  -1   0  -1  -3   5   0   0  -4  -3   0    9   1   1   1   0   8   3   1   3   6   5   7   2   0  31   7   7   0   0   8  0.44 0.18
   77 T     1  -1   1  -1  -3   0   0  -1  -2  -2  -2   1  -2  -2   2   1   2  -3   2  -1   14   0   8   1   0   3   6   2   0   1   2  12   0   0   9   8  20   0   9   4  0.21 0.16
   78 N    -2   0   5   1  -3  -1  -1  -2   0  -1  -3   1  -3  -1  -2   1   3  -4  -3  -2    0   4  33   7   0   2   1   2   2   4   0   8   0   3   1   9  24   0   0   1  0.48 0.26
   79 P     2  -3  -2   0  -3  -2  -2   2  -1  -3  -4   0  -3  -4   5  -1   0  -4  -4  -1   21   0   1   6   0   1   0  20   1   0   0   4   0   0  32   3   5   0   0   4  0.68 0.27
   80 V    -2   2   0  -2  -3   0  -1  -3   0   0  -1   3   0   1  -3   0   1  -3   2   0    0  11   3   0   0   2   1   0   3   8   3  30   2   5   0   8   9   0   8   6  0.26 0.20
   81 A     3  -5  -5  -5   2  -4  -4  -4  -5  -1  -2  -4  -2  -4  -4  -3  -2  -5  -4   6   23   0   0   0   4   0   1   0   0   0   1   1   0   0   0   1   1   0   0  68  1.20 0.53
   82 R    -2   0  -3  -1  -3  -2  -1  -4  -2   1   1  -3   0   4  -4  -1   2  -2   3   0    2   5   0   3   0   1   4   0   0  10  11   0   1  25   0   3  16   0  10   7  0.33 0.22
   83 F    -3  -4  -5  -5  -4  -4  -5  -4  -4   3   4  -4   4   5  -5  -4  -1  -3  -1   0    0   0   0   0   0   0   0   1   0  17  39   0  11  25   0   0   3   0   0   2  0.85 0.37
   84 E    -2  -2   0   5  -5   0   3  -3   4  -3  -5   0  -4  -4  -4  -2   0  -5   0  -2    2   0   3  39   0   3  17   0  14   2   0   7   0   0   0   1   5   0   4   3  0.75 0.36
   85 T    -3  -4  -2  -2  -4  -3  -1  -5  -5   3  -1  -3   1  -4  -4  -2   6  -5  -4   1    0   0   2   2   0   0   4   0   0  17   3   0   4   0   0   0  59   0   0   9  1.01 0.50
   86 S    -1  -3   3  -1   1  -1   0  -2  -3  -4  -4  -1  -3  -5   1   3   3  -5  -4  -2    2   0  18   3   3   1   5   2   0   0   0   3   0   0   6  31  25   0   0   2  0.59 0.35
   87 M     0   0  -3  -2  -3   0  -2  -2   1   2   2   2   1   0  -3  -2  -2  -3   0   1   10   3   0   1   0   3   0   2   5  17  21  17   4   4   0   2   0   0   2   8  0.19 0.18
   88 G    -3  -6  -4  -5  -6  -2  -5   7  -5  -7  -7  -5  -6  -1  -6  -4  -5  -6  -6  -6    0   0   0   0   0   2   0  95   0   0   0   0   0   3   0   0   0   0   0   0  2.29 0.73
   89 T    -3   5   2   4  -5  -2   0  -4  -3  -5  -3  -1  -4  -5   1  -1  -1  -6  -5  -4    1  37   8  30   0   0   5   0   0   0   2   2   0   0   8   3   4   0   0   0  0.88 0.42
   90 I    -4  -6  -6  -6  -4  -5  -6  -7  -6   7   2  -5   1  -1  -6  -5  -4  -5  -4   2    0   0   0   0   0   0   0   0   0  68  19   0   3   1   0   0   0   0   0   9  1.47 0.56
   91 R     0  -1   0  -2  -3   0   1  -2   0   1  -2   1  -1  -3  -3  -1   2  -4  -3   3    5   2   4   1   0   4  10   2   2   8   0   9   0   0   0   2  17   0   0  31  0.27 0.24
   92 A    -2  -5  -5  -6   0  -5  -5  -6  -5   5   2  -5   3   3  -5  -4  -3  -4  -2   2    2   0   0   0   2   0   0   0   0  44  18   0   9  15   0   0   0   0   0  10  0.94 0.41
   93 E    -2  -2  -2   3  -6   0   6   1  -3  -5  -4   1  -2  -5  -4  -2  -3  -5  -5  -3    3   1   0  15   0   1  53  12   0   0   2   8   1   0   0   1   0   0   0   2  0.93 0.46
   94 I    -4  -5  -6  -6  -4  -5  -6  -2  -6   0   6  -5   0   0  -6  -5  -3  -5  -4   0    0   0   0   0   0   0   0   4   0   3  84   0   0   3   0   0   1   0   0   5  1.40 0.57
   95 F    -4  -1  -2   0  -5  -4  -3  -5   2  -4  -1  -4  -3   6  -6  -4  -4   5   6  -4    1   4   2   5   0   0   1   0   4   0   4   0   0  38   0   0   0   8  31   0  1.33 0.53
   96 L     1  -1   0   0   3  -2  -2   2  -3  -3  -2   0  -2  -2   2   1   0  -2  -1   0   16   3   6   6   8   0   0  20   0   0   2   5   0   1   9   9   5   0   2   7  0.23 0.17
   97 D    -2  -1   1   5  -5  -1   2  -3  -2  -4  -4   3  -4  -4  -3  -2   1  -5  -1  -4    3   2   7  38   0   2  16   1   0   0   1  18   0   0   1   1   8   0   2   1  0.72 0.35
   98 H     0  -1   0   1  -2   0   2  -2   2   0  -1   1   0  -2  -2   0   0  -3  -1   1    7   1   4   6   0   3  18   2   7   6   5   9   3   1   0   4   6   0   2  15  0.11 0.12
   99 M     4  -3  -4  -5   4  -4  -4  -3  -4  -1  -3  -3  -1  -2  -4   0   1  -5  -4   4   38   1   0   0  10   0   0   0   0   1   0   0   1   2   0   6   7   0   0  34  0.75 0.42
  100 P    -5  -6  -6  -5  -7  -5  -5  -6  -6  -7  -7  -5  -7  -8   9  -5  -5  -8  -7  -6    0   0   0   0   0   0   0   0   0   0   0   0   0   0 100   0   0   0   0   0  3.36 1.00
  101 I    -1   2   0  -3   0   0   0  -3  -2   0  -1   5  -2  -4  -4  -3  -3  -5  -4  -1    4  11   4   0   2   4   5   1   0   7   7  49   0   0   0   0   0   0   0   5  0.65 0.37
  102 T     1  -4  -1  -4  -2  -4  -4  -1  -1  -2  -3  -4  -2  -5  -4   0   7  -5  -4  -1   12   0   2   0   1   0   0   4   1   1   1   0   1   0   0   4  69   0   0   4  1.24 0.59
  103 A     4  -5  -5  -5   7  -4  -5  -4  -5  -2  -3  -4  -3  -4  -4  -2   1  -5  -4   4   32   0   0   0  22   0   0   0   0   0   0   0   0   0   0   2   7   0   0  36  1.10 0.51
  104 S     0   2   1   1  -3   0   4   0  -2  -4  -3   1   0  -4  -3   0  -1   0  -2  -4    8  10   6   6   1   1  38   8   0   0   2   9   3   0   0   4   3   1   1   0  0.45 0.28
  105 N    -4   0   8  -2  -6   0  -3  -4   0  -6  -6  -2  -5  -6  -5  -1   0  -7  -5  -4    0   6  78   0   0   3   0   0   2   0   0   2   0   0   0   4   4   0   0   1  1.86 0.71
  106 F    -6  -7  -7  -7  -6  -7  -7  -7  -5  -1  -3  -7  -4   9  -7  -6  -6  -3  -1  -4    0   0   0   0   0   0   0   0   0   3   0   0   0  97   0   0   0   0   0   0  2.94 0.90
  107 I     0   3  -3  -4   1  -1  -2  -4  -3   1   3   0   0  -1  -4  -1  -2  -3   0   2    6  20   0   0   3   1   1   0   0   9  29   4   2   2   0   3   1   0   3  16  0.31 0.23
  108 D     2   0  -1   2  -1   3   0  -1  -1  -3  -4   3   0  -4  -3   1   0  -4  -3  -2   19   3   1  11   1  19   3   3   1   0   0  20   2   0   0   8   6   0   0   2  0.39 0.28
  109 L    -4  -5  -3  -6  -4  -4  -5  -6   1   0   5  -5   2   1  -6  -3  -4  -4   2  -2    0   0   1   0   0   0   0   0   4   4  74   0   3   4   0   2   0   0   7   0  1.17 0.51
  110 V     2  -6  -5  -6   9  -5  -5  -5  -6  -1  -2  -5  -3  -4  -5  -1  -1  -5  -5   3   17   0   0   0  50   0   0   0   0   2   2   0   0   0   0   4   3   0   0  21  1.63 0.60
  111 N     0   1   1   0  -4   2   2  -2  -2  -3  -1   3  -1  -4  -2   0   1  -4  -3  -3    6   6   5   4   0  11  18   2   0   0   7  23   1   0   1   3  12   0   0   0  0.34 0.24
  112 K     0   1   0   2  -1   1   1   0  -1  -2  -2   3  -2  -4  -2   1  -1  -4  -3  -1    6   9   4  12   1   6   8   8   1   2   4  21   0   0   1  14   1   0   0   4  0.23 0.17
  113 G    -2  -3  -1  -1  -4  -1   0   6   1  -5  -4   2  -2  -5  -4  -2  -2  -4  -4  -5    2   1   3   3   0   2   5  61   4   0   2  13   1   0   0   2   1   0   0   0  1.01 0.42
  114 F    -1  -3  -3  -4  -3  -3  -4  -1   4  -1  -2  -1  -2   5  -4  -2  -1   0   6  -2    6   0   0   0   0   1   0   5  11   4   2   5   0  26   0   2   5   1  31   1  0.84 0.38
  115 Y    -5  -5  -5  -6  -5  -5  -5  -6  -2  -4  -4  -5  -4   3  -6  -5  -5   2   9  -4    0   0   0   0   0   0   0   0   0   1   0   0   0  11   0   0   0   2  81   0  2.56 0.81
  116 D    -2   0   4   4  -5  -1   0  -3  -2  -3  -4   4  -4  -5  -3  -2  -1  -5  -4  -3    3   4  24  25   0   2   3   0   0   2   1  30   0   0   0   0   3   0   0   1  0.75 0.37
  117 G    -2  -1   4   0  -4  -3  -3   5  -3  -5  -3  -2  -4   0  -4  -2  -2  -4  -3  -4    1   3  19   5   0   1   1  55   0   0   3   1   0   5   0   2   2   0   1   0  0.97 0.41
  118 L     0  -3   1  -2   3  -2  -2  -2  -2  -1   0  -1   1  -1  -3   3   3  -4  -3   0    4   0   7   0   6   0   0   2   1   3   9   4   5   2   0  28  21   0   0   7  0.32 0.25
  119 S     0  -1  -1  -1  -1  -1   0  -2   0   2   0   1  -1  -2   3   0   2  -4  -2   0    5   1   2   3   1   1   6   1   2  18   6   9   0   1  15   5  16   0   0   5  0.21 0.16
  120 F    -5  -5  -6  -6   0  -6  -6  -6  -4   0  -1  -5  -3   9  -6  -5  -5  -1   0  -1    0   0   0   0   2   0   0   0   0   4   4   0   0  81   0   0   0   1   0   4  2.09 0.68
  121 H    -5  -3   0  -3  -6   0  -3  -3  10  -3  -5  -2  -4   0  -5  -2  -4  -5   0  -2    0   0   3   1   0   5   0   2  72   2   0   2   0   4   0   2   0   0   2   3  2.16 0.73
  122 S    -4   7   0  -4  -6  -2  -2  -2  -1  -6  -5   1  -4  -5  -5   0  -2  -5  -4  -5    0  73   5   0   0   0   2   2   1   0   0   8   0   0   0   6   2   0   0   0  1.57 0.61
  123 V    -3  -4   0  -5  -2  -4  -4  -5  -5   4   1  -4   0  -3  -4  -1  -2  -5  -3   6    0   0   5   0   0   0   0   0   0  20   8   0   1   0   0   4   0   0   0  58  0.99 0.44
  124 V    -2  -2  -2  -2  -3   0  -1  -5  -4   6   0  -2   1  -1  -4  -3  -1  -4  -3   3    2   1   2   2   0   6   4   0   0  51   3   2   3   3   0   1   2   0   0  16  0.68 0.35
  125 K    -2   0  -1   1  -5   0  -1  -4   0  -5  -5   4  -4  -5   6  -2  -1  -5  -4  -4    3   4   2   7   0   4   2   0   2   0   0  34   0   0  36   2   3   0   0   0  1.04 0.45
  126 G    -2  -2   4   4  -5  -1  -1   4   0  -5  -5   0  -4  -2  -4   0  -3  -5  -4  -5    2   1  19  22   0   2   3  36   2   0   0   5   0   2   0   5   0   0   0   0  0.75 0.35
  127 L    -3  -2  -3  -5  -5  -5  -4  -4  -4  -3  -1  -5  -3   8  -3  -4  -4  -2   3  -2    2   3   2   0   0   0   1   2   0   0   4   0   0  73   1   1   0   0   8   2  1.76 0.61
  128 V    -3  -4  -5  -5  -4  -4  -5  -5  -4   2   1  -4   8  -3  -5  -2  -1   0  -1   3    0   0   0   0   0   0   0   0   0   9  11   0  49   0   0   3   3   1   2  20  1.25 0.53
  129 D     1  -4  -4  -3   3  -1  -4  -4  -4   5   0  -3  -1   0  -4  -2  -1  -1  -3   2   16   0   0   1   8   3   0   0   0  37   6   0   0   4   0   2   4   1   0  16  0.52 0.29
  130 Q    -4  -2  -3  -4  -2   8   0  -5   1  -6  -5  -2  -4  -6  -4  -2  -4  -5  -4  -3    0   0   0   0   1  85   4   0   3   0   0   0   0   0   0   3   0   0   0   2  2.16 0.81
  131 F     0  -2  -3  -2   1  -3  -4   5  -4  -4  -4  -3  -4  -2  -4  -1   3  -4  -4  -2    8   3   0   2   3   0   0  56   0   0   0   0   0   2   0   3  18   0   0   3  0.95 0.42
  132 G    -2  -5  -3  -4  -5  -4  -4   7   1  -6  -6  -2  -5  -5  -5  -3  -4  -5  -5  -5    2   0   0   0   0   0   0  88   3   0   0   2   0   0   0   0   0   0   0   0  1.96 0.64
  133 C    -3  -1  -2   7   2  -3  -1  -1   0  -5  -5  -3  -5  -5  -4  -1  -3  -5  -5  -5    2   3   0  73   5   0   1   4   2   0   1   0   0   0   0   5   0   0   0   1  1.53 0.55
  134 P    -3  -2  -4  -4  -4  -3  -3  -2  -2   1  -3  -3  -3   4   6   0  -3  -3   0  -1    1   2   0   1   0   0   1   2   1   9   1   1   0  23  43   7   1   0   3   4  1.03 0.41
  135 F     0  -1  -1  -1  -1  -1  -1  -2   0   0   0   0  -1   0   1   1   2  -1   1   0    7   3   1   2   1   1   3   2   2   6   9   6   1   3   5  10  22   0   7   7  0.10 0.08
  136 S     0   0   1   0  -2   0   0   2   1  -2  -1   0  -1   0   0   0   0  -2  -1  -1   10   6   8   3   1   2   5  19   5   2   5   5   1   5   5   8   3   0   1   4  0.09 0.05
  137 R     0   0   0   0  -1   0   1   0   1  -1  -1   0  -1   0   2   0   1  -1  -1   0    4   5   4   5   1   3  10  10   4   2   4   3   1   5  11   7  12   1   2   8  0.09 0.04
  138 D    -1   0   2   2  -1   0   0   1  -1  -1  -1   0   0  -1   0   0   0   1   0  -1    4   7  11  13   1   2   5  14   1   5   6   3   2   2   4   7   4   3   4   3  0.09 0.04
  139 P     1   0   0   0  -1   0   0   0   0  -1  -1   0   0  -1   2   1   1  -1  -1   0   15   4   4   7   1   4   4   4   2   3   5   4   3   2  10  12   9   1   2   6  0.09 0.03
  140 M     0  -1   0   0  -1   0   0   1   0  -1  -1   0   0   0   2   0   0  -1   0   0   10   3   3   5   1   3   7  14   2   3   5   5   3   5   9   7   3   1   4   7  0.06 0.02
  141 D     0   1   0   1  -1   0   1   1  -1  -1  -1   1  -1   0   0   0   0  -1  -1  -1    7   8   4  10   1   3  11  13   1   3   6   8   1   4   5   4   3   1   2   6  0.06 0.02
  142 E     0   0   0   0  -1   0   1   1   0  -1  -1   0  -1  -1   1   0   0  -1   0  -1    9   3   4   5   1   3  10  11   1   5   6   8   1   3   8   8   5   1   3   4  0.06 0.01
  143 R     0   0   0   0  -1   0   0   0  -1   0   0   0   0   0   0   0   1   3   0   0    5   5   3   6   1   4   4   8   1   6  11   4   1   6   5   8  10   5   2   6  0.03 0.01
  144 V     0   0   0   0   0   0   0   0   0   0   0   0   0  -1   1   0   0  -1   0   0   10   4   4   6   3   3   4   6   2   9   9   8   1   2   5   6   6   1   3   6  0.01 0.00
  145 G     1   0   0   0  -1   0   0   0  -1   0   0   0   0  -1   1   0   0  -1   0   0   13   4   3   6   1   5   4   9   1   6   8   5   2   3   6   6   8   1   4   6  0.03 0.01
  146 T     0  -1   2   1   1  -1   0  -1  -1  -1  -1   0  -1  -1   0   1   2  -1  -1   0    5   2  12   9   3   2   3   4   1   4   4   5   1   2   5   7  21   1   2   6  0.13 0.07
  147 G    -1  -1   0  -1  -2  -1  -1   5  -1  -2  -2   0  -2  -2  -1   0  -1  -2  -2  -2    4   3   4   2   1   2   2  48   1   2   4   8   1   2   2   7   2   1   1   3  0.52 0.16
  148 T     0  -1   1   2   0  -1   0  -1  -2  -1  -2   0  -1  -2  -1   0   4  -2  -2   0    7   2   8  11   2   1   4   4   1   2   3   5   1   1   2   6  31   0   1   7  0.23 0.13
  149 A     0  -3  -2  -2  -3  -1   0   5  -2  -1  -2  -2  -3  -3  -2  -1  -2  -3   1  -3    6   1   1   1   0   2   7  55   0   4   5   1   0   1   1   4   1   0   5   1  0.71 0.27
  150 P    -1   2  -1   0  -2  -1   0   0  -1  -1  -2   2   0  -2   0   0   3  -3  -2  -1    2  14   2   6   0   1   5   6   1   4   3  15   3   2   5   3  25   0   1   2  0.21 0.15
  151 A     0  -1   1  -2  -3  -2  -1   5  -2  -3  -3  -2  -3  -3   1  -1  -1  -3  -3  -2    6   4   6   2   0   1   3  54   0   1   2   1   0   1   9   3   2   0   1   3  0.73 0.27
  152 G    -1   1  -2  -2  -2  -2  -3   6  -3  -3  -3  -1   0  -3  -3   0  -2  -3  -3  -3    2   9   1   1   1   1   1  62   0   1   2   3   2   1   1   7   1   0   1   2  0.95 0.34
  153 S    -1   1   0   0  -1   1   3  -2  -1  -1  -1   1  -1  -1  -1   1   0  -2   1  -2    3   6   4   4   2   5  23   1   1   3   6  10   2   2   2  12   6   0   8   1  0.17 0.13
  154 T    -1  -2   0  -2   0  -1  -1  -2   0   1  -2  -1  -2  -3   0   5   0  -3  -3  -1    2   1   4   1   2   2   3   1   2   8   3   2   0   1   5  51   5   0   1   5  0.51 0.30
  155 F    -2  -3  -3  -3   1   0  -3  -3  -1   5   0  -3  -1   1   1  -1  -2  -3   0   1    3   1   1   1   3   5   1   1   2  50   5   1   0   6   6   5   1   0   3   7  0.54 0.28
  156 M    -2  -1   0  -1  -3  -2  -2   0  -2  -3  -1  -3   2   0  -1  -1  -2   7   6  -3    3   3   4   3   0   1   3   7   0   1   5   1   5   2   3   4   2  16  35   1  0.79 0.33
  157 N    -1  -2   1   1  -3  -2   0   5  -3  -1  -2  -1  -3  -3   0   0  -1  -3  -3  -1    3   1   6   7   0   1   7  46   0   3   3   2   0   1   4   5   4   0   0   5  0.51 0.23
  158 Y    -1   0   0   1  -2   1   2  -1   0   0   0   1   0   0  -1   0   0  -2   0   0    2   4   4   7   0   5  14   3   1   8  10  10   3   3   2   9   3   0   4   6  0.06 0.05
  159 C    -1   0  -1  -1   1   0   0  -1   0   0   0   1   1   0   2  -1  -1  -1   1   0    3   4   3   3   3   3   4   5   3   4  11  10   6   4  13   4   3   0   7   6  0.07 0.05
  160 S     0   0   0  -1   0   0   1  -1  -1  -1  -1   0   0   2   0   0  -1  -1   0   0   10   5   6   3   2   4  10   4   1   2   4   8   2  14   5   7   2   1   3   7  0.05 0.04
  161 G     0  -1   0   0  -2   0   1   2   0  -2  -2   0  -1   0   1   0   0  -2  -1  -1    9   3   5   6   1   3  13  20   3   2   4   4   1   4   6   6   6   1   1   3  0.13 0.06
  162 D    -1  -1   0   3  -2   0   2   0  -1  -2  -2   0   0  -1   1   0  -1  -2  -2  -2    3   2   4  24   1   2  17   8   1   2   3   5   4   3   6   6   4   1   1   3  0.23 0.10
  163 E    -1  -1   0   0  -2   2   3  -1  -1  -1  -2   0   0  -2   2   0   0  -2  -1  -1    4   3   5   5   1   9  25   3   1   3   3   3   3   1  10   8   4   1   2   6  0.20 0.10
  164 I     0   0   0  -1  -1   0   0   0  -1   1   0   0   0   1  -1   0   0  -1   0   0    6   4   3   3   1   4   5   9   1  11   8   8   1  11   2   8   7   1   3   5  0.01 0.02
  165 V    -1   1   0  -1  -1   0   1   0   1   0  -1   0   0  -1   2   0   0  -1   0   0    3   7   3   3   1   2  10   9   3   7   4   8   3   2  10   6   8   1   5   7  0.06 0.03
  166 R     0   1   0  -1  -1   0   0  -1  -1   0  -1   0   0  -1   3   0   0  -1   0   0    6   7   6   3   1   2   7   5   1   6   4   6   4   3  14   8   6   1   3   9  0.10 0.04
  167 V     1  -1   0  -1   0  -1  -1   0   1   0   0  -1  -1   0   1   0   1  -1   2   0   11   2   3   2   2   2   3   7   5   3   7   3   1   4   8   6  10   1   9  11  0.05 0.04
  168 N     0   1   1   0  -1   0   0   1  -1  -1  -1   0  -1   0   2   0   0  -1   1  -1    6   9   6   4   1   2   5  12   1   2   4   7   1   6  10   6   7   1   7   3  0.09 0.04
  169 G     0   0   0   0  -1  -1   0   1  -1  -1  -1   0   0  -1   3   0   0  -2  -1  -1    9   6   5   7   1   1   5  13   1   3   8   4   3   2  15   7   4   0   1   3  0.14 0.05
  170 T     0   0   0  -1  -3  -1   0  -2  -2  -2  -2   4  -2  -1   2   0   1  -3   0  -1    6   4   4   3   0   1   3   2   0   1   2  33   1   3  12   7  10   0   3   4  0.31 0.18
  171 I    -1  -3  -2  -3  -3  -3  -3  -2  -2   1   1  -2  -1   6  -1  -1  -1  -1   1  -1    5   1   2   1   0   1   1   3   0   9  14   2   0  41   3   4   4   0   3   4  0.52 0.24
  172 E     0   0   1   1  -3   1   3  -2  -1  -2  -1   2  -2  -1   2   0  -1  -3  -2  -2    7   2   6   8   0   6  20   2   1   1   5  19   0   2  10   4   2   0   1   3  0.25 0.15
  173 D    -1  -2   2   6  -3   0   1  -1   0  -3  -3  -1  -3  -4   1  -1  -2  -4  -3  -3    5   2  10  46   0   4  10   4   2   1   2   2   0   1   6   2   1   0   1   1  0.73 0.29
  174 E    -2  -2  -1  -1  -4  -1   6  -2  -2  -3  -3   0  -3  -4   1  -1  -2  -3  -3  -3    2   1   2   1   0   1  66   3   0   1   2   6   0   1   8   2   1   0   1   2  1.06 0.40
  175 Q     0  -2   5   0  -3   1  -1  -2  -1   0  -2  -1  -2   2   2  -1  -2  -3  -1  -2    8   1  32   5   0   6   3   2   0   5   4   3   0  11   9   3   1   0   1   2  0.34 0.20
  176 H    -2  -2  -1  -1  -3  -2  -2  -2   5  -2   0  -1  -2   5   2  -1  -2  -2   0  -1    1   1   3   4   0   1   1   3  17   1   7   4   0  32  11   6   2   0   1   4  0.51 0.25
  177 F     0   0   1   0  -2   0   0  -2  -1   0   0   1  -1  -1   0   1   1  -2   0   0    5   4   8   5   0   3   5   1   1   5   8  14   0   3   3  13   9   0   4   8  0.07 0.08
  178 M    -3  -1  -3  -4  -3  -3  -2  -1  -2   1   4  -1   2  -1  -2  -3  -3  -3   0   0    1   4   1   0   0   0   2   6   1   5  58   5   4   1   2   0   0   0   4   6  0.55 0.30
  179 V    -2   3  -1  -3  -4  -1  -1  -4  -2  -1   0   5  -2  -4   2  -2  -2  -4  -3  -2    2  16   3   1   0   2   2   0   1   4  12  41   0   0  12   1   1   0   0   2  0.59 0.32
  180 S    -3  -1  -3  -4  -5  -2  -3  -4   9  -4  -2  -1  -3   4  -2  -2  -4  -4  -1  -2    1   3   0   0   0   1   1   1  57   0   3   3   0  20   2   3   1   0   1   3  1.65 0.58
  181 N    -1  -2   5   3  -3  -2   0  -2   1  -2  -2  -1  -3  -3  -3   0   2  -4  -2  -1    5   0  30  20   0   1   4   1   4   1   5   2   0   1   1   6  13   0   1   6  0.48 0.27
  182 K     0   4  -1  -1  -3   0   1   2   0  -3  -2   2  -2  -4  -1   0   0  -4  -3  -2    9  26   1   2   0   2   8  14   2   1   2  17   0   0   2   5   5   0   0   3  0.35 0.21
  183 Q     0   5   0  -2  -4  -1  -2  -4  -2  -4  -4   1  -1  -1   4  -2  -1  -4   1  -4    9  36   4   2   0   2   1   0   0   1   0   6   2   3  25   1   3   0   5   0  0.76 0.37
  184 G    -3  -5  -3  -4  -5  -4  -2   7  -4  -6  -6  -4  -3   1  -5  -3  -4  -5   0  -5    1   0   0   0   0   0   2  85   0   0   0   0   1   5   0   0   0   0   4   0  1.85 0.63
  185 T     0   0  -3  -3  -1  -3  -3  -4  -3   2   2  -1   1  -2  -3  -1   3   0  -1   1    7   6   0   0   1   0   0   0   0  12  26   3   3   0   0   2  25   2   2  10  0.33 0.24
  186 L    -3  -4  -5  -5  -3  -4  -5  -5  -5   2   5  -5   1  -2  -5  -4  -3  -4  -3   4    0   0   0   0   0   0   0   0   0   7  59   0   3   0   0   0   0   0   0  29  1.07 0.45
  187 S     3  -3  -2  -3  -3  -3  -3   2  -4  -4  -4  -3  -4  -4  -3   5  -2  -3  -4  -2   22   0   0   0   0   0   0  12   0   0   1   0   0   0   0  59   0   0   0   3  1.00 0.49
  188 M    -3  -4  -5  -6  -3  -4  -5  -5  -5  -2   0  -4  10  -1  -5  -3  -4  -4  -4  -1    2   0   0   0   1   0   0   0   0   0   5   0  82   2   0   1   0   0   0   3  2.47 0.83
  189 A     6  -3  -4  -4   0  -3  -1  -1  -4  -3  -4  -3  -3  -4  -3  -1  -3  -4  -4   0   79   1   0   0   2   0   3   2   0   0   1   0   0   0   0   2   0   0   0   6  1.25 0.53
  190 N    -3   2   6  -2  -4  -2  -1  -3   3  -3  -3  -1  -3  -4  -1  -1   0  -4  -1  -2    1  14  50   1   0   0   4   1   6   1   3   2   0   0   3   3   4   0   3   3  0.86 0.39
  191 M     3   1   0  -1  -1  -1   1  -1  -2  -3  -2   0  -1  -1  -1   2   0  -3  -1  -2   31   7   4   2   1   2   8   3   0   1   2   6   2   3   2  18   6   0   2   1  0.24 0.18
  192 A    -1  -2  -2  -1  -3  -1   1   5  -3  -3  -4  -2  -3  -4   1  -1  -2  -3  -3  -1    4   2   1   2   0   3  10  57   0   1   1   1   0   1   6   5   2   0   1   4  0.81 0.32
  193 W     0   0   0   1  -1   1   0  -1   0   0  -1   0  -1   0   0   0   0   2   0   0    8   5   5   9   1   7   4   4   3   8   6   4   1   5   5   8   5   4   2   6  0.04 0.01
  194 T     0   0   1   2  -1   1   1   0  -1  -1  -1   0   0  -1   0   0   0  -1   0  -1    9   4   5  14   1   6  10   5   1   5   5   5   3   2   3   7   5   1   3   5  0.07 0.02
  195 P    -3   1   0  -1  -4  -2  -1  -3  -3  -4  -4   2  -3  -4   7  -1  -2  -4  -4  -2    1   7   5   4   0   1   4   1   0   1   1  11   0   1  53   3   2   0   0   4  1.18 0.41
  196 H    -3   0   6   5  -4  -1  -2   0   3  -5  -5  -2  -4  -4  -2  -1  -3  -5  -1  -4    1   5  39  30   0   1   0   7   9   0   1   0   0   0   1   2   0   0   2   0  0.97 0.40
  197 S    -2  -1  -1   1  -3  -2  -1  -1  -3  -3  -3  -2  -2  -4  -1   3   5  -4  -4  -2    1   2   2   7   0   1   3   4   0   0   1   1   1   0   3  24  48   0   0   2  0.73 0.38
  198 G     1  -3   7  -1   0  -2  -3   1  -2  -5  -4  -1  -4  -3  -4   0  -2  -5  -2  -4   14   0  59   2   2   0   0  11   0   0   1   2   0   1   0   5   0   0   1   1  1.09 0.46
  199 S    -1  -3   0  -3  -4  -2  -3   6  -4  -3  -5  -2  -4  -5  -1   1   1  -4  -4  -3    2   1   3   0   0   2   1  59   0   2   0   1   0   0   2  13  11   0   0   2  0.96 0.39
  200 S    -1  -2  -2  -2   1  -3  -3  -3  -3  -4  -3  -3  -4  -2  -3   6   0  -5  -1  -4    3   2   0   2   3   0   0   0   0   0   3   0   0   2   0  77   4   0   2   0  1.22 0.55
  201 Q    -4  -2  -3  -3  -5   8   1  -4  -1  -5  -5  -1  -3  -5  -4  -1  -2  -5  -4  -5    0   0   0   0   0  79   8   0   1   0   0   2   0   0   0   3   2   0   0   0  1.88 0.68
  202 F    -4  -6  -6  -6  -3  -6  -6  -6  -4  -2  -2  -6  -3   9  -6  -5  -5   1   0  -2    1   0   0   0   0   0   0   0   0   2   2   0   0  90   0   0   0   2   0   2  2.41 0.72
  203 F    -5  -5  -6  -6  -5  -3  -6  -6  -2   1  -1  -5   0   8  -6  -3  -5  -2   1  -2    0   0   0   0   0   1   0   0   1   8   2   0   2  78   0   2   0   0   3   2  1.91 0.62
  204 I    -4  -6  -6  -6  -4  -5  -6  -6  -6   7   0  -5   1   3  -6  -5  -4   2  -3   1    0   0   0   0   0   0   0   0   0  73   4   0   3  11   0   0   0   3   0   6  1.49 0.55
  205 N    -2  -4   1  -4   3  -3  -2  -4  -1  -3  -1  -3  -1  -2  -4  -2   6  -5  -1   0    2   0   7   0   7   0   2   0   1   0   6   0   1   2   0   0  62   0   2   7  0.98 0.49
  206 M    -1  -3  -3  -4   1  -1  -3  -4   0  -1   3  -2   1   2  -4  -1   3  -3   2   1    3   0   0   0   3   3   0   0   2   0  32   2   3   8   0   2  27   0   8   9  0.42 0.28
  207 A     2   0  -1   1  -3  -1   0   1  -1  -1  -2   1  -1  -1  -3   0   0  -3   0   1   23   6   1   8   0   1   4  12   1   1   2  11   2   2   0   5   3   0   3  17  0.13 0.14
  208 N     1  -1   0   4  -4  -1   1  -2  -3  -4  -4   2  -3  -5   4  -1  -2  -5  -4  -3   12   2   4  23   0   2  10   1   0   0   1  16   0   0  22   3   2   0   0   1  0.58 0.27
  209 N     1  -1   3  -1   2   0  -1  -2  -1  -1  -2  -1  -2  -4  -2   1   4  -4  -3  -2   15   2  16   3   5   5   1   2   1   4   3   2   0   0   1   7  31   0   0   1  0.37 0.25
  210 K    -1  -1  -2   2  -4   0   2  -1  -3  -4  -4   0  -3  -4   6   0  -1  -4  -4  -3    5   3   1  10   0   3  13   3   0   1   1   5   0   0  43   8   2   0   0   1  0.88 0.32
  211 R    -2  -1  -2   0  -3   0   2  -2   5  -1  -2  -2  -2   3  -3  -2  -2   7   1  -3    2   3   1   4   0   3  13   3  20   3   3   1   1  12   1   3   1  20   3   2  0.71 0.25
  212 F    -2  -3  -4  -4  -1  -3  -3  -4  -3  -1   5  -3   0   0  -3  -3  -2  -3  -2   0    2   1   1   1   1   1   1   1   0   1  76   1   0   4   1   1   1   0   1   3  0.94 0.35
  213 D    -2  -2   4   6  -4  -2   0  -2  -2  -3  -4  -2  -3  -4  -3  -2  -2  -4  -3  -3    2   1  19  60   0   1   2   2   0   1   2   1   0   1   1   1   2   0   1   1  1.17 0.37
  214 F     0  -1   0  -1  -1  -1  -1   3   1  -1  -1  -1  -1   0  -1   0  -1   0   2  -1    7   4   5   3   1   2   4  24   4   5   6   3   2   5   3   4   3   1  10   4  0.10 0.04
  215 W     0   0   0  -1  -1   0   0   0  -1   0   1   0   0   0   0   0   0   1   0   0    7   6   4   4   1   3   4   8   1   3  18   5   1   3   3   9   6   2   4   6  0.01 0.01
  216 T     0  -1   2   1  -2   0  -1   3  -1  -2  -2  -1  -2  -2   0   0   1  -2  -2  -2    5   3  12   9   1   3   3  30   1   2   4   2   1   2   4   6   9   1   1   3  0.25 0.09
  217 K    -1   1   0  -1  -2   0   0   0  -1  -2  -1   4  -1  -2   1   0  -1  -2  -1  -1    4   4   3   2   1   2   6   8   1   2   6  37   1   2   7   5   3   1   1   3  0.25 0.11
  218 H    -1  -1   1   1  -2   0   0   0   7  -2  -2   0  -1  -1   0   0  -1  -1   0  -2    4   3   5   7   1   2   4   7  33   3   4   6   1   2   4   6   3   1   2   3  0.40 0.12
  219 G     0   0   0   0  -1   0   0   1   0   0   0   0   0   0   0   0   0   0   0   0   10   4   6   4   1   3   5  14   2   4   7   4   3   5   4   7   5   1   4   7  0.03 0.00
  220 G     0   0   0   0  -1   0   0   1   0   0   0   0   0   0   0   0   0   0   0   0    9   4   4   4   2   3   6  13   2   4  11   5   2   5   4   7   5   1   3   5  0.02 0.00
  221 R     0   0   1   0  -1   0   0   0   0  -1   0   0   0  -1   0   1   0   0   0   0    6   7   8   6   2   3   5   6   2   4   8   5   2   3   5  11   7   1   3   6  0.03 0.00
  222 P     0   0   0   0  -1   0   0   0   0   0   0   0   0   0   1   0   0   1   0   0    6   4   4   4   2   6   9   6   2   7  10   6   2   5   8   6   5   2   3   6  0.03 0.00
  223 N     0   0   0   0  -1   0   0   0   0   0   1   0   0   0   0   0   0   1   0   0    6   4   6   6   1   5   5   6   2   4  18   4   4   3   4   5   4   2   2   8  0.01 0.00
  224 P     0   0   0   2  -1   0   1   0   0  -1   0   0   0  -1   1   0   0  -1  -1  -1    6   4   5  12   1   3  12   7   2   4  10   4   2   3   7   5   5   1   2   5  0.06 0.01
  225 E     0   1   1   1  -1   0   1   2  -1  -1  -1   0  -1  -1   0   0   0   2  -1  -1    5   9   7  10   1   4   8  16   1   3   5   6   1   2   5   4   4   3   2   4  0.09 0.02
  226 P    -1   2   0   1  -2   2   1   0   0  -2  -2   2  -1  -2   0   0  -1  -2  -1  -1    4  15   4   8   1  11   8   6   1   2   4  16   1   2   4   6   2   1   1   4  0.17 0.07
  227 K    -1  -1  -1  -2   1   0  -1  -1   5  -2  -1  -1  -1   1  -2   0  -1  -1   5  -1    5   2   2   2   4   4   2   4  20   2   7   4   1   4   2   6   2   0  23   5  0.37 0.15
  228 V     1  -4  -2  -4   0  -3  -3  -4  -4   0  -1  -3  -2  -3  -2   0   4  -4  -3   4   12   0   2   0   2   0   0   0   0   3   3   0   0   0   1   5  35   0   0  37  0.67 0.37
  229 V    -2  -5  -6  -6  -4  -5  -5  -6  -6   3   0  -5   0  -3  -3  -4  -2  -5  -4   6    2   0   0   0   0   0   0   0   0  14   5   0   2   0   1   0   1   0   0  75  1.38 0.54
  230 F    -5  -6  -6  -7  -6  -7  -7  -7  -5   1  -2  -6  -2   9  -7  -6  -5  -2   0  -3    0   0   0   0   0   0   0   0   0   7   0   0   1  90   0   0   0   0   1   1  2.52 0.76
  231 G    -2  -6  -4  -5  -6  -5  -5   7  -5  -7  -7  -5  -6  -6  -5  -3  -5  -6  -6  -6    2   0   0   0   0   0   0  98   0   0   0   0   0   0   0   0   0   0   0   0  2.40 0.73
  232 Q    -3   3  -2  -3  -5   4   2  -4   1  -5  -4   5  -2  -3  -4  -2   0  -4   2  -4    0  16   0   0   0  18  11   0   3   0   0  36   1   1   0   0   5   0   8   0  0.77 0.38
  233 I    -3  -5  -6  -6  -4  -5  -5  -6  -6   3   1  -5  -2  -3  -5  -4  -1  -5  -4   6    0   0   0   0   0   0   0   0   0  15   8   0   0   0   0   0   3   0   0  73  1.37 0.53
  234 V     0  -3  -3  -4  -1  -3  -3  -4  -4   3   1  -1   0  -2  -3  -1   2  -4  -1   4    6   0   0   0   1   0   1   0   0  20  12   3   1   0   0   2  19   0   2  31  0.44 0.26
  235 E     0  -1  -1   3  -4   1   4   0  -1  -4  -4   1  -3  -4  -3   0  -2  -4  -3  -4    7   1   1  19   0   4  37   7   1   0   1  11   0   0   0   8   1   0   1   0  0.60 0.29
  236 G    -3  -4   0  -2  -5  -4  -5   7  -5  -6  -6  -4  -5  -6  -5  -1  -4  -5  -6  -6    0   1   4   2   0   0   0  88   0   0   0   0   0   0   0   4   0   0   0   0  1.92 0.61
  237 Y    -2  -1  -3   1  -4   1   0  -3  -1  -1   2   1   5   2  -4  -2  -1  -2   1  -1    1   1   0   8   0   8   6   2   1   1  21  11  24   8   0   0   2   0   4   1  0.35 0.26
  238 P    -1  -2   1   6  -5  -1   2  -1  -3  -5  -3  -1  -4  -5  -1   1   0  -5  -4  -4    3   2   4  47   0   2  14   4   0   0   2   3   0   0   3  12   5   0   0   0  0.80 0.36
  239 V    -2  -4  -3  -5  -3  -4  -4  -5  -5   3   0  -4  -1  -1  -4  -2   3  -5  -3   5    2   0   0   0   0   0   0   0   0  14   7   0   0   2   0   1  22   0   0  51  0.85 0.41
  240 A    -1  -4  -5  -5  -3  -4  -4  -3  -4   1   3  -4   2  -1  -5  -3  -3  -3   2   4    4   0   0   0   0   0   0   1   0   4  35   0   6   1   0   1   0   0   9  40  0.72 0.36
  241 V    -1   2   1   4  -4   1   2  -2   0  -4  -3   1  -3  -3  -2   0   0  -4  -1  -3    3  14   5  26   0   5  14   2   3   0   2  10   0   1   1   4   5   0   3   2  0.38 0.21
  242 A     1   1   0   0  -4   2   0  -3  -1  -1  -1   4   0  -4  -3   0  -1  -4  -2  -1   13   5   4   4   0   8   5   0   1   3   5  39   3   0   0   4   3   0   1   3  0.36 0.24
  243 I    -3  -5  -5  -6  -4  -4  -5  -6  -5   6   3  -5   5  -2  -5  -5  -3  -5  -4   1    0   0   0   0   0   0   0   0   0  57  23   0  14   0   0   0   0   0   0   4  1.24 0.47
  244 N     1   0   3  -1  -5   0   5  -1  -2  -4  -5   2  -4  -5  -3   0  -2  -5  -4  -4   12   5  15   1   0   2  43   4   0   0   0  11   0   0   0   7   0   0   0   0  0.70 0.36
  245 K     0   0   3   0  -3   1   2   0   0  -1  -2   2  -1  -3  -3   1  -1  -4  -1  -2    5   3  19   3   0   6  14   5   2   4   4  17   1   0   0  11   1   0   2   2  0.25 0.17
  246 V     1  -3  -3  -3  -1  -1  -1   0  -3   1   0  -3   1  -1  -3  -2   1  -4  -2   4   15   0   1   0   1   3   4   6   0   5   7   0   4   1   0   1  11   0   1  39  0.33 0.24
  247 E    -1  -1  -1   0  -4   1   2   1  -2   0  -3   2  -3   0   3  -1  -2  -4  -2  -2    4   2   2   4   0   7  19  14   0   6   1  17   0   5  15   2   0   0   1   1  0.31 0.20
  248 T     0  -3  -2  -2   0  -2  -1  -2  -3   1  -1  -1  -2  -3  -3   1   5  -4  -3   2    5   1   0   1   2   0   4   2   0   7   4   4   0   0   0   8  44   0   0  17  0.51 0.31
  249 S     0  -1   1   4  -3   0   1   1   0  -3  -3  -1  -2  -3   0   0   0  -4  -3  -1    7   3   5  33   0   3   8  12   2   1   1   3   1   1   3   5   5   0   0   5  0.37 0.20
  250 R     0   2   1   1  -2   0   2   0  -2  -2  -3   1  -2  -3   1   2   0  -3  -1  -1    9  11   6   6   0   1  16   6   0   2   1   7   0   0   7  18   5   0   3   3  0.21 0.14
  251 K    -1   0   2   2  -3   1   1   2  -1  -2  -3   1  -2  -3  -2   1  -1  -3  -1  -1    3   5  10  12   0   7   9  20   1   1   1  10   0   1   0   9   3   0   2   5  0.23 0.13
  252 D    -1   0   2   3  -3  -1   0   3  -1  -3  -3   1  -2  -3  -2  -1  -1  -3  -3  -3    3   5  12  23   0   2   5  26   1   1   1  10   1   1   1   2   3   0   1   2  0.42 0.19
  253 P     0   0   0   1  -1   0   0   0   0   0  -1   0  -1  -1   2   0   0  -1   0   0    6   7   3   8   1   2   5   8   3   5   7   6   2   2  12   4   9   1   3   7  0.07 0.02
  254 T     0   0   0   0  -1   0   0   0  -1  -1  -1   0   0   0   0   1   1  -1   0   0    6   3   5   7   1   4   4   9   1   3   5   7   3   5   4  12  10   1   3   6  0.04 0.02
  255 H     0   0   0   1  -1   0   1   0   2  -1  -1   1   0  -1   0   0   0  -1   1  -1    5   6   5   7   1   3   9   6   9   3   5   9   3   2   3   9   3   1   6   6  0.06 0.02
  256 P     0   0   0   0  -1   1   1   0   0  -1   0   0   0  -1   2   0   1  -1   0   0    5   3   4   6   1   9   7   6   3   3   7   4   3   2  10   6   9   1   3   8  0.07 0.03
  257 Y     0  -1   0   1   0   0   1   0   0   0  -1   0  -1   1  -1   0   0  -1   2   0    4   2   6  10   2   2   9   7   2   4   6   5   1   6   3   6   4   1  10  10  0.03 0.02
  258 R    -2   5   0  -2  -4   2  -1  -3  -2  -2  -3   3  -2  -3  -3  -2  -1  -4  -3   1    2  40   3   1   0   8   1   1   0   1   1  21   1   1   1   1   3   0   0  13  0.67 0.29
  259 P    -4  -5  -5  -4  -5  -4  -4  -5  -5   0  -5  -4  -4  -2   8  -4  -2  -5  -1  -2    0   0   0   0   0   0   0   0   0   6   0   0   0   2  81   0   3   0   2   3  2.25 0.65
  260 I     0   0  -2  -2  -2  -1  -1  -3  -2   1   1   2   1  -1  -1   0   1  -3   0   1    5   3   1   1   0   0   4   0   0   6  19  18   4   2   2   8  12   0   3  12  0.13 0.13
  261 E     0   0   0   1  -3   2   3  -3   1  -2  -2   2  -2  -2  -2   0   0  -3   2  -2    6   5   5   6   0  11  22   0   3   1   3  14   0   1   1   6   4   0  11   2  0.29 0.19
  262 P    -2  -1   1   4   0  -1   2  -3  -3  -3  -5   1  -4  -5   5  -2  -2  -5  -5  -4    3   2   7  25   2   1  13   0   0   2   0   9   0   0  33   1   1   0   0   0  0.87 0.35
  263 I    -1  -5  -5  -3   1  -4  -5  -3  -1   5   0  -4  -1  -2  -2  -4  -2  -2  -3   5    5   0   0   1   3   0   0   2   2  38   3   0   0   1   2   0   1   1   0  42  0.84 0.38
  264 V    -2   3  -2  -3  -4   0   0  -2  -2   0  -2   3  -1  -4  -3  -2   1  -4  -3   3    0  21   0   0   0   2   7   3   0   5   2  23   1   0   0   1  11   0   0  24  0.42 0.27
  265 V    -4  -2  -6  -6  -4  -5  -6  -7  -6   8   0  -5  -1  -3  -6  -5  -3  -5  -4   1    0   2   0   0   0   0   0   0   0  88   5   0   1   0   0   0   0   0   0   4  1.81 0.59
  266 S     1   0   0  -1  -2   0   1  -1  -1   0  -1   1   0  -3  -2   1   1  -3  -2   0   14   6   3   2   0   2  12   3   1   7   7  12   2   0   0  10  13   0   0   5  0.11 0.10
  267 T    -2   1   2   3  -3   0   1  -1   4  -4  -4   0  -3  -4  -3   3   0  -4   0  -4    1   7   9  23   0   3   6   4  11   0   0   5   0   0   0  24   4   0   3   0  0.47 0.25
  268 V     1  -4  -4  -5   7  -4  -4  -4  -5   3  -2  -3  -1  -3  -4  -2   2  -5  -4   4   10   0   0   0  29   0   0   0   0  17   0   1   1   0   0   1  13   0   0  29  0.90 0.37
  269 S    -1   0  -1   0  -3   0   2   0   0   0  -2   1  -2  -3  -2   1   3  -3   0   1    0   3   0   3   0   2  18   7   2   4   1   8   0   0   1  10  24   0   3  12  0.19 0.14
  270 V    -2  -4  -4  -4  -1  -4  -4  -4  -4   5   1  -4   0  -2  -2  -3  -2  -4  -1   4    2   0   0   0   1   0   0   0   0  46   6   0   1   0   2   1   0   0   3  37  0.79 0.28
  271 E    -2  -1  -1   0  -3   0   3  -1   4  -1   2   1  -1  -2  -2  -1  -1  -2   0  -1    1   2   0   4   0   0  27   5  14   1  25   9   0   0   1   2   2   0   3   3  0.23 0.14
  272 G     1  -1  -1   4  -3  -1   2   3  -2  -3  -3  -1  -3  -3  -1   0  -1  -3  -3  -2   19   2   1  30   0   0  12  24   0   1   2   1   0   0   2   3   1   0   0   2  0.41 0.14
  273 L    -1  -1  -1   2  -2   0   2  -2  -1   1   1  -1   1   1  -1  -1   0  -2  -1   0    3   1   1  14   0   1  17   2   1  10  22   2   3   7   1   2   6   0   1   5  0.09 0.05
  274 L     0  -1  -1  -1  -1  -1   0  -2  -1   0   1   0   1   2   0   0   1  -1   0   0    5   1   1   1   1   1   7   2   1   3  25  10   3  11   4   8   9   0   1   5  0.05 0.03
  275 G     0  -1   0   0  -2   0   1   3  -1  -1  -1   1   0   0   0   0   0  -2  -1  -1    3   1   3   6   1   1  10  26   1   1   2  15   5   5   4   4   4   0   1   6  0.14 0.04
  276 Q     0   1   0   1  -2   3   2  -1  -1  -2  -2   1   0  -2   1   0   0  -2  -2  -2    5   7   1   8   1  25  12   4   1   1   2   8   3   1   5   8   5   0   1   2  0.21 0.06
  277 G     0   0   0   1  -2   0   0   1  -1  -2  -2   3  -1  -2   1   1   0  -2  -1  -1    3   1   3   7   0   3   3  11   1   1   2  30   1   1   8  14   3   0   3   4  0.19 0.06
  278 K    -1   2  -1  -1   2   1   2  -1   0  -2  -2   2  -2  -2   0  -1  -1  -2   1  -2    4  18   1   1   6   4  22   4   2   4   1  17   0   0   4   2   1   0   8   1  0.22 0.08
  279 S     0   2   1   3  -3   1   2  -2   0  -3  -2   0  -2  -1  -1   1  -1  -1  -2  -2    7  12   8  28   0   4  14   0   1   0   2   4   0   3   2  10   0   1   0   3  0.30 0.09
  280 C     1  -2  -2   0   2   0   1  -2  -2  -2  -1  -1  -2  -3   5   0  -1  -3  -3  -1   19   0   0   6   7   2  11   0   0   0   7   0   0   0  32   6   2   0   0   5  0.49 0.11
  281 A     1  -1  -2  -1  -2   0   2  -2   0  -1   0   0  -1   3  -1  -1  -1  -2   1   0   20   3   0   2   0   2  21   0   1   0   6   6   0  23   2   2   0   0   4   7  0.16 0.10
  282 A     2   0   0   3  -3   1   2   0  -2  -3  -2  -1  -2  -4   2   0  -1  -4  -3  -2   27   6   4  25   0   4  15   4   0   0   2   0   0   0  13   0   0   0   0   0  0.38 0.12
  283 D    -1  -2   1   5  -4   0   3  -1  -2  -4  -4   0  -3  -4   0   1  -1  -4  -3  -2    1   0   3  45   0   2  25   2   0   0   0   4   0   0   3  11   0   0   0   2  0.65 0.16
  284 L     0  -2   0  -1  -2   1  -1   0  -2   1   1  -1   1   0   1  -1  -1  -2  -1   1   10   0   7   3   0   9   2   9   0   7  20   0   7   3   8   0   2   0   2  11  0.06 0.04
  285 R     0   2  -1   0  -3   3   2  -1  -1  -2  -1   1  -1  -3   1   0   0  -3  -2  -2   11  15   0   5   0  19  16   3   0   2   6  10   0   0   5   3   4   0   0   0  0.23 0.08
  286 G     1   1   1   0  -2   0   1   1  -1  -2  -2   2  -2  -3   1   1   0  -3  -2  -1   12   6   8   2   0   3   9   9   0   0   3  23   0   0   6   8   6   0   0   3  0.19 0.06
  287 R     1   3  -1  -1  -3   1   0  -2  -1  -1  -2   3  -2  -3   2   0  -1  -3  -2  -1   16  26   0   3   0   3   5   1   0   3   3  23   0   0  11   2   0   0   0   3  0.32 0.10
  288 G     1   1  -1   0  -2   0   2   2  -1  -2  -2   1  -2  -3   1   1   0  -2  -2  -1   10  12   1   3   0   1  20  17   0   1   2   6   0   1   6  12   3   0   1   3  0.20 0.05
  289 L    -1   0   0   0  -2   1   0  -2  -1   0   1   1   0   0   0   0   0   1  -1   0    4   4   4   3   0   8   5   1   0   3  17  17   3   7   4   7   6   2   0   3  0.05 0.03
  290 S    -1   0   0   1  -3   2   2  -2  -1  -2  -2   2   1  -3   1   2  -1  -3  -2  -2    1   1   1   9   0  10  14   1   0   1   1  24   6   0   6  24   1   0   0   1  0.29 0.10
  291 P     0  -3  -3  -1  -4  -2  -2  -2  -3  -4  -4  -1  -3  -4   8  -2   0  -5  -4  -3    6   0   0   3   0   0   0   3   0   0   0   3   0   0  78   0   6   0   0   0  1.76 0.26
  292 R    -1   3  -1   1  -3   1   1  -2  -1  -1  -2   2  -1  -3   2   0   0  -3  -2  -2    4  27   0   7   0   4   8   1   0   8   1  14   0   0  11   7   8   0   0   0  0.27 0.06
  293 G     0   0  -1  -2  -3  -1  -1   2   1  -3  -2   0  -2   0   5   0   0  -2  -1  -2    5   4   1   1   0   1   1  18   4   1   1   4   0   8  41   4   4   0   0   1  0.65 0.09
  294 L    -1   1  -1  -1   1   2   1  -2  -1   0   1   0   0  -2  -2   1   1  -2  -2   0    1  10   1   1   4  14  12   1   0   1  19   1   0   0   1  11  11   0   0  12  0.10 0.05
  295 Q    -1   0  -1   0  -3   4   2  -2  -1  -2  -2   3  -1  -3   2   0  -1  -3  -2  -1    1   1   1   4   0  31  12   1   0   1   1  28   0   0   8   5   1   0   0   6  0.38 0.09
  296 A     1  -2  -2  -1  -1   0   1   0  -2   2   0  -1   1  -1   0  -1  -1  -2  -2   2   17   1   1   1   0   4  14   6   0  17   6   1   5   0   5   1   1   0   0  21  0.09 0.04
  297 G     1   0  -1   0  -2   1   1   2  -1  -1  -2   0  -1  -2   1   1   0  -2  -2  -1   16   5   1   6   0   9   9  19   0   5   1   1   0   1   7  13   5   0   0   1  0.18 0.03
  298 A     2   3  -1   0  -2   1   0  -1  -1  -2  -1   1  -1  -3  -2   1  -1  -3  -2  -2   31  32   0   6   0   7   0   0   0   0   5   6   0   0   0  10   0   0   0   0  0.26 0.06
  299 P     0  -1  -2  -1  -3  -1   2  -2  -2  -3  -3   0  -2  -4   7  -1  -1  -3  -3  -2    7   0   0   0   0   0  19   1   0   0   1   7   0   0  62   1   0   0   0   1  1.18 0.09
  300 A     1   0   0  -1  -1   1   0  -1  -1  -1  -1   1  -1  -2  -1   2   2  -2  -2  -1   14   0   0   1   0   9   1   1   0   0   7  17   0   0   0  20  28   0   0   1  0.20 0.04
  301 P    -1  -2  -2  -1  -3   1   0  -2  -2  -2  -2  -1  -2  -3   7  -1  -1  -3  -3  -1    1   0   0   1   0  10   8   1   0   0   1   1   0   0  68   1   1   0   0   8  1.26 0.08
  302 A     2   0  -1  -1  -2   1   1   1  -1  -1   0   0  -1  -2   2   0   0  -3  -2  -1   36   8   0   0   0  10   8   9   0   0  13   0   0   0   9   0   7   0   0   0  0.18 0.03
  303 A     2  -1  -1  -1  -2  -1   1   1  -2   0  -1   0  -1  -2   3   0  -1  -3  -2   0   29   0   0   0   0   0  13  13   0  10   0   8   0   0  16   0   0   0   0  11  0.21 0.02
  304 A     2  -1   0   2  -2   0   0  -1   3  -2  -2   1  -2  -3  -1   2   0  -3  -1  -2   35   0   0  13   0   0   0   0  12   0   0  11   0   0   0  29   0   0   0   0  0.26 0.03
  305 D    -2  -1   1   6  -4   1   1  -2  -1  -3  -4   1  -3  -4  -2  -1  -1  -4  -3  -3    0   0   0  76   0   8   0   0   0   0   0  16   0   0   0   0   0   0   0   0  0.79 0.06
  306 A     2  -2  -1   2  -2   0   1   2  -2  -2  -1  -1  -1  -2  -1   1   0  -3  -2  -1   37   0   0  15   0   0  11  15   0   0   9   0   0   0   0  13   0   0   0   0  0.21 0.02
  307 A     3  -1  -1  -2  -1   2   0   2  -1  -2  -2   0  -1  -3  -1   1  -1  -3  -2  -1   59   0   0   0   0  20   0  21   0   0   0   0   0   0   0   0   0   0   0   0  0.34 0.02
  308 A     3  -2  -1   2  -1  -1   0  -1  -2   0  -1  -1  -1  -2  -1   0   0  -3  -2   1   53   0   0  24   0   0   0   0   0   0   0   0   0   0   0   0   0   0   0  23  0.21 0.02
  309 W    -1  -2  -2  -3  -2  -2  -2  -3  -3   2   0  -2   0   0  -3  -1   2   8   0   1    0   0   0   0   0   0   0   0   0  32   0   0   0   0   0   0  32  36   0   0  0.63 0.01
  310 W    -3  -3  -4  -5  -3  -2  -3  -3  -3  -3  -2  -3  -2   1  -4  -3  -3  11   2  -3    0   0   0   0   0   0   0   0   0   0   0   0   0   0   0   0   0 100   0   0  2.41 0.03
  311 R    -1   3   0   0  -3   1   3  -2  -1  -2  -2   1  -1  -3  -2   0   2  -3  -2  -2    0  36   0   0   0   0  32   0   0   0   0   0   0   0   0   0  32   0   0   0  0.36 0.01
  312 A     2  -2   0   3  -2  -1   0   3  -2  -3  -3  -1  -2  -3  -2   0  -1  -3  -3  -2   36   0   0  32   0   0   0  32   0   0   0   0   0   0   0   0   0   0   0   0  0.40 0.01
  313 W    -2   0  -2  -3  -3  -1  -1  -2  -2  -3  -2   2  -2   0  -3  -2  -2  10   1  -3    0   0   0   0   0   0   0   0   0   0   0  32   0   0   0   0   0  68   0   0  1.42 0.02
  314 R    -2   6   0  -2  -4   1   0  -2   0  -3  -2   2  -1  -3  -2  -1  -1  -3  -2  -3    0 100   0   0   0   0   0   0   0   0   0   0   0   0   0   0   0   0   0   0  0.75 0.01
  315 E     0   0   0   1  -2   1   4  -1   0  -1  -1   0  -1  -1   0   0   0  -1  -1  -1    4   3   2   3   1   2  53   4   1   3   5   3   1   2   3   4   3   1   2   3  0.25 0.00
  316 Q     0   1   0   0  -1   4   1  -1   0  -1  -1   1   0  -1   0   0   0  -1  -1  -1    4   3   2   3   1  52   3   4   1   3   5   3   1   2   3   4   3   1   2   3  0.23 0.00
  317 L    -1  -1  -1  -1  -1  -1  -1  -1  -1   1   3  -1   1   0  -1  -1   0  -1  -1   0    4   3   2   3   1   2   3   4   1   3  55   3   1   2   3   4   3   1   2   3  0.09 0.00
  318 S     1   0   0   0  -1   0   0   0  -1  -1  -1   0  -1  -1   0   3   1  -1  -1  -1    4   3   2   3   1   2   3   4   1   3   5   3   1   2   3  54   3   1   2   3  0.17 0.00
  319 C     0  -1  -1  -1   7  -1  -1  -1  -1  -1  -1  -1  -1  -1  -1   0   0  -1  -1  -1    4   3   2   3  51   2   3   4   1   3   5   3   1   2   3   4   3   1   2   3  0.39 0.00
  320 W    -1  -1  -1  -1  -1  -1  -1  -1  -1  -1  -1  -1  -1   0  -1  -1  -1   9   1  -1    4   3   2   3   1   2   3   4   1   3   5   3   1   2   3   4   3  51   2   3  0.84 0.00
  321 F    -1  -1  -1  -1  -1  -1  -1  -1  -1   0   0  -1   0   5  -1  -1  -1   1   2  -1    4   3   2   3   1   2   3   4   1   3   5   3   1  52   3   4   3   1   2   3  0.19 0.00
  322 T     0  -1   0   0  -1   0   0  -1  -1  -1  -1   0   0  -1   0   1   3  -1  -1   0    4   3   2   3   1   2   3   4   1   3   5   3   1   2   3   4  53   1   2   3  0.16 0.00
  323 A     3  -1  -1  -1   0   0   0   0  -1  -1  -1   0  -1  -1   0   1   0  -1  -1   0   54   3   2   3   1   2   3   4   1   3   5   3   1   2   3   4   3   1   2   3  0.14 0.00
  324 L    -1  -2  -3  -4  -1  -2  -3  -4  -3   2   3  -3   1   0  -3  -2  -1  -2  -1   3    0   0   0   0   0   0   0   0   0   0  50   0   0   0   0   0   0   0   0  50  0.32 0.00
  325 P    -1   4  -1  -2  -3   0  -1  -2  -1  -3  -3   1  -2  -3   6  -1  -1  -3  -2  -3    0  50   0   0   0   0   0   0   0   0   0   0   0   0  50   0   0   0   0   0  0.98 0.00
  326 A     3  -2  -1  -2  -1  -1  -2   4  -2  -2  -3  -1  -2  -3  -1   1  -1  -3  -2  -1   50   0   0   0   0   0   0  50   0   0   0   0   0   0   0   0   0   0   0   0  0.52 0.00
  327 P    -1  -2  -2  -2  -3  -1  -1  -2  -2  -3  -3  -1  -3  -4   8  -1  -1  -4  -3  -3    0   0   0   0   0   0   0   0   0   0   0   0   0   0 100   0   0   0   0   0  2.05 0.01
  328 T     0  -2   0  -1  -2  -1  -2   4  -2  -2  -2  -1  -2  -3  -2   1   3  -3  -2  -1    0   0   0   0   0   0   0  50   0   0   0   0   0   0   0   0  50   0   0   0  0.48 0.00
  329 Q     0   0   0   0  -2   4   1  -1   0  -3  -2   1  -1  -3  -1   3   1  -2  -2  -2    0   0   0   0   0  50   0   0   0   0   0   0   0   0   0  50   0   0   0   0  0.40 0.00
  330 S     1  -1   0  -1  -1   0  -1  -1  -1  -2  -2   0  -1  -2  -1   3   4  -3  -2  -1    0   0   0   0   0   0   0   0   0   0   0   0   0   0   0  50  50   0   0   0  0.39 0.00
  331 Q     3   0  -1  -1  -1   4   1  -1   0  -2  -2   0  -1  -3  -1   1   0  -2  -2  -1   50   0   0   0   0  50   0   0   0   0   0   0   0   0   0   0   0   0   0   0  0.34 0.00
  332 L     3  -2  -2  -3  -1  -1  -2  -1  -2   0   2  -2   1  -1  -2   0  -1  -2  -1   0   50   0   0   0   0   0   0   0   0   0  50   0   0   0   0   0   0   0   0   0  0.20 0.00
  333 G     0  -2   0  -1  -3  -2  -2   6  -2  -4  -4  -2  -3  -3  -2   0  -2  -3  -3  -3    0   0   0   0   0   0   0 100   0   0   0   0   0   0   0   0   0   0   0   0  1.04 0.00
  334 A     3  -1  -1  -1   0   0   0   0  -1  -1  -1   0  -1  -1   0   1   0  -1  -1   0   54   3   2   3   1   2   3   4   1   3   5   3   1   2   3   4   3   1   2   3  0.14 0.00
  335 C     0  -1  -1  -1   7  -1  -1  -1  -1  -1  -1  -1  -1  -1  -1   0   0  -1  -1  -1    4   3   2   3  51   2   3   4   1   3   5   3   1   2   3   4   3   1   2   3  0.39 0.00
  336 L    -1  -1  -1  -1  -1  -1  -1  -1  -1   1   3  -1   1   0  -1  -1   0  -1  -1   0    4   3   2   3   1   2   3   4   1   3  55   3   1   2   3   4   3   1   2   3  0.09 0.00
  337 G     0  -2   0  -1  -3  -2  -2   6  -2  -4  -4  -2  -3  -3  -2   0  -2  -3  -3  -3    0   0   0   0   0   0   0 100   0   0   0   0   0   0   0   0   0   0   0   0  1.04 0.00
  338 A     2  -2   0   4  -2  -1   1  -1  -1  -2  -3  -1  -2  -3  -1   1  -1  -3  -3  -1   50   0   0  50   0   0   0   0   0   0   0   0   0   0   0   0   0   0   0   0  0.41 0.00
  339 L     3  -2  -2  -3  -1  -1  -2  -1  -2   0   2  -2   1  -1  -2   0  -1  -2  -1   0   50   0   0   0   0   0   0   0   0   0  50   0   0   0   0   0   0   0   0   0  0.20 0.00
  340 G     0  -2   0  -1  -3  -2  -2   6  -2  -4  -4  -2  -3  -3  -2   0  -2  -3  -3  -3    0   0   0   0   0   0   0 100   0   0   0   0   0   0   0   0   0   0   0   0  1.04 0.00
  341 V     1  -2  -1  -1  -1  -1  -1  -1  -2   1   0  -1   0  -2  -2   2   1  -3  -2   2    0   0   0   0   0   0   0   0   0   0   0   0   0   0   0  50   0   0   0  50  0.18 0.00
  342 H    -1  -1   0  -1  -3  -1  -1   4   6  -4  -3  -1  -2  -2  -2  -1  -2  -3   0  -3    0   0   0   0   0   0   0  50  50   0   0   0   0   0   0   0   0   0   0   0  0.62 0.00
  343 L    -1  -2  -3  -4  -1  -2  -3  -4  -3   2   3  -3   1   0  -3  -2  -1  -2  -1   3    0   0   0   0   0   0   0   0   0   0  50   0   0   0   0   0   0   0   0  50  0.32 0.00
  344 G     0  -2   0  -1  -3  -2  -2   6  -2  -4  -4  -2  -3  -3  -2   0  -2  -3  -3  -3    0   0   0   0   0   0   0 100   0   0   0   0   0   0   0   0   0   0   0   0  1.04 0.00
  345 S     0   1   0  -1  -2   1   0  -1  -1  -3  -3   3  -2  -3  -1   3   1  -3  -2  -2    0   0   0   0   0   0   0   0   0   0   0  50   0   0   0  50   0   0   0   0  0.34 0.00
  346 R    -2   4  -1  -2  -3   0  -1  -3   1  -2  -2   1  -1   1  -3  -1  -1   1   5  -2    0  50   0   0   0   0   0   0   0   0   0   0   0   0   0   0   0   0  50   0  0.50 0.00
  347 F    -2  -3  -3  -4  -2  -3  -3  -4  -2   1   3  -3   1   5  -3  -3  -2   0   2   0    0   0   0   0   0   0   0   0   0   0  50   0   0  50   0   0   0   0   0   0  0.43 0.00
  348 D    -1   1   1   4  -3   1   1  -2  -1  -3  -3   3  -2  -3  -1   0  -1  -4  -3  -3    0   0   0  50   0   0   0   0   0   0   0  50   0   0   0   0   0   0   0   0  0.51 0.00
  349 S     3  -1   0  -1  -1   0  -1   0  -1  -2  -2   0  -1  -2  -1   3   1  -3  -2  -1   50   0   0   0   0   0   0   0   0   0   0   0   0   0   0  50   0   0   0   0  0.35 0.00
  350 M     3  -1  -2  -2  -1  -1  -1  -1  -2   0   1  -1   4  -1  -2   0   0  -2  -1   0   50   0   0   0   0   0   0   0   0   0   0   0  50   0   0   0   0   0   0   0  0.20 0.00
  351 L    -2  -2  -4  -4  -1  -2  -3  -4  -3   2   4  -3   2   0  -3  -3  -1  -2  -1   1    0   0   0   0   0   0   0   0   0   0 100   0   0   0   0   0   0   0   0   0  0.46 0.00
  352 G     0  -1   0  -1  -1  -1  -1   4  -1  -2  -2  -1  -1  -1  -1   0  -1  -1  -1  -1    4   3   2   3   1   2   3  54   1   3   5   3   1   2   3   4   3   1   2   3  0.33 0.00
  353 R    -1   4   0  -1  -2   1   0  -1   0  -1  -1   1  -1  -1  -1   0   0  -1  -1  -1    4  53   2   3   1   2   3   4   1   3   5   3   1   2   3   4   3   1   2   3  0.24 0.00
  354 A     4  -2  -2  -2   0  -1  -1   0  -2  -1  -2  -1  -1  -2  -1   1   0  -3  -2   0  100   0   0   0   0   0   0   0   0   0   0   0   0   0   0   0   0   0   0   0  0.41 0.00
  355 P    -1  -1   4   0  -3  -1  -1  -1  -1  -3  -3  -1  -2  -4   6   0  -1  -4  -3  -3    0   0  50   0   0   0   0   0   0   0   0   0   0   0  50   0   0   0   0   0  0.98 0.00
  356 R    -1   4   0  -1  -3   4   1  -2   0  -3  -2   2  -1  -3  -2   0  -1  -2  -2  -3    0  50   0   0   0  50   0   0   0   0   0   0   0   0   0   0   0   0   0   0  0.57 0.00
  357 V     0  -2  -1  -2  -1  -1  -2  -2  -2   1   0  -1   0  -2  -2   0   3  -3  -1   3    0   0   0   0   0   0   0   0   0   0   0   0   0   0   0   0  50   0   0  50  0.25 0.00
  358 A     3  -1  -1  -1  -1  -1  -1  -1  -2  -1  -1  -1  -1  -2  -1   1   3  -3  -2   0   50   0   0   0   0   0   0   0   0   0   0   0   0   0   0   0  50   0   0   0  0.32 0.00
  359 A     3   0  -1  -1  -1   4   1  -1   0  -2  -2   0  -1  -3  -1   1   0  -2  -2  -1   50   0   0   0   0  50   0   0   0   0   0   0   0   0   0   0   0   0   0   0  0.34 0.00
  360 A     3  -1  -1   0  -2   1   3  -1  -1  -2  -2   0  -2  -3  -1   1   0  -3  -2  -1   50   0   0   0   0   0  50   0   0   0   0   0   0   0   0   0   0   0   0   0  0.36 0.00
  361 A     3  -1  -1   0  -2   1   3  -1  -1  -2  -2   0  -2  -3  -1   1   0  -3  -2  -1   50   0   0   0   0   0  50   0   0   0   0   0   0   0   0   0   0   0   0   0  0.36 0.00
  362 E    -1  -1   1   5  -4   1   4  -2  -1  -3  -3   0  -3  -4  -1   0  -1  -4  -3  -3    0   0   0  50   0   0  50   0   0   0   0   0   0   0   0   0   0   0   0   0  0.69 0.00
  363 P    -1  -1  -1   0  -3   1   3  -2  -1  -3  -3   0  -2  -4   6  -1  -1  -3  -3  -3    0   0   0   0   0   0  50   0   0   0   0   0   0   0  50   0   0   0   0   0  1.01 0.00
  364 A     3  -2  -2  -3  -1  -2  -2  -1  -2   3   0  -2   0  -1  -2   0   0  -3  -2   2   50   0   0   0   0   0   0   0   0  50   0   0   0   0   0   0   0   0   0   0  0.19 0.00
  365 C     0  -3  -3  -4   7  -3  -3  -3  -3   1   0  -3   0  -2  -3  -1   0  -3  -2   2    0   0   0   0  50   0   0   0   0   0   0   0   0   0   0   0   0   0   0  50  0.54 0.00
  366 D    -1  -1   1   5  -4   1   4  -2  -1  -3  -3   0  -3  -4  -1   0  -1  -4  -3  -3    0   0   0  50   0   0  50   0   0   0   0   0   0   0   0   0   0   0   0   0  0.69 0.00
  367 F    -2  -3  -3  -4  -3  -3  -3  -3  -1   0   0  -3   0   6  -4  -3  -2   1   3  -1    0   0   0   0   0   0   0   0   0   0   0   0   0 100   0   0   0   0   0   0  0.74 0.01
  368 I    -1  -3  -3  -3  -1  -3  -3  -4  -3   4   1  -3   1  -1  -3  -2   0  -3  -1   3    0   0   0   0   0   0   0   0   0  50   0   0   0   0   0   0   0   0   0  50  0.35 0.00
  369 E    -1  -1   1   5  -4   1   4  -2  -1  -3  -3   0  -3  -4  -1   0  -1  -4  -3  -3    0   0   0  50   0   0  50   0   0   0   0   0   0   0   0   0   0   0   0   0  0.69 0.00
  370 Q    -1   1   0   1  -3   4   4  -2   0  -3  -3   1  -1  -3  -1   0  -1  -3  -2  -2    0   0   0   0   0  50  50   0   0   0   0   0   0   0   0   0   0   0   0   0  0.60 0.00
  371 G     0  -1   0   0  -3   1   3   4  -1  -4  -3   0  -2  -3  -2   0  -1  -3  -3  -3    0   0   0   0   0   0  50  50   0   0   0   0   0   0   0   0   0   0   0   0  0.56 0.00
  372 A     3  -2  -2  -2  -1  -1  -1  -1  -2  -2  -2  -1  -2  -3   6   0  -1  -3  -2  -1   50   0   0   0   0   0   0   0   0   0   0   0   0   0  50   0   0   0   0   0  0.89 0.00
  373 V    -1  -1  -1   0  -2   1   3  -3  -1   1  -1   0   0  -2  -2  -1   0  -3  -2   2    0   0   0   0   0   0  50   0   0   0   0   0   0   0   0   0   0   0   0  50  0.24 0.00
  374 Q    -1   0  -1  -1  -3   4   1  -2  -1  -3  -3   0  -1  -4   6   0  -1  -3  -2  -2    0   0   0   0   0  50   0   0   0   0   0   0   0   0  50   0   0   0   0   0  0.97 0.00
  375 L    -1  -1  -2   0  -2   1   3  -3  -1   0   2   0   1  -1  -2  -1  -1  -2  -2   0    0   0   0   0   0   0  50   0   0   0  50   0   0   0   0   0   0   0   0   0  0.26 0.00
  376 Q    -1   0  -1  -1  -3   4   1  -2  -1  -3  -3   0  -1  -4   6   0  -1  -3  -2  -2    0   0   0   0   0  50   0   0   0   0   0   0   0   0  50   0   0   0   0   0  0.97 0.00
  377 N    -1  -1   4   0  -2   0  -1  -1   0   0   0  -1   4  -1  -2   0   0  -3  -2  -1    0   0  50   0   0   0   0   0   0   0   0   0  50   0   0   0   0   0   0   0  0.26 0.00
  378 L    -2   4  -2  -3  -2   0  -1  -3  -1   0   2   1   1  -1  -3  -2  -1  -2  -1   0    0  50   0   0   0   0   0   0   0   0  50   0   0   0   0   0   0   0   0   0  0.29 0.00
  379 P    -1   1  -1  -1  -3   0   0  -2  -1  -3  -3   3  -2  -4   6  -1  -1  -4  -2  -2    0   0   0   0   0   0   0   0   0   0   0  50   0   0  50   0   0   0   0   0  0.92 0.00
  380 D    -1   1   1   4  -3   1   1  -2  -1  -3  -3   3  -2  -3  -1   0  -1  -4  -3  -3    0   0   0  50   0   0   0   0   0   0   0  50   0   0   0   0   0   0   0   0  0.51 0.00
  381 F    -2  -3  -3  -4  -3  -3  -3  -3  -1   0   0  -3   0   6  -4  -3  -2   1   3  -1    0   0   0   0   0   0   0   0   0   0   0   0   0 100   0   0   0   0   0   0  0.74 0.01
  382 P    -1   1  -1  -1  -3   0   0  -2  -1  -3  -3   3  -2  -4   6  -1  -1  -4  -2  -2    0   0   0   0   0   0   0   0   0   0   0  50   0   0  50   0   0   0   0   0  0.92 0.00
  383 E     0   0   0   1  -2   1   4  -1  -1  -3  -3   0  -2  -3  -1   3   0  -3  -2  -2    0   0   0   0   0   0  50   0   0   0   0   0   0   0   0  50   0   0   0   0  0.43 0.00
  384 R    -2   6   0  -2  -4   1   0  -2   0  -3  -2   2  -1  -3  -2  -1  -1  -3  -2  -3    0 100   0   0   0   0   0   0   0   0   0   0   0   0   0   0   0   0   0   0  0.75 0.01
  385 A     3  -2  -1  -2  -1  -1  -2   4  -2  -2  -3  -1  -2  -3  -1   1  -1  -3  -2  -1   50   0   0   0   0   0   0  50   0   0   0   0   0   0   0   0   0   0   0   0  0.52 0.00
  386 G     0  -2   0  -1  -3  -2  -2   6  -2  -4  -4  -2  -3  -3  -2   0  -2  -3  -3  -3    0   0   0   0   0   0   0 100   0   0   0   0   0   0   0   0   0   0   0   0  1.04 0.00
  387 F    -2  -3  -3  -4  -3  -3  -3  -3  -1   0   0  -3   0   6  -4  -3  -2   1   3  -1    0   0   0   0   0   0   0   0   0   0   0   0   0 100   0   0   0   0   0   0  0.74 0.01
  388 D    -2  -2   1   6  -4   0   2  -1  -1  -3  -4  -1  -3  -4  -2   0  -1  -5  -3  -3    0   0   0 100   0   0   0   0   0   0   0   0   0   0   0   0   0   0   0   0  0.93 0.00
  389 F    -2  -3  -3  -4  -3  -3  -3  -3  -1   0   0  -3   0   6  -4  -3  -2   1   3  -1    0   0   0   0   0   0   0   0   0   0   0   0   0 100   0   0   0   0   0   0  0.74 0.01
  390 S     1  -1   1   0  -1   0   0   0  -1  -3  -3   0  -2  -3  -1   4   1  -3  -2  -2    0   0   0   0   0   0   0   0   0   0   0   0   0   0   0 100   0   0   0   0  0.46 0.00
  391 L    -1  -2  -3  -4  -1  -2  -3  -4  -3   1   4  -2   2   0  -3  -2  -1  -2  -1   1    0   0   0   0   0   0   0   0   0   0   0   0   0   0   0   0   0   0   0   0  0.00     0.00
  392 P    -1  -2  -2  -1  -3  -1  -1  -2  -2  -3  -3  -1  -2  -4   7  -1  -1  -4  -3  -2    0   0   0   0   0   0   0   0   0   0   0   0   0   0   0   0   0   0   0   0  0.00     0.00
  393 L    -1  -2  -3  -4  -1  -2  -3  -4  -3   1   4  -2   2   0  -3  -2  -1  -2  -1   1    0   0   0   0   0   0   0   0   0   0   0   0   0   0   0   0   0   0   0   0  0.00     0.00
  394 G     0  -2   0  -1  -2  -2  -2   5  -2  -4  -4  -1  -3  -3  -2   0  -2  -2  -3  -3    0   0   0   0   0   0   0   0   0   0   0   0   0   0   0   0   0   0   0   0  0.00     0.00
  395 L    -1  -2  -3  -4  -1  -2  -3  -4  -3   1   4  -2   2   0  -3  -2  -1  -2  -1   1    0   0   0   0   0   0   0   0   0   0   0   0   0   0   0   0   0   0   0   0  0.00     0.00
  396 P    -1  -2  -2  -1  -3  -1  -1  -2  -2  -3  -3  -1  -2  -4   7  -1  -1  -4  -3  -2    0   0   0   0   0   0   0   0   0   0   0   0   0   0   0   0   0   0   0   0  0.00     0.00
  397 A     4  -1  -1  -2   0  -1  -1   0  -2  -1  -1  -1  -1  -2  -1   1   0  -2  -2   0    0   0   0   0   0   0   0   0   0   0   0   0   0   0   0   0   0   0   0   0  0.00     0.00
  398 A     4  -1  -1  -2   0  -1  -1   0  -2  -1  -1  -1  -1  -2  -1   1   0  -2  -2   0    0   0   0   0   0   0   0   0   0   0   0   0   0   0   0   0   0   0   0   0  0.00     0.00
  399 P    -1  -2  -2  -1  -3  -1  -1  -2  -2  -3  -3  -1  -2  -4   7  -1  -1  -4  -3  -2    0   0   0   0   0   0   0   0   0   0   0   0   0   0   0   0   0   0   0   0  0.00     0.00
  400 A     4  -1  -1  -2   0  -1  -1   0  -2  -1  -1  -1  -1  -2  -1   1   0  -2  -2   0    0   0   0   0   0   0   0   0   0   0   0   0   0   0   0   0   0   0   0   0  0.00     0.00
  401 L    -1  -2  -3  -4  -1  -2  -3  -4  -3   1   4  -2   2   0  -3  -2  -1  -2  -1   1    0   0   0   0   0   0   0   0   0   0   0   0   0   0   0   0   0   0   0   0  0.00     0.00
  402 L    -1  -2  -3  -4  -1  -2  -3  -4  -3   1   4  -2   2   0  -3  -2  -1  -2  -1   1    0   0   0   0   0   0   0   0   0   0   0   0   0   0   0   0   0   0   0   0  0.00     0.00
  403 P    -1  -2  -2  -1  -3  -1  -1  -2  -2  -3  -3  -1  -2  -4   7  -1  -1  -4  -3  -2    0   0   0   0   0   0   0   0   0   0   0   0   0   0   0   0   0   0   0   0  0.00     0.00
  404 Q    -1   1   0   0  -3   5   2  -2   0  -3  -2   1   0  -3  -1   0  -1  -2  -1  -2    0   0   0   0   0   0   0   0   0   0   0   0   0   0   0   0   0   0   0   0  0.00     0.00
  405 W    -2  -3  -4  -4  -2  -2  -3  -2  -2  -3  -2  -3  -1   1  -4  -3  -2  10   2  -3    0   0   0   0   0   0   0   0   0   0   0   0   0   0   0   0   0   0   0   0  0.00     0.00
  406 Q    -1   1   0   0  -3   5   2  -2   0  -3  -2   1   0  -3  -1   0  -1  -2  -1  -2    0   0   0   0   0   0   0   0   0   0   0   0   0   0   0   0   0   0   0   0  0.00     0.00
  407 Q    -1   1   0   0  -3   5   2  -2   0  -3  -2   1   0  -3  -1   0  -1  -2  -1  -2    0   0   0   0   0   0   0   0   0   0   0   0   0   0   0   0   0   0   0   0  0.00     0.00
  408 L    -1  -2  -3  -4  -1  -2  -3  -4  -3   1   4  -2   2   0  -3  -2  -1  -2  -1   1    0   0   0   0   0   0   0   0   0   0   0   0   0   0   0   0   0   0   0   0  0.00     0.00
  409 L    -1  -2  -3  -4  -1  -2  -3  -4  -3   1   4  -2   2   0  -3  -2  -1  -2  -1   1    0   0   0   0   0   0   0   0   0   0   0   0   0   0   0   0   0   0   0   0  0.00     0.00
  410 W    -2  -3  -4  -4  -2  -2  -3  -2  -2  -3  -2  -3  -1   1  -4  -3  -2  10   2  -3    0   0   0   0   0   0   0   0   0   0   0   0   0   0   0   0   0   0   0   0  0.00     0.00
  411 R    -1   5   0  -2  -3   1   0  -2   0  -3  -2   2  -1  -3  -2  -1  -1  -3  -2  -2    0   0   0   0   0   0   0   0   0   0   0   0   0   0   0   0   0   0   0   0  0.00     0.00
  412 Q    -1   1   0   0  -3   5   2  -2   0  -3  -2   1   0  -3  -1   0  -1  -2  -1  -2    0   0   0   0   0   0   0   0   0   0   0   0   0   0   0   0   0   0   0   0  0.00     0.00
  413 A     4  -1  -1  -2   0  -1  -1   0  -2  -1  -1  -1  -1  -2  -1   1   0  -2  -2   0    0   0   0   0   0   0   0   0   0   0   0   0   0   0   0   0   0   0   0   0  0.00     0.00
  414 L    -1  -2  -3  -4  -1  -2  -3  -4  -3   1   4  -2   2   0  -3  -2  -1  -2  -1   1    0   0   0   0   0   0   0   0   0   0   0   0   0   0   0   0   0   0   0   0  0.00     0.00
  415 V     0  -2  -3  -3  -1  -2  -2  -3  -3   2   1  -2   1  -1  -2  -2   0  -3  -1   4    0   0   0   0   0   0   0   0   0   0   0   0   0   0   0   0   0   0   0   0  0.00     0.00
  416 A     4  -1  -1  -2   0  -1  -1   0  -2  -1  -1  -1  -1  -2  -1   1   0  -2  -2   0    0   0   0   0   0   0   0   0   0   0   0   0   0   0   0   0   0   0   0   0  0.00     0.00
  417 P    -1  -2  -2  -1  -3  -1  -1  -2  -2  -3  -3  -1  -2  -4   7  -1  -1  -4  -3  -2    0   0   0   0   0   0   0   0   0   0   0   0   0   0   0   0   0   0   0   0  0.00     0.00
  418 P    -1  -2  -2  -1  -3  -1  -1  -2  -2  -3  -3  -1  -2  -4   7  -1  -1  -4  -3  -2    0   0   0   0   0   0   0   0   0   0   0   0   0   0   0   0   0   0   0   0  0.00     0.00
  419 E    -1   0   0   1  -4   2   5  -2   0  -3  -3   1  -2  -3  -1   0  -1  -3  -2  -2    0   0   0   0   0   0   0   0   0   0   0   0   0   0   0   0   0   0   0   0  0.00     0.00
  420 A     4  -1  -1  -2   0  -1  -1   0  -2  -1  -1  -1  -1  -2  -1   1   0  -2  -2   0    0   0   0   0   0   0   0   0   0   0   0   0   0   0   0   0   0   0   0   0  0.00     0.00
  421 L    -1  -2  -3  -4  -1  -2  -3  -4  -3   1   4  -2   2   0  -3  -2  -1  -2  -1   1    0   0   0   0   0   0   0   0   0   0   0   0   0   0   0   0   0   0   0   0  0.00     0.00
  422 R    -1   5   0  -2  -3   1   0  -2   0  -3  -2   2  -1  -3  -2  -1  -1  -3  -2  -2    0   0   0   0   0   0   0   0   0   0   0   0   0   0   0   0   0   0   0   0  0.00     0.00
  423 F    -2  -3  -3  -3  -2  -3  -3  -3  -1   0   0  -3   0   6  -4  -2  -2   1   3  -1    0   0   0   0   0   0   0   0   0   0   0   0   0   0   0   0   0   0   0   0  0.00     0.00
  424 A     4  -1  -1  -2   0  -1  -1   0  -2  -1  -1  -1  -1  -2  -1   1   0  -2  -2   0    0   0   0   0   0   0   0   0   0   0   0   0   0   0   0   0   0   0   0   0  0.00     0.00
  425 R    -1   5   0  -2  -3   1   0  -2   0  -3  -2   2  -1  -3  -2  -1  -1  -3  -2  -2    0   0   0   0   0   0   0   0   0   0   0   0   0   0   0   0   0   0   0   0  0.00     0.00
  426 G     0  -2   0  -1  -2  -2  -2   5  -2  -4  -4  -1  -3  -3  -2   0  -2  -2  -3  -3    0   0   0   0   0   0   0   0   0   0   0   0   0   0   0   0   0   0   0   0  0.00     0.00
  427 S     1  -1   1   0  -1   0   0   0  -1  -2  -2   0  -1  -2  -1   4   1  -3  -2  -2    0   0   0   0   0   0   0   0   0   0   0   0   0   0   0   0   0   0   0   0  0.00     0.00
  428 K    -1   2   0  -1  -3   1   1  -1  -1  -3  -2   4  -1  -3  -1   0  -1  -3  -2  -2    0   0   0   0   0   0   0   0   0   0   0   0   0   0   0   0   0   0   0   0  0.00     0.00
  429 A     4  -1  -1  -2   0  -1  -1   0  -2  -1  -1  -1  -1  -2  -1   1   0  -2  -2   0    0   0   0   0   0   0   0   0   0   0   0   0   0   0   0   0   0   0   0   0  0.00     0.00
  430 Q    -1   1   0   0  -3   5   2  -2   0  -3  -2   1   0  -3  -1   0  -1  -2  -1  -2    0   0   0   0   0   0   0   0   0   0   0   0   0   0   0   0   0   0   0   0  0.00     0.00
  431 W    -2  -3  -4  -4  -2  -2  -3  -2  -2  -3  -2  -3  -1   1  -4  -3  -2  10   2  -3    0   0   0   0   0   0   0   0   0   0   0   0   0   0   0   0   0   0   0   0  0.00     0.00
  432 G     0  -2   0  -1  -2  -2  -2   5  -2  -4  -4  -1  -3  -3  -2   0  -2  -2  -3  -3    0   0   0   0   0   0   0   0   0   0   0   0   0   0   0   0   0   0   0   0  0.00     0.00
  433 Q    -1   1   0   0  -3   5   2  -2   0  -3  -2   1   0  -3  -1   0  -1  -2  -1  -2    0   0   0   0   0   0   0   0   0   0   0   0   0   0   0   0   0   0   0   0  0.00     0.00
  434 Y    -2  -2  -2  -3  -2  -1  -2  -3   2  -1  -1  -2  -1   3  -3  -2  -2   2   6  -1    0   0   0   0   0   0   0   0   0   0   0   0   0   0   0   0   0   0   0   0  0.00     0.00
  435 A     4  -1  -1  -2   0  -1  -1   0  -2  -1  -1  -1  -1  -2  -1   1   0  -2  -2   0    0   0   0   0   0   0   0   0   0   0   0   0   0   0   0   0   0   0   0   0  0.00     0.00
  436 A     4  -1  -1  -2   0  -1  -1   0  -2  -1  -1  -1  -1  -2  -1   1   0  -2  -2   0    0   0   0   0   0   0   0   0   0   0   0   0   0   0   0   0   0   0   0   0  0.00     0.00
  437 P    -1  -2  -2  -1  -3  -1  -1  -2  -2  -3  -3  -1  -2  -4   7  -1  -1  -4  -3  -2    0   0   0   0   0   0   0   0   0   0   0   0   0   0   0   0   0   0   0   0  0.00     0.00
  438 A     4  -1  -1  -2   0  -1  -1   0  -2  -1  -1  -1  -1  -2  -1   1   0  -2  -2   0    0   0   0   0   0   0   0   0   0   0   0   0   0   0   0   0   0   0   0   0  0.00     0.00
  439 S     1  -1   1   0  -1   0   0   0  -1  -2  -2   0  -1  -2  -1   4   1  -3  -2  -2    0   0   0   0   0   0   0   0   0   0   0   0   0   0   0   0   0   0   0   0  0.00     0.00
  440 A     4  -1  -1  -2   0  -1  -1   0  -2  -1  -1  -1  -1  -2  -1   1   0  -2  -2   0    0   0   0   0   0   0   0   0   0   0   0   0   0   0   0   0   0   0   0   0  0.00     0.00
  441 S     1  -1   1   0  -1   0   0   0  -1  -2  -2   0  -1  -2  -1   4   1  -3  -2  -2    0   0   0   0   0   0   0   0   0   0   0   0   0   0   0   0   0   0   0   0  0.00     0.00
  442 A     4  -1  -1  -2   0  -1  -1   0  -2  -1  -1  -1  -1  -2  -1   1   0  -2  -2   0    0   0   0   0   0   0   0   0   0   0   0   0   0   0   0   0   0   0   0   0  0.00     0.00
  443 S     1  -1   1   0  -1   0   0   0  -1  -2  -2   0  -1  -2  -1   4   1  -3  -2  -2    0   0   0   0   0   0   0   0   0   0   0   0   0   0   0   0   0   0   0   0  0.00     0.00
  444 L    -1  -2  -3  -4  -1  -2  -3  -4  -3   1   4  -2   2   0  -3  -2  -1  -2  -1   1    0   0   0   0   0   0   0   0   0   0   0   0   0   0   0   0   0   0   0   0  0.00     0.00
  445 E    -1   0   0   1  -4   2   5  -2   0  -3  -3   1  -2  -3  -1   0  -1  -3  -2  -2    0   0   0   0   0   0   0   0   0   0   0   0   0   0   0   0   0   0   0   0  0.00     0.00
  446 A     4  -1  -1  -2   0  -1  -1   0  -2  -1  -1  -1  -1  -2  -1   1   0  -2  -2   0    0   0   0   0   0   0   0   0   0   0   0   0   0   0   0   0   0   0   0   0  0.00     0.00
  447 A     4  -1  -1  -2   0  -1  -1   0  -2  -1  -1  -1  -1  -2  -1   1   0  -2  -2   0    0   0   0   0   0   0   0   0   0   0   0   0   0   0   0   0   0   0   0   0  0.00     0.00
  448 L    -1  -2  -3  -4  -1  -2  -3  -4  -3   1   4  -2   2   0  -3  -2  -1  -2  -1   1    0   0   0   0   0   0   0   0   0   0   0   0   0   0   0   0   0   0   0   0  0.00     0.00
  449 A     4  -1  -1  -2   0  -1  -1   0  -2  -1  -1  -1  -1  -2  -1   1   0  -2  -2   0    0   0   0   0   0   0   0   0   0   0   0   0   0   0   0   0   0   0   0   0  0.00     0.00
  450 S     1  -1   1   0  -1   0   0   0  -1  -2  -2   0  -1  -2  -1   4   1  -3  -2  -2    0   0   0   0   0   0   0   0   0   0   0   0   0   0   0   0   0   0   0   0  0.00     0.00
  451 P    -1  -2  -2  -1  -3  -1  -1  -2  -2  -3  -3  -1  -2  -4   7  -1  -1  -4  -3  -2    0   0   0   0   0   0   0   0   0   0   0   0   0   0   0   0   0   0   0   0  0.00     0.00
  452 L    -1  -2  -3  -4  -1  -2  -3  -4  -3   1   4  -2   2   0  -3  -2  -1  -2  -1   1    0   0   0   0   0   0   0   0   0   0   0   0   0   0   0   0   0   0   0   0  0.00     0.00
  453 T     0  -1   0  -1  -1  -1  -1  -2  -2  -1  -1  -1  -1  -2  -1   1   4  -2  -2   0    0   0   0   0   0   0   0   0   0   0   0   0   0   0   0   0   0   0   0   0  0.00     0.00
  454 S     1  -1   1   0  -1   0   0   0  -1  -2  -2   0  -1  -2  -1   4   1  -3  -2  -2    0   0   0   0   0   0   0   0   0   0   0   0   0   0   0   0   0   0   0   0  0.00     0.00
  455 P    -1  -2  -2  -1  -3  -1  -1  -2  -2  -3  -3  -1  -2  -4   7  -1  -1  -4  -3  -2    0   0   0   0   0   0   0   0   0   0   0   0   0   0   0   0   0   0   0   0  0.00     0.00
  456 L    -1  -2  -3  -4  -1  -2  -3  -4  -3   1   4  -2   2   0  -3  -2  -1  -2  -1   1    0   0   0   0   0   0   0   0   0   0   0   0   0   0   0   0   0   0   0   0  0.00     0.00
  457 D    -2  -2   1   6  -3   0   1  -1  -1  -3  -4  -1  -3  -3  -1   0  -1  -4  -3  -3    0   0   0   0   0   0   0   0   0   0   0   0   0   0   0   0   0   0   0   0  0.00     0.00
  458 S     1  -1   1   0  -1   0   0   0  -1  -2  -2   0  -1  -2  -1   4   1  -3  -2  -2    0   0   0   0   0   0   0   0   0   0   0   0   0   0   0   0   0   0   0   0  0.00     0.00
  459 P    -1  -2  -2  -1  -3  -1  -1  -2  -2  -3  -3  -1  -2  -4   7  -1  -1  -4  -3  -2    0   0   0   0   0   0   0   0   0   0   0   0   0   0   0   0   0   0   0   0  0.00     0.00
  460 L    -1  -2  -3  -4  -1  -2  -3  -4  -3   1   4  -2   2   0  -3  -2  -1  -2  -1   1    0   0   0   0   0   0   0   0   0   0   0   0   0   0   0   0   0   0   0   0  0.00     0.00
  461 D    -2  -2   1   6  -3   0   1  -1  -1  -3  -4  -1  -3  -3  -1   0  -1  -4  -3  -3    0   0   0   0   0   0   0   0   0   0   0   0   0   0   0   0   0   0   0   0  0.00     0.00
  462 S     1  -1   1   0  -1   0   0   0  -1  -2  -2   0  -1  -2  -1   4   1  -3  -2  -2    0   0   0   0   0   0   0   0   0   0   0   0   0   0   0   0   0   0   0   0  0.00     0.00
  463 V     0  -2  -3  -3  -1  -2  -2  -3  -3   2   1  -2   1  -1  -2  -2   0  -3  -1   4    0   0   0   0   0   0   0   0   0   0   0   0   0   0   0   0   0   0   0   0  0.00     0.00
  464 A     4  -1  -1  -2   0  -1  -1   0  -2  -1  -1  -1  -1  -2  -1   1   0  -2  -2   0    0   0   0   0   0   0   0   0   0   0   0   0   0   0   0   0   0   0   0   0  0.00     0.00
  465 A     4  -1  -1  -2   0  -1  -1   0  -2  -1  -1  -1  -1  -2  -1   1   0  -2  -2   0    0   0   0   0   0   0   0   0   0   0   0   0   0   0   0   0   0   0   0   0  0.00     0.00
  466 E    -1   0   0   1  -4   2   5  -2   0  -3  -3   1  -2  -3  -1   0  -1  -3  -2  -2    0   0   0   0   0   0   0   0   0   0   0   0   0   0   0   0   0   0   0   0  0.00     0.00
  467 E    -1   0   0   1  -4   2   5  -2   0  -3  -3   1  -2  -3  -1   0  -1  -3  -2  -2    0   0   0   0   0   0   0   0   0   0   0   0   0   0   0   0   0   0   0   0  0.00     0.00
  468 R    -1   5   0  -2  -3   1   0  -2   0  -3  -2   2  -1  -3  -2  -1  -1  -3  -2  -2    0   0   0   0   0   0   0   0   0   0   0   0   0   0   0   0   0   0   0   0  0.00     0.00
  469 A     4  -1  -1  -2   0  -1  -1   0  -2  -1  -1  -1  -1  -2  -1   1   0  -2  -2   0    0   0   0   0   0   0   0   0   0   0   0   0   0   0   0   0   0   0   0   0  0.00     0.00
  470 A     4  -1  -1  -2   0  -1  -1   0  -2  -1  -1  -1  -1  -2  -1   1   0  -2  -2   0    0   0   0   0   0   0   0   0   0   0   0   0   0   0   0   0   0   0   0   0  0.00     0.00
  471 S     1  -1   1   0  -1   0   0   0  -1  -2  -2   0  -1  -2  -1   4   1  -3  -2  -2    0   0   0   0   0   0   0   0   0   0   0   0   0   0   0   0   0   0   0   0  0.00     0.00
  472 L    -1  -2  -3  -4  -1  -2  -3  -4  -3   1   4  -2   2   0  -3  -2  -1  -2  -1   1    0   0   0   0   0   0   0   0   0   0   0   0   0   0   0   0   0   0   0   0  0.00     0.00
  473 T     0  -1   0  -1  -1  -1  -1  -2  -2  -1  -1  -1  -1  -2  -1   1   4  -2  -2   0    0   0   0   0   0   0   0   0   0   0   0   0   0   0   0   0   0   0   0   0  0.00     0.00
  474 S     1  -1   1   0  -1   0   0   0  -1  -2  -2   0  -1  -2  -1   4   1  -3  -2  -2    0   0   0   0   0   0   0   0   0   0   0   0   0   0   0   0   0   0   0   0  0.00     0.00
  475 V     0  -2  -3  -3  -1  -2  -2  -3  -3   2   1  -2   1  -1  -2  -2   0  -3  -1   4    0   0   0   0   0   0   0   0   0   0   0   0   0   0   0   0   0   0   0   0  0.00     0.00
  476 A     4  -1  -1  -2   0  -1  -1   0  -2  -1  -1  -1  -1  -2  -1   1   0  -2  -2   0    0   0   0   0   0   0   0   0   0   0   0   0   0   0   0   0   0   0   0   0  0.00     0.00
  477 E    -1   0   0   1  -4   2   5  -2   0  -3  -3   1  -2  -3  -1   0  -1  -3  -2  -2    0   0   0   0   0   0   0   0   0   0   0   0   0   0   0   0   0   0   0   0  0.00     0.00
  478 R    -1   5   0  -2  -3   1   0  -2   0  -3  -2   2  -1  -3  -2  -1  -1  -3  -2  -2    0   0   0   0   0   0   0   0   0   0   0   0   0   0   0   0   0   0   0   0  0.00     0.00
  479 A     4  -1  -1  -2   0  -1  -1   0  -2  -1  -1  -1  -1  -2  -1   1   0  -2  -2   0    0   0   0   0   0   0   0   0   0   0   0   0   0   0   0   0   0   0   0   0  0.00     0.00
  480 G     0  -2   0  -1  -2  -2  -2   5  -2  -4  -4  -1  -3  -3  -2   0  -2  -2  -3  -3    0   0   0   0   0   0   0   0   0   0   0   0   0   0   0   0   0   0   0   0  0.00     0.00
  481 M    -1  -1  -2  -3  -1   0  -2  -3  -2   1   2  -1   5   0  -2  -1  -1  -1  -1   1    0   0   0   0   0   0   0   0   0   0   0   0   0   0   0   0   0   0   0   0  0.00     0.00
  482 A     4  -1  -1  -2   0  -1  -1   0  -2  -1  -1  -1  -1  -2  -1   1   0  -2  -2   0    0   0   0   0   0   0   0   0   0   0   0   0   0   0   0   0   0   0   0   0  0.00     0.00
  483 A     4  -1  -1  -2   0  -1  -1   0  -2  -1  -1  -1  -1  -2  -1   1   0  -2  -2   0    0   0   0   0   0   0   0   0   0   0   0   0   0   0   0   0   0   0   0   0  0.00     0.00
  484 T     0  -1   0  -1  -1  -1  -1  -2  -2  -1  -1  -1  -1  -2  -1   1   4  -2  -2   0    0   0   0   0   0   0   0   0   0   0   0   0   0   0   0   0   0   0   0   0  0.00     0.00
  485 R    -1   5   0  -2  -3   1   0  -2   0  -3  -2   2  -1  -3  -2  -1  -1  -3  -2  -2    0   0   0   0   0   0   0   0   0   0   0   0   0   0   0   0   0   0   0   0  0.00     0.00
  486 S     1  -1   1   0  -1   0   0   0  -1  -2  -2   0  -1  -2  -1   4   1  -3  -2  -2    0   0   0   0   0   0   0   0   0   0   0   0   0   0   0   0   0   0   0   0  0.00     0.00
  487 A     4  -1  -1  -2   0  -1  -1   0  -2  -1  -1  -1  -1  -2  -1   1   0  -2  -2   0    0   0   0   0   0   0   0   0   0   0   0   0   0   0   0   0   0   0   0   0  0.00     0.00
  488 A     4  -1  -1  -2   0  -1  -1   0  -2  -1  -1  -1  -1  -2  -1   1   0  -2  -2   0    0   0   0   0   0   0   0   0   0   0   0   0   0   0   0   0   0   0   0   0  0.00     0.00
  489 T     0  -1   0  -1  -1  -1  -1  -2  -2  -1  -1  -1  -1  -2  -1   1   4  -2  -2   0    0   0   0   0   0   0   0   0   0   0   0   0   0   0   0   0   0   0   0   0  0.00     0.00
  490 D    -2  -2   1   6  -3   0   1  -1  -1  -3  -4  -1  -3  -3  -1   0  -1  -4  -3  -3    0   0   0   0   0   0   0   0   0   0   0   0   0   0   0   0   0   0   0   0  0.00     0.00
  491 A     4  -1  -1  -2   0  -1  -1   0  -2  -1  -1  -1  -1  -2  -1   1   0  -2  -2   0    0   0   0   0   0   0   0   0   0   0   0   0   0   0   0   0   0   0   0   0  0.00     0.00
  492 S     1  -1   1   0  -1   0   0   0  -1  -2  -2   0  -1  -2  -1   4   1  -3  -2  -2    0   0   0   0   0   0   0   0   0   0   0   0   0   0   0   0   0   0   0   0  0.00     0.00
  493 A     4  -1  -1  -2   0  -1  -1   0  -2  -1  -1  -1  -1  -2  -1   1   0  -2  -2   0    0   0   0   0   0   0   0   0   0   0   0   0   0   0   0   0   0   0   0   0  0.00     0.00
  494 G     0  -2   0  -1  -2  -2  -2   5  -2  -4  -4  -1  -3  -3  -2   0  -2  -2  -3  -3    0   0   0   0   0   0   0   0   0   0   0   0   0   0   0   0   0   0   0   0  0.00     0.00
  495 A     4  -1  -1  -2   0  -1  -1   0  -2  -1  -1  -1  -1  -2  -1   1   0  -2  -2   0    0   0   0   0   0   0   0   0   0   0   0   0   0   0   0   0   0   0   0   0  0.00     0.00
  496 P    -1  -2  -2  -1  -3  -1  -1  -2  -2  -3  -3  -1  -2  -4   7  -1  -1  -4  -3  -2    0   0   0   0   0   0   0   0   0   0   0   0   0   0   0   0   0   0   0   0  0.00     0.00
  497 A     4  -1  -1  -2   0  -1  -1   0  -2  -1  -1  -1  -1  -2  -1   1   0  -2  -2   0    0   0   0   0   0   0   0   0   0   0   0   0   0   0   0   0   0   0   0   0  0.00     0.00
  498 R    -1   5   0  -2  -3   1   0  -2   0  -3  -2   2  -1  -3  -2  -1  -1  -3  -2  -2    0   0   0   0   0   0   0   0   0   0   0   0   0   0   0   0   0   0   0   0  0.00     0.00
  499 S     1  -1   1   0  -1   0   0   0  -1  -2  -2   0  -1  -2  -1   4   1  -3  -2  -2    0   0   0   0   0   0   0   0   0   0   0   0   0   0   0   0   0   0   0   0  0.00     0.00
  500 T     0  -1   0  -1  -1  -1  -1  -2  -2  -1  -1  -1  -1  -2  -1   1   4  -2  -2   0    0   0   0   0   0   0   0   0   0   0   0   0   0   0   0   0   0   0   0   0  0.00     0.00
  501 L    -1  -2  -3  -4  -1  -2  -3  -4  -3   1   4  -2   2   0  -3  -2  -1  -2  -1   1    0   0   0   0   0   0   0   0   0   0   0   0   0   0   0   0   0   0   0   0  0.00     0.00
  502 L    -1  -2  -3  -4  -1  -2  -3  -4  -3   1   4  -2   2   0  -3  -2  -1  -2  -1   1    0   0   0   0   0   0   0   0   0   0   0   0   0   0   0   0   0   0   0   0  0.00     0.00
  503 S     1  -1   1   0  -1   0   0   0  -1  -2  -2   0  -1  -2  -1   4   1  -3  -2  -2    0   0   0   0   0   0   0   0   0   0   0   0   0   0   0   0   0   0   0   0  0.00     0.00
  504 L    -1  -2  -3  -4  -1  -2  -3  -4  -3   1   4  -2   2   0  -3  -2  -1  -2  -1   1    0   0   0   0   0   0   0   0   0   0   0   0   0   0   0   0   0   0   0   0  0.00     0.00
  505 A     4  -1  -1  -2   0  -1  -1   0  -2  -1  -1  -1  -1  -2  -1   1   0  -2  -2   0    0   0   0   0   0   0   0   0   0   0   0   0   0   0   0   0   0   0   0   0  0.00     0.00
  506 A     4  -1  -1  -2   0  -1  -1   0  -2  -1  -1  -1  -1  -2  -1   1   0  -2  -2   0    0   0   0   0   0   0   0   0   0   0   0   0   0   0   0   0   0   0   0   0  0.00     0.00
  507 G     0  -2   0  -1  -2  -2  -2   5  -2  -4  -4  -1  -3  -3  -2   0  -2  -2  -3  -3    0   0   0   0   0   0   0   0   0   0   0   0   0   0   0   0   0   0   0   0  0.00     0.00
  508 V     0  -2  -3  -3  -1  -2  -2  -3  -3   2   1  -2   1  -1  -2  -2   0  -3  -1   4    0   0   0   0   0   0   0   0   0   0   0   0   0   0   0   0   0   0   0   0  0.00     0.00
  509 G     0  -2   0  -1  -2  -2  -2   5  -2  -4  -4  -1  -3  -3  -2   0  -2  -2  -3  -3    0   0   0   0   0   0   0   0   0   0   0   0   0   0   0   0   0   0   0   0  0.00     0.00
  510 A     4  -1  -1  -2   0  -1  -1   0  -2  -1  -1  -1  -1  -2  -1   1   0  -2  -2   0    0   0   0   0   0   0   0   0   0   0   0   0   0   0   0   0   0   0   0   0  0.00     0.00
  511 G     0  -2   0  -1  -2  -2  -2   5  -2  -4  -4  -1  -3  -3  -2   0  -2  -2  -3  -3    0   0   0   0   0   0   0   0   0   0   0   0   0   0   0   0   0   0   0   0  0.00     0.00
  512 A     4  -1  -1  -2   0  -1  -1   0  -2  -1  -1  -1  -1  -2  -1   1   0  -2  -2   0    0   0   0   0   0   0   0   0   0   0   0   0   0   0   0   0   0   0   0   0  0.00     0.00
  513 G     0  -2   0  -1  -2  -2  -2   5  -2  -4  -4  -1  -3  -3  -2   0  -2  -2  -3  -3    0   0   0   0   0   0   0   0   0   0   0   0   0   0   0   0   0   0   0   0  0.00     0.00
  514 A     4  -1  -1  -2   0  -1  -1   0  -2  -1  -1  -1  -1  -2  -1   1   0  -2  -2   0    0   0   0   0   0   0   0   0   0   0   0   0   0   0   0   0   0   0   0   0  0.00     0.00
  515 A     4  -1  -1  -2   0  -1  -1   0  -2  -1  -1  -1  -1  -2  -1   1   0  -2  -2   0    0   0   0   0   0   0   0   0   0   0   0   0   0   0   0   0   0   0   0   0  0.00     0.00
  516 A     4  -1  -1  -2   0  -1  -1   0  -2  -1  -1  -1  -1  -2  -1   1   0  -2  -2   0    0   0   0   0   0   0   0   0   0   0   0   0   0   0   0   0   0   0   0   0  0.00     0.00
  517 L    -1  -2  -3  -4  -1  -2  -3  -4  -3   1   4  -2   2   0  -3  -2  -1  -2  -1   1    0   0   0   0   0   0   0   0   0   0   0   0   0   0   0   0   0   0   0   0  0.00     0.00
  518 V     0  -2  -3  -3  -1  -2  -2  -3  -3   2   1  -2   1  -1  -2  -2   0  -3  -1   4    0   0   0   0   0   0   0   0   0   0   0   0   0   0   0   0   0   0   0   0  0.00     0.00
  519 A     4  -1  -1  -2   0  -1  -1   0  -2  -1  -1  -1  -1  -2  -1   1   0  -2  -2   0    0   0   0   0   0   0   0   0   0   0   0   0   0   0   0   0   0   0   0   0  0.00     0.00
  520 F    -2  -3  -3  -3  -2  -3  -3  -3  -1   0   0  -3   0   6  -4  -2  -2   1   3  -1    0   0   0   0   0   0   0   0   0   0   0   0   0   0   0   0   0   0   0   0  0.00     0.00
  521 L    -1  -2  -3  -4  -1  -2  -3  -4  -3   1   4  -2   2   0  -3  -2  -1  -2  -1   1    0   0   0   0   0   0   0   0   0   0   0   0   0   0   0   0   0   0   0   0  0.00     0.00
  522 G     0  -2   0  -1  -2  -2  -2   5  -2  -4  -4  -1  -3  -3  -2   0  -2  -2  -3  -3    0   0   0   0   0   0   0   0   0   0   0   0   0   0   0   0   0   0   0   0  0.00     0.00
  523 L    -1  -2  -3  -4  -1  -2  -3  -4  -3   1   4  -2   2   0  -3  -2  -1  -2  -1   1    0   0   0   0   0   0   0   0   0   0   0   0   0   0   0   0   0   0   0   0  0.00     0.00
  524 R    -1   5   0  -2  -3   1   0  -2   0  -3  -2   2  -1  -3  -2  -1  -1  -3  -2  -2    0   0   0   0   0   0   0   0   0   0   0   0   0   0   0   0   0   0   0   0  0.00     0.00
  525 A     4  -1  -1  -2   0  -1  -1   0  -2  -1  -1  -1  -1  -2  -1   1   0  -2  -2   0    0   0   0   0   0   0   0   0   0   0   0   0   0   0   0   0   0   0   0   0  0.00     0.00
  526 T     0  -1   0  -1  -1  -1  -1  -2  -2  -1  -1  -1  -1  -2  -1   1   4  -2  -2   0    0   0   0   0   0   0   0   0   0   0   0   0   0   0   0   0   0   0   0   0  0.00     0.00
  527 Q    -1   1   0   0  -3   5   2  -2   0  -3  -2   1   0  -3  -1   0  -1  -2  -1  -2    0   0   0   0   0   0   0   0   0   0   0   0   0   0   0   0   0   0   0   0  0.00     0.00
  528 R    -1   5   0  -2  -3   1   0  -2   0  -3  -2   2  -1  -3  -2  -1  -1  -3  -2  -2    0   0   0   0   0   0   0   0   0   0   0   0   0   0   0   0   0   0   0   0  0.00     0.00
  529 H    -2   0   1  -1  -3   0   0  -2   7  -3  -3  -1  -2  -1  -2  -1  -2  -2   2  -3    0   0   0   0   0   0   0   0   0   0   0   0   0   0   0   0   0   0   0   0  0.00     0.00
  530 R    -1   5   0  -2  -3   1   0  -2   0  -3  -2   2  -1  -3  -2  -1  -1  -3  -2  -2    0   0   0   0   0   0   0   0   0   0   0   0   0   0   0   0   0   0   0   0  0.00     0.00
  531 A     4  -1  -1  -2   0  -1  -1   0  -2  -1  -1  -1  -1  -2  -1   1   0  -2  -2   0    0   0   0   0   0   0   0   0   0   0   0   0   0   0   0   0   0   0   0   0  0.00     0.00
  532 A     4  -1  -1  -2   0  -1  -1   0  -2  -1  -1  -1  -1  -2  -1   1   0  -2  -2   0    0   0   0   0   0   0   0   0   0   0   0   0   0   0   0   0   0   0   0   0  0.00     0.00
  533 G     0  -2   0  -1  -2  -2  -2   5  -2  -4  -4  -1  -3  -3  -2   0  -2  -2  -3  -3    0   0   0   0   0   0   0   0   0   0   0   0   0   0   0   0   0   0   0   0  0.00     0.00
  534 T     0  -1   0  -1  -1  -1  -1  -2  -2  -1  -1  -1  -1  -2  -1   1   4  -2  -2   0    0   0   0   0   0   0   0   0   0   0   0   0   0   0   0   0   0   0   0   0  0.00     0.00
  535 P    -1  -2  -2  -1  -3  -1  -1  -2  -2  -3  -3  -1  -2  -4   7  -1  -1  -4  -3  -2    0   0   0   0   0   0   0   0   0   0   0   0   0   0   0   0   0   0   0   0  0.00     0.00
  536 C     0  -3  -3  -3   8  -3  -4  -2  -3  -1  -1  -3  -1  -2  -3  -1  -1  -2  -2  -1    0   0   0   0   0   0   0   0   0   0   0   0   0   0   0   0   0   0   0   0  0.00     0.00
  537 V     0  -2  -3  -3  -1  -2  -2  -3  -3   2   1  -2   1  -1  -2  -2   0  -3  -1   4    0   0   0   0   0   0   0   0   0   0   0   0   0   0   0   0   0   0   0   0  0.00     0.00
  538 H    -2   0   1  -1  -3   0   0  -2   7  -3  -3  -1  -2  -1  -2  -1  -2  -2   2  -3    0   0   0   0   0   0   0   0   0   0   0   0   0   0   0   0   0   0   0   0  0.00     0.00
  539 S     1  -1   1   0  -1   0   0   0  -1  -2  -2   0  -1  -2  -1   4   1  -3  -2  -2    0   0   0   0   0   0   0   0   0   0   0   0   0   0   0   0   0   0   0   0  0.00     0.00
  540 S     1  -1   1   0  -1   0   0   0  -1  -2  -2   0  -1  -2  -1   4   1  -3  -2  -2    0   0   0   0   0   0   0   0   0   0   0   0   0   0   0   0   0   0   0   0  0.00     0.00
  541 R    -1   5   0  -2  -3   1   0  -2   0  -3  -2   2  -1  -3  -2  -1  -1  -3  -2  -2    0   0   0   0   0   0   0   0   0   0   0   0   0   0   0   0   0   0   0   0  0.00     0.00

                      K         Lambda
Standard Ungapped    0.1317     0.3178
Standard Gapped      0.0394     0.2670
PSI Ungapped         0.1287     0.3175
PSI Gapped           0.0394     0.2670
