
Last position-specific scoring matrix computed, weighted observed percentages rounded down, information per position, and relative weight of gapless real matches to pseudocounts
            A   R   N   D   C   Q   E   G   H   I   L   K   M   F   P   S   T   W   Y   V   A   R   N   D   C   Q   E   G   H   I   L   K   M   F   P   S   T   W   Y   V
    1 M    -1  -1  -2  -3  -1   0  -2  -3  -2   1   2  -1   5   0  -2  -1  -1  -1  -1   1    0   0   0   0   0   0   0   0   0   0   0   0   0   0   0   0   0   0   0   0  0.00     0.00
    2 T     0  -1   0  -1  -1  -1  -1  -2  -2  -1  -1  -1  -1  -2  -1   1   5  -2  -2   0    0   0   0   0   0   0   0   0   0   0   0   0   0   0   0   0   0   0   0   0  0.00     0.00
    3 A     4  -1  -2  -2   0  -1  -1   0  -2  -1  -1  -1  -1  -2  -1   1   0  -3  -2   0    0   0   0   0   0   0   0   0   0   0   0   0   0   0   0   0   0   0   0   0  0.00     0.00
    4 R    -2   6   0  -2  -4   1   0  -3   0  -3  -2   2  -2  -3  -2  -1  -1  -3  -2  -3    0 100   0   0   0   0   0   0   0   0   0   0   0   0   0   0   0   0   0   0  0.75 0.01
    5 L    -1  -2  -3  -4  -1  -1  -3  -3  -2   1   3  -2   5   0  -3  -2  -1  -2  -1   1    0   0   0   0   0   0   0   0   0   0  50   0  50   0   0   0   0   0   0   0  0.35 0.00
    6 L    -2  -2  -4  -4  -1  -2  -3  -4  -3   2   4  -3   2   0  -3  -3  -1  -2  -1   1    0   0   0   0   0   0   0   0   0   0 100   0   0   0   0   0   0   0   0   0  0.46 0.00
    7 Q    -1   1   0   1  -4   4   4  -2   0  -3  -3   1  -1  -3  -1   0  -1  -3  -2  -3    0   0   0   0   0  50  50   0   0   0   0   0   0   0   0   0   0   0   0   0  0.60 0.00
    8 G     0  -3   0  -1  -3  -2  -2   6  -2  -4  -4  -2  -3  -3  -2   0  -2  -3  -3  -3    0   0   0   0   0   0   0 100   0   0   0   0   0   0   0   0   0   0   0   0  1.04 0.00
    9 A     3  -2  -2  -2  -1  -1  -1  -1  -2  -2  -2  -1  -2  -3   6   0  -1  -3  -2  -1   50   0   0   0   0   0   0   0   0   0   0   0   0   0  50   0   0   0   0   0  0.89 0.00
   10 A     3  -1   4   0  -1   0  -1   0   0  -2  -2   0  -2  -3  -1   1   0  -3  -2  -1   50   0  50   0   0   0   0   0   0   0   0   0   0   0   0   0   0   0   0   0  0.35 0.00
   11 L    -1  -2  -1  -2  -1  -1  -2  -3  -2   1   3  -2   1  -1  -2   0   3  -2  -1   0    0   0   0   0   0   0   0   0   0   0  50   0   0   0   0   0  50   0   0   0  0.25 0.00
   12 L    -1   1  -1  -2  -2   0  -1  -3  -2   0   2   3   1  -1  -2  -1  -1  -2  -2   0    0   0   0   0   0   0   0   0   0   0  50  50   0   0   0   0   0   0   0   0  0.19 0.00
   13 G     3  -2  -1  -2  -1  -1  -2   4  -2  -2  -3  -1  -2  -3  -2   1  -1  -3  -3  -1   50   0   0   0   0   0   0  50   0   0   0   0   0   0   0   0   0   0   0   0  0.52 0.00
   14 L     3  -2  -3  -3  -1  -2  -2  -1  -2   0   2  -2   1  -1  -2   0  -1  -2  -2   0   50   0   0   0   0   0   0   0   0   0  50   0   0   0   0   0   0   0   0   0  0.20 0.00
   15 A     4  -2  -2  -2   0  -1  -1   0  -2  -1  -2  -1  -1  -2  -1   1   0  -3  -2   0  100   0   0   0   0   0   0   0   0   0   0   0   0   0   0   0   0   0   0   0  0.41 0.00
   16 G     0  -2  -1  -2  -3  -2  -2   4  -2  -3  -3  -1  -3  -4   6  -1  -1  -3  -3  -3    0   0   0   0   0   0   0  50   0   0   0   0   0   0  50   0   0   0   0   0  1.09 0.00
   17 A     3  -1   0  -1  -1   0   0   0  -1  -2  -2   0  -1  -3  -1   4   1  -3  -2  -1   34   0   0   0   0   0   0   0   0   0   0   0   0   0   0  66   0   0   0   0  0.38 0.01
   18 A     4  -1  -1  -2  -1  -1  -1   1  -2  -2  -3   1  -2  -3  -2   3   0  -3  -3  -1   53   0   0   0   0   0   0   9   0   0   0   9   0   0   0  26   3   0   0   0  0.42 0.12
   19 E    -2   2   3  -1  -4   0   1  -2  -1  -1  -3   5  -2  -4  -2  -1   0  -4  -3  -3    0   5  22   0   0   0   8   0   0   5   0  57   0   0   0   0   3   0   0   0  0.56 0.16
   20 V     0  -4  -4  -4  -2  -3  -4  -4  -4   5   1  -3   2  -1  -3  -3  -1  -4  -2   4    6   0   0   0   0   0   0   0   0  56   0   0   4   0   0   0   0   0   0  34  0.63 0.16
   21 G    -1  -3  -2  -3  -3  -3  -3   5  -3  -2   2  -3  -1  -2  -3  -1   0  -3  -3  -2    0   0   0   0   0   0   0  65   0   0  28   0   0   0   0   0   7   0   0   0  0.74 0.16
   22 L    -2  -4  -4  -4  -2  -4  -4  -5  -4   5   3  -4   1  -1  -4  -3  -2  -3  -2   2    0   0   0   0   0   0   0   0   0  61  35   0   0   0   0   0   0   0   0   4  0.76 0.19
   23 L    -2  -4  -4  -4  -3  -4  -4  -4  -3   0   2  -4   0   6  -4  -3  -1  -1   1   3    0   0   0   0   0   0   0   0   0   0  18   0   0  50   0   0   5   0   0  27  0.67 0.18
   24 Y    -3  -4  -4  -5  -4  -3  -4  -5  -1  -2  -2  -4  -2   6  -5  -3  -3   0   7  -1    0   0   0   0   0   0   0   0   0   0   0   0   0  43   0   0   0   0  54   4  1.35 0.27
   25 S     1  -3  -1  -2  -3  -3  -3   6  -3  -4  -4  -2  -4  -4  -3   1  -2  -4  -4  -4   10   0   0   0   0   0   0  79   0   0   0   0   0   0   0  11   0   0   0   0  1.16 0.22
   26 T     0  -2  -1  -2  -2  -1  -2  -2  -2  -3  -3  -2  -2  -4  -2   5   4  -4  -3  -2    0   0   0   0   0   0   0   0   0   0   0   0   0   0   0  62  38   0   0   0  0.82 0.24
   27 F    -1  -2   0   3  -3   1   1  -2  -2  -2  -2  -1   2   1  -2   2   2  -3  -2  -2    0   0   3  23   0   9   6   0   0   0   0   0  10   7   0  20  22   0   0   0  0.30 0.13
   28 T    -1  -2  -1  -2  -2  -2  -2  -3  -3  -2  -3  -2  -2  -4  -2   2   6  -4  -3  -2    0   0   0   0   0   0   0   0   0   0   0   0   0   0   0  18  82   0   0   0  1.02 0.27
   29 G    -1  -4  -2  -3   1  -3  -4   7  -3  -5  -5  -3  -4  -5  -4  -2  -3  -4  -5  -5    0   0   0   0   3   0   0  97   0   0   0   0   0   0   0   0   0   0   0   0  1.60 0.27
   30 K    -2  -1   6   0  -4   0  -1  -2  -1  -3  -4   2  -3  -3  -3  -1  -1  -4   0  -1    0   0  66   0   0   3   0   0   0   0   0  19   0   0   0   0   2   0   3   6  0.83 0.23
   31 T     0  -3  -1  -2  -2  -2  -2  -3  -3  -2  -3  -2  -2  -4  -2   1   7  -4  -3  -1    4   0   0   0   0   0   0   0   0   0   0   0   0   0   0   6  90   0   0   0  1.11 0.29
   32 D    -1   2  -1   2  -4   1   5  -3  -1  -4  -3   0  -3  -4  -2  -1  -2  -3  -3  -3    5  11   0   8   0   3  67   1   0   0   1   0   0   0   0   1   0   0   0   1  0.78 0.18
   33 T     0   0   1   0  -1   0   0  -1  -1  -1  -1   2  -1  -2  -1   1   2   3  -1  -1    8   2   9   2   1   2   6   3   1   2   3  17   1   1   2  13  21   5   1   2  0.15 0.04
   34 G     0  -1  -1  -1  -1   0   0   1  -1   1   0   0   1  -1   0   0   0  -1  -1   1    9   3   3   4   1   3   4  12   1  12   6   4   7   3   3   5   4   1   2  12  0.01 0.00
   35 W     2  -1  -1  -1  -1   0   0   0  -1  -1  -1   0  -1  -1   0   0   0   4   0   0   31   3   3   4   1   3   4   5   1   3   6   4   2   3   3   5   4   8   2   4  0.11 0.02
   36 V     0   0   0   1  -1   1   1   0   0   0  -1   0   0  -1   0   0   0  -1  -1   0    5   4   3   9   1  12  13   5   2   4   6   4   2   3   4   5   4   1   2  12  0.05 0.01
   37 E     0   0   0   0  -1   0   1  -1   0  -1   0   1   0   0   0   0   0   0   1  -1    5   3   3   4   1   3  11   5   1   3  11  16   1   3   3   5   8   1   6   4  0.04 0.01
   38 P     0  -1  -1  -1  -1   0   0  -1  -1   1   1   0   0   0   2   0   0  -1  -1   1    5   3   3   4   1   3   4   5   1  12  15   4   1   3  11   5   8   1   2   9  0.05 0.00
   39 G     0   0   0   0  -1   0   2   2  -1  -1  -1   0  -1  -1   0   0   0  -1  -1  -1    9   3   3   3   1   3  18  21   1   3   6   7   1   2   3   4   4   1   2   4  0.10 0.01
   40 N     0   1   1   1  -2   0   2   1   0  -2  -1   1  -1  -2   0   0   0  -1  -1  -1    4   7   9   7   1   2  19  12   1   3   4  12   1   2   3   3   3   1   2   3  0.13 0.02
   41 A     1  -1  -1   0  -1  -1   0   0  -1   0   1  -1   0  -1  -1   0   0  -1  -1   1   14   2   2   7   1   2   7   9   1   7  18   3   1   2   2   3   7   1   1  10  0.02 0.01
   42 P     2  -1  -1  -1  -1  -1  -1  -1  -1   1   0  -1   0  -1   2   0   0  -1  -1   1   25   3   2   3   1   2   3   4   1  11  10   3   1   2  10   4   3   1   2   8  0.07 0.02
   43 I     1   0   0   0  -1   1   1  -1  -1   0  -1   1   0   0   0   0   0  -1   0   0   17   3   2   3   1   8  14   4   1  10   5   9   1   7   3   4   3   1   2   3  0.04 0.01
   44 A     1   0  -1   0  -1   0   2  -1  -1   0  -1   1  -1  -1  -1   0   0  -1   0  -1   22   6   2   2   1   2  20   3   1   7   4   7   1   2   2   3   6   1   5   3  0.09 0.03
   45 I     0  -1  -1  -1  -1  -1   0  -1  -1   2   1  -1   1  -1  -1  -1   0  -1  -1   1   13   2   2   2   1   2  10   3   1  22  16   2   4   2   2   3   2   1   1   9  0.05 0.02
   46 A     3  -2  -2  -2  -1  -2  -2  -2  -2   2   1  -1   0  -1  -2  -1  -1  -3  -2   2   37   1   1   1   0   1   1   1   0  22  10   5   0   0   1   1   1   0   0  18  0.21 0.09
   47 A     4  -1  -1   0  -2   0   1  -1  -2  -2  -2   0  -2  -3  -1   0   0  -3  -2  -1   61   1   1   5   0   3  13   1   0   1   1   4   0   0   1   1   6   0   0   1  0.39 0.13
   48 G     0   0   0   2  -3   0   2   0  -1  -2  -1   2  -1  -3  -1   0   0  -3  -2  -2    7   1   1  14   0   1  22   8   0   1   8  24   0   0   1   3   8   0   0   1  0.22 0.07
   49 F     0  -1  -2  -2  -2   0  -2  -2  -2   1   2   0   2   3  -2  -1  -1  -1   0   1   10   1   1   1   0   4   1   1   0  10  21   8   7  20   1   3   1   0   0  10  0.13 0.06
   50 I    -1  -2   0   0  -2   2   1   1  -2   3   0  -1   0  -2  -2  -1  -1  -3  -2   0    1   1   4   6   0  13   9  14   0  43   5   1   0   0   1   1   1   0   0   1  0.17 0.10
   51 E    -1   2   0  -1  -3   2   2  -1   4  -3  -3   1  -2  -2  -2   0  -1  -2   1  -2    4  17   4   1   0   9  21   5  15   1   1   8   0   0   1   8   1   0   4   1  0.29 0.08
   52 K    -1   1  -1   1  -3   1   2  -2  -1  -3  -2   3  -2  -2  -1   0  -1  -2   0  -2    4   7   1   8   0   3  21   1   0   1   2  36   0   1   1   6   1   0   5   1  0.32 0.09
   53 M     0   1  -1  -1  -2   1   2  -1  -1   0  -1   0   2   1  -2   0   0  -1   1   0    5   7   1   1   0   9  16   4   0   4   1   5  12   9   1   5   5   0   4  10  0.07 0.05
   54 T    -1  -2  -2  -1   1  -2  -1   2  -2   1   1  -2   1   1  -2  -1   0  -2   1   0    1   0   0   5   4   0   5  20   0  17  20   1   3   7   0   1   8   0   6   1  0.09 0.05
   55 G    -1  -3  -1   3  -3  -2  -1   5  -2  -1  -3  -2   0  -3  -2   1  -2  -3  -3  -3    0   0   0  19   0   0   3  55   0   5   0   0   4   0   0  10   0   0   0   0  0.63 0.15
   56 L     0   1   1   1  -2  -1   0   0   1   0   0   0  -1   0   0   0   0  -3  -1   0    4   9   6  13   0   0   6   7   5   5  12   3   0   5   4   6   5   0   0   9  0.03 0.02
   57 Q     0  -1   1   3  -3   1   3  -2   1  -2  -2   0  -2  -2  -2   0   0  -3   0  -2    6   0   6  27   0   8  22   1   4   3   4   4   0   0   0   5   3   0   4   0  0.30 0.08
   58 A     3  -2  -1  -2   2  -2  -1  -2  -3   1   0  -2   0  -2  -2  -1   0  -3  -2   3   35   0   4   0   5   0   4   0   0   9   9   0   0   0   0   0   3   0   0  29  0.21 0.10
   59 M     1  -2  -2   1  -2   0  -1  -1  -2   1   0  -1   4  -2  -3   0   0  -3  -2   3   11   0   0  10   0   6   0   5   0   2   0   3  21   0   0   6   5   0   0  32  0.18 0.12
   60 Q     1  -1   1   3   0   2   2  -2  -1  -2  -1  -1  -1  -3  -2   1   1  -3  -3  -2   18   0   6  18   2  12  16   0   0   0   5   0   2   0   0   9  13   0   0   0  0.26 0.09
   61 I    -2  -3  -3  -2  -2  -3  -3  -4  -3   3   3  -3   1  -1   2  -2  -1  -3  -2   2    0   0   0   3   0   0   0   0   0  25  32   0   3   0  12   0   0   0   0  22  0.38 0.11
   62 S     0  -1   2   1  -2   0   1  -2   3   0   0   0   0   0  -2   0   0  -2   0   0    6   2  12   6   0   0  13   0  14   8   9   4   3   3   0   8   3   0   4   4  0.09 0.05
   63 D    -1  -2   3   6  -3  -1   0  -2  -1  -3  -3  -1  -3  -3  -2  -1  -1  -4  -3  -3    6   1  20  63   0   1   1   1   0   1   1   1   0   1   1   1   1   0   0   1  0.86 0.17
   64 I     1  -2  -3  -3  -1  -2  -2  -3  -3   4   1  -2   1   0  -2  -2  -1  -2  -1   3   13   1   1   1   0   1   1   1   0  36   5   1   5   5   1   1   1   0   0  27  0.28 0.09
   65 I     1   0   1   0  -1   0   0  -1  -1   0  -1   0  -1  -2  -1   1   0  -2  -1   0   22   4  10   6   1   1   7   2   1   9   3   5   1   1   2  14   5   0   1   6  0.08 0.03
   66 D     0   2   2   3  -2   1   1  -1  -1  -2  -2   2  -2  -2  -1   0  -1  -2  -2  -2    7  12   9  24   1   6   8   2   1   2   3  14   1   1   2   2   2   0   1   2  0.24 0.05
   67 D     2  -1  -1   2  -1  -1  -1  -1  -2  -1  -1  -1  -1   0  -1   1   2  -2  -1   1   24   1   1  17   0   1   1   1   0   1   2   1   0   5   1  14  16   0   1  12  0.16 0.07
   68 A     2  -2   0   4  -2  -1   0  -1  -2  -3  -3   0  -2  -4  -2   2   1  -4  -3  -1   24   0   2  33   0   0   2   0   0   0   0   4   0   0   0  26   6   0   0   3  0.43 0.14
   69 E     2   0  -1   0  -2   0   1   0  -2  -1  -1   1  -1  -3   3   0  -1  -3  -2   0   26   3   0   5   0   2  12   4   0   3   4  13   0   0  14   0   0   0   0  12  0.19 0.07
   70 A     1  -1   1   2  -3   2   3   1  -1  -3  -3   1  -2  -3  -2   1   0  -3  -2  -2   19   0   5   9   0   9  24  12   0   0   0   9   0   0   0   7   2   0   0   0  0.29 0.08
   71 F    -1  -2   0   4   1   0  -1  -3  -2  -1   2  -2  -1   1  -3  -2  -2  -3  -2  -2    7   0   4  39   5   7   0   0   0   0  32   0   0   7   0   0   0   0   0   0  0.35 0.14
   72 F     0  -3  -4  -4   2  -3  -4  -2  -3   1   2  -3   2   5  -4  -2  -2  -1   1  -1   11   0   0   0   5   0   0   3   0   6  28   0   8  39   0   0   0   0   0   0  0.45 0.14
   73 A     1   0   2   2  -3   0   3  -2  -1  -2  -1   0   1  -3  -2   0   1  -3  -3  -2   14   5  12   9   0   0  35   0   0   0   7   4   6   0   0   0  10   0   0   0  0.28 0.11
   74 K     1  -1   1   3  -3   1   0   3  -2  -3  -3   1  -2  -4  -2   1  -1  -4  -3  -3   13   0   6  20   0   8   0  31   0   0   2  12   0   0   0   9   0   0   0   0  0.37 0.10
   75 H    -3   0  -3  -4  -4  -2  -3  -4   3  -2  -2  -3   1   4  -4  -3  -3   0   8  -2    0   5   0   0   0   0   0   0   9   0   0   0   6  17   0   0   0   0  64   0  1.19 0.26
   76 E    -2  -2   1   6  -4   1   1   0  -2  -4  -4  -1  -3  -4   1   0   0  -5  -4  -4    0   0   4  62   0   8   7   6   0   0   0   0   0   0   6   2   4   0   0   0  0.83 0.19
   77 Y     0  -2  -1  -3   0  -1  -2  -3   3   1   1  -1   0   3  -3  -2  -1  -1   3   1    9   0   4   0   2   3   0   0  11   8  16   4   0  14   0   0   0   0  16  13  0.19 0.08
   78 I    -2  -3  -4  -4  -2  -3  -4  -4  -4   2   3  -3   1  -1  -4  -3  -1  -3  -2   4    0   0   0   0   0   0   0   0   0   7  42   0   0   0   0   0   0   0   0  50  0.62 0.17
   79 I    -2  -4  -4  -4  -2  -3  -4  -5  -4   4   3  -4   1   1  -4  -3  -2  -3  -2   2    0   0   0   0   0   0   0   0   0  44  43   0   0   4   0   0   0   0   0   9  0.62 0.16
   80 A    -1  -3  -4  -4  -2  -3  -4  -4  -3   3   3  -3   3   4  -4  -3  -2  -2   0   0    7   0   0   0   0   0   0   0   0  23  34   0  10  25   0   0   0   0   0   0  0.46 0.14
   81 G     0  -4  -2  -3  -4  -3  -3   7  -3  -4  -4  -3  -4  -4  -3  -1  -3  -4  -4  -2    6   0   0   0   0   0   0  90   0   0   0   0   0   0   0   0   0   0   0   4  1.39 0.25
   82 I     0  -4  -3  -4   8  -3  -4  -3  -4   2  -1  -3  -1  -3  -3  -1   2  -4  -3   1    8   0   0   0  44   0   0   0   0  15   0   0   0   0   0   0  21   0   0  11  0.83 0.20
   83 P    -1  -3  -2  -2  -3  -2  -2  -3  -2  -4  -4  -2  -3  -3   6   3  -1  -3   2  -3    0   0   0   0   0   0   0   0   0   0   0   0   0   0  51  39   0   0  10   0  1.18 0.24
   84 T     1  -3  -1  -3  -2  -2  -2  -3  -3  -2  -3  -2  -2  -4  -2   0   7  -4  -3  -1    9   0   0   0   0   0   0   0   0   0   0   0   0   0   0   0  91   0   0   0  1.13 0.30
   85 L    -4  -4  -5  -5   2  -3  -4  -4  -4  -3   1  -4  -2  -1  -5  -4  -3  11   0  -3    0   0   0   0   6   0   0   0   0   0  18   0   0   0   0   0   0  72   0   0  2.35 0.34
   86 F    -1  -2   0  -2  -2  -2  -2   5  -1  -3  -2  -2  -2   1  -2  -1  -2  -1   2  -2    2   1   5   1   0   1   1  59   0   1   2   1   0   8   1   1   1   0  11   1  0.61 0.12
   87 G    -1  -1   0   4  -2   1   1   1  -1  -2  -1  -1   1  -2  -1   0   0  -2  -2  -2    2   2   1  35   1   7   8  10   1   2   3   2   9   1   2   6   6   0   1   2  0.25 0.06
   88 D    -1  -1   0   3  -2   0   2   3  -1  -2  -2  -1  -2  -2  -1   0  -1  -2  -2  -2    3   2   2  24   1   2  14  33   1   2   3   2   1   1   2   3   2   0   1   2  0.33 0.06
   89 R     0   1   0   3  -2   2   3  -1  -1  -2  -2   0  -1  -2  -1   0  -1  -2  -2  -2   10   9   1  20   1  13  21   2   1   2   3   2   1   1   2   6   2   0   1   2  0.25 0.05
   90 D    -2  -2   1   2  -2  -2  -1  -1  -2   2   2  -2   0   1  -2  -1  -1  -2  -1   0    1   1  10  19   0   1   1   5   0  19  31   1   0   6   1   1   1   0   0   1  0.15 0.07
   91 K     0  -1  -1  -2  -2  -1  -1  -2  -1   0  -1   0  -1   0   5  -1   0  -1   2   0    7   1   1   2   1   1   2   2   1   4   3   8   1   5  29   2   6   0  13  12  0.35 0.06
   92 G     0   0  -1  -1  -2  -1   0   5  -1  -2  -2  -1  -2  -2  -1  -1  -1  -2   0  -2    2   7   1   2   1   1   6  58   1   2   3   2   1   1   2   2   2   0   6   2  0.51 0.08
   93 R    -2   1   1   1  -4   1   5  -3  -1  -3  -1   0  -2  -4  -2  -1  -2  -4  -3  -3    0  10   6   5   0   0  69   0   0   0   6   0   0   0   0   0   0   0   0   0  0.73 0.18
   94 S     1  -2  -2  -3  -1  -2  -2  -2  -2   1   3  -2   1  -1  -2   2  -1  -3  -2   1   17   0   0   0   0   0   0   0   0   6  41   0   4   0   0  22   0   0   0   6  0.22 0.09
   95 G    -1   0   0  -1  -3   6   0   2  -1  -3  -3   0  -2  -4  -2  -1  -2  -3  -2  -3    4   0   3   1   0  68   1  17   0   0   1   1   0   0   0   1   1   0   0   1  0.79 0.20
   96 T     0  -1   1   2   4   0   2  -2  -1  -2  -1  -1  -1  -2  -2   1   2  -3  -2  -1    3   1   5  16  14   1  17   1   0   1   7   1   0   1   1  17  16   0   0   1  0.23 0.07
   97 D    -2  -2   0   6  -3   0   1  -2  -2  -3  -3  -1  -3   0  -2   1  -1  -3  -2  -3    1   1   1  65   0   4   4   1   0   1   1   1   0   6   1  11   1   0   0   1  0.73 0.15
   98 W    -3  -3  -3  -4  -3  -3  -3  -3  -2  -2  -2  -3  -2   4  -3  -2  -3  11   2  -3    1   1   1   1   0   1   1   1   0   1   1   1   0  22   1   4   1  59   4   1  1.79 0.23
   99 D    -1   1  -1   4  -4   0   3  -3  -2   1  -2  -1  -2  -3  -2   0  -1  -4  -3  -1    4  10   0  34   0   0  32   0   0  14   0   0   0   0   0   3   0   0   0   3  0.45 0.13
  100 P    -1  -2   0   4  -3   0   2   1   1  -3  -4  -1  -3  -4   4   0  -1  -4  -3  -3    0   0   0  30   0   0  21  10   5   0   1   0   0   0  23   7   0   0   0   0  0.58 0.12
  101 F    -2  -3  -3  -4  -2  -3  -3  -3  -2   0   2  -3   0   6  -3  -3  -2   4   1  -1    1   1   0   1   0   0   1   1   0   3  30   1   0  52   1   1   1   7   0   1  0.68 0.15
  102 M    -2  -2  -2  -3  -2  -1  -2  -3  -1   0   2  -2   2   3  -2  -1  -1   0   4  -1    1   1   1   1   0   4   1   1   0   1  31   1   6  19   1   4   1   0  24   1  0.32 0.09
  103 Y    -1  -1   0   1  -2   0   2   0   0  -1  -1   0  -1  -1   2   0  -1  -1   2  -1    4   2   2  10   1   2  22   8   1   2   4   3   1   2  11   6   3   1  12   3  0.15 0.03
  104 M     0   0   0   0  -1   0   0  -1  -1   0   0   0   1   1   1   0   0  -1   0   0    4   6   2   6   1   2   8   4   1   5   9   6   7   9   7   8   8   1   2   3  0.03 0.01
  105 V     0  -1  -1  -1  -1  -1  -1  -1  -1   1   1  -1   1   0  -1  -1   0  -1  -1   1    4   3   2   3   1   2   3   4   1  12  22   3   1   2   3   4   7   1   2  19  0.04 0.01
  106 V     0   0   0   0  -1   0   2   0   0   0   0   0   0  -1   0   0   0  -1  -1   0    8   3   3   3   1   3  21   8   1   3  10   4   1   2   3   8   4   1   2  10  0.05 0.01
  107 A     2   0   0   0  -1   0   0   1  -1  -1  -1   0  -1  -1   0   1   0  -1  -1  -1   30   3   3   3   1   3   8  11   1   3   5   4   1   2   3   8   4   1   2   4  0.09 0.01
  108 C     0  -1   0  -1   2   0   0  -1  -1   0   1   0   0  -1   0   0   1  -1  -1   0    9   3   3   4   7   3   4   5   1   3  17   4   2   3   3   9   9   1   2   8  0.02 0.00
  109 D     0   0   0   1  -1   1   0   1   0  -1  -1   0  -1   0   0   0   0   3   0  -1    5   3   3  13   1   9   4  13   1   3   6   4   1   6   3   8   4   5   4   4  0.06 0.01
  110 R     0   1   1   3  -2   0   1  -1  -1  -2  -2   0  -2  -2   2   0  -1  -2  -2  -2    7  14   9  27   1   1   9   2   1   2   3   2   1   1  12   2   2   0   1   2  0.27 0.05
  111 T    -1  -1   0   3  -2   1   2   0  -1  -2  -2   0  -2  -2  -1   1   2  -2  -2  -2    2   1   1  19   0   7  19   6   1   1   2   5   1   1   1   8  21   0   1   2  0.24 0.06
  112 K    -1  -1  -2  -2  -2  -1  -1  -3  -2   0   3   2   3   1  -2  -2  -1  -2  -1   0    1   1   1   1   0   1   1   1   0   1  49  22   9   5   1   1   1   0   1   1  0.24 0.09
  113 P    -1  -1   1   3  -3   0   2   0  -1  -3  -3   1  -2  -3   4   0  -1  -3  -2  -3    1   1   5  23   0   1  21   6   0   1   1  12   0   1  21   4   1   0   0   1  0.46 0.08
  114 R    -1   2   2   2  -3   1   3  -2  -1  -3  -3   1  -2  -3  -2   0  -1  -3  -2  -3    1  18  11  15   0   6  30   1   0   1   1   8   0   1   1   3   1   0   0   1  0.39 0.08
  115 V     1  -2  -2  -2  -1  -1  -2   0  -2   3   1  -2   1  -1  -2  -1   0  -2  -2   2   18   1   1   1   0   4   1   7   0  28   8   1   5   0   1   1   4   0   0  21  0.16 0.06
  116 D    -2  -2   2   5  -3   0   0   2  -1  -3  -4   0  -3  -3  -2   0  -1   3  -2  -3    1   0  13  48   0   5   1  15   0   0   1   4   0   0   0   4   0   6   0   1  0.59 0.13
  117 L    -1  -3  -4  -4  -2  -3  -3  -4  -3   0   3  -3   2   5  -4  -3  -2  -1   1  -1    4   0   0   0   0   0   0   0   0   0  45   0   4  44   0   0   0   0   0   0  0.63 0.16
  118 T     1   0   2  -1  -2   1   0   0  -1  -2  -2   2  -2  -3  -2   2   2  -3  -2  -2    9   0  15   0   0   6   4   4   0   0   3  23   0   0   0  19  15   0   0   0  0.25 0.08
  119 G    -1  -3   3   1  -3  -2  -2   6   0  -4  -4  -2  -3  -4  -3  -1  -2  -3  -3  -4    0   0  15   9   0   0   0  69   2   0   0   0   0   0   0   0   0   0   0   0  0.93 0.17
  120 K    -2   3  -1  -2  -4   0   0  -3  -2  -2   0   5  -1  -3  -2  -1  -2  -3  -3  -2    0  11   0   0   0   0   0   0   0   0  15  70   0   0   0   0   0   0   0   0  0.65 0.18
  121 K    -1   0  -1  -2  -3   0  -1  -2  -2   0   0   4  -1  -3   0   0   3  -3  -2  -1    0   0   0   0   0   0   0   0   0   9   8  45   0   0   4   0  31   0   0   0  0.36 0.14
  122 I    -1  -3  -3  -4   2  -3  -3  -4  -3   3   1  -3   0  -1  -3  -2   0  -3   1   4    0   0   0   0   5   0   0   0   0  23   5   0   0   0   0   0   5   0   6  53  0.43 0.13
  123 A     5  -2  -2  -3  -2  -2  -2   1  -3  -3  -3  -2  -2  -3  -2   1   0  -4  -3  -1   82   0   0   0   0   0   0  10   0   0   0   0   0   0   0   3   6   0   0   0  0.72 0.20
  124 I     0  -3  -4  -4   4  -3  -3  -4  -2   2   3  -3   0   0  -3  -2  -1  -2   2   2    8   0   0   0  13   0   0   0   0  12  35   0   0   0   0   0   0   0  12  19  0.34 0.10
  125 F    -3  -4  -4  -5  -4  -4  -5  -5  -2  -1  -1  -4  -1   8  -5  -4  -3   0   3  -1    0   0   0   0   0   0   0   0   0   0   0   0   0  92   0   0   0   0   4   5  1.49 0.28
  126 G     1  -3  -2  -3  -3  -3  -3   7  -3  -5  -5  -3  -4  -4  -3  -1  -3  -4  -4  -4    8   0   0   0   0   0   0  92   0   0   0   0   0   0   0   0   0   0   0   0  1.41 0.23
  127 N     1  -3   0  -3   6  -2  -3  -2  -3  -1   2  -2   0  -2  -3   1   0  -3  -2  -1   11   0   6   0  29   0   0   0   0   0  31   0   0   0   0  18   5   0   0   0  0.42 0.13
  128 G    -1  -4  -2  -3  -4  -3  -3   7  -3  -5  -5  -3  -4  -5  -3  -1  -3  -4  -4  -5    0   0   0   0   0   0   0 100   0   0   0   0   0   0   0   0   0   0   0   0  1.64 0.26
  129 D    -3  -3   0   8  -5  -2   0  -3  -2  -5  -5  -2  -5  -5  -3  -2  -2  -6  -5  -5    0   0   0 100   0   0   0   0   0   0   0   0   0   0   0   0   0   0   0   0  1.69 0.30
  130 Q     0  -1  -1  -1  -3   6   0  -2  -1  -3  -3   0   1  -2  -2   2  -1  -2   2  -3    4   0   0   0   0  56   0   0   0   0   0   0   4   0   0  23   0   0   9   0  0.61 0.19
  131 K    -1   0  -1   1  -2   0   2  -2  -1   0   0   0   0  -2  -1  -1   1  -2  -2   1    2   4   1   6   0   1  26   2   0   6   9   7   0   1   1   2  12   0   1  18  0.11 0.05
  132 A     1  -2   1   2  -2  -1  -1   3  -1  -3  -3  -1  -2  -2  -2   2   1  -2   0  -2   11   0   4  16   0   0   1  27   0   0   1   0   0   0   0  23   8   0   6   1  0.30 0.08
  133 H    -3  -2  -3  -4  -3  -2  -3  -4   4  -3  -2  -3  -2   2  -4  -3  -3   1   8  -2    1   0   0   0   0   0   1   1  10   0   1   0   0   0   0   1   0   0  82   1  1.42 0.26
  134 T     2  -2  -1  -1  -2  -1  -1   1  -1  -2  -2  -1  -2  -2   3   2   2  -2   1  -1   19   1   1   1   0   1   1   9   0   1   1   1   0   1  19  16  20   0   9   1  0.32 0.08
  135 K    -1   0   0   3  -3   1   4  -2  -1  -3  -2   2  -2  -3  -1  -1  -1  -3  -2  -2    2   1   1  23   0   1  43   1   0   1   5  15   0   1   1   1   1   0   1   1  0.47 0.10
  136 N    -2  -2   4  -1  -3   0  -1  -2   4  -3  -2  -1  -2   2  -3  -1   0   3   5  -3    0   0  32   0   0   4   3   0  12   0   0   0   0  11   0   0   5   4  26   0  0.50 0.14
  137 F    -4  -4  -4  -5  -4  -4  -4  -5  -2  -2  -1  -4  -1   8  -5  -4  -3   0   4  -2    0   0   0   0   0   0   0   0   0   0   0   0   0  87   0   0   0   0  13   0  1.51 0.27
  138 Q     0  -3  -3  -4   9   3  -2  -3  -3  -1   0  -3  -2  -3  -3  -2  -2  -3  -3   1    5   0   0   0  57  18   0   0   0   0   7   0   0   0   0   0   0   0   0  14  1.05 0.23
  139 D    -1  -2   1   5  -4  -1   1   3   2  -4  -4  -1  -3  -4  -2   1  -2  -4  -3  -4    0   0   3  41   0   0  10  30   6   0   0   0   0   0   0  11   0   0   0   0  0.63 0.14
  140 A     5  -3  -2  -3  -2  -2  -2   1  -3  -3  -3  -2  -2  -3  -2   0   0  -4  -3  -1   84   0   0   0   0   0   0  10   0   0   0   0   0   0   0   0   6   0   0   0  0.75 0.21
  141 M     0  -3  -4  -4  -2  -2  -3  -4  -3   3   2  -3   4  -1  -3  -2  -1  -3  -2   3    6   0   0   0   0   0   0   0   0  18  19   0  23   0   0   0   0   0   0  34  0.45 0.13
  142 G    -1   0   1   3  -4  -1   0   4  -2  -4  -4   0  -3   0   1  -1  -2  -3  -2  -3    0   7   5  21   0   0   4  41   0   0   0   6   0   8   8   0   0   0   0   0  0.46 0.11
  143 E     1  -2  -2  -2  -2   0   1  -2   1   1   0  -1   1  -1   0   0   1  -3  -1   1   22   0   0   0   0   6  13   0   5  16   7   0   4   3   3   0  12   0   0   9  0.10 0.06
  144 L    -2  -4  -4  -4  -2  -3  -4  -5  -4   4   4  -4   1   1  -4  -3  -2  -3  -2   1    0   0   0   0   0   0   0   0   0  48  45   0   0   5   0   0   0   0   0   2  0.63 0.16
  145 A     0   0   0   1  -4   0   4  -3   3  -3  -3  -1  -2   0  -2  -1  -2  -1   4  -3    9   5   5   6   0   0  38   0  11   0   0   0   0   3   0   0   0   0  22   0  0.44 0.14
  146 T     0  -1   0   4  -3   1   4  -2  -1  -3  -3   0  -2  -4  -2   0   0  -4  -3  -1   10   0   2  26   0   2  42   0   0   0   0   3   0   0   0   3   6   0   0   5  0.51 0.13
  147 C    -1   2  -2  -2   3   0  -1  -3  -2   0  -1   4   1   0  -2  -1  -1  -3  -2   0    3  15   0   0  10   0   0   0   0   8   3  46   5   6   0   0   0   0   0   5  0.32 0.13
  148 L     1  -3  -3  -3  -2  -3  -3  -3  -3   3   3  -3   1   2  -3  -2  -1  -2  -1   1   15   0   0   0   0   0   0   0   0  25  39   0   0  14   0   0   0   0   0   4  0.32 0.10
  149 E     1   1  -1  -1  -2   1   2  -2  -1  -2  -2   2  -2  -3  -1   2   1  -3  -2  -2   14   7   0   0   0   5  17   0   0   4   0  23   0   0   0  22   6   0   0   0  0.27 0.08
  150 N     2  -1   1   1  -2   0   2   2  -1  -3  -3   1  -2  -3   1   1   0  -3  -3  -2   21   0   9   6   0   2  16  14   0   0   0  11   0   0   5  11   4   0   0   0  0.26 0.07
  151 A     0   3   0  -2  -3   0  -1  -3   0  -1   2   1   1  -2  -3  -1  -1  -3  -2  -1   11  27   4   0   0   4   0   0   2   0  38  11   3   0   0   0   0   0   0   0  0.24 0.11
  152 G     0  -3   0  -2  -4  -3  -3   6  -3  -5  -5  -2  -4  -4  -3  -1  -2  -4  -4  -4    5   0   5   0   0   0   0  89   0   0   0   2   0   0   0   0   0   0   0   0  1.31 0.22
  153 A     5  -3  -2  -3  -2  -2  -2   2  -3  -2  -3  -2  -2  -3  -2   0  -1  -4  -3   0   72   0   0   0   0   0   0  19   0   0   0   0   0   0   0   2   0   0   0   6  0.64 0.18
  154 T     0   1   0   1   1   2   1  -2  -1  -2  -2   3  -2  -3  -2   0   2  -3  -2  -1    9   2   2   9   3  12   8   0   0   2   0  31   0   0   0   0  19   0   0   3  0.26 0.10
  155 M    -1   0  -3  -3  -2  -2  -3  -4  -3   3   1  -2   2   1   0  -2   1  -3  -1   3    0   6   0   0   0   0   0   0   0  27  10   0   9   6   4   0  12   0   0  26  0.26 0.09
  156 Y    -1  -4  -4  -3  -2  -3  -3  -4  -3   4   0  -3   0  -1  -4  -3  -1  -3   2   5    0   0   0   2   0   0   0   0   0  25   0   0   0   0   0   0   0   0  11  62  0.61 0.18
  157 G     1  -3  -1  -2  -3  -3  -3   6  -3  -4  -4  -2  -3  -4  -3  -1  -2  -3  -4  -4    9   0   0   0   0   0   0  91   0   0   0   0   0   0   0   0   0   0   0   0  1.26 0.15
  158 R    -1   2   1   0  -3   2   0  -2   1  -3  -2   1  -2   1  -2   2   0  -1   2  -2    0  14   8   3   0  11   0   0   3   0   0   7   0   9   0  33   0   0  12   0  0.24 0.06
  159 W    -3  -3  -4  -4  -3  -3  -3  -3  -3  -3  -2  -4  -2   2  -4  -1  -1  11   1  -3    0   0   0   0   0   0   0   0   0   0   0   0   0   7   0   7   6  80   0   0  2.27 0.18
  160 S    -1  -2   1  -1  -3  -1  -1  -2  -2  -3  -3  -1  -3  -4   7   2   0  -4  -3  -3    0   0   7   0   0   0   0   0   0   0   0   0   0   0  58  31   4   0   0   0  1.16 0.10
  161 T     0   0   1  -2  -2  -1  -1  -2  -2  -1  -2  -1  -1  -3   1   1   5  -3  -2  -1    5   5   5   0   0   0   0   0   0   4   0   0   0   0   7   4  71   0   0   0  0.49 0.09
  162 L     0  -1   0   3  -3   0   3  -2  -1  -1   0   1  -1  -3  -2  -1  -1  -3  -2  -2   13   0   0  28   0   0  32   0   0   4  14   9   0   0   0   0   0   0   0   0  0.31 0.05
  163 G    -1  -3  -1   1  -3  -2  -1   6  -3  -4  -4  -2  -3  -4  -3  -1  -2  -3  -4  -4    0   0   0  10   0   0   4  86   0   0   0   0   0   0   0   0   0   0   0   0  1.07 0.10
  164 Y    -3  -3  -3  -4  -3  -2  -3  -4   1  -2  -2  -3  -2   2  -4  -3  -3   2   8  -2    0   0   0   0   0   0   0   0   0   0   0   0   0   0   0   0   0   0 100   0  1.51 0.17
  165 T    -1  -1   1   3  -3   0   2   0   3  -3  -3   0  -2  -2  -2   0   2  -3   0  -2    0   0   8  27   0   0  15   5  12   0   0   5   0   0   0   4  21   0   4   0  0.32 0.05
  166 F    -3  -3  -3  -4  -3  -3  -3  -4   3  -1  -1  -3  -1   7  -4  -3  -3   0   4  -2    0   0   0   0   0   0   0   0  10   0   0   0   0  77   0   0   0   0  14   0  0.97 0.12
  167 E    -1  -1   1   1  -3   2   5  -2  -1  -4  -3   0  -2  -4  -2   1   0  -4  -3  -3    0   0   7   3   0   3  67   0   0   0   0   0   0   0   0  14   6   0   0   0  0.63 0.09
  168 A     2  -1  -1   2   1   0   2  -1  -1  -2  -2  -1  -2   0  -2   1  -1  -2   1  -2   35   0   0  14   4   4  18   0   0   0   0   0   0   5   0  14   0   0   7   0  0.22 0.05
  169 S     0  -2   0  -1  -2  -1  -1  -1  -1  -3  -3  -1  -2  -3   1   5   1  -3   0  -2    0   0   0   0   0   0   0   0   0   0   0   0   0   0   6  90   0   0   4   0  0.66 0.12
  170 R     0   3  -1  -1  -3   1   1  -2  -1  -3  -1   4  -1   0  -2   0  -1  -3  -2  -2    5  14   0   0   0   0   4   0   0   0   5  60   0   7   0   5   0   0   0   0  0.41 0.08
  171 S     4  -2  -1  -2  -1  -1  -1   1  -2  -2  -2  -1  -2  -3   1   2   0  -3  -2  -1   67   0   0   0   0   0   0   6   0   0   0   0   0   0   6  20   0   0   0   0  0.47 0.08
  172 I    -1  -3  -3  -4  -1  -3  -3  -4  -3   3   3  -3   1  -1  -3  -2  -1  -3  -2   3    0   0   0   0   0   0   0   0   0  14  36   0   0   0   0   0   0   0   0  47  0.39 0.06
  173 W     0  -1  -1  -1  -1  -1  -1  -1  -1   1   1  -1   0   0  -1  -1   0   6   0   1   10   2   2   3   1   2   3   4   1   8  21   3   1   2   3   3   3  14   2  12  0.14 0.01
  174 A     1   0   0   1  -1   0   1   0   0  -1  -1   0  -1  -1   0   0   0  -1  -1  -1   24   3   3  10   1   3  14   5   1   3   6   4   1   2   3   5   4   1   2   4  0.07 0.00
  175 G     0   0   1   1  -1   0   0   2   0  -1  -1   0  -1  -1   0   0   0  -1  -1  -1    6   4   9  10   1   3   5  19   2   4   7   4   2   3   4   5   4   1   2   5  0.07 0.00
  176 A     1   0   1   0  -1   0   0   1   0  -1  -1   0   0  -1   0   0   0  -1  -1   0   20   4   9   4   1   3   5  11   2   4   7   4   2   3   4   5   4   1   2   5  0.04 0.00
  177 E     0   0   0   0  -1   1   2   0   0  -1  -1   0   0  -1   0   0   0  -1   0  -1    6   4   3   4   1   9  24   6   2   4   7   4   2   3   4   5   4   1   2   5  0.09 0.00
  178 V     0   0   0   0   0   0   0   0   0   0   0   0   0   0   0   0   0   0   0   1    7   4   4   5   2   4   5   6   2   4   8   5   2   3   4   6   5   1   3  19  0.01 0.00
  179 P     0   0   0   0  -1   0   0   0   0  -1   0   0   0  -1   3   0   0   0   0   0    7   4   4   5   2   4   5   6   2   4   8   5   2   3  18   6   5   1   3   6  0.13 0.00
  180 G     0   0   0   0  -1   0   0   2   0  -1  -1   0   0  -1   0   0   0   0   0  -1    7   4   4   5   2   4   5  20   2   4   8   5   2   3   4   6   5   1   3   6  0.05 0.00
  181 A     1   0   0   0   0   0   0   0   0   0   0   0   0  -1   0   0   0   0   0   0   20   4   4   5   2   4   5   6   2   4   8   5   2   3   4   6   5   1   3   6  0.03 0.00
  182 G     0   0   0   0  -1   0   0   2   0  -1  -1   0   0  -1   0   0   0   0   0  -1    7   4   4   5   2   4   5  20   2   4   8   5   2   3   4   6   5   1   3   6  0.05 0.00
  183 G     0   0   0   0  -1   0   0   2   0  -1  -1   0   0  -1   0   0   0   0   0  -1    7   4   4   5   2   4   5  20   2   4   8   5   2   3   4   6   5   1   3   6  0.05 0.00
  184 I     0   0   0   0   0   0   0   0   0   1   0   0   0   0   0   0   0   0   0   0    7   4   4   5   2   4   5   6   2  18   8   5   2   3   4   6   5   1   3   6  0.00 0.00
  185 S     0   0   0   0   0   0   0   0   0  -1   0   0   0  -1   0   1   0   0   0   0    7   4   4   5   2   4   5   6   2   4   8   5   2   3   4  20   5   1   3   6  0.04 0.00
  186 I     0   0   0   0   0   0   0   0   0   1   0   0   0   0   0   0   0   0   0   0    7   4   4   5   2   4   5   6   2  18   8   5   2   3   4   6   5   1   3   6  0.00 0.00
  187 A     1   0   0   0   0   0   0   0   0   0   0   0   0  -1   0   0   0   0   0   0   20   4   4   5   2   4   5   6   2   4   8   5   2   3   4   6   5   1   3   6  0.03 0.00
  188 L     0   0   0   0   0   0   0   0   0   0   1   0   0   0   0   0   0   0   0   0    7   4   4   5   2   4   5   6   2   4  22   5   2   3   4   6   5   1   3   6  0.01 0.02
  189 S     0   0   0   0   0   0   0   0   0  -1   0   0   0  -1   0   1   0   0   0   0    7   4   4   5   2   4   5   6   2   4   8   5   2   3   4  20   5   1   3   6  0.04 0.00
  190 A     1   0   0   0   0   0   0   0   0   0   0   0   0  -1   0   0   0   0   0   0   20   4   4   5   2   4   5   6   2   4   8   5   2   3   4   6   5   1   3   6  0.03 0.00
  191 D     0   0   0   2  -1   0   0   0   0  -1  -1   0   0  -1   0   0   0   0   0  -1    7   4   4  18   2   4   5   6   2   4   8   5   2   3   4   6   5   1   3   6  0.05 0.00
  192 P     0   0   0   0  -1   0   0   0   0  -1   0   0   0  -1   3   0   0   0   0   0    7   4   4   5   2   4   5   6   2   4   8   5   2   3  18   6   5   1   3   6  0.13 0.00
  193 T     0   0   0   0   0   0   0   0   0   0   0   0   0  -1   0   0   1   0   0   0    7   4   4   5   2   4   5   6   2   4   8   5   2   3   4   6  19   1   3   6  0.04 0.00
  194 D     0   0   0   2  -1   0   0   0   0  -1  -1   0   0  -1   0   0   0   0   0  -1    7   4   4  18   2   4   5   6   2   4   8   5   2   3   4   6   5   1   3   6  0.05 0.00
  195 D     0   0   0   2  -1   0   0   0   0  -1  -1   0   0  -1   0   0   0   0   0  -1    7   4   4  18   2   4   5   6   2   4   8   5   2   3   4   6   5   1   3   6  0.05 0.00
  196 P     0   0   0   0  -1   0   0   0   0  -1   0   0   0  -1   3   0   0   0   0   0    7   4   4   5   2   4   5   6   2   4   8   5   2   3  18   6   5   1   3   6  0.13 0.00
  197 W     0   0   0   1  -1   0   1   0   0  -1  -1   0   0   0   0   0   0   6   0  -1    6   4   4   8   2   3   9   6   2   4   7   4   2   3   4   6   5  15   3   5  0.15 0.00
  198 E    -1   3   1   0  -2   1   3  -1   0  -2  -2   2  -1  -2  -1   0  -1  -2  -2  -2    2  26   9   1   1   1  30   2   1   1   2  15   1   1   1   2   2   0   1   2  0.31 0.03
  199 A     1  -1   3   4  -2   0   0   1  -1  -3  -3   0  -2  -3  -1   0  -1  -3  -2  -2   15   1  21  33   0   1   1  12   0   1   1   9   0   1   1   1   1   0   1   1  0.33 0.04
  200 G    -1  -2   1   2  -3  -1  -1   5  -2  -3  -3   0  -3  -3  -2  -1  -2  -3  -3  -3    1   1   4  16   0   0   1  63   0   1   1   9   0   0   1   1   1   0   0   1  0.65 0.06
  201 M    -1   1   0  -1  -3   1   0  -2   2  -2   0   3   2  -1  -2  -1   0  -2   1  -2    0   5   4   0   0   4   5   0   6   0   6  41  14   0   0   0   4   0   8   0  0.21 0.05
  202 F    -3  -4  -4  -5  -3  -4  -4  -4  -2  -1   0  -4  -1   8  -5  -3  -3   0   2  -2    0   0   0   0   0   0   0   0   0   0   0   0   0 100   0   0   0   0   0   0  1.30 0.15
  203 V    -1  -3  -4  -4  -1  -3  -3  -4  -3   2   2  -3   1  -1  -3  -2  -1  -3   0   5    0   0   0   0   0   0   0   0   0   4  16   0   0   0   0   0   0   0   4  77  0.49 0.09
  204 G     0  -3  -1  -2  -3  -3  -3   7  -3  -5  -5  -2  -4  -4  -3  -1  -2  -3  -4  -4    0   0   0   0   0   0   0 100   0   0   0   0   0   0   0   0   0   0   0   0  1.37 0.13
  205 L    -2  -3  -4  -4  -2  -3  -4  -4  -4   1   5  -3   2   0  -4  -3  -2  -2  -2   0    0   0   0   0   0   0   0   0   0   0 100   0   0   0   0   0   0   0   0   0  0.74 0.11
  206 A     3  -2  -2  -3   1  -2  -2  -1  -3   0  -1  -2  -1  -3   3   0  -1  -3  -2   1   55   0   0   0   4   0   0   0   0   4   0   0   0   0  19   0   0   0   0  19  0.42 0.07
  207 L    -2  -3  -4  -4  -2  -3  -4  -4  -3   3   4  -3   1   1  -3  -3  -2  -2  -1   1    0   0   0   0   0   0   0   0   0  28  65   0   0   7   0   0   0   0   0   0  0.51 0.07
  208 D    -3  -2   1   7  -4  -1   1  -2  -2  -4  -5  -1  -4  -4  -2  -1  -2  -5  -4  -4    0   0   0 100   0   0   0   0   0   0   0   0   0   0   0   0   0   0   0   0  1.36 0.14
  209 E    -1   0  -1   1  -4   3   5  -3  -1  -3  -1   1   1  -3  -2  -1  -1  -3  -2  -2    0   0   0   6   0  15  62   0   0   0   4   7   7   0   0   0   0   0   0   0  0.58 0.09
  210 T    -1  -2   0   5  -3  -1   1  -2  -2   0  -2  -1  -2  -3  -2   0   2  -4  -3   0    4   0   0  58   0   0   5   0   0   7   0   0   0   0   0   0  19   0   0   7  0.52 0.08
  211 N    -2   3   6   0  -4   0  -1  -1   0  -4  -4   0  -3  -4  -3   0  -1  -4  -3  -4    0  22  78   0   0   0   0   0   0   0   0   0   0   0   0   0   0   0   0   0  0.90 0.12
  212 Q    -2   0  -1   1  -4   7   2  -3   1  -4  -3   1  -1  -4  -2  -1  -1  -3  -2  -3    0   0   0   7   0  83   7   0   3   0   0   0   0   0   0   0   0   0   0   0  0.91 0.14
  213 H     1  -2  -1   0  -2   0  -1  -2   3  -2  -2  -1  -2   0   5   0  -1  -2   2  -1   14   0   0   6   0   7   0   0  14   0   0   0   0   5  29   8   0   0  11   7  0.42 0.05
  214 E    -1  -1   1   5  -4   0   4  -1  -1  -1  -3  -1  -3  -4  -2  -1  -1  -4  -3  -2    5   0   4  41   0   0  39   4   0   7   0   0   0   0   0   0   0   0   0   0  0.57 0.08
  215 L    -2  -1  -3  -3  -2   1  -1  -3  -2   0   4   1   1  -1   1  -2  -1  -3  -2   0    0   0   0   0   0   9   0   0   0   0  65  19   0   0   7   0   0   0   0   0  0.31 0.07
  216 T    -1  -2  -1  -2  -2  -1  -2  -2  -2  -1  -2  -1   1  -3  -2   2   6  -3  -2  -1    0   0   0   0   0   0   0   0   0   0   0   0   7   0   0  10  83   0   0   0  0.67 0.12
  217 G     0  -1   1   4  -3   0   3   1  -1  -3  -4   0  -3  -4   0   0  -1  -4  -3  -3   11   0   7  32   0   0  28  14   0   0   0   4   0   0   5   0   0   0   0   0  0.44 0.05
  218 D    -1  -1   1   3  -4   2   4  -2  -1  -3  -2   1  -2  -3  -2  -1  -1  -3   0  -3    5   0   4  21   0   5  51   0   0   0   3   7   0   0   0   0   0   0   4   0  0.50 0.07
  219 R    -2   7  -1  -2  -4   0  -1  -3  -1  -4  -3   2  -2  -4  -3  -2  -2  -4  -3  -3    0 100   0   0   0   0   0   0   0   0   0   0   0   0   0   0   0   0   0   0  1.20 0.15
  220 I    -1  -3  -4  -4  -2  -3  -4  -4  -4   4   2  -3   1  -1  -3  -3  -1  -3  -2   3    0   0   0   0   0   0   0   0   0  57  17   0   0   0   0   0   0   0   0  26  0.50 0.08
  221 S     2   0  -1   1  -2   2   2  -1  -1  -1  -2   2  -1  -3  -1   1   0  -3  -2  -2   23   0   0   6   0  10  18   0   0   5   0  26   0   0   0  13   0   0   0   0  0.26 0.05
  222 L     1   1  -1  -1  -2   1   1   1  -1  -2   0   2  -1  -2  -2   1   1  -3  -2  -1    9   7   0   0   0   9   6  12   0   0  13  17   0   0   0  20   7   0   0   0  0.15 0.03
  223 W    -4  -4  -5  -6  -4  -3  -4  -4  -4  -4  -3  -4  -3   0  -5  -4  -4  12   1  -4    0   0   0   0   0   0   0   0   0   0   0   0   0   0   0   0   0 100   0   0  3.19 0.22
  224 L    -1  -3  -3  -4   3  -3  -3  -4  -3   2   3  -3   1  -1  -3  -2   0  -3  -2   3    0   0   0   0  10   0   0   0   0   7  33   0   0   0   0   0   5   0   0  45  0.36 0.06
  225 S     2   0  -1   0  -2   1   3  -1  -1  -3  -3   3  -2  -3  -1   2   0  -3  -2  -2   19   0   0   0   0   0  29   0   0   0   0  26   0   0   0  26   0   0   0   0  0.36 0.06
  226 Q     0   0  -1  -1  -3   6   2  -2  -1  -2  -1   2  -1  -3  -2  -1  -1  -3  -2  -1    7   0   0   0   0  62   8   0   0   0   5  10   0   0   0   0   0   0   0   7  0.53 0.10
  227 L    -2  -3  -4  -4  -2  -3  -3  -4  -4   4   3  -3   1   0  -3  -3  -1  -3  -2   2    0   0   0   0   0   0   0   0   0  40  43   0   0   0   0   0   0   0   0  16  0.47 0.07
  228 S     1   0  -1  -1  -2   1   0  -2  -1  -1  -1   3  -1  -2  -2   1   0  -3   0   0   13   0   0   0   0   7   0   0   0   4   6  42   0   0   0  17   0   0   4   7  0.19 0.05
  229 V     0  -2   1   0  -2  -1   1   0  -2  -1  -2  -1  -2  -3   4   1   1  -3  -2   0    5   0   6   4   0   0  15   6   0   0   0   0   0   0  24  15  11   0   0  14  0.34 0.04
  230 E     0  -1  -1   2  -4   1   5  -2  -1  -4  -3   0  -2  -3  -2   0  -1  -3   0  -3    5   0   0   6   0   0  77   0   0   0   0   0   0   0   0   7   0   0   5   0  0.69 0.09
  231 G    -2  -3  -3  -3  -3  -3  -4   2  -2  -1   0  -3  -1   7  -4  -2  -2   0   2  -2    0   0   0   0   0   0   0  19   0   0   0   0   0  81   0   0   0   0   0   0  0.72 0.07
  232 F    -2  -3  -3  -4  -2  -3  -3  -4  -2   1   3  -3   1   5  -3  -3  -2   0   2   0    0   0   0   0   0   0   0   0   0   0  50   0   0  50   0   0   0   0   0   0  0.43 0.00
  233 P    -1  -2  -2  -2  -3  -1  -1  -2  -2  -3  -3  -1  -3  -4   8  -1  -1  -4  -3  -3    0   0   0   0   0   0   0   0   0   0   0   0   0   0 100   0   0   0   0   0  2.05 0.01
  234 I    -1  -3  -3  -3  -1  -3  -3  -4  -3   4   2  -3   1   0  -3  -2  -1  -3  -1   3    0   0   0   0   0   0   0   0   0   0   0   0   0   0   0   0   0   0   0   0  0.00     0.00
  235 T     0  -1   0  -1  -1  -1  -1  -2  -2  -1  -1  -1  -1  -2  -1   1   5  -2  -2   0    0   0   0   0   0   0   0   0   0   0   0   0   0   0   0   0   0   0   0   0  0.00     0.00
  236 T     0  -1   0  -1  -1  -1  -1  -2  -2  -1  -1  -1  -1  -2  -1   1   5  -2  -2   0    0   0   0   0   0   0   0   0   0   0   0   0   0   0   0   0   0   0   0   0  0.00     0.00
  237 E    -1   0   0   1  -4   2   5  -2   0  -3  -3   1  -2  -3  -1   0  -1  -3  -2  -2    0   0   0   0   0   0   0   0   0   0   0   0   0   0   0   0   0   0   0   0  0.00     0.00
  238 A     4  -1  -2  -2   0  -1  -1   0  -2  -1  -1  -1  -1  -2  -1   1   0  -3  -2   0    0   0   0   0   0   0   0   0   0   0   0   0   0   0   0   0   0   0   0   0  0.00     0.00
  239 C     0  -3  -3  -3   9  -3  -4  -2  -3  -1  -1  -3  -1  -2  -3  -1  -1  -2  -2  -1    0   0   0   0   0   0   0   0   0   0   0   0   0   0   0   0   0   0   0   0  0.00     0.00
  240 S     1  -1   1   0  -1   0   0   0  -1  -2  -2   0  -1  -2  -1   4   1  -3  -2  -2    0   0   0   0   0   0   0   0   0   0   0   0   0   0   0   0   0   0   0   0  0.00     0.00
  241 S     1  -1   1   0  -1   0   0   0  -1  -2  -2   0  -1  -2  -1   4   1  -3  -2  -2    0   0   0   0   0   0   0   0   0   0   0   0   0   0   0   0   0   0   0   0  0.00     0.00
  242 R    -1   5   0  -2  -3   1   0  -2   0  -3  -2   2  -1  -3  -2  -1  -1  -3  -2  -2    0   0   0   0   0   0   0   0   0   0   0   0   0   0   0   0   0   0   0   0  0.00     0.00
  243 R    -1   5   0  -2  -3   1   0  -2   0  -3  -2   2  -1  -3  -2  -1  -1  -3  -2  -2    0   0   0   0   0   0   0   0   0   0   0   0   0   0   0   0   0   0   0   0  0.00     0.00
  244 Q    -1   1   0   0  -3   5   2  -2   0  -3  -2   1   0  -3  -1   0  -1  -2  -1  -2    0   0   0   0   0   0   0   0   0   0   0   0   0   0   0   0   0   0   0   0  0.00     0.00
  245 L    -1  -2  -3  -4  -1  -2  -3  -4  -3   2   4  -2   2   0  -3  -2  -1  -2  -1   1    0   0   0   0   0   0   0   0   0   0   0   0   0   0   0   0   0   0   0   0  0.00     0.00
  246 Q    -1   1   0   0  -3   5   2  -2   0  -3  -2   1   0  -3  -1   0  -1  -2  -1  -2    0   0   0   0   0   0   0   0   0   0   0   0   0   0   0   0   0   0   0   0  0.00     0.00
  247 A     4  -1  -2  -2   0  -1  -1   0  -2  -1  -1  -1  -1  -2  -1   1   0  -3  -2   0    0   0   0   0   0   0   0   0   0   0   0   0   0   0   0   0   0   0   0   0  0.00     0.00
  248 A     4  -1  -2  -2   0  -1  -1   0  -2  -1  -1  -1  -1  -2  -1   1   0  -3  -2   0    0   0   0   0   0   0   0   0   0   0   0   0   0   0   0   0   0   0   0   0  0.00     0.00
  249 S     1  -1   1   0  -1   0   0   0  -1  -2  -2   0  -1  -2  -1   4   1  -3  -2  -2    0   0   0   0   0   0   0   0   0   0   0   0   0   0   0   0   0   0   0   0  0.00     0.00
  250 A     4  -1  -2  -2   0  -1  -1   0  -2  -1  -1  -1  -1  -2  -1   1   0  -3  -2   0    0   0   0   0   0   0   0   0   0   0   0   0   0   0   0   0   0   0   0   0  0.00     0.00
  251 A     4  -1  -2  -2   0  -1  -1   0  -2  -1  -1  -1  -1  -2  -1   1   0  -3  -2   0    0   0   0   0   0   0   0   0   0   0   0   0   0   0   0   0   0   0   0   0  0.00     0.00
  252 A     4  -1  -2  -2   0  -1  -1   0  -2  -1  -1  -1  -1  -2  -1   1   0  -3  -2   0    0   0   0   0   0   0   0   0   0   0   0   0   0   0   0   0   0   0   0   0  0.00     0.00
  253 P    -1  -2  -2  -1  -3  -1  -1  -2  -2  -3  -3  -1  -2  -4   7  -1  -1  -4  -3  -2    0   0   0   0   0   0   0   0   0   0   0   0   0   0   0   0   0   0   0   0  0.00     0.00
  254 S     1  -1   1   0  -1   0   0   0  -1  -2  -2   0  -1  -2  -1   4   1  -3  -2  -2    0   0   0   0   0   0   0   0   0   0   0   0   0   0   0   0   0   0   0   0  0.00     0.00
  255 E    -1   0   0   1  -4   2   5  -2   0  -3  -3   1  -2  -3  -1   0  -1  -3  -2  -2    0   0   0   0   0   0   0   0   0   0   0   0   0   0   0   0   0   0   0   0  0.00     0.00
  256 E    -1   0   0   1  -4   2   5  -2   0  -3  -3   1  -2  -3  -1   0  -1  -3  -2  -2    0   0   0   0   0   0   0   0   0   0   0   0   0   0   0   0   0   0   0   0  0.00     0.00
  257 A     4  -1  -2  -2   0  -1  -1   0  -2  -1  -1  -1  -1  -2  -1   1   0  -3  -2   0    0   0   0   0   0   0   0   0   0   0   0   0   0   0   0   0   0   0   0   0  0.00     0.00
  258 W    -3  -3  -4  -4  -2  -2  -3  -2  -2  -3  -2  -3  -1   1  -4  -3  -2  10   2  -3    0   0   0   0   0   0   0   0   0   0   0   0   0   0   0   0   0   0   0   0  0.00     0.00
  259 Y    -2  -2  -2  -3  -2  -1  -2  -3   2  -1  -1  -2  -1   3  -3  -2  -2   2   7  -1    0   0   0   0   0   0   0   0   0   0   0   0   0   0   0   0   0   0   0   0  0.00     0.00
  260 L    -1  -2  -3  -4  -1  -2  -3  -4  -3   2   4  -2   2   0  -3  -2  -1  -2  -1   1    0   0   0   0   0   0   0   0   0   0   0   0   0   0   0   0   0   0   0   0  0.00     0.00
  261 Q    -1   1   0   0  -3   5   2  -2   0  -3  -2   1   0  -3  -1   0  -1  -2  -1  -2    0   0   0   0   0   0   0   0   0   0   0   0   0   0   0   0   0   0   0   0  0.00     0.00
  262 W    -3  -3  -4  -4  -2  -2  -3  -2  -2  -3  -2  -3  -1   1  -4  -3  -2  10   2  -3    0   0   0   0   0   0   0   0   0   0   0   0   0   0   0   0   0   0   0   0  0.00     0.00
  263 H    -2   0   1  -1  -3   0   0  -2   7  -3  -3  -1  -2  -1  -2  -1  -2  -2   2  -3    0   0   0   0   0   0   0   0   0   0   0   0   0   0   0   0   0   0   0   0  0.00     0.00
  264 T     0  -1   0  -1  -1  -1  -1  -2  -2  -1  -1  -1  -1  -2  -1   1   5  -2  -2   0    0   0   0   0   0   0   0   0   0   0   0   0   0   0   0   0   0   0   0   0  0.00     0.00
  265 R    -1   5   0  -2  -3   1   0  -2   0  -3  -2   2  -1  -3  -2  -1  -1  -3  -2  -2    0   0   0   0   0   0   0   0   0   0   0   0   0   0   0   0   0   0   0   0  0.00     0.00
  266 L    -1  -2  -3  -4  -1  -2  -3  -4  -3   2   4  -2   2   0  -3  -2  -1  -2  -1   1    0   0   0   0   0   0   0   0   0   0   0   0   0   0   0   0   0   0   0   0  0.00     0.00
  267 T     0  -1   0  -1  -1  -1  -1  -2  -2  -1  -1  -1  -1  -2  -1   1   5  -2  -2   0    0   0   0   0   0   0   0   0   0   0   0   0   0   0   0   0   0   0   0   0  0.00     0.00
  268 C     0  -3  -3  -3   9  -3  -4  -2  -3  -1  -1  -3  -1  -2  -3  -1  -1  -2  -2  -1    0   0   0   0   0   0   0   0   0   0   0   0   0   0   0   0   0   0   0   0  0.00     0.00
  269 W    -3  -3  -4  -4  -2  -2  -3  -2  -2  -3  -2  -3  -1   1  -4  -3  -2  10   2  -3    0   0   0   0   0   0   0   0   0   0   0   0   0   0   0   0   0   0   0   0  0.00     0.00
  270 I    -1  -3  -3  -3  -1  -3  -3  -4  -3   4   2  -3   1   0  -3  -2  -1  -3  -1   3    0   0   0   0   0   0   0   0   0   0   0   0   0   0   0   0   0   0   0   0  0.00     0.00
  271 N    -2   0   6   1  -3   0   0   0   1  -3  -3   0  -2  -3  -2   1   0  -4  -2  -3    0   0   0   0   0   0   0   0   0   0   0   0   0   0   0   0   0   0   0   0  0.00     0.00
  272 S     1  -1   1   0  -1   0   0   0  -1  -2  -2   0  -1  -2  -1   4   1  -3  -2  -2    0   0   0   0   0   0   0   0   0   0   0   0   0   0   0   0   0   0   0   0  0.00     0.00
  273 L    -1  -2  -3  -4  -1  -2  -3  -4  -3   2   4  -2   2   0  -3  -2  -1  -2  -1   1    0   0   0   0   0   0   0   0   0   0   0   0   0   0   0   0   0   0   0   0  0.00     0.00
  274 P    -1  -2  -2  -1  -3  -1  -1  -2  -2  -3  -3  -1  -2  -4   7  -1  -1  -4  -3  -2    0   0   0   0   0   0   0   0   0   0   0   0   0   0   0   0   0   0   0   0  0.00     0.00
  275 T     0  -1   0  -1  -1  -1  -1  -2  -2  -1  -1  -1  -1  -2  -1   1   5  -2  -2   0    0   0   0   0   0   0   0   0   0   0   0   0   0   0   0   0   0   0   0   0  0.00     0.00
  276 S     1  -1   1   0  -1   0   0   0  -1  -2  -2   0  -1  -2  -1   4   1  -3  -2  -2    0   0   0   0   0   0   0   0   0   0   0   0   0   0   0   0   0   0   0   0  0.00     0.00
  277 N    -2   0   6   1  -3   0   0   0   1  -3  -3   0  -2  -3  -2   1   0  -4  -2  -3    0   0   0   0   0   0   0   0   0   0   0   0   0   0   0   0   0   0   0   0  0.00     0.00
  278 Q    -1   1   0   0  -3   5   2  -2   0  -3  -2   1   0  -3  -1   0  -1  -2  -1  -2    0   0   0   0   0   0   0   0   0   0   0   0   0   0   0   0   0   0   0   0  0.00     0.00
  279 R    -1   5   0  -2  -3   1   0  -2   0  -3  -2   2  -1  -3  -2  -1  -1  -3  -2  -2    0   0   0   0   0   0   0   0   0   0   0   0   0   0   0   0   0   0   0   0  0.00     0.00
  280 Q    -1   1   0   0  -3   5   2  -2   0  -3  -2   1   0  -3  -1   0  -1  -2  -1  -2    0   0   0   0   0   0   0   0   0   0   0   0   0   0   0   0   0   0   0   0  0.00     0.00
  281 L    -1  -2  -3  -4  -1  -2  -3  -4  -3   2   4  -2   2   0  -3  -2  -1  -2  -1   1    0   0   0   0   0   0   0   0   0   0   0   0   0   0   0   0   0   0   0   0  0.00     0.00
  282 D    -2  -2   1   6  -3   0   1  -1  -1  -3  -4  -1  -3  -3  -1   0  -1  -4  -3  -3    0   0   0   0   0   0   0   0   0   0   0   0   0   0   0   0   0   0   0   0  0.00     0.00
  283 G     0  -2   0  -1  -2  -2  -2   6  -2  -4  -4  -2  -3  -3  -2   0  -2  -2  -3  -3    0   0   0   0   0   0   0   0   0   0   0   0   0   0   0   0   0   0   0   0  0.00     0.00
  284 C     0  -3  -3  -3   9  -3  -4  -2  -3  -1  -1  -3  -1  -2  -3  -1  -1  -2  -2  -1    0   0   0   0   0   0   0   0   0   0   0   0   0   0   0   0   0   0   0   0  0.00     0.00
  285 A     4  -1  -2  -2   0  -1  -1   0  -2  -1  -1  -1  -1  -2  -1   1   0  -3  -2   0    0   0   0   0   0   0   0   0   0   0   0   0   0   0   0   0   0   0   0   0  0.00     0.00
  286 G     0  -2   0  -1  -2  -2  -2   6  -2  -4  -4  -2  -3  -3  -2   0  -2  -2  -3  -3    0   0   0   0   0   0   0   0   0   0   0   0   0   0   0   0   0   0   0   0  0.00     0.00
  287 A     4  -1  -2  -2   0  -1  -1   0  -2  -1  -1  -1  -1  -2  -1   1   0  -3  -2   0    0   0   0   0   0   0   0   0   0   0   0   0   0   0   0   0   0   0   0   0  0.00     0.00
  288 M    -1  -1  -2  -3  -1   0  -2  -3  -2   1   2  -1   5   0  -2  -1  -1  -1  -1   1    0   0   0   0   0   0   0   0   0   0   0   0   0   0   0   0   0   0   0   0  0.00     0.00
  289 T     0  -1   0  -1  -1  -1  -1  -2  -2  -1  -1  -1  -1  -2  -1   1   5  -2  -2   0    0   0   0   0   0   0   0   0   0   0   0   0   0   0   0   0   0   0   0   0  0.00     0.00
  290 V     0  -2  -3  -3  -1  -2  -2  -3  -3   3   1  -2   1  -1  -2  -2   0  -3  -1   4    0   0   0   0   0   0   0   0   0   0   0   0   0   0   0   0   0   0   0   0  0.00     0.00
  291 E    -1   0   0   1  -4   2   5  -2   0  -3  -3   1  -2  -3  -1   0  -1  -3  -2  -2    0   0   0   0   0   0   0   0   0   0   0   0   0   0   0   0   0   0   0   0  0.00     0.00
  292 L    -1  -2  -3  -4  -1  -2  -3  -4  -3   2   4  -2   2   0  -3  -2  -1  -2  -1   1    0   0   0   0   0   0   0   0   0   0   0   0   0   0   0   0   0   0   0   0  0.00     0.00
  293 S     1  -1   1   0  -1   0   0   0  -1  -2  -2   0  -1  -2  -1   4   1  -3  -2  -2    0   0   0   0   0   0   0   0   0   0   0   0   0   0   0   0   0   0   0   0  0.00     0.00
  294 N    -2   0   6   1  -3   0   0   0   1  -3  -3   0  -2  -3  -2   1   0  -4  -2  -3    0   0   0   0   0   0   0   0   0   0   0   0   0   0   0   0   0   0   0   0  0.00     0.00
  295 R    -1   5   0  -2  -3   1   0  -2   0  -3  -2   2  -1  -3  -2  -1  -1  -3  -2  -2    0   0   0   0   0   0   0   0   0   0   0   0   0   0   0   0   0   0   0   0  0.00     0.00
  296 M    -1  -1  -2  -3  -1   0  -2  -3  -2   1   2  -1   5   0  -2  -1  -1  -1  -1   1    0   0   0   0   0   0   0   0   0   0   0   0   0   0   0   0   0   0   0   0  0.00     0.00
  297 G     0  -2   0  -1  -2  -2  -2   6  -2  -4  -4  -2  -3  -3  -2   0  -2  -2  -3  -3    0   0   0   0   0   0   0   0   0   0   0   0   0   0   0   0   0   0   0   0  0.00     0.00
  298 I    -1  -3  -3  -3  -1  -3  -3  -4  -3   4   2  -3   1   0  -3  -2  -1  -3  -1   3    0   0   0   0   0   0   0   0   0   0   0   0   0   0   0   0   0   0   0   0  0.00     0.00
  299 Q    -1   1   0   0  -3   5   2  -2   0  -3  -2   1   0  -3  -1   0  -1  -2  -1  -2    0   0   0   0   0   0   0   0   0   0   0   0   0   0   0   0   0   0   0   0  0.00     0.00
  300 S     1  -1   1   0  -1   0   0   0  -1  -2  -2   0  -1  -2  -1   4   1  -3  -2  -2    0   0   0   0   0   0   0   0   0   0   0   0   0   0   0   0   0   0   0   0  0.00     0.00
  301 S     1  -1   1   0  -1   0   0   0  -1  -2  -2   0  -1  -2  -1   4   1  -3  -2  -2    0   0   0   0   0   0   0   0   0   0   0   0   0   0   0   0   0   0   0   0  0.00     0.00
  302 A     4  -1  -2  -2   0  -1  -1   0  -2  -1  -1  -1  -1  -2  -1   1   0  -3  -2   0    0   0   0   0   0   0   0   0   0   0   0   0   0   0   0   0   0   0   0   0  0.00     0.00
  303 R    -1   5   0  -2  -3   1   0  -2   0  -3  -2   2  -1  -3  -2  -1  -1  -3  -2  -2    0   0   0   0   0   0   0   0   0   0   0   0   0   0   0   0   0   0   0   0  0.00     0.00
  304 A     4  -1  -2  -2   0  -1  -1   0  -2  -1  -1  -1  -1  -2  -1   1   0  -3  -2   0    0   0   0   0   0   0   0   0   0   0   0   0   0   0   0   0   0   0   0   0  0.00     0.00
  305 E    -1   0   0   1  -4   2   5  -2   0  -3  -3   1  -2  -3  -1   0  -1  -3  -2  -2    0   0   0   0   0   0   0   0   0   0   0   0   0   0   0   0   0   0   0   0  0.00     0.00
  306 Q    -1   1   0   0  -3   5   2  -2   0  -3  -2   1   0  -3  -1   0  -1  -2  -1  -2    0   0   0   0   0   0   0   0   0   0   0   0   0   0   0   0   0   0   0   0  0.00     0.00
  307 G     0  -2   0  -1  -2  -2  -2   6  -2  -4  -4  -2  -3  -3  -2   0  -2  -2  -3  -3    0   0   0   0   0   0   0   0   0   0   0   0   0   0   0   0   0   0   0   0  0.00     0.00
  308 C     0  -3  -3  -3   9  -3  -4  -2  -3  -1  -1  -3  -1  -2  -3  -1  -1  -2  -2  -1    0   0   0   0   0   0   0   0   0   0   0   0   0   0   0   0   0   0   0   0  0.00     0.00
  309 E    -1   0   0   1  -4   2   5  -2   0  -3  -3   1  -2  -3  -1   0  -1  -3  -2  -2    0   0   0   0   0   0   0   0   0   0   0   0   0   0   0   0   0   0   0   0  0.00     0.00
  310 A     4  -1  -2  -2   0  -1  -1   0  -2  -1  -1  -1  -1  -2  -1   1   0  -3  -2   0    0   0   0   0   0   0   0   0   0   0   0   0   0   0   0   0   0   0   0   0  0.00     0.00
  311 I    -1  -3  -3  -3  -1  -3  -3  -4  -3   4   2  -3   1   0  -3  -2  -1  -3  -1   3    0   0   0   0   0   0   0   0   0   0   0   0   0   0   0   0   0   0   0   0  0.00     0.00
  312 A     4  -1  -2  -2   0  -1  -1   0  -2  -1  -1  -1  -1  -2  -1   1   0  -3  -2   0    0   0   0   0   0   0   0   0   0   0   0   0   0   0   0   0   0   0   0   0  0.00     0.00
  313 D    -2  -2   1   6  -3   0   1  -1  -1  -3  -4  -1  -3  -3  -1   0  -1  -4  -3  -3    0   0   0   0   0   0   0   0   0   0   0   0   0   0   0   0   0   0   0   0  0.00     0.00
  314 K    -1   2   0  -1  -3   1   1  -2  -1  -3  -2   4  -1  -3  -1   0  -1  -3  -2  -2    0   0   0   0   0   0   0   0   0   0   0   0   0   0   0   0   0   0   0   0  0.00     0.00
  315 G     0  -2   0  -1  -2  -2  -2   6  -2  -4  -4  -2  -3  -3  -2   0  -2  -2  -3  -3    0   0   0   0   0   0   0   0   0   0   0   0   0   0   0   0   0   0   0   0  0.00     0.00
  316 G     0  -2   0  -1  -2  -2  -2   6  -2  -4  -4  -2  -3  -3  -2   0  -2  -2  -3  -3    0   0   0   0   0   0   0   0   0   0   0   0   0   0   0   0   0   0   0   0  0.00     0.00
  317 F    -2  -3  -3  -3  -2  -3  -3  -3  -1   0   0  -3   0   6  -4  -2  -2   1   3  -1    0   0   0   0   0   0   0   0   0   0   0   0   0   0   0   0   0   0   0   0  0.00     0.00
  318 M    -1  -1  -2  -3  -1   0  -2  -3  -2   1   2  -1   5   0  -2  -1  -1  -1  -1   1    0   0   0   0   0   0   0   0   0   0   0   0   0   0   0   0   0   0   0   0  0.00     0.00
  319 Q    -1   1   0   0  -3   5   2  -2   0  -3  -2   1   0  -3  -1   0  -1  -2  -1  -2    0   0   0   0   0   0   0   0   0   0   0   0   0   0   0   0   0   0   0   0  0.00     0.00
  320 S     1  -1   1   0  -1   0   0   0  -1  -2  -2   0  -1  -2  -1   4   1  -3  -2  -2    0   0   0   0   0   0   0   0   0   0   0   0   0   0   0   0   0   0   0   0  0.00     0.00
  321 L    -1  -2  -3  -4  -1  -2  -3  -4  -3   2   4  -2   2   0  -3  -2  -1  -2  -1   1    0   0   0   0   0   0   0   0   0   0   0   0   0   0   0   0   0   0   0   0  0.00     0.00
  322 P    -1  -2  -2  -1  -3  -1  -1  -2  -2  -3  -3  -1  -2  -4   7  -1  -1  -4  -3  -2    0   0   0   0   0   0   0   0   0   0   0   0   0   0   0   0   0   0   0   0  0.00     0.00
  323 D    -2  -2   1   6  -3   0   1  -1  -1  -3  -4  -1  -3  -3  -1   0  -1  -4  -3  -3    0   0   0   0   0   0   0   0   0   0   0   0   0   0   0   0   0   0   0   0  0.00     0.00
  324 F    -2  -3  -3  -3  -2  -3  -3  -3  -1   0   0  -3   0   6  -4  -2  -2   1   3  -1    0   0   0   0   0   0   0   0   0   0   0   0   0   0   0   0   0   0   0   0  0.00     0.00
  325 P    -1  -2  -2  -1  -3  -1  -1  -2  -2  -3  -3  -1  -2  -4   7  -1  -1  -4  -3  -2    0   0   0   0   0   0   0   0   0   0   0   0   0   0   0   0   0   0   0   0  0.00     0.00
  326 K    -1   2   0  -1  -3   1   1  -2  -1  -3  -2   4  -1  -3  -1   0  -1  -3  -2  -2    0   0   0   0   0   0   0   0   0   0   0   0   0   0   0   0   0   0   0   0  0.00     0.00
  327 L    -1  -2  -3  -4  -1  -2  -3  -4  -3   2   4  -2   2   0  -3  -2  -1  -2  -1   1    0   0   0   0   0   0   0   0   0   0   0   0   0   0   0   0   0   0   0   0  0.00     0.00
  328 P    -1  -2  -2  -1  -3  -1  -1  -2  -2  -3  -3  -1  -2  -4   7  -1  -1  -4  -3  -2    0   0   0   0   0   0   0   0   0   0   0   0   0   0   0   0   0   0   0   0  0.00     0.00
  329 N    -2   0   6   1  -3   0   0   0   1  -3  -3   0  -2  -3  -2   1   0  -4  -2  -3    0   0   0   0   0   0   0   0   0   0   0   0   0   0   0   0   0   0   0   0  0.00     0.00
  330 F    -2  -3  -3  -3  -2  -3  -3  -3  -1   0   0  -3   0   6  -4  -2  -2   1   3  -1    0   0   0   0   0   0   0   0   0   0   0   0   0   0   0   0   0   0   0   0  0.00     0.00
  331 H    -2   0   1  -1  -3   0   0  -2   7  -3  -3  -1  -2  -1  -2  -1  -2  -2   2  -3    0   0   0   0   0   0   0   0   0   0   0   0   0   0   0   0   0   0   0   0  0.00     0.00
  332 F    -2  -3  -3  -3  -2  -3  -3  -3  -1   0   0  -3   0   6  -4  -2  -2   1   3  -1    0   0   0   0   0   0   0   0   0   0   0   0   0   0   0   0   0   0   0   0  0.00     0.00
  333 S     1  -1   1   0  -1   0   0   0  -1  -2  -2   0  -1  -2  -1   4   1  -3  -2  -2    0   0   0   0   0   0   0   0   0   0   0   0   0   0   0   0   0   0   0   0  0.00     0.00
  334 M    -1  -1  -2  -3  -1   0  -2  -3  -2   1   2  -1   5   0  -2  -1  -1  -1  -1   1    0   0   0   0   0   0   0   0   0   0   0   0   0   0   0   0   0   0   0   0  0.00     0.00
  335 P    -1  -2  -2  -1  -3  -1  -1  -2  -2  -3  -3  -1  -2  -4   7  -1  -1  -4  -3  -2    0   0   0   0   0   0   0   0   0   0   0   0   0   0   0   0   0   0   0   0  0.00     0.00
  336 R    -1   5   0  -2  -3   1   0  -2   0  -3  -2   2  -1  -3  -2  -1  -1  -3  -2  -2    0   0   0   0   0   0   0   0   0   0   0   0   0   0   0   0   0   0   0   0  0.00     0.00
  337 M    -1  -1  -2  -3  -1   0  -2  -3  -2   1   2  -1   5   0  -2  -1  -1  -1  -1   1    0   0   0   0   0   0   0   0   0   0   0   0   0   0   0   0   0   0   0   0  0.00     0.00
  338 P    -1  -2  -2  -1  -3  -1  -1  -2  -2  -3  -3  -1  -2  -4   7  -1  -1  -4  -3  -2    0   0   0   0   0   0   0   0   0   0   0   0   0   0   0   0   0   0   0   0  0.00     0.00
  339 A     4  -1  -2  -2   0  -1  -1   0  -2  -1  -1  -1  -1  -2  -1   1   0  -3  -2   0    0   0   0   0   0   0   0   0   0   0   0   0   0   0   0   0   0   0   0   0  0.00     0.00
  340 G     0  -2   0  -1  -2  -2  -2   6  -2  -4  -4  -2  -3  -3  -2   0  -2  -2  -3  -3    0   0   0   0   0   0   0   0   0   0   0   0   0   0   0   0   0   0   0   0  0.00     0.00
  341 L    -1  -2  -3  -4  -1  -2  -3  -4  -3   2   4  -2   2   0  -3  -2  -1  -2  -1   1    0   0   0   0   0   0   0   0   0   0   0   0   0   0   0   0   0   0   0   0  0.00     0.00
  342 L    -1  -2  -3  -4  -1  -2  -3  -4  -3   2   4  -2   2   0  -3  -2  -1  -2  -1   1    0   0   0   0   0   0   0   0   0   0   0   0   0   0   0   0   0   0   0   0  0.00     0.00
  343 P    -1  -2  -2  -1  -3  -1  -1  -2  -2  -3  -3  -1  -2  -4   7  -1  -1  -4  -3  -2    0   0   0   0   0   0   0   0   0   0   0   0   0   0   0   0   0   0   0   0  0.00     0.00
  344 W    -3  -3  -4  -4  -2  -2  -3  -2  -2  -3  -2  -3  -1   1  -4  -3  -2  10   2  -3    0   0   0   0   0   0   0   0   0   0   0   0   0   0   0   0   0   0   0   0  0.00     0.00
  345 G     0  -2   0  -1  -2  -2  -2   6  -2  -4  -4  -2  -3  -3  -2   0  -2  -2  -3  -3    0   0   0   0   0   0   0   0   0   0   0   0   0   0   0   0   0   0   0   0  0.00     0.00
  346 L    -1  -2  -3  -4  -1  -2  -3  -4  -3   2   4  -2   2   0  -3  -2  -1  -2  -1   1    0   0   0   0   0   0   0   0   0   0   0   0   0   0   0   0   0   0   0   0  0.00     0.00
  347 R    -1   5   0  -2  -3   1   0  -2   0  -3  -2   2  -1  -3  -2  -1  -1  -3  -2  -2    0   0   0   0   0   0   0   0   0   0   0   0   0   0   0   0   0   0   0   0  0.00     0.00
  348 K    -1   2   0  -1  -3   1   1  -2  -1  -3  -2   4  -1  -3  -1   0  -1  -3  -2  -2    0   0   0   0   0   0   0   0   0   0   0   0   0   0   0   0   0   0   0   0  0.00     0.00
  349 W    -3  -3  -4  -4  -2  -2  -3  -2  -2  -3  -2  -3  -1   1  -4  -3  -2  10   2  -3    0   0   0   0   0   0   0   0   0   0   0   0   0   0   0   0   0   0   0   0  0.00     0.00
  350 N    -2   0   6   1  -3   0   0   0   1  -3  -3   0  -2  -3  -2   1   0  -4  -2  -3    0   0   0   0   0   0   0   0   0   0   0   0   0   0   0   0   0   0   0   0  0.00     0.00
  351 E    -1   0   0   1  -4   2   5  -2   0  -3  -3   1  -2  -3  -1   0  -1  -3  -2  -2    0   0   0   0   0   0   0   0   0   0   0   0   0   0   0   0   0   0   0   0  0.00     0.00
  352 M    -1  -1  -2  -3  -1   0  -2  -3  -2   1   2  -1   5   0  -2  -1  -1  -1  -1   1    0   0   0   0   0   0   0   0   0   0   0   0   0   0   0   0   0   0   0   0  0.00     0.00
  353 G     0  -2   0  -1  -2  -2  -2   6  -2  -4  -4  -2  -3  -3  -2   0  -2  -2  -3  -3    0   0   0   0   0   0   0   0   0   0   0   0   0   0   0   0   0   0   0   0  0.00     0.00
  354 R    -1   5   0  -2  -3   1   0  -2   0  -3  -2   2  -1  -3  -2  -1  -1  -3  -2  -2    0   0   0   0   0   0   0   0   0   0   0   0   0   0   0   0   0   0   0   0  0.00     0.00
  355 D    -2  -2   1   6  -3   0   1  -1  -1  -3  -4  -1  -3  -3  -1   0  -1  -4  -3  -3    0   0   0   0   0   0   0   0   0   0   0   0   0   0   0   0   0   0   0   0  0.00     0.00
  356 T     0  -1   0  -1  -1  -1  -1  -2  -2  -1  -1  -1  -1  -2  -1   1   5  -2  -2   0    0   0   0   0   0   0   0   0   0   0   0   0   0   0   0   0   0   0   0   0  0.00     0.00
  357 R    -1   5   0  -2  -3   1   0  -2   0  -3  -2   2  -1  -3  -2  -1  -1  -3  -2  -2    0   0   0   0   0   0   0   0   0   0   0   0   0   0   0   0   0   0   0   0  0.00     0.00
  358 A     4  -1  -2  -2   0  -1  -1   0  -2  -1  -1  -1  -1  -2  -1   1   0  -3  -2   0    0   0   0   0   0   0   0   0   0   0   0   0   0   0   0   0   0   0   0   0  0.00     0.00
  359 A     4  -1  -2  -2   0  -1  -1   0  -2  -1  -1  -1  -1  -2  -1   1   0  -3  -2   0    0   0   0   0   0   0   0   0   0   0   0   0   0   0   0   0   0   0   0   0  0.00     0.00
  360 A     4  -1  -2  -2   0  -1  -1   0  -2  -1  -1  -1  -1  -2  -1   1   0  -3  -2   0    0   0   0   0   0   0   0   0   0   0   0   0   0   0   0   0   0   0   0   0  0.00     0.00
  361 P    -1  -2  -2  -1  -3  -1  -1  -2  -2  -3  -3  -1  -2  -4   7  -1  -1  -4  -3  -2    0   0   0   0   0   0   0   0   0   0   0   0   0   0   0   0   0   0   0   0  0.00     0.00
  362 H    -2   0   1  -1  -3   0   0  -2   7  -3  -3  -1  -2  -1  -2  -1  -2  -2   2  -3    0   0   0   0   0   0   0   0   0   0   0   0   0   0   0   0   0   0   0   0  0.00     0.00
  363 K    -1   2   0  -1  -3   1   1  -2  -1  -3  -2   4  -1  -3  -1   0  -1  -3  -2  -2    0   0   0   0   0   0   0   0   0   0   0   0   0   0   0   0   0   0   0   0  0.00     0.00
  364 F    -2  -3  -3  -3  -2  -3  -3  -3  -1   0   0  -3   0   6  -4  -2  -2   1   3  -1    0   0   0   0   0   0   0   0   0   0   0   0   0   0   0   0   0   0   0   0  0.00     0.00
  365 L    -1  -2  -3  -4  -1  -2  -3  -4  -3   2   4  -2   2   0  -3  -2  -1  -2  -1   1    0   0   0   0   0   0   0   0   0   0   0   0   0   0   0   0   0   0   0   0  0.00     0.00
  366 M    -1  -1  -2  -3  -1   0  -2  -3  -2   1   2  -1   5   0  -2  -1  -1  -1  -1   1    0   0   0   0   0   0   0   0   0   0   0   0   0   0   0   0   0   0   0   0  0.00     0.00
  367 M    -1  -1  -2  -3  -1   0  -2  -3  -2   1   2  -1   5   0  -2  -1  -1  -1  -1   1    0   0   0   0   0   0   0   0   0   0   0   0   0   0   0   0   0   0   0   0  0.00     0.00
  368 A     4  -1  -2  -2   0  -1  -1   0  -2  -1  -1  -1  -1  -2  -1   1   0  -3  -2   0    0   0   0   0   0   0   0   0   0   0   0   0   0   0   0   0   0   0   0   0  0.00     0.00
  369 H    -2   0   1  -1  -3   0   0  -2   7  -3  -3  -1  -2  -1  -2  -1  -2  -2   2  -3    0   0   0   0   0   0   0   0   0   0   0   0   0   0   0   0   0   0   0   0  0.00     0.00
  370 N    -2   0   6   1  -3   0   0   0   1  -3  -3   0  -2  -3  -2   1   0  -4  -2  -3    0   0   0   0   0   0   0   0   0   0   0   0   0   0   0   0   0   0   0   0  0.00     0.00
  371 S     1  -1   1   0  -1   0   0   0  -1  -2  -2   0  -1  -2  -1   4   1  -3  -2  -2    0   0   0   0   0   0   0   0   0   0   0   0   0   0   0   0   0   0   0   0  0.00     0.00
  372 D    -2  -2   1   6  -3   0   1  -1  -1  -3  -4  -1  -3  -3  -1   0  -1  -4  -3  -3    0   0   0   0   0   0   0   0   0   0   0   0   0   0   0   0   0   0   0   0  0.00     0.00
  373 K    -1   2   0  -1  -3   1   1  -2  -1  -3  -2   4  -1  -3  -1   0  -1  -3  -2  -2    0   0   0   0   0   0   0   0   0   0   0   0   0   0   0   0   0   0   0   0  0.00     0.00
  374 S     1  -1   1   0  -1   0   0   0  -1  -2  -2   0  -1  -2  -1   4   1  -3  -2  -2    0   0   0   0   0   0   0   0   0   0   0   0   0   0   0   0   0   0   0   0  0.00     0.00
  375 S     1  -1   1   0  -1   0   0   0  -1  -2  -2   0  -1  -2  -1   4   1  -3  -2  -2    0   0   0   0   0   0   0   0   0   0   0   0   0   0   0   0   0   0   0   0  0.00     0.00
  376 K    -1   2   0  -1  -3   1   1  -2  -1  -3  -2   4  -1  -3  -1   0  -1  -3  -2  -2    0   0   0   0   0   0   0   0   0   0   0   0   0   0   0   0   0   0   0   0  0.00     0.00
  377 E    -1   0   0   1  -4   2   5  -2   0  -3  -3   1  -2  -3  -1   0  -1  -3  -2  -2    0   0   0   0   0   0   0   0   0   0   0   0   0   0   0   0   0   0   0   0  0.00     0.00
  378 L    -1  -2  -3  -4  -1  -2  -3  -4  -3   2   4  -2   2   0  -3  -2  -1  -2  -1   1    0   0   0   0   0   0   0   0   0   0   0   0   0   0   0   0   0   0   0   0  0.00     0.00
  379 A     4  -1  -2  -2   0  -1  -1   0  -2  -1  -1  -1  -1  -2  -1   1   0  -3  -2   0    0   0   0   0   0   0   0   0   0   0   0   0   0   0   0   0   0   0   0   0  0.00     0.00
  380 S     1  -1   1   0  -1   0   0   0  -1  -2  -2   0  -1  -2  -1   4   1  -3  -2  -2    0   0   0   0   0   0   0   0   0   0   0   0   0   0   0   0   0   0   0   0  0.00     0.00
  381 E    -1   0   0   1  -4   2   5  -2   0  -3  -3   1  -2  -3  -1   0  -1  -3  -2  -2    0   0   0   0   0   0   0   0   0   0   0   0   0   0   0   0   0   0   0   0  0.00     0.00
  382 D    -2  -2   1   6  -3   0   1  -1  -1  -3  -4  -1  -3  -3  -1   0  -1  -4  -3  -3    0   0   0   0   0   0   0   0   0   0   0   0   0   0   0   0   0   0   0   0  0.00     0.00
  383 V     0  -2  -3  -3  -1  -2  -2  -3  -3   3   1  -2   1  -1  -2  -2   0  -3  -1   4    0   0   0   0   0   0   0   0   0   0   0   0   0   0   0   0   0   0   0   0  0.00     0.00
  384 T     0  -1   0  -1  -1  -1  -1  -2  -2  -1  -1  -1  -1  -2  -1   1   5  -2  -2   0    0   0   0   0   0   0   0   0   0   0   0   0   0   0   0   0   0   0   0   0  0.00     0.00
  385 N    -2   0   6   1  -3   0   0   0   1  -3  -3   0  -2  -3  -2   1   0  -4  -2  -3    0   0   0   0   0   0   0   0   0   0   0   0   0   0   0   0   0   0   0   0  0.00     0.00
  386 T     0  -1   0  -1  -1  -1  -1  -2  -2  -1  -1  -1  -1  -2  -1   1   5  -2  -2   0    0   0   0   0   0   0   0   0   0   0   0   0   0   0   0   0   0   0   0   0  0.00     0.00
  387 M    -1  -1  -2  -3  -1   0  -2  -3  -2   1   2  -1   5   0  -2  -1  -1  -1  -1   1    0   0   0   0   0   0   0   0   0   0   0   0   0   0   0   0   0   0   0   0  0.00     0.00
  388 A     4  -1  -2  -2   0  -1  -1   0  -2  -1  -1  -1  -1  -2  -1   1   0  -3  -2   0    0   0   0   0   0   0   0   0   0   0   0   0   0   0   0   0   0   0   0   0  0.00     0.00
  389 L    -1  -2  -3  -4  -1  -2  -3  -4  -3   2   4  -2   2   0  -3  -2  -1  -2  -1   1    0   0   0   0   0   0   0   0   0   0   0   0   0   0   0   0   0   0   0   0  0.00     0.00
  390 A     4  -1  -2  -2   0  -1  -1   0  -2  -1  -1  -1  -1  -2  -1   1   0  -3  -2   0    0   0   0   0   0   0   0   0   0   0   0   0   0   0   0   0   0   0   0   0  0.00     0.00
  391 V     0  -2  -3  -3  -1  -2  -2  -3  -3   3   1  -2   1  -1  -2  -2   0  -3  -1   4    0   0   0   0   0   0   0   0   0   0   0   0   0   0   0   0   0   0   0   0  0.00     0.00
  392 A     4  -1  -2  -2   0  -1  -1   0  -2  -1  -1  -1  -1  -2  -1   1   0  -3  -2   0    0   0   0   0   0   0   0   0   0   0   0   0   0   0   0   0   0   0   0   0  0.00     0.00
  393 G     0  -2   0  -1  -2  -2  -2   6  -2  -4  -4  -2  -3  -3  -2   0  -2  -2  -3  -3    0   0   0   0   0   0   0   0   0   0   0   0   0   0   0   0   0   0   0   0  0.00     0.00
  394 G     0  -2   0  -1  -2  -2  -2   6  -2  -4  -4  -2  -3  -3  -2   0  -2  -2  -3  -3    0   0   0   0   0   0   0   0   0   0   0   0   0   0   0   0   0   0   0   0  0.00     0.00
  395 A     4  -1  -2  -2   0  -1  -1   0  -2  -1  -1  -1  -1  -2  -1   1   0  -3  -2   0    0   0   0   0   0   0   0   0   0   0   0   0   0   0   0   0   0   0   0   0  0.00     0.00
  396 A     4  -1  -2  -2   0  -1  -1   0  -2  -1  -1  -1  -1  -2  -1   1   0  -3  -2   0    0   0   0   0   0   0   0   0   0   0   0   0   0   0   0   0   0   0   0   0  0.00     0.00
  397 G     0  -2   0  -1  -2  -2  -2   6  -2  -4  -4  -2  -3  -3  -2   0  -2  -2  -3  -3    0   0   0   0   0   0   0   0   0   0   0   0   0   0   0   0   0   0   0   0  0.00     0.00
  398 A     4  -1  -2  -2   0  -1  -1   0  -2  -1  -1  -1  -1  -2  -1   1   0  -3  -2   0    0   0   0   0   0   0   0   0   0   0   0   0   0   0   0   0   0   0   0   0  0.00     0.00
  399 L    -1  -2  -3  -4  -1  -2  -3  -4  -3   2   4  -2   2   0  -3  -2  -1  -2  -1   1    0   0   0   0   0   0   0   0   0   0   0   0   0   0   0   0   0   0   0   0  0.00     0.00
  400 T     0  -1   0  -1  -1  -1  -1  -2  -2  -1  -1  -1  -1  -2  -1   1   5  -2  -2   0    0   0   0   0   0   0   0   0   0   0   0   0   0   0   0   0   0   0   0   0  0.00     0.00
  401 V     0  -2  -3  -3  -1  -2  -2  -3  -3   3   1  -2   1  -1  -2  -2   0  -3  -1   4    0   0   0   0   0   0   0   0   0   0   0   0   0   0   0   0   0   0   0   0  0.00     0.00
  402 G     0  -2   0  -1  -2  -2  -2   6  -2  -4  -4  -2  -3  -3  -2   0  -2  -2  -3  -3    0   0   0   0   0   0   0   0   0   0   0   0   0   0   0   0   0   0   0   0  0.00     0.00
  403 L    -1  -2  -3  -4  -1  -2  -3  -4  -3   2   4  -2   2   0  -3  -2  -1  -2  -1   1    0   0   0   0   0   0   0   0   0   0   0   0   0   0   0   0   0   0   0   0  0.00     0.00
  404 V     0  -2  -3  -3  -1  -2  -2  -3  -3   3   1  -2   1  -1  -2  -2   0  -3  -1   4    0   0   0   0   0   0   0   0   0   0   0   0   0   0   0   0   0   0   0   0  0.00     0.00
  405 A     4  -1  -2  -2   0  -1  -1   0  -2  -1  -1  -1  -1  -2  -1   1   0  -3  -2   0    0   0   0   0   0   0   0   0   0   0   0   0   0   0   0   0   0   0   0   0  0.00     0.00
  406 L    -1  -2  -3  -4  -1  -2  -3  -4  -3   2   4  -2   2   0  -3  -2  -1  -2  -1   1    0   0   0   0   0   0   0   0   0   0   0   0   0   0   0   0   0   0   0   0  0.00     0.00
  407 V     0  -2  -3  -3  -1  -2  -2  -3  -3   3   1  -2   1  -1  -2  -2   0  -3  -1   4    0   0   0   0   0   0   0   0   0   0   0   0   0   0   0   0   0   0   0   0  0.00     0.00
  408 A     4  -1  -2  -2   0  -1  -1   0  -2  -1  -1  -1  -1  -2  -1   1   0  -3  -2   0    0   0   0   0   0   0   0   0   0   0   0   0   0   0   0   0   0   0   0   0  0.00     0.00
  409 G     0  -2   0  -1  -2  -2  -2   6  -2  -4  -4  -2  -3  -3  -2   0  -2  -2  -3  -3    0   0   0   0   0   0   0   0   0   0   0   0   0   0   0   0   0   0   0   0  0.00     0.00
  410 R    -1   5   0  -2  -3   1   0  -2   0  -3  -2   2  -1  -3  -2  -1  -1  -3  -2  -2    0   0   0   0   0   0   0   0   0   0   0   0   0   0   0   0   0   0   0   0  0.00     0.00
  411 F    -2  -3  -3  -3  -2  -3  -3  -3  -1   0   0  -3   0   6  -4  -2  -2   1   3  -1    0   0   0   0   0   0   0   0   0   0   0   0   0   0   0   0   0   0   0   0  0.00     0.00
  412 T     0  -1   0  -1  -1  -1  -1  -2  -2  -1  -1  -1  -1  -2  -1   1   5  -2  -2   0    0   0   0   0   0   0   0   0   0   0   0   0   0   0   0   0   0   0   0   0  0.00     0.00
  413 G     0  -2   0  -1  -2  -2  -2   6  -2  -4  -4  -2  -3  -3  -2   0  -2  -2  -3  -3    0   0   0   0   0   0   0   0   0   0   0   0   0   0   0   0   0   0   0   0  0.00     0.00
  414 G     0  -2   0  -1  -2  -2  -2   6  -2  -4  -4  -2  -3  -3  -2   0  -2  -2  -3  -3    0   0   0   0   0   0   0   0   0   0   0   0   0   0   0   0   0   0   0   0  0.00     0.00
  415 S     1  -1   1   0  -1   0   0   0  -1  -2  -2   0  -1  -2  -1   4   1  -3  -2  -2    0   0   0   0   0   0   0   0   0   0   0   0   0   0   0   0   0   0   0   0  0.00     0.00
  416 R    -1   5   0  -2  -3   1   0  -2   0  -3  -2   2  -1  -3  -2  -1  -1  -3  -2  -2    0   0   0   0   0   0   0   0   0   0   0   0   0   0   0   0   0   0   0   0  0.00     0.00
  417 R    -1   5   0  -2  -3   1   0  -2   0  -3  -2   2  -1  -3  -2  -1  -1  -3  -2  -2    0   0   0   0   0   0   0   0   0   0   0   0   0   0   0   0   0   0   0   0  0.00     0.00
  418 N    -2   0   6   1  -3   0   0   0   1  -3  -3   0  -2  -3  -2   1   0  -4  -2  -3    0   0   0   0   0   0   0   0   0   0   0   0   0   0   0   0   0   0   0   0  0.00     0.00
  419 F    -2  -3  -3  -3  -2  -3  -3  -3  -1   0   0  -3   0   6  -4  -2  -2   1   3  -1    0   0   0   0   0   0   0   0   0   0   0   0   0   0   0   0   0   0   0   0  0.00     0.00
  420 V     0  -2  -3  -3  -1  -2  -2  -3  -3   3   1  -2   1  -1  -2  -2   0  -3  -1   4    0   0   0   0   0   0   0   0   0   0   0   0   0   0   0   0   0   0   0   0  0.00     0.00
  421 A     4  -1  -2  -2   0  -1  -1   0  -2  -1  -1  -1  -1  -2  -1   1   0  -3  -2   0    0   0   0   0   0   0   0   0   0   0   0   0   0   0   0   0   0   0   0   0  0.00     0.00
  422 K    -1   2   0  -1  -3   1   1  -2  -1  -3  -2   4  -1  -3  -1   0  -1  -3  -2  -2    0   0   0   0   0   0   0   0   0   0   0   0   0   0   0   0   0   0   0   0  0.00     0.00
  423 F    -2  -3  -3  -3  -2  -3  -3  -3  -1   0   0  -3   0   6  -4  -2  -2   1   3  -1    0   0   0   0   0   0   0   0   0   0   0   0   0   0   0   0   0   0   0   0  0.00     0.00
  424 G     0  -2   0  -1  -2  -2  -2   6  -2  -4  -4  -2  -3  -3  -2   0  -2  -2  -3  -3    0   0   0   0   0   0   0   0   0   0   0   0   0   0   0   0   0   0   0   0  0.00     0.00
  425 E    -1   0   0   1  -4   2   5  -2   0  -3  -3   1  -2  -3  -1   0  -1  -3  -2  -2    0   0   0   0   0   0   0   0   0   0   0   0   0   0   0   0   0   0   0   0  0.00     0.00
  426 P    -1  -2  -2  -1  -3  -1  -1  -2  -2  -3  -3  -1  -2  -4   7  -1  -1  -4  -3  -2    0   0   0   0   0   0   0   0   0   0   0   0   0   0   0   0   0   0   0   0  0.00     0.00
  427 T     0  -1   0  -1  -1  -1  -1  -2  -2  -1  -1  -1  -1  -2  -1   1   5  -2  -2   0    0   0   0   0   0   0   0   0   0   0   0   0   0   0   0   0   0   0   0   0  0.00     0.00
  428 M    -1  -1  -2  -3  -1   0  -2  -3  -2   1   2  -1   5   0  -2  -1  -1  -1  -1   1    0   0   0   0   0   0   0   0   0   0   0   0   0   0   0   0   0   0   0   0  0.00     0.00
  429 V     0  -2  -3  -3  -1  -2  -2  -3  -3   3   1  -2   1  -1  -2  -2   0  -3  -1   4    0   0   0   0   0   0   0   0   0   0   0   0   0   0   0   0   0   0   0   0  0.00     0.00
  430 E    -1   0   0   1  -4   2   5  -2   0  -3  -3   1  -2  -3  -1   0  -1  -3  -2  -2    0   0   0   0   0   0   0   0   0   0   0   0   0   0   0   0   0   0   0   0  0.00     0.00
  431 V     0  -2  -3  -3  -1  -2  -2  -3  -3   3   1  -2   1  -1  -2  -2   0  -3  -1   4    0   0   0   0   0   0   0   0   0   0   0   0   0   0   0   0   0   0   0   0  0.00     0.00
  432 Q    -1   1   0   0  -3   5   2  -2   0  -3  -2   1   0  -3  -1   0  -1  -2  -1  -2    0   0   0   0   0   0   0   0   0   0   0   0   0   0   0   0   0   0   0   0  0.00     0.00
  433 V     0  -2  -3  -3  -1  -2  -2  -3  -3   3   1  -2   1  -1  -2  -2   0  -3  -1   4    0   0   0   0   0   0   0   0   0   0   0   0   0   0   0   0   0   0   0   0  0.00     0.00
  434 T     0  -1   0  -1  -1  -1  -1  -2  -2  -1  -1  -1  -1  -2  -1   1   5  -2  -2   0    0   0   0   0   0   0   0   0   0   0   0   0   0   0   0   0   0   0   0   0  0.00     0.00
  435 S     1  -1   1   0  -1   0   0   0  -1  -2  -2   0  -1  -2  -1   4   1  -3  -2  -2    0   0   0   0   0   0   0   0   0   0   0   0   0   0   0   0   0   0   0   0  0.00     0.00
  436 P    -1  -2  -2  -1  -3  -1  -1  -2  -2  -3  -3  -1  -2  -4   7  -1  -1  -4  -3  -2    0   0   0   0   0   0   0   0   0   0   0   0   0   0   0   0   0   0   0   0  0.00     0.00
  437 A     4  -1  -2  -2   0  -1  -1   0  -2  -1  -1  -1  -1  -2  -1   1   0  -3  -2   0    0   0   0   0   0   0   0   0   0   0   0   0   0   0   0   0   0   0   0   0  0.00     0.00
  438 N    -2   0   6   1  -3   0   0   0   1  -3  -3   0  -2  -3  -2   1   0  -4  -2  -3    0   0   0   0   0   0   0   0   0   0   0   0   0   0   0   0   0   0   0   0  0.00     0.00
  439 S     1  -1   1   0  -1   0   0   0  -1  -2  -2   0  -1  -2  -1   4   1  -3  -2  -2    0   0   0   0   0   0   0   0   0   0   0   0   0   0   0   0   0   0   0   0  0.00     0.00
  440 V     0  -2  -3  -3  -1  -2  -2  -3  -3   3   1  -2   1  -1  -2  -2   0  -3  -1   4    0   0   0   0   0   0   0   0   0   0   0   0   0   0   0   0   0   0   0   0  0.00     0.00
  441 V     0  -2  -3  -3  -1  -2  -2  -3  -3   3   1  -2   1  -1  -2  -2   0  -3  -1   4    0   0   0   0   0   0   0   0   0   0   0   0   0   0   0   0   0   0   0   0  0.00     0.00
  442 A     4  -1  -2  -2   0  -1  -1   0  -2  -1  -1  -1  -1  -2  -1   1   0  -3  -2   0    0   0   0   0   0   0   0   0   0   0   0   0   0   0   0   0   0   0   0   0  0.00     0.00
  443 P    -1  -2  -2  -1  -3  -1  -1  -2  -2  -3  -3  -1  -2  -4   7  -1  -1  -4  -3  -2    0   0   0   0   0   0   0   0   0   0   0   0   0   0   0   0   0   0   0   0  0.00     0.00
  444 T     0  -1   0  -1  -1  -1  -1  -2  -2  -1  -1  -1  -1  -2  -1   1   5  -2  -2   0    0   0   0   0   0   0   0   0   0   0   0   0   0   0   0   0   0   0   0   0  0.00     0.00
  445 P    -1  -2  -2  -1  -3  -1  -1  -2  -2  -3  -3  -1  -2  -4   7  -1  -1  -4  -3  -2    0   0   0   0   0   0   0   0   0   0   0   0   0   0   0   0   0   0   0   0  0.00     0.00
  446 A     4  -1  -2  -2   0  -1  -1   0  -2  -1  -1  -1  -1  -2  -1   1   0  -3  -2   0    0   0   0   0   0   0   0   0   0   0   0   0   0   0   0   0   0   0   0   0  0.00     0.00
  447 S     1  -1   1   0  -1   0   0   0  -1  -2  -2   0  -1  -2  -1   4   1  -3  -2  -2    0   0   0   0   0   0   0   0   0   0   0   0   0   0   0   0   0   0   0   0  0.00     0.00
  448 E    -1   0   0   1  -4   2   5  -2   0  -3  -3   1  -2  -3  -1   0  -1  -3  -2  -2    0   0   0   0   0   0   0   0   0   0   0   0   0   0   0   0   0   0   0   0  0.00     0.00
  449 T     0  -1   0  -1  -1  -1  -1  -2  -2  -1  -1  -1  -1  -2  -1   1   5  -2  -2   0    0   0   0   0   0   0   0   0   0   0   0   0   0   0   0   0   0   0   0   0  0.00     0.00
  450 H    -2   0   1  -1  -3   0   0  -2   7  -3  -3  -1  -2  -1  -2  -1  -2  -2   2  -3    0   0   0   0   0   0   0   0   0   0   0   0   0   0   0   0   0   0   0   0  0.00     0.00
  451 M    -1  -1  -2  -3  -1   0  -2  -3  -2   1   2  -1   5   0  -2  -1  -1  -1  -1   1    0   0   0   0   0   0   0   0   0   0   0   0   0   0   0   0   0   0   0   0  0.00     0.00
  452 S     1  -1   1   0  -1   0   0   0  -1  -2  -2   0  -1  -2  -1   4   1  -3  -2  -2    0   0   0   0   0   0   0   0   0   0   0   0   0   0   0   0   0   0   0   0  0.00     0.00
  453 A     4  -1  -2  -2   0  -1  -1   0  -2  -1  -1  -1  -1  -2  -1   1   0  -3  -2   0    0   0   0   0   0   0   0   0   0   0   0   0   0   0   0   0   0   0   0   0  0.00     0.00

                      K         Lambda
Standard Ungapped    0.1311     0.3173
Standard Gapped      0.0367     0.2670
PSI Ungapped         0.1198     0.3190
PSI Gapped           0.0367     0.2670
