
Last position-specific scoring matrix computed, weighted observed percentages rounded down, information per position, and relative weight of gapless real matches to pseudocounts
            A   R   N   D   C   Q   E   G   H   I   L   K   M   F   P   S   T   W   Y   V   A   R   N   D   C   Q   E   G   H   I   L   K   M   F   P   S   T   W   Y   V
    1 E    -1   0   0   1  -4   2   5  -2   0  -3  -3   1  -2  -3  -1   0  -1  -3  -2  -2    0   0   0   0   0   0   0   0   0   0   0   0   0   0   0   0   0   0   0   0  0.00     0.00
    2 P    -1  -2  -2  -2  -3  -1  -1  -2  -2  -3  -3  -1  -3  -4   8  -1  -1  -4  -3  -3    0   0   0   0   0   0   0   0   0   0   0   0   0   0 100   0   0   0   0   0  2.05 0.01
    3 T     0  -2   0  -1  -2  -1  -2   4  -2  -2  -2  -1  -2  -3  -2   1   3  -3  -2  -1    0   0   0   0   0   0   0  50   0   0   0   0   0   0   0   0  50   0   0   0  0.48 0.00
    4 R    -1   4   0   0  -4   2   4  -2   0  -3  -3   2  -2  -3  -2   0  -1  -3  -2  -3    0  50   0   0   0   0  50   0   0   0   0   0   0   0   0   0   0   0   0   0  0.55 0.00
    5 D    -1  -1   1   4  -2  -1   1  -2  -1  -2  -2  -1  -2  -3  -1   1   3  -3  -2  -1    0   0   0  50   0   0   0   0   0   0   0   0   0   0   0   0  50   0   0   0  0.46 0.00
    6 E    -1   0   4   1  -3   1   4  -1   0  -3  -3   0  -2  -3  -2   0   0  -3  -2  -3    0   0  50   0   0   0  50   0   0   0   0   0   0   0   0   0   0   0   0   0  0.54 0.00
    7 G     0  -2   0  -1  -3  -2  -2   6  -2  -4  -4  -2  -3  -3  -2   0  -2  -3  -3  -3    0   0   0   0   0   0   0 100   0   0   0   0   0   0   0   0   0   0   0   0  1.04 0.00
    8 T    -1  -1   4   0  -2   0  -1  -1   0  -2  -2   0  -1  -3  -2   1   3  -3  -2  -1    0   0  50   0   0   0   0   0   0   0   0   0   0   0   0   0  50   0   0   0  0.42 0.00
    9 T     0  -1   0  -1  -1  -1  -1  -2  -2  -1  -2  -1  -1  -3  -1   2   5  -3  -2  -1    0   0   0   0   0   0   0   0   0   0   0   0   0   0   0  20  80   0   0   0  0.54 0.07
   10 A     3  -1  -1  -1  -1   0  -1   0  -2  -2  -2   1  -2  -3  -1   3   0  -3  -2  -1   49   0   0   0   0   0   0   0   0   0   0  17   0   0   0  34   0   0   0   0  0.36 0.06
   11 E    -2   1  -2  -1  -3   0   2  -3  -2   0   2  -1   0   2  -3  -2  -2  -2  -1  -1    0  14   0   0   0   0  28   0   0   0  43   0   0  15   0   0   0   0   0   0  0.23 0.06
   12 E    -1   0  -1   1  -4   1   5  -3  -1  -4  -4   2  -3  -4   3  -1  -1  -4  -3  -3    0   0   0   0   0   0  74   0   0   0   0  13   0   0  13   0   0   0   0   0  0.81 0.13
   13 M    -1  -3  -3  -3  -1  -2  -3  -3  -3   2   2  -2   3  -1  -3  -2   1  -3  -2   3    0   0   0   0   0   0   0   0   0  12  25   0  12   0   0   0  13   0   0  38  0.31 0.07
   14 L    -2  -2   1  -2  -2  -2  -2   1  -1   1   1   0   0   3  -3  -2  -2  -1   2  -1    0   0  11   0   0   0   0  12   0  11  21  11   0  23   0   0   0   0  11   0  0.16 0.06
   15 R    -2   4  -1  -1  -3   0   2  -3  -1   2  -1   0   2  -2  -3  -1   1  -3  -2  -1    0  39   0   0   0   0  20   0   0  20   0   0   9   0   0   0  11   0   0   0  0.33 0.12
   16 I    -2  -3  -4  -4  -2   0  -3  -4  -3   5   2  -3   1   2  -4  -3  -2  -3  -1   1    0   0   0   0   0   9   0   0   0  63  19   0   0   9   0   0   0   0   0   0  0.51 0.16
   17 W    -3  -3   0  -3  -3  -2  -3   0   2  -3  -1  -3  -2   2  -4  -1  -3   9   5  -3    0   0   6   0   0   0   0   8   7   0   7   0   0   7   0   7   0  34  24   0  1.03 0.25
   18 K    -2   1   4  -1  -4   2   1   0  -1  -4  -4   3  -3  -4   1  -1   0  -4  -3  -3    0   7  32   0   0  13   6   6   0   0   0  22   0   0   7   0   7   0   0   0  0.49 0.19
   19 E    -1   0   2   1  -3   2   3   0  -1  -1  -3   0  -2  -3   1   0   1  -3   1  -2    0   6  10   5   0  11  27   6   0   6   0   0   0   0   6   6  12   0   6   0  0.27 0.14
   20 S    -1  -1  -1  -2  -3   2   0  -2  -2  -1  -1   0  -1   0   3   2   2  -3   1  -2    0   0   0   0   0  11   6   0   0   6   6   5   0   6  14  26  13   0   6   0  0.26 0.16
   21 P     0  -3  -3  -3  -4  -2  -2   0  -3  -1   0   0  -2  -4   7   1  -2  -5  -4  -3    6   0   0   0   0   0   0   6   0   5  10   8   0   0  54  11   0   0   0   0  1.05 0.29
   22 V     0  -3  -3  -3  -2   0  -1  -1  -3   2   1  -2   1  -2   0  -1   1  -3  -2   3   10   0   0   0   0   4   5   5   0  15  10   0   6   0   5   0  10   0   0  29  0.19 0.13
   23 A     2   0  -2  -2  -2  -2  -2   2  -2  -2  -1  -1   1  -2  -2   1   1  -3   0   0   27   5   0   0   0   0   0  17   0   0   5   0   7   0   0  14  12   0   5   5  0.22 0.15
   24 A     1  -2   0   0   2  -2  -2   1  -2   0   0  -2  -1  -2  -2   2   1  -3  -2   1   14   0   4   5   5   0   0  14   0   5   7   0   0   0   0  20  12   0   0  14  0.16 0.11
   25 A     3  -2  -2  -2  -2   0  -2   0  -2   0   1   0  -1  -3   0   3  -1  -3  -3  -1   30   0   0   0   0   5   0   4   0   5  17   5   0   0   4  28   0   0   0   0  0.28 0.20
   26 T     0   0   0  -2   3   0  -1  -1  -2   0  -2  -2   1  -3   1   1   4  -3  -3   0    4   4   4   0   7   4   4   4   0   8   0   0   4   0   8  10  34   0   0   4  0.27 0.19
   27 P    -2  -3   0   1   1   1  -1  -3  -3  -4  -2  -1  -3  -4   7  -1   0  -5  -4  -3    0   0   6   7   4   6   3   0   0   0   4   4   0   0  53   4   7   0   0   0  1.11 0.36
   28 S     1   1  -1  -2   1   2  -1   0  -2  -1  -2   1  -2  -4  -2   3   2  -4  -3  -1   10   6   0   0   3   9   3   6   0   4   3  10   0   0   0  31  11   0   0   3  0.27 0.22
   29 A     2   0  -2  -1   1   0  -2   1  -3  -1  -1  -1  -2  -1   2   2  -1  -4  -3  -1   27   6   0   3   3   5   0   8   0   4   7   3   0   3   9  17   0   0   0   3  0.20 0.19
   30 G     0  -3   2   0  -3  -2  -1   5   1  -4  -2  -1  -3  -1  -3   1  -1  -4  -3  -3    6   0  11   6   0   0   4  44   3   0   3   3   0   4   0  10   4   0   0   0  0.54 0.26
   31 L    -3  -4  -1  -4   0  -3  -2  -4  -4  -1   5  -4   2   0  -1  -2   1  -3   1   0    0   0   4   0   2   0   3   0   0   0  58   0   4   3   3   3   8   0   5   5  0.61 0.36
   32 R    -1   3   0  -1  -4   3   1  -2  -2  -1  -2   2  -2  -1  -3   0   1  -4  -3  -2    2  19   3   2   0  17   7   2   0   4   4  16   0   2   0   7  11   0   0   3  0.32 0.24
   33 V     1  -2   0  -3  -2  -1  -1  -2  -3   1   0  -2   1   1  -1   1   0  -3  -2   3    9   2   4   0   0   3   2   3   0   9   8   0   4   7   3  14   6   0   0  26  0.17 0.18
   34 A     2  -1  -3  -4   5  -1  -3  -3  -3   1   2  -3  -1  -1   0   0   0   0  -3   1   19   4   0   0  13   2   0   0   0   7  25   0   0   2   4   8   4   2   0   7  0.31 0.24
   35 I    -1  -2  -1  -1  -3  -1  -1  -4  -1   1   2  -2  -1   2  -1  -2   1  -3   0   3    3   2   2   4   0   3   3   0   1   8  18   2   0   9   4   0  13   0   3  23  0.18 0.19
   36 R    -1   3  -1  -3  -3   0  -1  -3  -2   0   1   2   0   2  -3  -1   1  -3  -1   0    4  16   2   0   0   4   3   0   0   6  12  15   2  11   0   4  10   0   2   9  0.19 0.19
   37 S     0  -1   1  -1  -3   1   0   0  -3  -1   0  -1  -2  -2  -3   3  -1  -4  -3   0    8   2   8   2   0   8   5   8   0   4  12   3   0   1   0  29   1   0   0   7  0.23 0.26
   38 A     0  -1   5   1  -4   2  -1  -3  -1  -2   0   0   0  -2  -4   2   0   0  -2  -4    6   2  29   6   0   8   2   1   1   2  11   4   3   1   0  16   4   2   1   0  0.43 0.36
   39 M    -1  -1  -5  -6  -2  -1  -5  -3  -5   1   5  -2   3  -1  -4  -1  -1  -5  -4   1    4   3   0   0   1   3   0   2   0   7  52   2   6   2   1   4   4   0   0   8  0.68 0.43
   40 S     0   2   0  -2  -5   1   1  -2   0  -5  -3  -1  -2  -1  -1   4  -1  -5  -1  -5    8  10   4   1   0   5  11   2   2   0   2   3   1   3   3  39   3   0   2   0  0.52 0.44
   41 D    -2  -3   2   4  -5   0   2  -1  -2  -1  -3  -2  -4   2  -4   0   1  -4   1  -3    2   1  10  27   0   4  11   5   1   3   3   2   0  11   0   8   9   0   4   2  0.44 0.35
   42 P    -2  -5   5  -1  -2  -4  -2  -4  -4  -1   1  -3  -4   1   4   0  -2  -1  -3  -3    3   0  33   3   1   0   2   1   0   4  12   1   0   6  21   8   2   1   1   2  0.75 0.52
   43 N    -4   0   6   3  -2  -1  -2  -2  -4  -6  -3  -3   0  -6  -5   2  -1  -7  -2  -4    0   4  43  13   1   3   2   2   0   0   3   1   3   0   0  17   3   0   2   1  1.02 0.62
   44 W    -4  -3  -4  -4  -5   0   0  -3   0  -1   2  -2  -3   6  -6  -2  -2   7   1  -2    1   1   1   1   0   4   8   2   2   3  17   3   0  29   0   4   3  16   4   2  0.89 0.51
   45 T    -1  -2  -1  -1   0  -1  -1  -2  -2   0  -1  -2  -1   3  -2   3   4  -5  -1  -2    4   1   2   3   2   2   4   3   1   4   5   2   1  14   1  21  25   0   2   1  0.41 0.37
   46 D    -2   1   2   3  -3  -1   1   3   2  -4  -3   0  -4  -3  -2   0   0  -5  -4  -3    2   7  11  15   1   2   9  24   4   1   2   6   0   1   2   6   5   0   0   1  0.42 0.32
   47 R    -1   2   2  -2  -2   0   1  -3  -1   0   0   1   0   0  -3   2   0  -1   0  -2    4  10  11   1   1   4   9   1   1   5   9   9   2   4   1  17   4   1   3   2  0.17 0.21
   48 I    -2  -2  -4  -4  -2   0  -3  -6  -5   5   3  -2  -1   1   0  -2  -1  -1  -2   1    3   3   1   1   1   4   1   0   0  34  23   3   1   5   5   3   4   1   1   7  0.60 0.39
   49 R     1   0   0   1   1   0  -2  -1  -2  -2  -2  -1  -3   2   2   2   2  -4  -3  -1   10   4   5   7   3   4   2   5   1   2   4   3   0  10  10  14  12   0   0   4  0.18 0.21
   50 N    -2   0   3   1   2   1  -1  -2   2  -2   0   1  -2   1  -3   2   0  -4  -1  -3    2   5  15   6   5   5   3   3   4   2  11   7   1   6   1  15   7   0   2   1  0.21 0.24
   51 I    -3  -5   0  -2   5  -3  -2  -4  -5   2   3  -3   2   0  -4  -1  -2  -2  -3   1    1   0   5   2  10   1   3   2   0  12  34   1   5   4   1   4   2   1   1  11  0.53 0.36
   52 P    -1  -1  -2  -2  -2   1   0  -2  -1  -3  -2   0  -3   1   6   1  -1  -3  -2  -2    4   3   2   2   1   6   5   3   2   2   4   5   1   6  35  11   4   0   2   3  0.62 0.45
   53 H    -1  -1   3  -1   4   0   1  -2   4  -3  -1  -2  -2   3  -1   2  -3  -1   0  -2    5   3  13   2   8   5   8   2  10   1   5   2   1  12   3  14   1   1   2   3  0.32 0.30
   54 G    -1  -2  -1  -1  -2  -2  -3   2  -1   0   3   0   0  -1  -1  -1  -1   2  -2   0    5   2   3   3   1   2   1  14   2   4  33   6   1   3   3   4   3   3   1   5  0.23 0.23
   55 S    -1   2   1  -2   1   0   0  -1   0  -2  -1   1  -1  -2  -1   3   0  -5   1  -1    3  14   6   1   4   4   7   4   2   2   6   8   1   2   2  22   6   0   4   4  0.21 0.24
   56 E    -1   1   0  -1  -2   1   1  -2   3  -2   0   1  -1   1  -1   1  -1  -1  -1  -1    5   8   5   3   1   8  12   3   8   2  11   7   1   6   3   9   3   1   2   5  0.11 0.14
   57 I    -1  -2  -5  -5  -1  -1  -3  -4  -5   2   4  -2   1  -1  -3  -2   0   0  -2   2    6   3   0   1   1   3   2   2   0   9  40   2   3   2   2   3   7   1   1  13  0.50 0.35
   58 S    -2  -1   3   3  -1   0   1  -1   2  -2  -3  -2  -3  -1   0   2   0  -5  -1  -3    3   3  14  16   1   3   9   4   4   3   3   2   1   3   4  18   6   0   3   2  0.31 0.28
   59 E    -1  -5  -2  -1   2  -3   0  -1  -1   0   4  -4   0   0  -1  -1  -2  -1  -4   0    6   0   2   4   5   1   6   5   1   4  40   0   2   4   4   4   2   1   0   7  0.40 0.32
   60 R    -2   3   1   2  -5  -1   0  -2   0  -2  -1  -1   0  -5   0   3   0  -3  -2  -3    3  15   8  10   0   3   6   2   2   3   7   3   3   0   6  22   6   0   1   1  0.29 0.29
   61 D    -1  -1   3   3  -4  -1   0  -1   0   0  -1  -1  -1  -2  -1   1   0  -5  -2   0    4   3  17  17   0   3   5   4   2   5   7   3   1   2   3   9   6   0   1   7  0.24 0.23
   62 E    -2  -1   4  -4   3  -1   1  -3   0  -2   3  -1  -3  -2  -3   1  -2  -3  -5  -1    2   3  22   0   5   2   9   1   2   2  24   3   0   2   2  12   2   0   0   5  0.45 0.38
   63 G    -2   1   1  -1  -2  -1   0   4  -2  -4   0   1  -3  -2  -2   0  -1  -5  -1  -3    3   7   8   4   1   2   6  29   1   1   9  10   1   2   2   9   4   0   3   2  0.32 0.27
   64 E    -2   1   1   1  -1   0   1  -2  -1   0   1  -1  -2   3  -3  -1  -1   2   1  -1    2   8   7   7   1   5   8   3   1   7  16   3   0  14   1   3   4   3   4   4  0.14 0.16
   65 A     1  -1   2  -1   1  -1  -1  -1   0   0   1   0  -1  -3  -3   2   1  -3  -3   1   10   3  11   3   3   2   3   4   2   4  12   5   1   1   1  15   7   0   0  12  0.14 0.17
   66 E    -1  -2   0   0  -2  -1   0   1   2   0   2  -2   0  -1  -2   1  -1  -4   0  -1    4   1   5   7   1   3   6  14   6   5  22   2   2   3   2  10   4   0   3   3  0.12 0.15
   67 H    -2  -1   1  -2   0  -1  -2  -3   4  -1   1  -1  -1   3  -1   1  -1   0   3  -1    3   4   6   2   2   2   3   2  10   2  16   3   2  12   3  11   3   1  10   4  0.24 0.22
   68 Q     0  -1   0  -1   3   1  -1   0  -2   0   1   0  -1   1  -3   1  -1  -4  -2   0    9   3   4   2   6   7   3   6   1   5  15   5   1   6   1  14   3   0   1   8  0.10 0.14
   69 P    -2  -2   0  -1  -2   1   1  -1   0   0   1   1  -2  -4   4   1  -2  -5  -2  -2    2   2   5   3   1   7   8   5   2   7  13   8   1   0  22   9   2   0   1   2  0.33 0.29
   70 E    -1  -1   1   1   0   0   1   0  -3   1   0   0  -1   2  -2   1   0  -2  -2  -1    5   3   8   7   2   4   9   7   0  10  10   6   1  10   1  10   5   1   0   4  0.07 0.11
   71 P     0  -2   2  -2   4   0  -2  -1  -2  -2  -1   0  -3  -2   5  -2  -1  -2  -2  -2    7   2  10   3   8   5   3   4   1   2   6   6   1   2  29   3   4   1   2   3  0.54 0.37
   72 T     0  -1   2   0   4   0   0  -2   0   0   1  -2  -1  -1   0   1   1  -2  -2  -1    7   3   9   5   9   4   5   3   2   6  13   1   2   3   4  11   9   0   1   3  0.13 0.15
   73 R    -2   2   1   0   0   0   0  -2   0   0   0   1   1  -1  -1   1   0   2  -2  -1    2  13   6   5   3   4   5   3   2   5  11   8   4   2   3  13   7   3   1   3  0.10 0.14
   74 D    -2   0   2   2  -2   0   0  -2  -1   0   0  -2  -2   2  -1   0  -2   5  -1  -1    2   6  10  13   1   5   6   4   2   7   8   2   1   8   3   6   2   9   1   4  0.23 0.21
   75 E    -1  -1   0   0  -1   1   2   1  -1  -1  -1  -1  -1  -2  -3   2   1  -5  -1  -1    5   4   4   4   1   5  17  12   2   4   6   2   2   1   1  14  10   0   2   5  0.17 0.19
   76 G     0  -3   0  -1  -2  -3  -1   3  -1   0   1  -1   0   0  -2   1  -1  -4  -2   0    6   1   5   3   1   1   3  23   1   6  14   3   2   5   2  13   2   0   1   7  0.19 0.19
   77 T     0  -1   0  -1  -2  -2  -2  -1  -1   0   2  -1   0   2   1   0   1  -2  -1   1    6   3   5   4   1   1   2   4   1   3  18   4   1  11   7   9   9   0   2   9  0.10 0.13
   78 T     0   0  -1   2   3  -1   0  -2  -2  -1   0  -1  -2  -3   1   1   2  -2  -2   0    7   5   3  10   6   2   7   2   1   3   8   3   1   1   8   9  15   1   1   7  0.17 0.19
   79 A    -1  -3   0  -2   4  -1  -3   0  -1  -1   0  -2  -4  -1   2   3  -2   3   0  -2    6   1   5   2  10   2   2   6   1   3  11   2   0   2  11  22   2   4   4   3  0.34 0.31
   80 E    -2  -2   2   2  -2  -1   0  -3  -1   0   3  -1   0  -1  -1   0  -1  -5  -3  -1    2   2   9  10   1   3   7   2   1   4  33   3   2   2   3   7   4   0   1   5  0.27 0.25
   81 E    -1   0   2   0  -1   2   2   1  -1  -1  -1   1  -2  -2  -1   2  -1  -3   0  -3    5   6   9   5   2   8  12  10   1   3   5   7   1   2   4  14   2   0   3   1  0.16 0.18
   82 M     0  -1   0  -1  -1  -1   0  -1  -2   0   1   0   1   2  -2   0  -1  -3  -1   1    6   3   6   3   1   2   7   4   1   6  16   5   3  11   1   9   3   0   1  12  0.09 0.12
   83 L    -3  -3  -3  -3  -1  -2  -2  -3  -6   0   5  -1   0   2  -3  -1  -1  -6  -4  -2    2   2   2   2   1   2   3   2   0   5  52   5   2   7   1   5   3   0   0   2  0.73 0.46
   84 R    -1   4   0  -1  -5   3  -1  -1   0  -4  -2   3  -2  -1  -2   1  -1  -5  -5  -1    5  20   5   4   0  11   4   4   2   1   4  16   1   2   2  10   4   0   0   5  0.37 0.30
   85 I     0  -3   3   0  -2  -2  -2  -2  -1   1   2  -2   0   0  -4   3  -1  -5  -2   1    8   1  13   5   1   2   2   2   1   8  17   2   2   3   1  19   3   0   1   9  0.26 0.24
   86 W    -3  -1  -5  -4  -4  -1  -4  -3  -3   1   2  -2  -2   1  -3  -2  -2  10  -1  -1    2   4   1   1   0   3   1   2   1   8  21   3   1   6   1   4   3  32   2   5  1.23 0.63
   87 K    -2   1   3   0  -5   1   0  -1   0  -2  -3   3  -1  -1  -1   1   0  -3  -1  -2    2   8  15   6   0   6   6   5   2   2   2  17   1   3   3  11   5   0   2   3  0.28 0.24
   88 E     0  -1   2   1  -3   0   1   0   1   0   0   0  -2   0   0   0  -1  -3  -3  -1    6   3  12   7   0   4  10   6   4   6  12   5   0   4   5   8   3   0   0   3  0.10 0.13
   89 S    -1   0   2   0  -4  -1  -1  -1  -1  -1   1  -1  -1  -3  -1   3   0  -5  -1   0    5   6   9   4   0   2   3   5   1   3  17   3   1   1   3  20   6   0   2   6  0.17 0.19
   90 R    -1   0   1   2  -2  -2  -1  -1   2   0   2  -2  -2   0  -2   0   0   1   0   0    4   6   8  14   1   1   3   4   5   5  18   2   1   5   2   7   5   2   3   5  0.13 0.14
   91 P    -3  -2   0  -3   0   1  -3  -2  -3   0   2  -1  -2  -1   5   1   0  -3  -1  -2    2   3   5   1   2   5   1   3   1   5  17   4   1   3  24  11   6   0   2   3  0.41 0.31
   92 G     0  -2   1   1   2  -1   0   2   1  -2   0  -2  -1   0  -1   1   0  -4  -2  -1    6   2   7   7   5   2   7  18   3   2  10   1   2   4   4  12   6   0   1   3  0.14 0.14
   93 G    -1  -1   2  -1  -2  -1  -1   3   0  -2  -1  -1  -1  -2   0   2   0   0  -2  -2    6   3  10   3   1   2   3  24   2   2   7   4   1   2   4  15   6   1   2   3  0.26 0.21
   94 T    -2  -1   3   1   1  -1  -1  -2   0   0   0  -1  -2   0   0   1   1   3  -2  -1    3   3  14   7   3   3   4   3   3   5  12   3   1   3   4  13   8   4   1   4  0.14 0.15
   95 L    -1  -1   1  -2  -1  -1  -3  -4  -2   1   3  -2   1   1   2  -1  -1   2  -2   0    6   4   6   2   1   2   2   1   1   7  29   2   3   7   9   5   4   3   1   6  0.25 0.20
   96 C    -1  -2   0  -1   6  -1  -3  -3  -4   0   0  -2   0   0   1   2   0   2  -2  -1    6   2   4   3  18   3   1   1   0   6   9   3   2   3   6  17   4   3   2   5  0.41 0.29
   97 S    -2  -1   3  -1   2  -1  -1   0   0  -2   0   0   0  -1  -2   3   0  -2   0  -1    2   3  14   3   5   2   3   8   2   2   8   5   3   2   2  22   7   1   3   4  0.22 0.22
   98 N    -2  -3   5   2   1   0  -1   1   0  -4  -2  -2  -3  -3  -2   2   0   0  -1  -3    2   1  26   9   3   3   4  11   2   1   4   2   1   1   2  17   5   1   2   2  0.52 0.37
   99 V    -2  -3  -1  -2  -2  -2  -1  -2  -2   3   2  -3  -2   0   0   0   0   4   1   1    3   1   3   2   1   2   4   3   1  17  19   1   1   4   5   9   5   5   4  11  0.25 0.20
  100 D    -2  -3   4   4  -2  -3  -1  -1  -2  -1  -3  -2  -5  -1   1   2   1  -3  -4  -3    2   2  17  22   1   1   3   5   1   4   3   2   0   3   8  13   9   0   1   2  0.47 0.36
  101 P    -1  -2   0  -2   3  -3   0   2   0  -3  -1  -2  -3  -2   5  -1  -3  -2   0  -4    5   2   5   2   6   1   5  17   2   2   6   3   1   2  29   5   1   1   3   1  0.58 0.39
  102 C    -2  -3   2  -2   8  -2  -3  -2  -2   1  -1  -3   0  -1  -2   1  -2  -5  -2   0    2   2   8   2  33   2   2   3   1   8   6   2   3   3   3  10   3   0   2   6  0.93 0.49
  103 V    -1  -1   2   0  -3  -1  -1  -1  -1   1  -2   1   0  -1  -2   2   1  -4  -1   1    3   2   9   5   0   2   4   5   1   8   4   7   2   3   2  17  11   0   2  12  0.16 0.18
  104 C    -3  -2  -2  -4   7  -3  -3  -3  -4   0   2  -4  -1   2  -1  -2  -3   8   0  -1    2   3   2   1  20   2   2   2   0   5  16   1   1   7   4   4   2  19   3   4  0.98 0.52
  105 A     0   0   0   1  -2  -1   1  -1  -1  -1   0   0  -2   2  -1   2   1  -2  -1  -2    6   5   4   8   1   2   9   3   1   4   8   5   1   8   3  18   9   1   1   3  0.12 0.15
  106 G    -3  -2  -2  -2   1  -2  -1   5   0  -3  -1  -1   2  -2   1   1  -2   2  -1  -3    2   2   1   2   3   2   4  37   3   1   5   4   4   2   8  10   3   3   2   2  0.53 0.35
  107 S    -1  -2   1  -1   0  -2  -2  -3  -3   1  -1  -2  -2   0  -2   3   2  -5  -2   2    5   2   7   3   2   2   2   1   1   7   6   3   1   4   2  25  11   0   2  15  0.29 0.26
  108 C    -2  -2   0  -2   7  -3  -1  -1  -3   0   0  -2   0   0  -2   0   2   0  -2  -1    3   3   5   2  24   1   4   6   1   6   9   3   2   4   2   6  11   2   1   5  0.51 0.31
  109 N    -2  -4   4   3   5  -1  -1  -3  -3  -2  -2  -3  -3  -3   2   2  -2  -3  -4  -2    3   1  16  16  12   2   5   2   1   3   5   1   1   1  12  15   2   0   1   2  0.59 0.40
  110 T    -2  -2   1   1   1  -1  -1  -2  -1   2   2  -2   0   2  -1   0  -1  -4  -1   0    3   2   6   8   3   2   3   3   1  11  24   2   1   8   3   7   3   0   2   6  0.17 0.16
  111 S    -2   0   1  -1   2  -2  -1   2  -3  -3  -4  -1  -3  -2   0   4   0  -2  -4  -5    4   5   6   4   5   1   4  15   1   2   2   3   1   2   5  35   6   1   1   1  0.54 0.41
  112 Y    -2   1   3   0  -1   0  -1   0   3  -3  -1   1  -3   1  -2   1   0  -2   2  -2    2   7  13   4   1   4   3   8   7   1   7  10   0   6   2  10   5   1   6   3  0.19 0.18
  113 V    -3  -5  -4  -2   1  -4  -5  -3  -3   0   5  -4   2   1  -2  -3  -1  -5  -1   1    2   1   1   3   3   1   1   3   1   4  51   1   4   5   3   2   3   0   2   9  0.80 0.45
  114 N    -2   1   2  -2  -1   0  -1  -2   2  -2  -3   2  -4  -5   1   2   3   0  -3  -2    3   7   8   2   1   4   4   3   4   2   3  11   0   0   6  18  18   1   1   3  0.35 0.32
  115 Q    -1   2   4  -1  -2   1   0  -1   3  -5  -4   1  -3  -3  -4   2  -2  -6  -2  -3    4  12  21   3   1   6   7   5   5   1   1   9   1   2   1  17   3   0   2   2  0.50 0.38
  116 M    -5  -5  -8  -8  -3  -6  -5  -7  -8   1   6  -6   0  -2  -6  -5  -4  -4  -7   2    1   1   0   0   1   0   1   1   0   7  67   1   2   1   0   1   1   0   0  14  1.59 0.79
  117 K    -2   3  -3  -4  -5   3   2  -6   0   0  -3   3  -3  -5  -4  -2   3  -2  -3   0    3  15   1   1   0  12  12   0   2   5   3  16   0   0   1   3  17   1   1   7  0.56 0.42
  118 I    -1   1  -2  -2  -1   0   1  -1   1   0  -1   0  -2   0  -4   1   1   1   1   1    5   8   2   2   1   3  11   4   3   5   5   6   1   4   0  11  10   2   6  12  0.12 0.15
  119 L    -6  -5  -6  -8  -7  -6  -8  -8  -8   2   6  -8  -1  -2  -6  -5  -7  -7  -7   0    1   1   0   0   0   0   0   0   0  10  76   0   1   2   0   1   0   0   0   7  1.88 0.88
  120 A    -3  -1   3   5  -4  -2  -1  -4   1  -1  -3  -1  -2  -1  -5   0  -1   2   2  -2    2   4  14  32   0   2   3   1   3   4   3   4   1   3   1   8   3   2   7   3  0.61 0.41
  121 F    -4  -8  -9  -9   0  -8  -9  -6  -9  -1   6  -8   1   2  -9  -7  -6  -8  -3  -1    2   0   0   0   2   0   0   1   0   4  75   0   4   6   0   0   0   0   1   5  1.84 0.89
  122 E    -1   2   2   0  -4   2   0  -1  -1  -4  -5  -2  -2  -4  -1   5  -1  -3  -2  -4    5   9   7   6   0   8   5   6   2   1   1   2   1   1   3  37   4   0   2   1  0.60 0.47
  123 D    -3   0   4   2  -2  -1  -1   2   5  -5  -5  -1  -2   0  -4   1  -3  -2   1  -6    2   5  19  10   1   3   3  16  11   1   1   4   1   3   1  10   1   1   5   0  0.58 0.40
  124 F    -3  -3   8  -6   3  -2  -6  -6  -3  -6  -2  -3   1  -4  -8  -1  -5  -9  -4  -4    3   2  69   0   5   2   0   1   1   0   5   2   3   1   0   5   1   0   1   1  2.12 1.05
  125 G    -2   2   3   0  -1   3   0   1   1  -4  -2   2  -3  -1  -4   1  -3  -4  -3  -4    3  10  14   5   1  11   6  10   3   1   5  14   0   2   1   8   1   0   1   1  0.34 0.28
  126 I    -7  -6  -6  -8  -7  -5  -8  -6  -8   5   5  -5  -2   2  -6  -5  -5  -7  -3  -1    0   0   0   0   0   1   0   1   0  30  51   1   1   7   0   1   0   0   1   4  1.52 0.73
  127 S    -1   1   0  -2  -3   0   1  -3  -2  -1  -2   1  -3  -3  -3   3   4  -3  -3  -1    5   8   4   2   1   4   8   2   1   3   4   7   1   1   1  22  22   0   1   3  0.39 0.34
  128 G    -1   0   0   1  -2  -1   0   5   0  -3  -3  -1  -2  -2  -3   0  -1  -3  -2  -2    4   5   4   8   1   3   6  37   2   2   3   4   1   2   2   8   3   0   2   3  0.46 0.25
  129 T    -1  -1  -1  -2  -2   0   1  -3  -1   2   1   0  -1  -2  -1   1   1  -2  -1   1    5   3   3   1   1   4  10   1   2  13  13   6   1   1   3  13   9   1   2   8  0.14 0.16
  130 L    -3  -2  -2  -3  -4  -2  -2  -3   1   4   3  -2   0   1   0  -2  -2  -5  -1   1    2   3   2   2   0   2   3   2   3  27  26   3   2   6   4   3   3   0   2   7  0.50 0.31
  131 P    -1  -3  -1  -1  -4  -3  -1  -1  -2  -5  -4  -2  -1  -1   7   0  -3  -2  -4  -2    4   2   3   4   0   1   4   5   1   1   2   2   1   3  52   7   2   1   1   3  1.22 0.67
  132 K     0   0   0   1  -3   0   2   1  -2  -3  -3   0  -2  -2   3   2   0  -5  -1  -2    7   4   4   7   0   3  12  10   1   1   3   7   1   2  13  16   5   0   2   2  0.24 0.22
  133 Q     1  -2   1   2  -1   0   2   0  -2  -3  -3  -2  -1  -1  -2   2   0   1  -2  -2   11   2   6  13   1   5  13   9   1   1   2   2   1   3   2  17   6   2   1   3  0.24 0.23
  134 L    -4  -6  -7  -7  -1  -4  -7  -5  -6   4   4  -4  -1   6  -7  -5  -3  -1  -2   1    1   0   0   0   1   1   0   1   0  22  31   1   1  27   0   1   2   1   1   7  1.18 0.58
  135 S     0   0   0  -1   1   1   0   2  -1  -2  -1   0  -1   0   0   1   0   0  -1  -2    8   6   3   3   4   6   5  18   1   2   6   5   1   4   4  13   6   1   2   2  0.13 0.14
  136 L    -1   0   3   0   0   1   0   1   2  -2  -1   1  -1  -2  -1   1  -1  -1  -1  -3    5   5  17   5   2   6   5  10   5   2   6  10   1   2   2   8   3   1   2   2  0.18 0.17
  137 L    -2  -5  -4  -4   3  -4  -5  -4  -3  -1   6  -5   3   0  -4  -3  -3  -1   0  -2    4   0   1   1   5   1   1   1   1   2  61   0   6   4   1   2   1   1   3   2  1.13 0.58
  138 T    -2   1  -1  -2  -3   0  -1  -2   0  -1  -3   1  -1  -3   3   2   3  -5  -3   0    3   6   3   2   1   4   4   3   2   3   1   9   1   1  14  15  21   0   1   6  0.37 0.32
  139 K    -2   1   4   1  -3   1   0  -1   4  -4  -3   1  -2  -2  -4   2  -1  -1  -1  -5    3   6  20   7   1   7   5   4  10   1   3  10   1   2   1  13   3   1   2   0  0.44 0.33
  140 L    -4  -7  -7  -7  -6  -6  -7  -7  -7   1   6  -7   0  -3  -7  -6  -2  -6  -3   0    2   0   0   0   0   0   0   0   0   6  78   0   2   1   0   0   3   0   1   5  1.78 0.82
  141 T    -1   3  -2  -3  -3   3   2  -4   1  -2  -2   2  -3  -4  -5  -1   2  -1  -3   0    4  16   2   1   1  14  13   1   4   2   3  11   1   1   0   5  12   1   1   8  0.43 0.34
  142 D    -1   0  -1  -1   0   0   2  -3   2   0  -2   1  -1   0  -4   1   1   2   2   1    4   5   2   3   2   3  12   1   5   6   3   8   1   3   0  10  10   3   7  12  0.16 0.18
  143 I    -4  -7  -8  -8   0  -7  -7  -8  -7   0   6  -7   0   0  -7  -5  -6  -7  -6  -1    2   0   0   0   2   0   0   0   0   5  79   0   2   4   0   1   0   0   0   4  1.86 0.87
  144 G    -3   0   3   5  -2  -1  -1  -3   2   0  -2  -2  -2  -1  -5   0  -2   0   2  -2    1   5  11  31   1   2   3   2   5   5   4   2   1   2   0   8   3   1   8   3  0.55 0.38
  145 L    -3  -7  -8  -8  -2  -7  -7  -5  -7   1   6  -7   0   0  -7  -3  -6  -7  -6   0    3   0   0   0   1   0   0   1   0   6  73   0   2   4   0   2   0   0   0   6  1.63 0.79
  146 H     0   0   1   0  -2   2  -1  -1   2  -5  -5  -2  -1  -2  -2   5  -1   1   0  -4    6   4   6   6   1   8   5   5   4   1   1   2   2   2   2  38   3   2   4   1  0.57 0.48
  147 S    -2   1   3   0  -1  -1   0   2   5  -4  -4  -1  -3   0  -5   1  -2  -1   2  -4    3   8  15   6   1   2   7  13  12   1   1   4   1   4   0  11   2   1   7   1  0.44 0.35
  148 N    -5  -4   9  -4   2  -4  -7  -5  -3  -8  -6  -4  -1  -8  -8  -2  -2  -9  -8  -8    1   1  80   1   4   1   0   1   1   0   1   1   2   0   0   3   3   0   0   0  2.67 1.29
  149 R    -1   3   2  -2  -1   2  -1  -1   3  -2  -2   2  -1  -1  -2   1  -1  -1  -1  -3    5  15  11   2   1  10   3   4   8   2   4  11   1   3   2   9   3   1   2   1  0.30 0.27
  150 I    -4  -4  -4  -3  -7  -4  -5  -8  -2   5   4  -4  -1   3  -8  -4  -6  -7  -3  -2    1   1   1   2   0   1   1   0   1  31  40   1   1  12   0   2   0   0   1   3  1.24 0.67
  151 S    -2   1  -1  -1   0   0   0  -2   1  -1   0   1  -2  -2  -3   3   3  -2  -1  -2    2   7   3   3   2   4   6   3   3   3   8   7   1   2   2  23  17   1   2   3  0.29 0.30
  152 G     0   0   0   0  -1   0  -1   3   1  -1  -2   1  -1  -1  -2   0   0  -3  -1  -1    7   5   4   5   1   3   4  25   3   3   4   8   2   3   2   7   7   0   2   5  0.18 0.15
  153 T    -1  -2   0  -1   0  -1   1  -2  -1   2   1  -1   0   0  -1   0   1  -2  -2   1    4   2   5   3   2   2  12   3   1  15  15   4   1   3   3   8   7   1   1   8  0.11 0.14
  154 L    -2  -2  -2  -3  -1  -1   0  -2  -2   3   3  -2   0   0   0  -1  -2  -5  -2   1    2   3   2   2   1   3   6   3   1  20  25   2   2   4   6   4   2   0   1   9  0.31 0.23
  155 P    -1  -1  -1  -1   3   0  -1  -2   1  -2  -2  -1  -4  -5   6  -1  -1   2   0  -2    5   3   3   4   6   4   5   4   3   3   4   4   0   0  35   5   3   3   3   3  0.63 0.45
  156 Q     0   0   1   0   0   0   1   1   0  -1  -1   0   0  -1   0   1   0  -3   0  -1    6   5   6   5   3   5   9  13   3   3   4   4   3   4   5  11   5   0   3   6  0.06 0.08
  157 E     1  -2   0   1  -1   0   3   0  -2  -3  -3  -3  -3   1  -3   3   0   1  -2  -2   13   2   4   7   1   4  17   7   1   2   3   1   1   6   1  19   5   2   1   3  0.27 0.26
  158 L    -4  -7  -7  -6  -2  -5  -6  -7  -5   3   4  -6   0   6  -5  -5  -5   0  -2   0    2   0   0   1   1   0   1   0   0  17  39   0   2  26   1   1   1   1   1   5  1.25 0.60
  159 G     1  -1  -2  -1   1   1   0   3  -1  -3  -1   0  -2   1   0   1   0   0  -3  -3   10   3   2   3   3   6   5  22   1   1   5   6   1   6   5  13   5   1   1   2  0.21 0.20
  160 Q    -2   0   4   2  -3   1  -1   2   2  -4  -3   2  -2  -3  -1   1  -1  -5  -3  -4    4   5  17  10   1   7   4  13   4   1   3  11   1   1   3  10   3   0   1   1  0.34 0.26
  161 I    -4  -6  -3  -7   4  -4  -6  -5  -6  -1   6  -6   4   1  -6  -3  -4  -3   0  -3    2   0   2   0   8   1   0   1   0   3  60   0   8   5   0   2   1   0   3   2  1.34 0.65
  162 K    -1   1  -1  -3  -3   1  -1  -2   1  -2  -3   3  -3  -1   3   2   2  -4  -2   0    5   6   2   1   0   5   4   3   3   2   2  18   1   2  12  13  12   0   1   6  0.31 0.28
  163 G    -2   1   5  -2  -3   1   0  -2   2  -5  -2   1  -4  -2  -4   3  -1  -3  -2  -5    4   7  23   2   1   6   6   3   5   0   4   9   0   2   1  22   3   0   2   1  0.54 0.40
  164 F    -6  -9  -5 -10  -8  -9  -9 -10  -9  -2   7  -9   1  -3  -9  -9  -5  -8  -8  -2    1   0   1   0   0   0   0   0   0   2  89   0   2   1   0   0   1   0   0   3  2.37 1.07
  165 E    -3   3  -2  -3  -3   3   3  -5  -1  -2  -2   2  -2  -4  -6  -2   2  -4  -3   0    2  17   2   1   1  11  18   1   1   2   4  14   1   1   0   3  14   0   1   6  0.54 0.40
  166 Y    -2   1  -2  -2  -2  -1   1  -4   3   0  -2   0  -2   1  -5   0   1   0   3   2    3   9   1   3   1   3  11   1   6   6   4   6   1   5   0   8  10   2  11  12  0.26 0.24
  167 L    -6  -8  -9  -9  -8  -8  -9  -9  -9   2   7  -9  -1   1  -9  -8  -7  -8  -4  -2    1   0   0   0   0   0   0   0   0   9  81   0   1   5   0   0   0   0   1   3  2.11 0.96
  168 D    -5   1   4   5  -3  -2  -2  -4   2  -3  -3  -2  -2  -1  -7   0  -3   1   2  -3    1   6  17  34   1   2   2   1   5   2   3   3   1   3   0   6   2   2   8   3  0.83 0.51
  169 I    -3  -8  -6  -9  -1  -8  -8  -6  -8   2   6  -8   1   1  -8  -8  -7  -7  -7   1    2   0   1   0   2   0   0   1   0   9  70   0   3   4   0   0   0   0   0   7  1.72 0.81
  170 D    -1   0   1   1  -3   0  -1  -1   1  -6  -5  -3  -2  -2  -5   5  -1  -2  -1  -4    6   5   7   8   1   5   4   5   3   0   1   1   1   2   0  44   3   1   2   1  0.76 0.53
  171 D    -2   0   4   1  -3  -1   1   2   5  -4  -4  -1  -2   0  -6   1  -4  -1   2  -4    3   4  19   8   1   2   8  14  11   1   1   3   1   5   0   9   1   1   8   1  0.53 0.36
  172 N    -6  -7   9  -6   2  -7  -7  -7  -7  -6  -7  -5  -3  -9  -8  -3  -1  -9  -8  -7    1   0  86   0   4   0   0   0   0   0   1   1   1   0   0   2   3   0   0   0  3.07 1.34
  173 R    -1   3   3  -1   0   3   0  -1   2  -4   0   2  -2  -3  -3   1  -2  -6  -1  -4    4  15  13   4   2  11   5   4   4   1   8  11   1   1   1   9   2   0   2   0  0.34 0.28
  174 I    -6  -8  -8  -5  -7  -6  -6  -8  -8   5   5  -6  -3   4  -8  -5  -4  -7  -4  -2    0   0   0   1   0   0   0   0   0  25  51   1   0  16   0   1   1   0   0   2  1.56 0.73
  175 S    -2   2   0  -1  -2   1   0  -3   0  -2  -2   0  -2  -3  -4   3   3  -2  -3  -1    3   9   4   3   1   5   7   2   2   2   5   6   1   1   0  22  21   1   1   4  0.38 0.32
  176 G    -1   0  -1   0  -1  -1   1   4  -1  -2  -3   0  -1  -2  -2   0  -1  -1  -2  -1    4   4   3   5   1   3   8  36   2   3   3   5   2   2   2   8   4   1   2   4  0.40 0.22
  177 T    -1  -1  -1  -1  -1   0   1  -3  -1   1   1   0   0  -1   0   1   1  -1  -1   1    3   3   2   3   1   4  11   1   1   9  14   4   2   2   5  13   9   1   2   9  0.10 0.13
  178 I    -3  -3  -3  -2  -3  -3  -3  -3  -1   4   3  -3  -1   1   1  -2  -3  -3  -3   1    2   2   1   2   1   2   2   2   2  26  27   2   1   6   8   4   2   0   1   8  0.54 0.32
  179 P    -3  -4  -1  -1  -6  -1  -1  -4  -2  -3  -5  -2  -4  -4   7  -1  -3  -2  -5  -3    3   1   3   4   0   3   5   2   1   2   1   3   0   1  61   5   2   1   1   2  1.63 0.82
  180 A     0   0   0   1  -2   1   1   1  -1  -3  -2   0  -1  -1   1   1   0  -1  -1  -1    7   5   4   8   1   7  11  11   1   1   5   5   1   3   7  13   4   1   2   4  0.12 0.13
  181 E     1  -1   0   0  -3   0   2  -1  -1  -1  -2  -2  -1  -2  -2   3   1   0  -3   0   10   3   5   5   1   4  13   5   1   3   4   2   2   2   1  22  10   2   1   6  0.23 0.23
  182 F    -4  -7  -5  -7  -1  -5  -5  -6  -5   4   4  -7   0   6  -6  -5  -5  -1  -3   0    2   0   1   0   1   1   1   1   0  18  34   0   2  30   1   1   1   1   1   6  1.26 0.60
  183 I     0   0   0   0   0   0  -1   2  -1  -1   0   0  -1   0  -1   1   0   0  -1  -1    7   5   3   4   2   4   3  19   1   3   8   6   1   4   3  14   4   1   2   4  0.11 0.12
  184 R    -1   0   4   0  -3   1   0   2   1  -5  -3   1  -2  -3  -2   1  -1   0  -1  -4    4   6  20   6   1   6   7  16   3   0   3  10   1   1   2   9   3   1   2   1  0.37 0.28
  185 L    -3  -3  -4  -7   3  -4  -6  -5  -3   0   6  -3   4  -1  -3  -4  -2   0  -2  -2    2   2   1   0   5   1   0   1   1   4  60   2   8   2   2   2   2   1   1   3  1.17 0.59
  186 D    -2   0   0  -2  -3   0   0  -2   1  -2  -2   2  -2  -2   3   2   1  -6  -2   0    3   6   4   2   1   4   5   4   3   3   4  12   1   1  15  15  10   0   1   6  0.26 0.24
  187 R     0   1   4  -2  -3   1  -1  -2   1  -5  -4   2  -3  -3  -4   3  -1  -7  -2  -4    7   8  19   2   1   7   4   3   3   1   1  13   1   1   1  24   4   0   1   1  0.58 0.43
  188 I    -6  -9  -4  -7  -8  -8  -9  -5  -9   0   7  -9   0  -5  -7  -6  -6  -8  -8  -1    1   0   1   0   0   0   0   1   0   5  84   0   2   0   0   1   0   0   0   4  2.13 0.98
  189 V    -3   2  -1  -3  -3   4   2  -4  -1  -1  -1   2  -1  -4  -6  -1   2  -7  -3  -1    2  12   3   1   0  16  15   2   2   4   6  11   1   1   0   4  14   0   1   5  0.46 0.36
  190 S    -2   0  -1  -1  -2   0   2  -4   3   0  -2   0  -1   1  -5   1   2   0   2   1    3   6   3   3   1   4  12   1   7   5   4   5   2   7   0  12  11   1   6   8  0.20 0.21
  191 L    -4  -9 -10 -10  -8  -9 -10 -10 -10   1   7  -9   0  -1 -10  -9  -5  -8  -8  -1    1   0   0   0   0   0   0   0   0   7  83   0   2   3   0   0   1   0   0   4  2.17 0.99
  192 Y    -4  -1   3   5  -4  -1  -1  -2   2   0  -2  -2  -3  -1  -5   0  -2   2   3  -3    1   3  11  29   0   3   5   3   5   6   4   3   1   3   0   8   2   3   9   2  0.55 0.38
  193 L    -3  -8  -9  -9  -2  -6  -9  -9  -9   2   6  -8   3   0  -9  -8  -7  -8  -5   0    3   0   0   0   1   0   0   0   0  11  68   0   6   3   0   0   0   0   0   7  1.73 0.82
  194 N     0   1   2   1  -3   1   0   1   0  -5  -5  -2  -3  -3  -2   4  -3  -2  -1  -4    7   7   8   7   1   5   6   9   2   1   1   2   1   1   2  35   1   1   2   1  0.56 0.43
  195 D    -2   0   3   1  -1   0   0   3   4  -6  -5  -2  -2   1  -5   1  -3  -3   2  -5    3   5  15   7   1   4   6  18   9   0   1   2   1   5   0  10   1   0   8   1  0.48 0.34
  196 N    -8  -7   9  -6   1  -4  -7  -8  -7  -5  -7  -6  -2  -9  -9  -3  -3 -10  -5  -9    0   0  88   0   3   1   0   0   0   1   1   0   1   0   0   3   2   0   1   0  3.17 1.37
  197 R    -2   2   3  -1  -2   3   0  -1   2  -5  -3   3  -1  -4   0   1  -2  -1  -1  -4    3  10  12   3   1  14   6   4   4   1   3  15   2   1   4  11   2   1   2   1  0.38 0.31
  198 L    -7  -7  -6  -8  -3  -7  -6  -8  -2   4   5  -3  -1   4  -8  -5  -7  -3  -2  -1    0   0   0   0   1   0   1   0   1  19  52   2   1  16   0   1   0   0   1   3  1.45 0.69
  199 S    -2   0   0  -1  -3   1   1  -3   0  -3  -3   0  -3  -3  -4   3   4  -3  -3  -2    4   6   5   3   1   6  10   2   2   1   3   6   1   1   1  22  22   0   1   3  0.47 0.36
  200 G    -1  -1   0   0  -2  -1   0   4   0  -3  -2  -1  -1  -2  -2   1   0  -3  -1  -3    5   4   5   5   1   3   5  33   2   2   4   4   2   2   2  11   5   0   3   2  0.38 0.21
  201 T     0   0   0   0  -1   0   1  -1   0  -1   0   0  -1  -1   1   2   1   0  -1  -1    6   4   4   5   1   3  10   5   3   3   8   5   1   3   6  15  10   1   2   5  0.07 0.08
  202 L    -1  -1  -1  -1   1  -1  -1  -1   1   3   1  -1   1   0  -1  -1  -1  -3   0   0    4   3   3   3   3   3   5   4   3  20  17   3   4   4   3   4   3   0   3   6  0.10 0.13
  203 A    -1   0   0   0   0   1   0  -1   0   1   1  -1  -1   0   2   0   0  -3   0   0    4   4   6   5   3   7   6   4   3   8  13   3   0   4  10   5   4   0   3   6  0.06 0.09
  204 P    -2  -1  -2   0  -4  -2  -2  -2  -2   0  -2  -1  -2  -1   6   0  -1  -2  -4  -2    5   3   2   6   0   2   3   3   1   5   5   3   1   3  39   8   4   1   1   3  0.78 0.51
  205 Q     0   1   1   2  -2   0   2   1   0  -1  -2   0  -1  -2  -1   1  -1  -3  -1  -2    8   7   5   9   1   4  14   9   3   4   4   5   2   2   4  12   3   0   2   2  0.16 0.15
  206 M     1  -2   0   0   0  -1   1   0  -1   0   1  -3   0   1  -2   1   0  -1  -1   0   10   2   4   5   2   3  10   6   2   6  12   1   2   6   3  12   6   1   2   6  0.08 0.09
  207 L    -4  -6  -8  -5   0  -5  -6  -2  -5   3   4  -6  -2   6  -4  -4  -3  -2  -4  -1    2   1   0   1   2   1   1   4   0  14  32   1   1  27   1   2   2   1   1   5  1.11 0.54
  208 S     0   1  -1   0   1   1   1   2   0  -2  -2  -1  -1   0  -1   2  -1   0  -2  -3    6   7   3   5   3   7   7  15   2   2   4   4   1   3   3  17   4   1   1   2  0.19 0.18
  209 R    -2   1   4  -1  -2   0   0   2   2  -3  -3   2  -3   0  -2   0  -1  -1  -2  -4    3   8  16   4   1   4   6  16   4   2   3  11   1   3   2   8   3   1   1   1  0.35 0.25
  210 L    -3  -6  -2  -4   3  -4  -5  -5  -3  -2   6  -6   3   0  -3  -1  -4   0  -3  -3    3   1   2   1   5   1   1   1   1   3  57   1   7   3   2   5   2   1   1   2  1.22 0.61
  211 Q    -4   1  -1  -4  -3   1   0  -1   0  -3  -3   1  -4  -2   4   1   3  -3  -2  -1    2   7   3   1   1   7   5   5   2   2   3   9   0   2  18  12  14   0   2   5  0.40 0.33
  212 M    -1   0   4  -1  -3   0  -1  -3   2  -4  -1   2  -2  -3  -4   3   0  -2  -2  -4    6   5  20   3   1   4   4   2   4   1   6  12   1   2   1  18   5   1   1   2  0.48 0.34
  213 L    -7  -6  -9  -9  -4  -8  -9  -4  -4  -1   7  -9  -2  -2  -9  -6  -4  -8  -4  -2    1   1   0   0   1   0   0   2   0   3  81   0   1   2   0   1   1   0   1   4  2.12 0.98
  214 G    -3   3  -2  -1  -4   3   2  -5   0  -2  -2   2  -1  -5  -3   0   2  -2  -4   0    2  14   2   4   1  11  14   1   2   3   4  12   2   1   2   7  11   1   1   6  0.43 0.32
  215 N    -2   0   0  -1  -1   0   1  -5   2   1  -2   1  -2  -1  -4   1   2   1   2   1    3   6   5   4   1   5   9   1   5   8   4   7   1   3   1   9  11   2   6  10  0.19 0.16
  216 F    -6  -9 -10 -10  -1  -9 -10 -10  -9   1   6  -9  -1   2 -10  -9  -5  -9  -3  -1    1   0   0   0   2   0   0   0   0   6  74   0   2   8   0   0   1   0   1   4  2.02 0.92
  217 F    -4  -1   3   5  -1  -2  -2  -4   2  -1  -3  -2  -2   0  -8   1  -2   2   3  -2    2   4  13  27   2   2   3   2   5   3   3   3   1   4   0   9   3   2   8   3  0.65 0.40
  218 L    -2  -5  -9  -9  -3  -9  -9  -9  -9   2   6  -6   1   1  -9  -5  -4  -9  -8   1    3   1   0   0   1   0   0   0   0  11  61   1   3   5   0   1   1   0   0  10  1.56 0.74
  219 H     0   0   0   1  -2   1   0   1   2  -6  -6  -3  -4  -3  -4   5  -2  -1  -1  -5    9   5   4   7   1   5   7  10   4   1   1   2   1   1   1  36   2   1   2   1  0.67 0.47
  220 H    -3  -1   5   1  -1  -1  -1   2   5  -3  -3   0  -2  -1  -8   1  -5   0   2  -5    2   4  22   8   1   2   5  13  11   2   3   5   1   3   0   9   1   1   5   1  0.62 0.38
  221 N    -5  -3   9  -4   2  -4  -9  -6  -4  -6  -7  -6  -9  -6  -6  -2  -2 -10  -5  -5    2   2  76   1   4   1   0   1   1   1   1   1   0   1   1   4   3   0   1   1  2.66 1.22
  222 Q    -3   3   3  -1   0   3  -1  -1   3  -3  -3   2  -1  -3   0   1  -3  -3  -1  -5    2  15  14   4   2  11   4   5   7   2   4  10   1   1   5   9   1   1   2   1  0.47 0.33
  223 L    -8  -9  -5  -6  -8  -5  -5  -6  -4   4   5  -5  -2   4  -5  -5  -5  -8  -5  -1    0   0   1   1   0   1   1   1   1  22  50   1   1  12   1   1   1   0   1   5  1.47 0.68
  224 S    -1   1   0  -1  -1  -1   1  -2   0  -2  -1   0  -2  -2  -4   3   3  -2  -3  -1    5   7   4   3   1   3   9   3   2   2   7   5   1   2   1  20  19   1   1   4  0.33 0.27
  225 G    -1  -1  -2   1  -1   1  -1   4   2  -2  -3   0  -1   0  -3   0  -1  -2  -1  -2    5   4   2   6   2   6   4  32   4   2   3   5   1   4   2   6   5   1   3   3  0.41 0.25
  226 T    -3  -3  -3  -2   0  -1   1  -2  -3   3   1   0  -1  -2   0   0   2  -3  -1   1    2   2   2   3   2   3   8   4   1  15  15   5   2   2   4   8  11   1   2  10  0.21 0.16
  227 L    -3  -2  -3  -2  -3  -1   0  -4   0   4   3  -3  -2   1   1  -2  -3  -7  -2   0    2   2   2   2   1   3   6   2   2  24  25   2   1   5   8   4   2   0   2   6  0.56 0.31
  228 P    -2  -1  -1   0  -8  -2  -1  -3  -3  -3  -3  -3  -1  -3   7  -2  -3   1  -6  -3    3   3   3   5   0   2   5   3   1   2   3   2   2   2  55   4   2   2   0   2  1.37 0.78
  229 T    -1   0   0   1  -3   0   2   0   1  -4  -2   0  -2  -2   2   2   0  -2  -1  -2    5   5   4   7   1   4  14   8   4   1   5   7   1   2   9  13   5   1   2   3  0.18 0.18
  230 Q     1  -3   1   2  -2   1   2  -1   0  -2  -2  -2  -3  -2  -3   2   1  -2  -3  -1   12   1   6  10   1   5  15   4   2   3   5   2   1   2   1  16   8   1   1   4  0.27 0.25
  231 I    -4  -7  -5  -7  -3  -4  -5  -6  -5   4   4  -6   1   6  -5  -5  -4  -3  -3  -1    2   0   1   0   1   1   1   1   0  21  31   1   3  28   1   1   1   0   1   5  1.26 0.60
  232 G     0   0  -1  -2   0   1  -1   4   0  -4  -3  -1   0   0  -1   2  -1  -2  -2  -4    9   6   3   3   2   7   4  28   2   1   3   4   2   4   3  13   4   1   1   1  0.36 0.28
  233 T    -1   1   3   0  -3   1   0   2   2  -4  -2   1  -2  -3  -1   1  -1   0  -1  -1    4   6  14   5   1   5   6  14   4   1   4  10   1   1   3   9   4   1   2   4  0.21 0.19
  234 M    -3  -7  -3  -7   4  -4  -6  -5  -2  -1   5  -5   4   1  -2  -4  -3  -1  -2  -2    3   0   2   0   7   1   1   1   1   4  55   1   8   6   2   2   2   1   1   3  1.13 0.59
  235 R    -1   0  -1  -1  -3   1   0  -3   1  -2  -3   2  -2  -3   2   2   2  -6  -1  -1    4   6   3   3   1   6   5   2   3   2   2  12   1   1  12  17  14   0   2   5  0.29 0.27
  236 A    -1   0   4  -2  -2   1  -2  -1   3  -5  -3   1  -2   0  -3   3  -1  -3  -3  -4    6   6  19   2   1   6   3   6   8   1   2   9   1   5   1  21   3   0   1   1  0.47 0.36
  237 L    -5  -8  -8  -4  -7  -7  -8  -6  -8   0   6  -5  -1  -1  -5  -6  -4  -7  -1  -2    1   0   0   1   0   0   0   1   0   4  80   1   1   3   1   1   1   0   2   3  1.84 0.86
  238 H    -1   3   0  -2  -3   3   3  -4   1  -2  -2   1  -1  -5  -3   1   1  -6  -2  -1    4  14   4   2   0  14  16   1   3   3   3   9   2   0   1   8  10   0   1   5  0.37 0.31
  239 Y    -1   0  -1  -2  -2   0   1  -3   2   0  -1   0   0   0  -3   0   2   1   2   1    4   5   3   2   1   3  12   1   6   5   4   6   2   5   1   8  12   2   6  12  0.15 0.17
  240 M    -4  -7  -4  -5  -7  -3  -8  -8  -8   2   6  -3   1   0  -8  -4  -6  -7  -6   0    1   0   1   1   0   1   0   0   0   9  70   2   2   4   0   1   0   0   0   6  1.57 0.75
  241 G    -2   0   3   4   0  -2   0  -1   2  -2  -2  -2  -3   0  -5   1  -1   1   2  -1    2   6  13  22   2   2   4   5   4   2   4   1   1   4   0  12   3   2   6   4  0.36 0.28
  242 F    -2  -7  -8  -8  -6  -7  -7  -5  -7   2   5  -7   3   3  -7  -7  -4  -1  -1   0    4   0   0   0   0   0   0   1   0  12  55   0   5  11   0   0   1   1   2   7  1.32 0.64
  243 E     0   1   1   1   0   0   0  -1   2  -3  -4  -1  -2  -2  -3   4  -2  -1   0  -3    7   7   6   7   2   4   7   5   4   1   1   3   1   2   1  34   2   1   3   1  0.45 0.37
  244 G    -2   0   4   1   0  -1  -1   3   4  -5  -4  -2  -2  -1  -5   1  -3  -1   0  -5    3   6  19   7   2   3   4  24   9   1   2   2   1   2   0   9   1   1   3   1  0.56 0.37
  245 M    -5  -5   9  -4   2  -4  -5  -5  -6  -4  -3  -4  -2  -8  -8  -4  -1  -9  -8  -8    1   1  78   1   4   1   1   1   0   1   3   1   1   0   0   2   4   0   0   0  2.52 1.13
  246 K    -2   2   4  -1  -2   2  -1  -1   1  -4  -2   3  -1  -3   0   1  -2  -1  -2  -4    4  13  17   2   1   9   4   5   3   1   4  16   2   1   5   9   2   1   2   1  0.37 0.30
  247 L    -6  -7  -4  -5  -2  -4  -7  -6  -7   4   5  -5  -1   3  -5  -5  -6  -6  -3  -2    0   0   1   1   1   1   0   1   0  18  57   1   1  13   1   1   0   0   1   2  1.44 0.69
  248 S    -1   0   0  -2   2   1   1  -3   1  -1  -1   0  -1  -4  -3   3   3  -5  -2  -1    4   6   4   2   4   6   9   2   3   3   7   4   1   1   1  20  18   0   2   4  0.29 0.27
  249 G    -1  -1  -1   1  -1  -1  -1   5   1  -3  -3  -1  -1  -2  -3   1  -1  -4  -2  -3    5   3   3   8   1   3   5  37   3   2   2   4   1   2   1  12   5   0   2   2  0.52 0.31
  250 T    -2  -2   0  -1   0   0   1  -3  -1   1   1  -1  -1   0   0   1   1  -2   0   0    2   2   4   4   2   4  10   2   1  10  15   3   1   4   5  12   9   0   3   7  0.11 0.14
  251 V    -2  -3  -3  -1  -5  -3  -2  -4  -3   5   3  -5   0   0   2  -2  -2  -6  -4   1    4   2   2   4   0   1   4   1   1  29  24   1   2   4   9   3   2   0   0   9  0.61 0.37
  252 P    -1  -3  -2  -1  -5  -4  -2  -4  -3  -5  -4  -3  -5  -3   7   0  -3  -2  -4  -2    5   2   2   4   0   1   3   2   1   1   2   2   0   1  61   6   2   1   1   3  1.61 0.86
  253 S     0   0   1   1  -4   0   2   0  -1  -3  -3   0  -2  -2   1   2  -1  -3  -1  -1    8   5   6   8   0   4  12   8   2   1   3   7   1   2   7  17   3   0   2   4  0.19 0.19
  254 Q     1  -2   0   0   0   0   2   0   0  -2  -1  -2  -2   1  -2   3   0   0  -1  -1   10   1   3   5   2   4  12   7   2   2   5   2   1   6   2  22   6   1   2   4  0.19 0.21
  255 I    -5  -7  -7  -7  -3  -7  -7  -6  -7   4   4  -7   1   5  -5  -5  -4  -2  -2   0    1   0   0   0   1   0   0   1   0  22  38   0   3  23   1   1   1   1   1   6  1.29 0.63
  256 G     1   0   0  -1   0   0   0   3  -1  -2  -2   1  -3   1  -2   1  -1  -2  -3  -2   10   5   4   3   2   4   5  24   2   2   5   7   0   6   2  12   4   1   1   2  0.23 0.21
  257 Q    -1   1   3   0  -2   1   0   1   2  -5  -1   1  -2  -2   0   1  -1  -2  -1  -4    4   8  15   5   1   7   7  10   4   0   6   9   1   2   4  11   3   1   2   1  0.24 0.22
  258 L    -4  -5  -2  -6   3  -4  -6  -6  -3   0   6  -5   4   1  -5  -3  -3  -2  -5  -3    2   1   2   1   5   1   0   1   1   5  60   1   8   5   1   2   1   1   0   2  1.27 0.66
  259 R    -2   0  -1  -1  -4   1   0  -1   2  -3  -4   3  -3  -3   4   1   1  -3  -2  -2    3   5   2   3   0   7   5   4   4   1   1  18   1   1  17  12   9   0   2   3  0.41 0.34
  260 M    -1   1   5  -2  -2   0  -1  -2   3  -6  -5   2  -3  -3  -4   3  -2  -7  -2  -4    5   7  22   2   1   4   3   4   5   0   1  12   1   1   1  24   2   0   2   1  0.64 0.46
  261 L    -6  -9  -6  -7  -5  -9  -7 -10  -9   1   7  -7  -2  -5  -7  -6  -4  -8  -8  -2    1   0   0   0   0   0   0   0   0   6  84   0   1   0   0   1   1   0   0   3  2.15 1.02
  262 K    -2   3  -1  -2  -3   3   2  -4   0  -1  -2   3  -2  -5  -5   0   2  -1  -3   0    3  13   3   2   1  12  15   1   2   4   4  15   1   0   0   6  11   1   1   6  0.40 0.34
  263 Y    -1   0  -1  -1  -4  -1   1  -4   3   1  -1   0  -1   1  -5   1   2   1   2   1    3   6   2   3   0   3  10   1   6   7   4   6   1   6   0   9  11   2   8  12  0.19 0.20
  264 L    -4  -8  -9  -9  -3  -8  -9  -9  -9   2   6  -8   0   0  -9  -8  -7  -8  -7   0    2   0   0   0   1   0   0   0   0   9  75   0   2   4   0   0   0   0   0   6  1.91 0.91
  265 Q    -5   1   4   5  -7   0  -2  -3   2  -1  -4  -3  -2  -1  -7   0  -3   0   1  -3    1   8  15  34   0   5   3   2   5   4   2   2   1   2   0   8   1   1   5   2  0.79 0.51
  266 L    -4  -8  -9  -9   0  -8  -9  -9  -8   1   6  -8   2   1  -9  -8  -7  -7  -4   1    1   0   0   0   2   0   0   0   0   8  69   0   4   6   0   0   0   0   1   8  1.74 0.83
  267 N     0   1   1   1  -4   0   0  -2   2  -5  -4  -1  -2  -2  -5   5  -2  -3  -1  -4    7   7   7   6   0   4   6   4   4   1   1   3   1   2   1  39   2   0   2   1  0.64 0.48
  268 E    -3   1   4   2  -4  -1   0   3   3  -6  -5  -1  -4   0  -6   1  -4  -1   2  -6    1   7  19  10   0   3   5  19   6   0   1   4   0   4   0  10   1   1   7   0  0.59 0.41
  269 N    -9  -8   9  -5   2  -5  -8  -8  -7  -7  -7  -8  -5 -10  -6  -4  -3  -2  -9 -10    0   0  89   1   3   1   0   0   0   0   1   0   0   0   1   1   2   1   0   0  3.24 1.42
  270 R    -1   3   2  -1  -1   2  -1  -2   2  -4  -2   2   0  -2   1   1  -2  -3  -2  -5    5  15  11   3   1  10   4   3   5   1   4  11   2   2   8  11   2   0   1   0  0.36 0.30
  271 F    -7  -5  -6  -7  -7  -4  -8  -7  -8   3   5  -5  -2   4  -8  -4  -7  -7  -4  -2    0   1   1   0   0   1   0   0   0  16  58   1   1  17   0   2   0   0   0   2  1.59 0.76
  272 T    -2   0   1  -1  -1   1   1  -4   0  -1  -1   0  -1  -3  -4   3   3  -4  -2   0    2   5   6   3   1   6   7   1   2   3   8   5   1   1   1  20  20   0   1   6  0.32 0.29
  273 G     0   0   0   0   1  -1  -1   5   0  -3  -2  -1  -3  -1  -2   0  -1  -1  -2  -2    8   5   4   5   3   2   4  37   2   2   4   3   1   3   2   7   3   1   2   3  0.44 0.23
  274 K    -2   0   0   0   0   0   1  -3   1   0  -1   1   0  -2   1   2   1  -1  -2  -1    2   5   4   5   2   4  11   2   4   6   6   7   2   1   8  15   8   1   2   5  0.13 0.15
  275 L    -3  -5  -5  -3  -4  -3  -3  -5   0   5   4  -4  -1   1  -4  -2  -4  -5  -5   1    3   1   1   2   0   1   2   1   3  30  33   1   1   6   1   3   1   0   0   9  0.87 0.45
  276 P    -3  -4  -3  -2  -3  -6  -3  -5  -4  -5  -4  -4  -6  -4   8  -2  -4  -3  -6  -4    2   1   2   2   1   0   2   1   0   1   2   1   0   1  75   4   1   1   0   1  2.32 1.07
  277 T     1   0   0   1  -3   1   1  -1  -1  -2  -2   1   0  -1   2   1   0  -1  -2  -1   10   4   5   9   0   5  10   5   1   2   3   7   2   2   9  13   5   1   2   4  0.14 0.15
  278 E     0  -3   1   0   0   0   2   0  -2  -4  -4  -2  -2  -1  -3   3   1   2  -3  -1    8   1   7   4   2   4  15   8   1   1   2   3   1   3   1  24   7   3   1   4  0.35 0.31
  279 L    -4  -6  -5  -7  -5  -5  -7  -5  -5   4   5  -5   1   5  -6  -4  -4  -1  -3  -1    1   0   1   0   0   1   0   1   0  18  45   1   3  19   0   2   1   1   1   4  1.23 0.61
  280 G     0   0   0  -2  -1   0   0   3  -1  -3  -2   0  -2   1  -2   2   0   0  -1  -3    9   6   3   2   1   5   5  23   1   1   3   6   1   5   2  14   7   2   2   2  0.25 0.22
  281 S    -1   0   4   1   0   0  -1   0   2  -4  -2   1  -2  -3  -2   2   0  -3  -1  -3    5   5  17   7   2   4   4   8   5   1   5   9   1   1   2  14   5   0   2   2  0.27 0.23
  282 L    -4  -5  -4  -6   2  -3  -4  -5  -5   1   6  -3   3  -2  -5  -4  -2  -6  -4  -1    1   1   1   1   4   1   1   1   0   6  62   2   6   2   1   1   3   0   1   4  1.24 0.64
  283 D    -3  -1   4   1  -2   1   0  -3   2  -5  -5   2  -4  -4   2   2   0  -7  -3  -4    1   4  19   8   1   7   6   2   4   0   1  11   1   1   9  17   6   0   1   1  0.53 0.40
  284 L    -2  -2   0  -6  -3  -1  -5  -5  -1   0   5  -2  -1  -1  -4   0  -3  -7  -3  -2    3   2   5   0   1   3   1   1   2   5  57   3   1   2   1   8   2   0   1   3  0.94 0.55
  285 E    -3   2  -1  -1  -4   2   1  -5  -2  -1   3   2   0  -4  -4   0   1  -4  -4  -2    1   9   3   3   0  10  10   1   1   3  26  10   2   1   1   7   8   0   0   3  0.37 0.31
  286 L    -2   1   0  -1  -2   1   1  -3   2   0  -1   1  -1   1  -3   0   1  -1   0   1    3   9   4   2   1   5   9   1   6   5   6   7   1   5   1   8  10   1   3  12  0.14 0.15
  287 C    -4  -2   2  -4   0  -3  -1  -5  -1   1   5  -3  -1   0  -7  -1  -2   0  -2   0    1   2   9   1   2   1   5   1   2   7  46   1   1   4   0   5   3   1   2   7  0.69 0.43
  288 L    -3  -2   2   3  -4  -2  -2  -2   1  -1   2  -2  -1   2  -5   0  -2   0   3  -1    2   3   9  16   0   2   2   3   3   4  22   2   2   7   0   7   3   1   9   4  0.33 0.26
  289 L    -4  -2  -1   1  -1  -4  -4  -5  -1   1   5  -4   0   2  -7  -3  -3  -6  -2   0    1   2   4   9   1   1   1   1   1   7  49   1   2   7   0   2   2   0   1   7  0.80 0.47
  290 V     0   1  -1  -1  -3   0   0  -2   0   0   1  -2  -1   0  -4   2   0  -2  -1   0    7   6   3   3   0   4   7   3   3   5  16   2   1   4   1  19   5   1   2   8  0.14 0.17
  291 N    -2   0   4   2   0  -1   0   2   3  -5  -5  -1  -4  -3  -5   2  -3  -5  -1  -5    3   5  21  12   2   2   6  13   7   1   1   4   0   2   1  16   2   0   2   1  0.59 0.41
  292 S    -5  -2   8  -2  -1  -4  -4   0  -2  -4  -3  -5  -4  -1  -5   1  -1  -4  -3  -5    1   2  57   3   1   1   1   8   1   2   3   1   1   3   1   9   3   0   1   1  1.55 0.83
  293 Q    -3   1   6  -3  -1   3  -2  -3   1  -5  -2   1   0  -5   2   1  -2  -7  -3  -5    2   7  32   1   1  12   2   2   3   1   4   7   2   1   9   9   2   0   1   1  0.80 0.53
  294 V    -3   0  -1  -3  -3  -2  -2  -2  -1   3   3  -2  -1   2  -2  -1  -3  -2   0  -1    2   5   3   2   1   1   3   3   2  18  31   3   1   9   3   5   1   1   3   4  0.43 0.28
  295 P    -1  -2  -1  -4  -3  -1  -2  -3  -2  -1   3  -1  -1   0   1   3   2  -3  -3  -2    4   2   4   1   0   2   3   2   1   4  28   3   1   4   6  19  12   0   1   2  0.37 0.32
  296 V    -1  -2  -2  -2   2  -1  -1   2  -1   1   0  -2   0   1  -2   0   2  -3  -1   1    4   2   2   2   5   3   4  19   1   7   8   2   2   5   2   7  13   0   2   9  0.18 0.17
  297 G    -1  -2  -1   0  -1   0   0   3  -1   0  -1  -1  -2  -2   0   1   0   0  -1   0    5   2   3   5   1   4   6  20   1   5   7   4   1   2   4  13   7   1   2   7  0.13 0.14
  298 H    -2  -1   1  -3  -1   0  -2  -2   2   3   2  -1  -1   1   1   0  -1  -3  -2   0    3   3   7   2   2   4   3   3   6  15  17   3   1   6   6   8   4   0   1   7  0.19 0.17
  299 P    -5  -6  -2  -4  -1  -4  -3  -5  -4   1   3  -3   0  -1   7  -3  -6  -5  -5  -2    1   1   2   1   2   1   2   1   1   6  23   2   2   2  45   3   0   0   0   3  1.26 0.74
  300 G    -1  -1  -1   0  -3   0   0   1   0  -5  -2  -1  -3  -2   4   2   1  -2  -3  -2    4   4   3   5   1   4   6   9   2   0   4   4   1   2  22  16   8   1   1   3  0.39 0.34
  301 H    -1   1   3   0  -3   2   1  -1   3  -5  -4   1  -4  -1  -2   3  -2  -2  -1  -4    6   6  15   5   1   8   8   5   6   1   2   7   0   3   2  18   3   1   2   1  0.36 0.30
  302 M    -4  -6  -4  -6  -6  -5  -5  -5  -5   2   6  -6   2   1  -7  -3  -4  -1  -5  -1    2   1   1   1   0   1   1   1   0   9  63   1   4   6   0   2   2   1   1   5  1.42 0.73
  303 I    -1   1  -3  -3   1   2   1  -1  -1   0   1   1  -1   0  -4   0   1  -3  -1   0    5   6   1   1   2  11  10   5   1   5  12   8   1   4   1   7   9   0   2   8  0.14 0.15
  304 A    -1  -1   0   0   1   0   0  -1   1  -1  -1   0  -1   2  -3   1   1   0   1   0    4   4   4   4   3   5   6   4   3   4   7   6   1   8   1  11  10   1   6   6  0.09 0.10
  305 H    -5  -4  -2  -4  -6  -3  -3  -3   2   0   6  -5   0   1  -6  -2  -7  -5  -4  -1    1   1   2   1   0   2   2   2   4   6  59   1   2   5   1   4   0   0   1   5  1.20 0.63
  306 G    -4  -1   4   4   0  -1  -3   0  -1  -1  -1  -4  -2  -2  -6   1  -3   0   1  -4    1   3  20  24   2   3   2   8   1   4   7   1   1   2   0  10   2   1   4   1  0.63 0.41
  307 P    -2  -4  -3  -5  -2  -6  -7  -7  -4   1   5  -3   0   0   1  -3  -2  -9  -2   1    4   1   2   1   1   0   0   1   1   8  48   2   2   4   8   3   2   0   1  10  0.93 0.51
  308 A     1   0   0   0  -3   0  -1  -3   0  -4  -2  -1  -6  -3  -7   5  -1  -1  -2  -4   10   4   5   5   1   4   5   2   2   1   4   4   0   2   0  43   4   1   1   2  0.77 0.54
  309 T    -3  -1   3   0  -3  -1  -1   2   3  -6   1  -2  -2  -1  -6   1  -3  -2   3  -4    3   4  12   6   1   3   4  15   7   0  13   3   1   3   0  11   2   1  10   1  0.43 0.31
  310 N    -6  -6   9  -3  -4  -3  -2  -5  -5 -11  -5  -3  -7 -11  -6  -4  -2 -12  -6  -6    1   1  78   2   0   1   3   1   0   0   2   2   0   0   1   2   3   0   0   1  2.73 1.30
  311 E    -3   2   4   0  -5   2   0  -3   3  -4  -2   2  -3  -4   2   1  -2  -3  -2  -3    3   9  16   4   0   8   6   2   5   1   5  10   1   1  10  10   3   1   2   2  0.40 0.31
  312 F    -6  -5  -7  -9  -8  -6  -5  -4  -5   2   5  -5  -3   5  -9  -6  -4  -1  -2  -2    1   1   0   0   0   0   1   2   0  11  55   1   1  19   0   1   1   1   2   3  1.52 0.74
  313 Q    -2   0   2   0   0   2   0  -5   0  -1  -2   1  -2  -4  -4   3   3  -2  -1  -2    4   5   8   4   2   9   7   1   2   3   5   7   1   1   1  22  15   1   2   3  0.37 0.32
  314 C    -1  -4  -4  -2   5  -1  -2   5  -3  -1   1  -3  -3  -3  -2   0  -1  -4  -4  -4    6   1   1   3  11   3   3  35   1   3  13   2   1   1   2   8   4   0   1   2  0.69 0.39
  315 P    -2  -2   0  -1  -2   0   1  -1   0  -1   0  -1  -1   0   4   1  -1   0  -1  -1    3   2   5   3   1   4  10   5   3   4   8   4   2   4  19  13   3   1   2   4  0.23 0.21
  316 L    -4  -3  -3  -3  -2  -3  -2  -1  -2   5   3  -3   0   1   0  -2  -2  -3  -4   1    1   2   1   2   1   1   3   5   1  26  25   2   2   5   5   4   3   0   0  11  0.55 0.32
  317 P    -2  -1   2  -4  -5  -1  -3  -3   0  -3  -4  -2  -4  -5   7  -2  -1  -7  -6  -4    4   3   9   1   0   3   2   2   2   2   2   2   1   1  55   4   5   0   0   1  1.47 0.81
  318 D    -1   1   2   3  -3   1   2  -1   0  -3  -1   0  -1  -4  -1   1  -1  -1  -1  -3    6   7   9  19   1   5  11   4   2   1   6   5   1   1   3  11   3   1   2   2  0.28 0.23
  319 F    -3  -3   1  -3  -3  -3   0  -2  -1   0   2  -3  -2   5  -2   1  -1   2  -1  -1    2   1   7   1   1   1   6   3   2   6  22   2   1  20   3  11   4   3   1   4  0.41 0.27
  320 P    -2  -2  -2  -2   0  -3  -2  -2  -2   0   3  -2  -1   1   4  -1   1  -2  -2  -2    3   2   3   3   2   1   3   3   1   6  23   2   2   5  24   5   8   1   2   2  0.44 0.30
  321 N     0  -2   2   0   2   1  -1   2  -1  -2  -3   1   0   0  -2   1   0   1  -2  -2    9   2  10   4   4   6   4  15   1   2   3   7   3   5   2  13   5   2   1   2  0.18 0.17
  322 S    -1   0   1   1  -3   0  -1  -2  -2   0   1   0  -1   0  -3   3  -1  -3  -2  -2    4   4   8   6   0   3   4   3   1   5  15   6   1   4   1  25   3   0   1   2  0.24 0.23
  323 C    -1  -2  -3  -2   7  -2  -2  -3  -2   2   1  -3  -2  -1  -1   0   0  -2  -3   1    6   2   2   3  22   2   3   2   1  13  14   2   1   3   3   7   6   1   1   8  0.54 0.30
  324 G    -1  -1   0  -1  -3   1  -1   3  -2  -2  -2   0  -2   2   3   1   0  -2  -2  -2    5   3   4   3   0   7   3  19   1   2   4   5   1   9  13  12   5   1   1   3  0.27 0.22
  325 E    -1   0   2   0  -1   2   1  -1  -1  -2   0   1  -3  -1   0   2  -1  -3  -3  -1    4   4  10   4   1   8  11   4   1   3  12   8   0   3   4  14   4   0   1   4  0.14 0.16
  326 G    -1  -1   0   0  -3   0   0   2   1   0   1  -1  -1  -1   1   0  -1   2  -1  -1    5   3   4   5   1   4   5  16   4   6  16   3   1   2   6   7   3   3   2   5  0.09 0.10
  327 L    -2  -1   2  -3  -2  -1  -2  -3  -2   2   3  -1  -1   1  -3   0  -1  -2  -3   0    4   4   8   2   1   2   2   2   1  11  33   5   1   5   1   7   4   1   1   6  0.33 0.23
  328 V    -1  -1  -2   1   2  -2  -1   0   0   0   2  -1  -2   1  -2   0   0  -1   0   0    5   4   2   8   5   2   3   8   3   5  18   5   0   7   1   6   7   1   3   7  0.07 0.09
  329 V    -1   0   1  -1   0   1   0   0  -1   1   1   1   0  -2  -3   1   0  -3  -3   0    3   6   7   3   2   7   7   8   1   7  14   9   2   1   1  11   6   0   1   6  0.09 0.11
  330 N    -3  -1   5   0   0  -1  -3  -2  -1  -2   3  -1   0  -3  -3   0  -1  -6  -3  -2    2   4  22   6   2   3   2   3   2   2  29   4   2   1   1   8   3   0   1   2  0.51 0.35
  331 M    -1   1   1  -2   1  -1  -2  -3  -1   0   2   1   0   0   0  -1   1  -3  -1  -1    4   7   7   2   4   3   2   2   2   4  22  10   2   5   4   5   8   0   2   5  0.12 0.14
  332 S    -2   0   2   0  -4  -1  -1   0   1  -1  -3   0  -5  -3  -1   4   1  -6  -2  -3    3   5  11   4   0   2   3   6   3   4   3   5   0   1   4  33   8   0   1   2  0.47 0.39
  333 L    -3  -3  -1  -5  -3  -3  -4  -3  -3   1   5  -5  -2   0  -3  -1  -4  -3   1  -1    2   2   3   1   1   1   1   2   1   8  56   1   1   4   2   6   1   0   5   3  0.94 0.53
  334 P    -1   0   3   0  -1   1   1  -3   3  -1  -2   1  -1  -1   1   1   1  -5  -3  -2    4   5  14   5   2   7   9   2   6   4   3   8   1   3   8   8   7   0   1   3  0.22 0.21
  335 V    -2  -1  -1  -2   2   0   0  -2   0   1   2  -1   0   0  -2   1   1   0   1   1    3   3   3   2   4   4   6   4   2   9  19   3   2   4   1   9   7   1   5  10  0.10 0.11
  336 E    -2  -2   0  -1  -2   0  -1  -3  -3   1   4  -2  -2   1  -3  -1  -1   0  -1   0    4   3   4   4   1   4   5   3   1   6  38   3   1   6   2   4   5   2   2   5  0.34 0.25
  337 E    -2  -1   2   4  -1  -1   1  -2   1  -3  -1   0  -2   0  -1   0  -1  -3   1  -2    3   3   9  24   1   3  10   3   3   1   6   6   1   4   4   7   4   0   5   2  0.33 0.26
  338 R    -2  -1   2  -2   1  -3  -1   0  -1   1   3  -2   1   0  -3  -1  -3  -3  -1   0    2   3  11   2   3   1   4   8   2   6  30   2   3   5   1   6   2   0   2   7  0.29 0.23
  339 S    -2  -1   3  -1   1   0  -1   0   0  -2  -3  -2  -4  -4   0   4  -1  -7  -2  -3    3   4  14   4   2   4   4   7   2   2   3   3   0   1   5  33   4   0   1   2  0.51 0.41
  340 V    -2  -1   4   0   0  -1  -1  -2   1   0  -1  -1  -3   0   1   1  -2  -2   1   0    2   4  22   5   2   2   3   3   4   7   7   3   1   4   6   9   2   1   6   7  0.28 0.24
  341 N    -4  -3   7   0   3  -1  -3  -2   0  -6  -5  -2  -7  -3  -3   2  -2  -8  -4  -4    2   2  51   5   5   3   2   3   2   0   1   3   0   2   2  12   2   0   1   2  1.36 0.77
  342 F    -2   1   1  -2  -1   1  -2  -1  -1  -2   1   1  -2   5  -2  -1  -2   1   0  -1    2   8   6   3   1   6   2   5   1   2  16   8   1  21   2   4   3   2   3   3  0.31 0.24
  343 C    -3  -3  -2  -3   5  -5  -3  -2  -6   1   4  -4   1   3  -6   0  -1  -1  -4  -1    2   2   2   2  11   0   2   3   0   8  38   1   3   9   0   8   4   1   0   4  0.70 0.42
  344 T    -1   0   2  -1  -1  -1   0   2  -1  -2  -1  -1  -3  -3  -2   2   3  -4  -3  -3    4   4   8   3   1   3   5  18   1   3   5   4   1   1   2  16  16   0   1   2  0.29 0.27
  345 P    -1   0   2  -1  -3   0   0   4  -1  -4  -3  -1  -2  -3   2   1   0  -4  -2  -3    4   6   8   3   1   4   6  26   1   1   3   3   1   1  10  12   5   0   1   2  0.36 0.30
  346 V    -2  -3  -1  -3  -5  -1  -1  -5  -3   3   3  -2   1  -1   1   0   0  -4  -2   2    2   1   4   1   0   2   4   1   1  14  26   2   3   2   6   9   6   0   1  13  0.35 0.27
  347 P    -1  -4  -3  -2  -7  -2  -2  -4  -5   3   1  -2  -3  -3   6  -1  -3  -8  -5  -1    5   1   2   2   0   2   3   2   0  14  12   3   1   1  42   6   1   0   0   4  1.00 0.62
  348 P    -1  -2  -1  -1   2  -1  -1  -1   0  -4  -2   0  -3  -3   6   0  -1  -4  -5  -2    4   2   3   3   4   3   4   5   2   1   5   7   1   2  39   6   4   0   0   3  0.75 0.51
  349 L    -2  -2   0  -2   0   0   0  -2  -2   0   3  -1   0   0   1   0   0   1  -3   0    3   2   4   2   2   4   5   3   1   5  27   4   2   4   8   8   7   2   1   6  0.16 0.17
  350 E    -1  -1   0   0   4   3   3  -2   2  -2   0  -1  -3  -1  -2   1  -1  -2  -2  -2    6   4   5   6   8  12  18   3   5   2   8   3   0   3   2   9   3   1   1   2  0.28 0.26
  351 P    -2  -6  -6  -3   3  -3  -2  -3  -3   1   4  -3   1   1   2  -1  -2  -3  -3  -1    3   0   0   2   6   1   3   2   1   8  39   2   3   6  11   5   2   0   1   4  0.60 0.41
  352 Q     0   0  -2  -2   3   3   1   1  -1  -3  -1   0  -3   1  -2   2  -1   0  -2  -2    6   5   2   2   6  12   8  12   1   1   6   6   0   6   2  17   3   1   1   2  0.21 0.23
  353 D    -2   0   4   3  -3   1  -1   0   1  -3  -1   2  -2   0  -3   0  -1  -6  -2  -3    3   5  17  16   0   7   4   6   3   1   6  12   1   5   1   6   3   0   2   1  0.34 0.28
  354 P    -3  -3   3  -4   3  -2  -1  -3  -1  -1   3  -2   1  -3   3  -2  -2  -1   0  -1    2   1  14   1   6   1   4   2   1   4  29   2   3   1  15   3   2   1   3   5  0.50 0.38
  355 Q    -1   3   0  -1  -4   1   0  -2   1  -2  -1   2  -3  -4   2   2  -1  -1  -3  -3    4  13   4   4   0   6   5   4   3   2   6  13   1   1   9  18   4   1   1   1  0.29 0.27
  356 K    -2   2   1  -1  -3   1   1  -1   0   0   1   2  -1   1   0   0  -3  -4  -3  -2    3  10   6   3   1   7   8   5   2   5  16  12   1   7   5   6   1   0   1   3  0.14 0.17
  357 R    -1   2   2  -2  -5   0   0  -4  -2  -2   3   0  -1  -3  -3   1   0  -2   0  -2    4  11   9   2   0   4   6   1   1   2  29   5   1   1   1  10   7   0   4   3  0.30 0.28
  358 K    -1   2   0  -1  -5   1   1   1  -1  -4  -1   2  -1  -2  -3   1   0  -3  -3  -2    6  13   3   3   0   7   9  12   2   1   7  13   2   2   1   9   5   0   1   3  0.22 0.21
  359 A    -1  -1   1  -1  -3  -1   0  -3  -1   0   2  -1  -1   0  -2   1   2  -2   1   1    5   3   8   3   0   3   5   2   1   5  19   3   1   3   2  11  13   0   6   8  0.13 0.16
  360 F    -3  -3  -2  -1  -2   0  -2  -3  -1   1   3  -3   0   4  -1  -2   0  -3   0  -1    2   1   2   3   1   5   3   2   1   9  33   2   1  15   4   3   5   0   3   4  0.39 0.29
  361 A     0  -1   2   1  -1   0   0  -1  -2   0   1  -1  -1  -1   2   0  -2   0  -1  -1   10   2  10   8   1   5   6   3   1   7  13   4   1   3  11   6   1   1   2   5  0.11 0.14
  362 P    -2  -2   3   0  -4  -1   0  -1   3   0   2  -2   0  -1   1   0   0  -5  -2   0    2   2  14   4   0   3   5   6   7   5  21   1   2   2   8   5   5   0   1   7  0.20 0.21
  363 W    -1  -2   2  -1   4   0   0   0  -1  -1  -2  -2  -2   0  -2   1  -2   7   0  -2    4   2  11   4   9   5   6   8   1   4   4   2   1   5   2  12   2  13   3   3  0.40 0.30
  364 G    -1  -2   4  -1   0  -1  -1   2   0   1   0  -1   0   0  -3   0  -3  -2   0  -2    5   2  23   3   2   3   4  14   3   8  11   5   2   4   1   6   1   0   3   2  0.26 0.23
  365 G    -1  -2   5  -2   6  -1  -1   2  -1  -3  -2  -2  -3   1  -3   0  -1  -3  -2  -4    4   2  25   2  16   2   4  14   1   2   4   3   1   6   2   6   4   0   2   1  0.66 0.43
  366 G    -2  -1   3   0  -3   0  -1   3  -1  -3  -2   0   0  -3   1   1   1  -5  -3  -3    2   4  16   4   1   4   4  20   2   1   5   6   3   1   7  11   7   0   1   1  0.30 0.27
  367 G     0  -2  -1  -3   1  -3  -1   2  -3   1   4  -2   0   0  -2  -1  -2  -2  -4  -2    7   2   3   1   3   1   4  18   1   7  35   2   2   4   2   4   2   1   0   2  0.38 0.30
  368 K    -2   1  -2  -1   0   0   2  -2   1  -1  -2   3  -2  -3   0   2   2  -1  -3  -2    2   7   2   3   2   4  14   4   3   4   5  17   1   1   4  14  11   1   1   2  0.26 0.26
  369 V    -1  -1   2  -1  -1  -1   0   1   0   1   1  -1   0   0   0   0  -1  -2  -2   0    3   3  10   3   1   3   6  11   3  10  15   3   2   3   4   8   3   0   1   7  0.06 0.09
  370 L    -3   0  -6  -4  -1  -3  -1  -4  -6   2   4  -3  -2   0   4  -4  -2   0  -3   0    2   5   0   1   1   1   5   1   0  10  40   1   1   5  18   1   2   1   1   5  0.71 0.46
  371 P    -3   1   0   0  -6   2   1  -5   3  -2  -4  -1  -4  -4   6  -2  -1  -7  -3  -2    2   6   4   5   0  10   8   1   7   2   2   4   0   1  36   3   4   0   1   3  0.84 0.55
  372 A    -1   1  -1  -1  -1   0   1  -2  -2  -1  -1   0  -1   2   0   1   0   1   1   0    5   8   3   3   1   3  11   3   1   3   6   6   1   8   5  14   6   2   4   9  0.09 0.13
  373 L    -3  -6  -7  -4  -3  -3  -3  -5  -2   2   5  -3   0   1  -7  -1  -4  -3  -1  -1    2   0   0   1   1   1   2   1   1  12  56   1   2   6   0   6   1   0   2   4  0.98 0.57
  374 H    -2  -1   2   4  -4  -1   0  -1   3  -1  -1  -1  -4   0  -2   1  -1  -2   2  -2    3   2  11  21   0   2   6   4   8   4   5   3   0   4   2  10   3   0   7   3  0.30 0.26
  375 A    -1  -2  -2  -4  -5  -2  -3   1  -5  -1   3  -3  -1   0  -1   0  -2   7  -2   0    5   2   3   1   0   2   1  12   0   3  29   2   1   4   4   6   2  15   1   6  0.56 0.40
  376 N    -1   0   3   0  -3   1  -1  -2   0   0  -1   1   1  -4  -3   4  -1  -1  -4  -2    4   4  15   4   0   7   4   2   2   6   5   8   4   0   1  28   3   1   0   3  0.37 0.35
  377 P     1  -1   3  -1   3   0  -1   0   0  -1  -1  -2   0  -1   2   0   0  -4  -1  -1   10   2  15   3   8   4   4   6   2   4   6   2   2   3  10   7   5   0   2   3  0.16 0.18
  378 R     0   0   6  -3  -6  -2  -2  -3  -2  -2  -3   0  -3  -3   1   1  -1  -7  -6   0    7   5  40   1   0   1   2   2   1   2   2   5   0   1   8  11   4   0   0   7  0.79 0.54
  379 E     1  -1   3  -1  -2   1   2  -1   2  -2   1   0  -3  -2  -4   1  -1  -5  -1  -3   13   3  15   2   1   5  13   3   5   2  14   5   0   2   0  11   3   0   2   1  0.25 0.27
  380 V    -3  -2  -6  -6  -3  -5  -1  -4  -5   3   4  -2   1   4  -4  -2   0  -1  -1   0    1   2   0   0   1   0   5   1   0  15  34   3   3  18   1   3   5   1   2   7  0.65 0.41
  381 V    -2  -2   3  -2  -1  -1   0   2  -1   0  -1  -3  -2  -3  -2   1   1  -5  -2   2    2   1  16   2   2   2   5  14   1   5   6   1   1   1   2  10   8   0   1  19  0.26 0.27
  382 P    -2   0  -3  -4  -1  -1  -2   4  -1  -5  -2  -1   0   1   3   0  -2  -5   3  -4    3   5   1   1   2   3   2  34   2   0   4   4   2   6  14   7   2   0   9   1  0.55 0.40
  383 Q    -1  -1   0  -1   0   0   2   1  -2  -1  -1   0  -2  -1  -1   1   0  -1  -3   1    3   2   5   2   2   4  19   9   0   4   7   5   1   3   3  13   6   1   0  11  0.13 0.19
  384 P    -4  -6  -1  -4  -3  -4  -3  -5  -3   4   1  -4  -1  -1   5  -3  -4   0   2   1    1   0   3   1   1   1   2   1   1  27  13   1   1   2  30   2   1   1   6   7  0.90 0.54
  385 P    -3  -3   1  -2  -6  -4  -3   2  -1  -6  -1  -2  -2  -5   7  -1  -2  -7  -6  -3    2   1   7   2   0   1   2  15   2   0   6   2   1   0  49   5   2   0   0   2  1.19 0.67
  386 L     0  -2  -3  -3  -3  -1  -2  -2  -4   1   3  -3   2   1  -1  -1  -1  -1  -2   2    6   2   1   1   0   3   3   3   0   8  33   1   5   5   3   6   4   1   1  15  0.28 0.24
  387 C     0  -4  -1  -1   6  -1  -2  -1  -4   0   2  -1  -2   1  -3   1   0  -4  -1   0    6   0   2   3  18   2   3   4   0   4  21   4   0   7   1  12   5   0   2   6  0.33 0.28
  388 C    -3  -2  -5  -2   8  -2  -4  -2  -2   0   1  -4  -3   5  -5  -1  -3  -1  -1   0    1   3   0   2  28   2   1   3   1   5  15   1   0  22   0   5   1   1   2   7  0.89 0.48
  389 N    -1  -5   3   1  -5  -3  -3   5  -4  -3  -4  -3  -5  -3  -2   0  -1  -6  -3  -4    4   0  14   7   0   1   1  52   0   2   2   1   0   1   2   7   4   0   1   1  0.96 0.54
  390 S    -2  -1   0  -3  -4  -2  -2  -1  -4  -1   4   0   1  -1  -3   2  -3  -5  -4  -1    1   3   5   1   0   1   2   4   0   1  49   5   3   3   1  18   0   0   0   2  0.55 0.43
  391 A     2  -1  -1  -1   1   0  -1   0  -1  -1   0  -1   0  -2   0   1   1  -3   1   1   22   2   1   4   3   4   3   7   1   2   7   4   2   0   3  10   9   0   5  10  0.10 0.14
  392 A     1  -3  -2  -3  -1  -2  -1  -3  -1   4   1  -2   2  -1  -2   0   1  -4  -3   1   12   1   1   1   1   1   4   1   1  30  12   1   6   3   1   7   9   0   0   7  0.29 0.25
  393 A     3  -1  -1  -3  -3  -2  -2   3  -4  -1   0  -1  -1  -2  -2   2   1  -4  -4  -1   27   3   2   0   0   1   1  23   0   3   9   3   1   1   1  13   8   0   0   3  0.36 0.29
  394 S    -3   2   1  -3  -2   1  -2  -2   7  -3  -4  -2   0  -2   1   2  -1  -4   3  -5    0  12   8   0   1   7   2   3  26   1   1   1   3   1   6  15   3   0  10   0  0.66 0.44
  395 A     1  -4  -1  -4   1   1  -2  -2  -4   4   2  -3  -1   0  -4   0  -1  -4  -1   1   16   0   3   0   4   6   2   2   0  26  21   0   0   3   0   7   3   0   2   6  0.32 0.27
  396 A     0  -2  -1  -4   2  -2  -2  -2  -4   3   3  -3   0   2  -1  -2   0   0  -1   0    9   1   3   0   4   1   3   2   0  18  32   0   1   9   2   2   5   1   1   5  0.28 0.23
  397 A     3  -1  -3  -3   2  -3  -3  -1  -3  -1   1  -1   0  -1  -3   1   1  -3   1   1   26   3   0   1   4   0   0   5   0   2  13   4   2   2   0   9  11   0   6  13  0.22 0.23
  398 S     0  -3   1  -1  -1  -1   0   1  -3  -5  -3  -3  -4  -2  -2   5   1  -5  -4  -4    7   1   8   2   1   2   5  11   0   0   3   0   0   2   2  48  10   0   0   0  0.65 0.45
  399 S    -2  -4  -4  -5   0  -4  -4  -1   4  -3  -2  -2  -3   2  -5   2  -1  -2   7   0    2   0   0   0   2   0   0   4   9   0   4   2   0   6   0  17   3   0  44   8  1.00 0.52
  400 W    -3  -1   0  -1   3   0   0  -1   0  -1  -2   5  -3  -2  -2  -2  -1   6  -3  -1    0   1   3   3   7   2   5   4   3   3   3  41   0   2   2   2   3  11   0   4  0.55 0.36
  401 P    -4  -1  -1  -4  -6  -1   0  -5   4  -5  -2  -1  -5  -6   7  -2  -2  -6  -4  -5    0   4   2   0   0   2   5   0  11   0   5   3   0   0  63   2   3   0   0   0  1.64 0.62
  402 P    -2   0  -2   2  -5  -1   4  -3   1  -5  -2   0  -4  -5   4   2  -2  -5  -4  -4    0   4   0  10   0   1  33   1   3   0   4   5   0   0  20  19   0   0   0   0  0.68 0.37
  403 W    -6  -6  -7  -8  -6  -6  -6  -6  -6  -6  -2  -6  -5   0  -7  -2  -6  12  -1  -6    0   0   0   0   0   0   0   0   0   0   4   0   0   3   0   3   0  90   0   0  4.05 0.97
  404 A     3  -2   0  -2   2  -2  -2  -2  -2  -1   1   0  -1   2  -2   0   0  -3  -1   0   38   0   6   0   5   0   0   0   0   0  14   7   0  11   0   5   7   0   0   6  0.20 0.14
  405 S     2  -2  -1  -2   4  -2  -2   1   2  -2  -1  -2   1  -3  -2   2  -1  -3  -2  -2   27   0   0   0  12   0   0  13   7   0   8   0   6   0   0  27   0   0   0   0  0.31 0.13
  406 S     0  -2   1  -1   3  -1   1  -2  -2   0  -3  -1  -2  -3   1   4   0  -4  -3  -2    0   0   6   0   7   0  12   0   0   7   0   0   0   0   7  61   0   0   0   0  0.52 0.20
  407 S     1  -2  -1  -2  -2  -1  -1  -2   2  -2   0  -1  -1  -3   2   4   1  -3  -2  -2    7   0   0   0   0   0   0   0   8   0  14   0   0   0   9  53   8   0   0   0  0.38 0.14
  408 A     4  -2  -1  -2  -1  -1  -1   2  -2  -2  -2  -1  -2  -3  -1   2   0  -3  -2  -1   74   0   0   0   0   0   0  13   0   0   0   0   0   0   0  13   0   0   0   0  0.50 0.09

                      K         Lambda
Standard Ungapped    0.1341     0.3163
Standard Gapped      0.0436     0.2670
PSI Ungapped         0.1425     0.3178
PSI Gapped           0.0436     0.2670
