
Last position-specific scoring matrix computed, weighted observed percentages rounded down, information per position, and relative weight of gapless real matches to pseudocounts
            A   R   N   D   C   Q   E   G   H   I   L   K   M   F   P   S   T   W   Y   V   A   R   N   D   C   Q   E   G   H   I   L   K   M   F   P   S   T   W   Y   V
    1 M    -2  -2  -3  -4  -2  -2  -3  -4  -3   1   4  -2   5   0  -3  -2  -1  -2  -1   1    0   0   0   0   0   0   0   0   0   0  59   0  41   0   0   0   0   0   0   0  0.47 0.05
    2 S     1  -1   2  -1  -2  -1  -1  -1   3  -3  -3  -1  -2  -3   2   4   0  -4  -2  -2   10   0  10   0   0   0   0   0  11   0   0   0   0   0  11  58   0   0   0   0  0.49 0.12
    3 G    -1  -3   3  -1  -3  -2  -2   5  -2  -4  -4  -2  -3  -4   2  -1  -2  -4  -4  -4    0   0  21   0   0   0   0  69   0   0   0   0   0   0  10   0   0   0   0   0  0.92 0.13
    4 V    -1  -2   1  -2  -2  -1   1  -3  -2   3   1  -2   0  -1  -3   0  -1  -3  -2   2    0   0   9   0   0   0  15   0   0  33   9   0   0   0   0   9   0   0   0  24  0.22 0.11
    5 I     0   2  -3  -3  -2  -2  -3  -4  -3   4   1  -1   2  -2  -3  -2   0  -3  -2   1    8  20   0   0   0   0   0   0   0  50   7   0   7   0   0   0   8   0   0   0  0.37 0.18
    6 D    -2   1   3   5  -4  -1   1  -2  -2  -3  -1   0  -2  -3  -2   0  -1  -4  -3  -3    0   8  14  49   0   0   6   0   0   0   9   6   0   0   0   7   0   0   0   0  0.58 0.18
    7 K    -1  -1   0   2  -4   2   4  -2  -2  -4  -4   2  -3  -4   2   2  -1  -4  -3  -3    0   0   3  11   0   7  33   0   0   0   0  17   0   0  11  17   0   0   0   0  0.55 0.22
    8 Q    -1   1   2  -2  -3   3   0   1   3  -3  -2   3  -2  -3  -3   0  -2  -4  -2  -1    5   4  10   0   0  23   0  10  11   0   5  22   0   0   0   5   0   0   0   5  0.33 0.20
    9 M    -1   0   0   0  -3  -1   0  -1  -2   1   1   3   1  -2   0   0  -1  -3  -2  -1    4   3   6   4   0   0   7   3   0  12  16  25   6   0   4   7   0   0   0   0  0.13 0.14
   10 L    -2   0  -3  -4  -3  -3  -3  -4   0   1   3  -3   2   1  -4   0   0  -3  -2   2    0   7   0   0   0   0   0   0   2   7  41   0   7   7   0   7   8   0   0  15  0.36 0.23
   11 V    -1   2  -1  -1  -3   0  -1  -3  -2   0   1   2   2  -2  -3  -1  -1  -3   1   2    2  13   3   3   0   3   3   0   0   5  12  20   6   0   0   3   3   0   8  18  0.18 0.18
   12 Q    -2   1  -1   1  -5   3   5  -1  -2  -4  -4   1  -3  -5  -1   1  -2  -5  -4  -2    0   7   2   5   0  13  40   5   0   0   0   9   0   0   3  12   0   0   0   3  0.61 0.36
   13 I    -3   3  -1  -4   3  -1  -2  -5  -3   3   1  -2  -1  -3  -4  -2  -1  -4  -3   2    0  24   3   0   8   3   2   0   0  21  16   0   0   0   0   2   3   0   0  18  0.46 0.33
   14 M    -3  -1  -4  -5   1  -3  -4  -5  -4   3   2  -1   5   3  -4  -3  -1  -3   0   1    0   4   0   0   3   0   0   0   0  16  23   5  20  13   0   0   2   0   3  11  0.54 0.33
   15 E    -1   0   0   1  -5   2   4  -3  -2  -2  -2   3  -3  -5  -1  -1  -2  -5  -4  -4    5   5   4   8   0  10  34   0   0   2   4  21   0   0   3   2   0   0   0   0  0.58 0.36
   16 A     2  -1  -1  -1  -2   0  -2  -1  -3   1   1   1   0  -1  -3   0   1  -3  -2   1   21   3   3   2   0   5   0   3   0   6  19   9   2   3   0   3  10   0   0  11  0.12 0.16
   17 L     0  -4  -5  -5  -4  -1  -4  -5  -4   3   4  -2   1   1  -5  -4  -3  -3   1   0    7   0   0   0   0   3   0   0   0  14  53   2   3   5   0   0   0   0   6   6  0.72 0.42
   18 D    -1  -1   1   4  -5   3   3  -2  -1  -2   0   0  -3  -2  -4  -2  -1   0  -4  -2    4   1   5  26   0  17  18   2   1   2   9   4   0   2   0   1   4   1   0   2  0.46 0.35
   19 T     1   2   2   0  -4   2   1  -1  -2  -3  -4   3  -3  -5  -2   1   0  -5  -4  -4   10  12   9   5   0   8   9   3   0   2   0  23   0   0   2  11   6   0   0   0  0.41 0.32
   20 D     0   0   2   4  -5   0  -1   4  -3  -5  -5   1  -4  -5  -4  -1  -3  -5  -1  -3    9   4   8  23   0   3   3  34   0   0   0   7   0   0   0   3   0   0   2   2  0.66 0.42
   21 H     2   0   0  -2  -3  -2   0   2   4  -1  -1   1   0  -3   0  -1  -1  -4   0  -2   18   5   3   2   0   0   5  20  13   3   5   8   3   0   5   2   2   0   4   2  0.25 0.24
   22 D     1  -1   3   4  -4  -1   1  -2  -3  -1  -4  -1  -3  -2  -2   2  -2   0  -2  -1   11   3  13  29   0   2   7   2   0   5   1   2   0   1   2  15   0   1   2   4  0.43 0.32
   23 G    -1   0   1  -1  -3   2  -2   3   0   0  -2   0  -2  -3   1   0   0  -3  -1   0    2   5   6   3   0  14   1  21   2   7   2   4   0   0   8   8   7   0   2   8  0.20 0.20
   24 S     0  -2   1  -1   0   0   0  -1  -1   1  -1  -1   1  -1  -3   2   3  -3  -3   0    5   0   8   2   2   4   5   5   2   8   5   3   4   2   0  21  19   0   0   5  0.19 0.21
   25 V     0  -3   1  -1   0  -2  -2  -3  -1   3   2  -3  -1  -1  -3   0   0  -3  -1   2    8   1  10   4   2   2   1   1   2  17  20   1   0   2   1   6   5   0   2  16  0.20 0.19
   26 S     1   0  -1   1   0   0   0  -2   1  -1  -2  -1   2  -3   1   3   1  -4  -3  -2   12   6   2   9   2   4   7   2   3   5   2   3   6   0   6  24   7   0   0   1  0.21 0.23
   27 K    -2   1   0   2  -4   0   1  -1  -1  -3  -3   4  -3  -1  -1   0  -1  -4   0   1    2   7   5  12   0   4   7   4   2   0   2  26   0   3   2   7   2   0   3  12  0.28 0.26
   28 D    -1   1   1   4  -4   0   1   1   2  -4  -3   2  -3  -4  -3  -1   0  -4  -1  -3    6   6   8  22   0   3  11  11   4   0   2  15   0   0   0   4   4   0   2   2  0.36 0.27
   29 E    -1   1  -2  -1  -5   0   4  -3  -1  -4  -2   3  -1  -1   0   0  -2   0  -2  -2    3   8   1   3   0   3  33   2   2   0   5  17   2   3   4   8   1   1   1   3  0.45 0.36
   30 F     0  -1  -1  -2   0  -2  -1   0  -1   1   2  -1   1  -1  -2  -2  -1   1  -1   1    7   4   2   2   2   1   4  10   1  10  27   5   4   2   2   0   3   2   2   9  0.11 0.14
   31 R    -1   4  -1  -1  -4   1   1  -1   2  -4  -2   1  -3   0  -2  -1  -3   2   3  -3    4  26   3   3   0   6   9   4   6   0   4  10   0   4   2   4   0   3  10   1  0.41 0.32
   32 V    -1   0  -1  -1   0   1   2  -3   0   0   1   0   0  -1  -3  -2   3   0  -3  -1    3   4   3   3   2   6  16   2   3   4  18   5   2   3   0   1  22   2   0   2  0.22 0.25
   33 P     0  -2  -2  -2  -4  -2   0  -1  -4  -2   0  -2  -3  -4   5  -1   2  -5  -4   1    9   2   2   2   0   1   5   5   0   2  10   2   0   0  32   4  12   0   0  12  0.57 0.39
   34 Y     1  -2  -1  -4  -1  -3  -2  -2  -3   1   3  -2   3  -1   1  -2  -2  -3   1   2   14   1   3   0   1   0   3   2   0   7  26   3   9   2   6   2   2   0   5  12  0.26 0.25
   35 M    -3  -1   0  -2  -4  -2  -1  -5   5   1   2  -1   3   1  -3  -2  -2  -4   2   0    1   3   4   1   0   1   4   0  18   7  25   5   7   6   1   3   1   0   6   6  0.43 0.35
   36 K     1   0  -1  -2  -4   0   0  -3   6  -1  -3   2   1  -2  -1   1   0   1   1  -2   13   4   2   1   0   4   5   2  20   3   2  12   4   1   3   9   5   2   6   2  0.35 0.32
   37 L     1  -4  -3  -3  -1  -2  -3  -1  -4   2   4  -4   0  -1  -2  -1  -1  -4  -1   1   12   0   1   1   1   2   1   5   0  10  41   0   2   2   2   4   4   0   2  10  0.43 0.35
   38 F     4  -3  -1  -2  -2  -1  -2   1   3   0  -1  -1   0   1  -3  -1  -1  -4  -2  -2   36   1   3   2   1   3   2  10   9   6   6   3   3   7   1   2   3   0   1   2  0.35 0.34
   39 P     2  -2  -4  -1   2  -1   0  -2  -4   0  -2   1  -1  -4   4   0   0  -5   0  -1   19   2   0   4   4   3   5   3   0   5   4   8   2   0  25   5   4   0   3   4  0.41 0.34
   40 K    -1   2   2  -1  -2   2   2  -2   0  -3  -2   3   1  -2  -4   0   0  -4  -1  -3    5  10  10   2   1   8  16   3   2   1   3  17   4   2   0   7   6   0   2   1  0.28 0.27
   41 L     0   1   0  -2  -3   1   1   0   0   0   0   1   0  -1   0  -1  -1  -3  -1   0    9   9   6   1   0   7  10   6   2   6  13   7   3   2   4   3   1   0   2   8  0.06 0.11
   42 T     0  -2   1   0  -3  -1   0   1   1  -1  -1  -1  -1  -2  -1   2   1  -4  -1   0    9   1   7   6   0   2   7   9   3   3   7   4   1   1   2  22   8   0   3   6  0.14 0.18
   43 K    -1   3  -1  -1  -4   0   1  -2   2  -2  -2   4  -3  -1   0   0   0   0  -2  -1    5  15   2   3   0   4   8   2   6   2   3  25   0   2   4   7   5   1   1   4  0.33 0.29
   44 D     1   1   2   1  -1   0   1   0   0  -1  -1   0  -1  -3  -1   0  -1  -4  -1  -1   12  10  13   9   1   4   8   7   2   3   6   4   1   0   3   7   2   0   3   4  0.12 0.14
   45 D    -2  -1   1   5   2   1   1  -1  -4  -2  -1   0  -2  -3  -3   1  -2  -5  -4  -1    3   3   5  32   5   6   8   4   0   2   7   4   1   1   1  12   2   0   0   4  0.45 0.36
   46 F    -1  -4  -2  -3   0  -3  -2  -2  -2   2   3  -2   1   0  -1  -1   2  -4  -1   1    3   0   1   2   2   1   3   3   1  12  31   2   2   4   3   6  12   0   2  11  0.29 0.25
   47 E     0   1   0   0  -4   2   4  -4   0   0  -1   1  -1  -4  -2  -1  -2  -4  -2   0    8   6   3   4   0  10  25   0   2   5   8   9   1   0   2   5   2   0   1   8  0.29 0.28
   48 V     1  -1  -1   2   0   0   1  -2   0   1   0   0   0  -2  -1   0   0  -1  -1   0   12   2   3  11   2   3   8   2   2   9  12   8   2   0   2   7   5   1   1   8  0.06 0.10
   49 V     1  -2  -2  -1  -3  -2  -2  -1  -2   2   1  -1   3  -1   0  -1   1   0  -2   2   10   1   1   3   0   2   2   5   1  10  16   3   8   2   4   4  11   2   1  15  0.16 0.19
   50 W     1  -1  -2  -2  -3  -2  -1   1  -2   1   2  -1   2  -1  -1  -1  -2   2  -1   0   13   3   2   2   0   1   4  14   1   8  20   4   6   2   3   5   1   3   2   6  0.12 0.16
   51 N     0  -1   3   2  -2   1   1  -1  -1  -1   1  -1   1  -2  -3   0   0  -4  -1  -1    6   3  19  10   1   5   7   4   1   3  13   2   4   1   1   6   6   0   2   5  0.16 0.19
   52 S    -1   0   0  -1  -1   0   2  -1   0   0   1   1   0  -1   0   0  -1  -3   2   0    3   3   3   3   1   5  13   4   2   4  16  12   2   3   4   6   1   0   9   6  0.08 0.14
   53 I    -1  -2  -1  -2  -1  -1  -1  -3  -1   2   2  -2   0   0  -1  -1  -1   1   3   2    4   1   3   1   1   3   5   2   1  10  23   2   2   2   2   6   3   2  10  15  0.19 0.20
   54 D    -1  -1   2   5  -5  -3   1  -2  -1   0  -2   0  -4  -1  -2  -1  -1  -5  -1  -1    4   3  11  34   0   0  10   2   1   6   4   4   0   3   2   3   4   0   3   4  0.51 0.39
   55 T     0   1   1  -1  -1   0   2  -2  -2   0  -1   0   0  -3  -1   0   2  -1  -2   0    9   7   7   3   1   4  15   3   1   6   6   4   3   0   2   7  15   1   1   7  0.13 0.18
   56 N    -2  -2   5   4  -2   1   0   0  -1  -4  -4   1  -5  -4  -2   0  -1   0  -5  -3    4   1  29  21   1   5   5   6   1   1   2   8   0   1   2   8   3   1   0   2  0.61 0.45
   57 G     1   0   1   0  -4   0  -1   3  -2  -3  -2   1  -3  -1  -1   1   0  -4   0  -2   14   5   6   5   0   3   2  22   1   1   4  10   0   2   2  11   5   0   3   3  0.22 0.22
   58 D    -2  -1   2   5  -3  -2   1  -1  -3  -3  -2   0  -4  -2  -1   0  -1   1   0  -3    3   3   8  36   1   1   9   5   0   1   4   5   0   2   3   8   3   2   3   2  0.52 0.39
   59 G     0  -1   1  -1   1   0   0   3  -1   0   0  -1  -1  -1  -2   0   1  -4  -2   0    7   2   7   2   4   4   6  23   1   5   8   3   1   2   1   7  10   0   1   5  0.15 0.17
   60 E     0   1   1   1  -4   1   2   0   0  -2  -2   1  -3  -1  -1   0  -1   1  -1  -2    8   9   8   7   0   8  15   7   2   2   3  10   0   3   3   6   4   2   2   2  0.17 0.17
   61 L    -1  -1  -1  -2  -3   0  -1  -2  -3   2   2  -1   2   1  -1   0   0   1   0   1    3   3   4   2   0   4   4   2   0  11  22   3   5   7   4   9   5   2   3   7  0.13 0.15
   62 S    -1  -4  -1   0   1  -2   0  -3   2  -3  -2  -1  -1  -5  -1   3   4   1  -2  -1    5   0   3   6   3   2   5   2   4   1   3   3   2   0   3  20  29   2   1   5  0.44 0.40
   63 F     0  -5  -2  -2   0  -4  -3  -3  -1   0   0  -4   0   3   5  -1  -1   4   0   1    7   0   2   3   2   0   1   2   2   5   9   0   3  11  27   5   4   6   3   9  0.56 0.40
   64 E     0   0  -2  -2   0   0   1  -1   0  -2   3   0  -2  -1   0  -2  -1  -4  -2  -1    7   6   1   2   2   4  10   6   2   1  35   5   0   2   6   3   3   0   1   3  0.25 0.26
   65 E    -3   1  -1   0  -2   1   2  -1   7  -2  -3   0   1  -2  -2  -1  -2  -5   0  -1    2   7   3   5   1   5  13   5  26   3   3   6   3   2   2   4   2   0   3   5  0.59 0.40
   66 L    -1   0  -2  -2   0   0  -2  -4   1   2   3  -2   1   2  -4  -1   0   1   2   0    5   5   2   2   2   4   2   0   3  11  27   2   3  10   0   4   6   2   6   5  0.26 0.22
   67 A     5   1  -2  -6   0  -2  -3  -2   0   0  -1  -1  -1  -1  -3   0  -3  -7  -6   0   42   7   2   0   2   2   2   3   2   5   7   4   2   3   2   6   2   0   0   6  0.64 0.43
   68 R     3   0  -2  -1   2  -1   1  -2   0  -1  -3   1  -5  -2  -2   1  -2   1  -6   1   26   5   2   4   4   3   8   3   2   3   3  10   0   2   3  10   2   2   0   9  0.31 0.28
   69 H     1   1   0   0   0   0   1  -1   4  -2  -2   1  -1   0  -2   0   0   1   1  -2   10   8   4   5   2   5   8   4   9   2   3   9   2   4   2   8   5   2   5   3  0.16 0.16
   70 Y    -1   0   0   0   2   0   0  -1   2   0  -1   0   2   0   0  -1   0   3   1  -1    5   5   5   5   5   5   5   5   5   5   5   5   5   5   5   5   5   5   5   5  0.07 0.08
   71 G    -2  -3   1   3  -2  -1  -2   6  -3  -3  -3  -3  -6  -5  -3  -1  -3  -6  -6  -6    4   2   5  15   1   3   3  52   1   2   3   2   0   1   2   4   1   0   0   0  1.07 0.63
   72 F    -2  -2   0  -2  -1  -1  -1  -3   7   1   0  -2  -1   2  -3  -1  -1   2   3   0    3   2   4   2   2   3   3   2  24   7   9   2   1   7   2   6   4   3   8   6  0.52 0.35
   73 N     0   0   2   3  -4   1   2  -2   2  -2   0   0  -1  -4   0  -1   0  -1  -2  -1    7   4   9  15   0   5  13   3   5   3   9   5   1   0   4   4   6   1   1   5  0.19 0.19
   74 V     0   0  -1   1  -3   2   2  -3  -2   0   0   0   0  -3  -1   0  -1  -4   0   2    7   4   3   7   0   9  12   2   1   6  12   7   2   1   3   6   3   0   3  13  0.12 0.16
   75 S     2  -1   0  -3   3  -1  -1  -2  -2   2   0  -2  -2  -2  -1   1   0  -5  -3   2   17   3   4   1   6   2   4   3   1  10   8   2   1   1   3  11   7   0   1  14  0.20 0.21
   76 P    -1  -2  -3  -1   0  -2   0  -2  -5  -1   0  -1  -1  -2   4   0  -2  -6  -4   3    6   3   1   3   2   2   7   4   0   2   9   4   2   2  23   8   2   0   1  21  0.43 0.35
   77 N    -1   2  -1   0  -2   1   2  -1   0  -2  -2   2  -1  -3   1   0   2  -5  -3  -1    5  12   3   5   1   7  13   5   2   2   3  11   1   1   7   6  12   0   1   4  0.21 0.22
   78 A     1  -3  -4  -1  -1   1  -1  -3   3  -1   4  -2   1   0  -4  -1  -1   0  -1   0   10   1   1   3   2   6   4   2   6   4  35   3   3   3   1   5   3   1   2   6  0.36 0.29
   79 M     0  -1  -4  -3   0  -3  -2  -4  -6  -1   5  -1   1  -1  -3  -1   0  -6  -4  -1    7   3   1   2   2   1   3   2   0   3  50   4   3   2   1   5   6   0   1   4  0.71 0.47
   80 R     0   2   0  -2  -2   1  -1  -2   0   1   3   1  -1  -2  -3  -1  -1  -5  -2  -1    7  10   4   2   1   7   4   3   2   8  27   8   1   1   2   5   3   0   1   3  0.23 0.22
   81 N    -2   1   2  -1  -4   0   3  -2   1  -3  -2   3  -2  -1  -3   0   0  -3   1  -3    3   6  10   4   0   5  17   4   3   1   4  19   1   3   1   7   5   0   5   2  0.34 0.30
   82 H     0   2   1  -2  -2  -1   0  -2   6  -6  -4   2  -4  -2   2  -1   0  -3   1  -3    7  10   6   3   1   3   6   3  19   0   2  11   0   2  11   5   5   1   4   2  0.55 0.40
   83 K     0  -1   0  -1  -1  -1  -1   3  -1  -3   0   2   1  -4   2  -1  -1  -3  -4  -2    7   4   4   3   1   3   3  25   1   2   9  11   3   1  10   5   3   0   0   3  0.30 0.26
   84 A     4  -2  -1  -2   2  -2  -3  -2  -3  -1  -1  -4  -2  -4   2  -1  -3  -3  -4   2   36   2   3   3   4   2   2   3   1   4   5   1   1   1  10   5   2   1   1  14  0.58 0.43
   85 A     1  -3   1   4   0  -3   0  -3  -3  -1  -1  -1  -2   2  -3   1  -4  -3  -1  -1   12   1   8  25   2   1   5   2   0   3   7   4   1   9   1   9   0   0   2   5  0.41 0.32
   86 E    -1  -3  -3   1  -3  -1  -1  -5  -4   3   0  -2  -2   0   1  -1   0  -1   0   4    5   1   1   7   0   3   4   1   0  13   8   3   1   5   6   4   5   1   4  28  0.40 0.30
   87 D    -1   0   6   3  -3   0   0  -3  -1  -3  -4  -2  -4  -5  -3   1  -1  -2  -2  -1    5   6  31  15   1   4   6   3   2   2   2   3   1   0   1   9   4   1   2   4  0.67 0.47
   88 M     1  -2  -2   1   1   0  -1  -1   0   1   1  -1   1   1  -1   0   0  -4   0   0   13   2   1   8   3   4   5   5   2   8  12   3   4   5   3   7   5   0   3   7  0.06 0.08
   89 T    -1   1   1   0   1   2   0  -2  -1  -1  -1  -1  -1  -2  -2   0   3  -6  -1  -1    5   8   8   5   3   8   6   3   1   4   5   4   2   2   2   8  19   0   2   5  0.21 0.22
   90 D    -1   0   2   5  -1   1   0   1  -2  -8  -3   0  -3  -4  -2   0  -1  -4  -8  -4    5   4   9  30   2   7   6  10   1   0   4   5   1   1   2   7   5   0   0   1  0.61 0.42
   91 E    -1   2   3   1  -3   2   3  -4   1  -3  -3   2  -4  -6  -3   1  -3  -2   0  -3    5  11  11   8   1   7  15   2   3   2   4  12   0   0   2  10   2   1   3   2  0.40 0.32
   92 Q    -3   2   3   2  -2   3   1  -3   1  -3  -1   1   1  -3  -3   0   0  -7  -1  -3    2  10  12   9   1  13   8   2   3   2   8   8   3   2   1   7   5   0   2   2  0.32 0.27
   93 I    -2  -1   1  -1   2   0  -2   4  -2  -2   1  -1   0  -1  -3   0  -3  -2  -4   0    3   3   6   4   3   4   3  31   1   3  12   4   2   2   1   6   2   1   1   7  0.41 0.29
   94 M    -3   3   0  -1   0   1  -1  -4   0   1   1  -1   2   0  -2  -1   0   5  -4   0    2  14   5   4   2   5   5   1   3   7  13   4   5   4   2   4   5   7   0   7  0.29 0.22
   95 E    -3  -3  -2  -1  -2  -1   2  -5   1  -7  -3  -1  -8  -2   1   0   6  -9  -1  -5    3   2   2   3   1   3  13   1   3   0   3   4   0   2   7   7  41   0   2   1  0.94 0.64
   96 A     4  -3  -8  -2  -1  -1  -3  -4  -4  -1   1  -4  -2  -6   5  -1  -2  -4  -3  -3   30   2   0   3   1   3   2   1   1   4  11   1   1   0  27   6   3   0   1   2  0.84 0.57
   97 L    -3  -2  -5  -6  -3   1  -4  -5  -9   1   6  -4   0  -2  -4  -2  -1   0  -3   0    3   2   1   1   1   5   1   1   0   7  56   1   2   2   1   3   4   1   1   5  1.08 0.61
   98 Q    -2   0  -3  -2  -1   3   0  -4   8  -2  -3   1   1  -2  -2  -1  -2  -2  -1  -2    3   5   1   2   2  13   6   2  29   2   4   8   4   2   3   4   3   1   2   3  0.91 0.55
   99 M    -1   1  -1  -2  -5   0  -1  -2   2   1   2  -1   2  -1  -2   0  -1   2   2   1    6   8   3   2   0   4   4   3   4   7  17   3   5   2   3   7   4   3   8   8  0.15 0.13
  100 Q     5   0  -1  -2  -2   0  -2  -3  -1  -3  -1  -2  -1  -3  -2   1  -2  -9  -8   0   40   6   4   3   1   4   3   2   2   2   6   3   1   1   3  10   3   0   0   6  0.60 0.43
  101 A     4  -2  -2  -3   3  -2  -2   1  -2  -1  -2   2  -6  -5  -2   1  -1  -3  -4   0   28   3   2   2   6   2   3   9   1   4   4  11   0   1   3  10   4   0   1   7  0.43 0.31
  102 A     1   0  -1  -1  -1   0  -1  -2  -2   0   1   0  -1   1   1   1  -1  -1   2   0   13   4   3   3   1   5   5   3   1   6  12   5   2   6   6   9   3   1   7   5  0.08 0.09
  103 I    -2   0   1   1   0   0  -2  -2   0   1   3  -1  -1  -1  -2   0   0  -3  -1  -1    4   5   7   9   2   5   2   4   2   6  23   4   1   3   3   7   5   0   2   5  0.16 0.13
  104 A     0  -4  -1  -1  -6  -2  -2   4  -3   0   0  -3   1  -3  -2   1  -2  -4  -3   2    9   1   3   4   0   2   3  29   1   4   8   2   3   2   3  10   3   0   1  12  0.42 0.28
  105 E    -2  -1   2   2  -2   3   2  -3   4  -2  -1   1  -2  -5  -2   0  -1  -2  -2  -4    4   3  10  12   1  11  13   2   9   2   6   8   1   1   3   8   4   1   1   2  0.39 0.28
  106 M    -1   1  -2  -3   0   1  -1  -4  -1   2   2  -1   3   0  -3  -1  -2  -1   1   1    4   7   2   2   2   6   5   2   2  10  21   4   7   4   2   5   3   1   4   8  0.23 0.14
  107 Q    -3   0   2  -2  -3   4   1   2  -1  -4   1  -1  -3  -5  -3  -1  -2   3  -2  -2    3   5   8   3   1  18  10  14   2   1  12   4   1   1   2   5   3   4   1   3  0.40 0.29
  108 A     3  -2  -2  -1   1  -1   1   0  -1  -1  -1  -2  -2  -1   1   1  -1  -1  -2  -1   26   2   2   3   3   3  10   8   1   4   6   2   1   2   7  10   3   1   1   4  0.26 0.21
  109 K    -1   2   2   0  -2   2  -1  -3   1  -3  -2   3   1  -3  -4   1  -1  -5   1  -2    5  11  10   5   1   9   4   3   3   1   5  14   4   1   1  11   5   0   5   4  0.29 0.23
  110 A     2  -3  -3  -1  -1   0   0  -1  -1   1   0  -1   0  -2  -1   1   0  -4   0   1   15   1   1   4   1   5   5   6   2   9  10   3   2   2   3  10   5   0   4  11  0.12 0.11
  111 D     0  -1   2   3  -2  -1   2  -1   1  -1  -2  -1  -2  -3  -1   1  -3  -6  -4   1    7   4   8  16   1   3  12   6   3   3   5   4   1   1   4  10   2   0   1  11  0.25 0.20
  112 E     1   0   1   1  -1   0   2  -2   0  -3  -1   1  -2  -4  -2   2  -1   0   0  -1   12   4   7   7   1   4  13   4   2   2   5   9   1   1   2  13   4   1   3   5  0.17 0.17
  113 K     0  -1   1   0   0  -1   1   0  -1   0  -1   1  -1  -4   2   1   0  -3   0   0    6   4   8   5   2   3   9   8   1   5   5   8   2   1   9   9   6   0   3   6  0.09 0.10
  114 R     0   2   0   0  -1   1   1  -1  -1  -2   0   0  -1  -2   1   0   0  -1   0   0    7  12   5   5   1   7   8   4   1   2   9   6   1   2   6   8   6   1   3   6  0.09 0.11
  115 E     1  -2   0   2  -4   2   2   0   1  -2   0   1  -2  -3  -1   0   0  -1  -2  -1    9   2   5  10   0   8  11   7   3   2   8   8   1   1   3   7   6   1   1   4  0.14 0.15
  116 S     0  -1  -2  -2  -3  -3  -1   2  -1  -1   2  -1   0  -3  -2   1   2   2  -2   0    7   4   2   3   1   1   4  16   1   4  16   3   2   1   3   9  11   2   2   8  0.17 0.16
  117 L    -2  -1  -2  -2  -2   1  -1  -4   0   0   4   1   0   0  -3  -1   0  -2   0  -1    3   4   2   3   1   6   5   2   2   5  34   8   2   3   2   5   5   1   3   4  0.37 0.25
  118 S    -1  -1   0  -1   2   0   1   0   3  -2   0   0  -3  -5  -1   1   2  -7  -2  -2    5   4   4   4   5   4   8   9   6   3   8   6   1   0   3  12  14   0   2   3  0.20 0.19
  119 A     3  -1  -1  -2  -2  -1  -1  -1   0  -1   1   0  -2  -1   1   1  -1  -2   0  -1   20   4   3   2   1   2   5   5   2   4  13   5   1   2   8  11   3   1   4   5  0.16 0.16
  120 S     1   0  -1   1  -2   0   0  -1   0  -1   1  -1   0  -4  -1   2   1  -4  -1  -3   11   6   2   7   1   5   6   5   2   3  15   4   3   1   3  15   8   0   2   2  0.15 0.16
  121 P     1   0  -1  -1  -1  -1  -2   0   5  -4  -2   2  -4  -3   5  -2  -4  -3  -3  -2   10   4   4   3   1   3   2   7  12   1   5  12   1   1  23   4   1   1   1   3  0.56 0.40
  122 M     0  -1   0  -3   3   0  -3  -2   0   0   2  -1   4  -1  -4   2  -2  -3   0  -1    7   3   4   1   5   4   2   4   2   5  18   3  10   3   1  15   3   0   4   5  0.27 0.21
  123 A     3  -3  -1   2  -4  -1   0   1   2  -2  -2  -1  -3  -3   0   0  -2  -2  -2   0   23   2   3  10   0   2   6  11   4   3   4   4   1   1   5   8   3   1   1   7  0.27 0.23
  124 P     0  -3   1  -1   0  -1  -2  -3  -1   1  -2  -3   0  -3   5   1  -1  -3  -4   1    9   2   7   4   2   3   3   2   1   8   4   2   3   1  25   9   4   0   1   9  0.45 0.34
  125 E     0   1   3   1  -1   1   2  -1   0  -2   0  -1  -3  -2  -1   1   0  -3  -3  -1    8   6  12   7   2   6  12   5   2   2   9   4   1   2   3   9   6   0   1   4  0.15 0.15
  126 N     1  -1   2   2  -1  -1   1   0   1  -2  -2  -1  -2  -2   1   0   0  -1  -1  -2   10   4  11  11   1   3   8   6   3   3   5   4   1   2   8   8   5   1   3   4  0.14 0.14
  127 R    -2   3  -1   0  -3   1   0   0   0  -1  -2   2  -4  -2   1   1   0   0  -3  -1    3  15   3   6   1   6   7   8   2   3   4  12   0   2   7   9   5   1   1   4  0.22 0.21
  128 S    -1  -2   1   3  -1  -1   1  -1   5  -3  -3  -2  -5  -4   1   1   1  -4  -3  -2    6   3   7  14   1   3   8   5  13   1   3   2   0   1   8  11   7   0   1   4  0.40 0.31
  129 R     1   2  -1   1  -2   0   1   0  -1  -1   0   0   0  -2  -1  -1   1  -1  -2   0   10  12   3   7   1   4  10   8   1   3   9   5   3   2   4   5   7   1   1   6  0.09 0.11
  130 R     0   3   1   1  -3   2   1   0   1  -2  -2   1  -3  -4  -2   0  -1  -3  -5  -4    8  17   6   9   1   8   9   8   3   3   5   7   1   1   3   7   3   0   0   1  0.30 0.25
  131 V    -1  -2  -1  -3  -1  -1  -1   1  -2   2   0   0  -1   0  -4  -2   0  -1   1   3    6   2   3   2   1   2   4  12   1  12   9   6   2   4   1   3   7   1   5  18  0.22 0.15
  132 T     1  -1  -1  -2  -1  -1  -1  -3  -3   0   1   1   2  -3   1   1   1  -1  -1   1   12   4   4   2   1   3   4   2   1   4  13   8   4   1   7   9   7   1   2   9  0.12 0.13
  133 N     0   0   2  -1  -4   2   2  -2  -1  -3  -1   0  -4  -4   0   1   3   1  -3  -3    7   6   9   4   1   7  11   4   1   2   6   6   0   1   5   9  17   2   1   2  0.26 0.26
  134 T     2   0   0   1  -1  -2   0  -2   0  -2   0   1  -1  -1   3   0  -1  -2  -1  -3   15   6   4   8   1   2   5   3   2   3   9   7   1   2  14   8   4   1   3   2  0.18 0.18
  135 M     0  -1  -4  -3  -4   0  -3  -4  -3   1   4  -1   2  -1  -1  -3  -3  -2   0   1    8   4   1   2   0   4   2   2   1   8  38   4   5   3   4   3   2   1   3   8  0.53 0.33
  136 G     0  -2  -3  -4  -1   0  -2   2   6   1   2  -2   2  -4  -5  -1  -2   0   0  -2    7   3   1   1   1   4   3  16  15   8  17   3   5   1   1   4   3   2   3   3  0.48 0.30
  137 R     0   2  -1  -1   2   1   1  -4   0   0   1   1  -2  -2  -4   0  -1   1   0  -1    7  13   4   4   4   5  10   2   2   5  15   7   1   1   1   6   4   2   3   4  0.16 0.15
  138 R     4   3  -1   0  -1   0  -1  -1  -1  -2  -3   1  -2  -4  -3   1  -3  -1  -2  -2   28  14   3   5   1   4   4   5   1   3   3   9   1   1   1   9   2   1   2   3  0.41 0.31
  139 K     2   0  -2  -1   2   0  -1  -1  -2   0   0   2  -1  -4  -1   1   0  -6  -1   1   18   5   2   4   3   4   4   4   1   6   8  11   2   0   3   8   5   0   2   8  0.15 0.14
  140 N     1   1   3   2  -1   0   1  -2   0  -1  -1   0  -1  -3  -4   1   0  -2  -1  -3   10   7  12  10   1   5   9   3   2   3   8   6   1   1   1  11   6   1   3   2  0.19 0.18
  141 S     0  -1   1  -1  -1   1   0  -1   0  -2  -1  -1  -2  -1  -1   3   1  -2   0  -1    9   4   7   3   1   5   5   5   3   2   7   4   1   3   4  22   7   1   3   5  0.16 0.18
  142 N    -2  -1   4   1  -2   0   0   3   1  -4  -3  -1  -3  -2  -2   1  -2  -3  -3  -1    3   4  18   7   1   4   6  24   3   1   3   4   1   2   2   8   3   0   1   5  0.46 0.32
  143 G    -1  -1   3   1  -1   0   1   0   4  -3  -1   1  -1   0  -3   0  -2  -3  -1  -3    5   4  12   8   1   4   9   9  10   2   6   7   2   4   2   8   2   0   3   2  0.25 0.19
  144 I     1  -2  -3  -2  -1  -3  -1  -2  -3   2   2  -1   1   1  -1  -1  -1  -5  -1   2   10   3   1   3   1   1   5   3   1  12  21   4   3   5   4   4   4   0   2  13  0.22 0.15
  145 Q    -1   1   0   3  -4   2   3  -1   1  -5  -1   2  -3  -3   0   0  -2  -6  -3  -2    5   8   4  13   0  10  15   5   3   1   6  10   1   1   5   7   3   0   1   3  0.30 0.25
  146 T     0  -2  -1  -1   3  -2  -2  -3  -2   2   1  -2   1  -1  -2   1   2  -2  -2   2    9   2   3   4   5   2   2   2   1  10  13   3   3   2   2  10  12   1   1  12  0.21 0.15
  147 I     0  -2  -2  -5   0  -3  -2  -3  -3   1   2  -1   3  -2  -3  -1  -1  -2  -6   4    9   3   3   1   2   1   3   3   1   8  18   4   6   2   2   4   3   1   0  25  0.43 0.27
  148 K    -1   2   0   0  -2   2   0  -1   1  -4  -2   4  -2   0   0  -1  -2   1  -2  -3    6  10   5   5   1   8   7   4   3   1   4  23   1   4   5   6   3   2   2   2  0.35 0.27
  149 M     0   0  -1  -3  -1   0   0  -1   1  -1   2   0   1   0   1   0  -1  -2   1  -1    7   5   3   2   1   4   6   5   3   3  18   5   4   4   6   8   4   1   6   5  0.09 0.09
  150 P    -1  -3  -3  -2  -3  -4   0   0   0   0   4  -3   0   0   3  -2  -3  -2  -3  -1    7   2   2   3   1   1   6   7   2   4  34   2   2   3  13   4   2   1   1   4  0.46 0.31
  151 T    -1   0  -1  -1  -2  -1   0  -2   0   0   3  -1  -1  -2   0   1   0  -5  -2   1    5   4   3   3   1   2   7   3   2   5  28   3   1   1   5  11   5   0   2   8  0.20 0.19
  152 K    -1   1   1   2  -2   2   1  -2  -3  -3  -4   2   1  -6   2   1  -2  -7  -2  -3    5   6   7  12   1   7  10   4   1   2   2  13   3   0   8  11   2   0   2   3  0.33 0.27
  153 T     0   0   1   0  -1   0   0  -1   2   0   0   0  -1  -1   0   0   1  -2  -1  -1    9   5   8   4   1   3   5   5   6   6  10   6   1   3   5   6   9   0   2   4  0.05 0.06
  154 T    -1  -1   3   0  -2  -1   0   3   0  -2  -3  -1  -1  -3   1   0   0  -2  -2  -2    5   4  15   6   1   3   6  18   2   3   3   4   2   1   7   8   7   1   2   3  0.26 0.21
  155 L     1  -2  -1  -1   2   1  -1  -2  -1   1   1  -1   0   0  -1   0  -2   0   0   1   15   2   2   4   4   6   4   2   1   7  13   4   3   4   4   8   2   1   3  12  0.10 0.11
  156 S    -1   0   2   1   0   1   0  -1   2  -1  -1   0  -1  -3   0   2   1  -5  -1  -1    4   5   9   9   2   6   6   4   5   3   5   6   1   1   5  13   8   0   2   5  0.13 0.14
  157 V    -1  -2   0   2   1  -2   0  -1  -2   2   0  -1   0  -1   0   0   0  -4  -3   1    4   2   5  14   3   2   6   5   1  11   9   4   2   3   5   7   5   0   1  11  0.12 0.11
  158 D    -4  -1   4   5  -3  -3   3  -1  -1  -4  -3  -2  -3  -5   1   1  -4  -3  -3  -4    2   4  18  24   1   1  15   5   1   2   3   3   1   1   7   9   1   0   1   2  0.71 0.45
  159 E    -1   0   0   2  -2   2   3  -2   0  -2  -3   1  -3  -3   1   0  -2  -2   0  -3    6   5   5  13   1   9  18   4   3   3   3   9   1   1   6   7   2   1   3   2  0.29 0.25
  160 T    -1  -1   1   1  -3   0   0   4   0  -2  -1   0  -1  -4  -3  -1   0  -6  -2  -2    5   3   6   7   1   4   5  32   2   2   7   7   2   1   1   5   6   0   2   3  0.37 0.27
  161 E    -1   2   2   2  -2   1   2  -1   0  -2  -1   0  -1  -2  -1  -1  -2   2  -1  -2    5  12  11  13   1   6  12   5   2   2   6   4   2   2   3   3   2   2   2   3  0.22 0.20
  162 V    -1  -1   0  -1   0  -2   0  -3  -1  -1  -2  -1  -1  -2  -2   1   5   1  -1  -2    6   3   5   3   2   2   6   2   1   3   4   4   2   2   2  10  35   2   3   3  0.49 0.39
  163 Q     3   0  -2   0  -2   0  -1  -2   0  -3  -1   0  -2  -4   5  -1   0  -2  -3  -2   20   6   2   5   1   5   4   3   2   1   6   5   1   1  24   5   5   1   1   3  0.44 0.36
  164 F    -3  -7  -5  -4  -7  -7  -6  -6  -3   1   6  -5   1   2  -8  -7  -3   0   0  -2    2   0   1   1   0   0   1   1   1   8  64   1   2   9   0   0   2   1   3   3  1.39 0.74
  165 L    -4  -2  -4  -5   0  -2  -4  -7   8   0   2  -2   3   2  -7  -3  -3  -2   1  -1    1   2   1   1   2   2   1   0  34   6  18   2   8   7   0   3   2   1   4   4  1.18 0.65
  166 Q    -1   1  -1   0  -2   1   1  -4   3   0   1   1   1   0  -5  -1  -1   4   2  -1    4   8   2   5   1   7   8   1   6   4  13  10   4   4   0   5   3   5   6   4  0.21 0.19
  167 A     7  -5  -5  -5  -2  -4  -4  -5   0  -1  -3  -5  -2  -4  -5  -1  -3  -8   0  -2   70   1   1   1   1   1   1   1   2   3   3   1   1   1   1   4   2   0   3   3  1.56 0.88
  168 C     4  -4  -7  -7   6  -4  -4  -6  -3   2  -2  -4  -2  -3  -7  -1  -1  -7  -7   3   35   1   0   0  16   1   1   0   1  10   4   1   1   1   0   5   5   0   0  18  1.07 0.62
  169 E     1   3  -1  -1  -1   2   1  -2   0   0  -1   1  -1  -1  -4   1  -1   0   0  -2   11  14   2   3   1   9   9   3   2   6   6  10   2   3   0   9   3   1   4   3  0.17 0.18
  170 L     0   2   2   0  -1   1   1  -1   2  -2  -1   0   0  -1  -3   0   0   0   1  -2    7  11  10   4   2   7   8   4   5   2   6   7   2   3   1   7   5   1   5   3  0.16 0.15
  171 G    -2  -2   3  -2  -2  -3  -2   6  -1  -4  -3  -2  -8  -3  -8  -2  -4  -8  -3  -4    4   3  12   2   1   2   3  55   2   1   3   3   0   1   0   3   1   0   1   2  1.29 0.70
  172 S    -3   1   4   4   0   0  -2  -3   5  -4  -3   0  -2  -2  -2  -1  -4   0   0  -4    3   6  18  21   2   4   3   2  12   1   3   5   1   2   3   5   1   2   4   1  0.68 0.43
  173 K     0  -3  -2  -1   0  -2   0  -4   0   2   2  -2   1   0   1  -1   0   0   0   1    6   2   2   4   2   2   6   2   2  10  18   3   3   4   8   4   7   1   4  11  0.16 0.12
  174 K     0   1   0   2  -1   1   3  -2   2  -3  -3   0  -2  -2   0  -1   0   0  -2  -3    9   7   4  12   1   6  18   4   4   1   4   6   1   2   5   6   5   1   1   2  0.26 0.23
  175 E     0   0  -1  -1   3   0   0  -2   0   1   1  -1   1  -1  -1  -1   0   1   0   1    6   5   3   4   7   3   7   3   2  11  13   4   4   2   2   4   7   2   3  10  0.05 0.08
  176 I     0  -2  -5  -6   1  -2  -5  -3  -5   2   2  -5   2   0  -1  -2  -1   1  -4   4    8   3   0   0   3   2   0   3   0  11  21   0   5   3   3   3   4   2   0  27  0.51 0.35
  177 R     0   0   0   0   2   0   0  -1   1   0  -1   0   1   0   0   0   0  -2   1   0    5   5   5   5   5   5   5   5   5   5   5   5   5   5   5   5   5   0   5   5  0.03 0.05
  178 S     0   1  -2  -1  -3   1   1  -3   0   0   1   1   0   1  -3   0  -1   1   2  -1    7   6   2   4   0   6  10   2   2   5  16   8   2   6   1   6   3   2   8   4  0.12 0.13
  179 F    -3  -6  -9 -10   0  -7  -7  -8  -5   0   6  -9   3   2  -7  -5  -5  -3  -2  -2    2   0   0   0   2   0   1   0   0   5  69   0   6   6   0   1   1   0   2   3  1.67 0.86
  180 L    -4  -7  -6 -10   0  -6  -9 -10  -2   3   6  -6   1  -1  -7  -5  -3  -4  -4   2    2   0   1   0   2   1   0   0   1  14  59   1   2   2   0   1   2   0   1  11  1.45 0.75
  181 D     0   1   1   2  -4   2   4  -3  -1  -4  -3   2  -3  -4  -3   1  -2  -1  -4  -4    7   7   6  12   0   7  22   2   2   1   3  12   1   1   1   9   2   1   1   1  0.46 0.36
  182 K     1   2   2  -2   0   1   0  -3   4  -3  -1   2  -2  -1  -2   0  -2  -3   2  -5   10  11   9   3   2   7   6   2  10   2   6  13   1   3   2   7   2   0   6   0  0.32 0.27
  183 K    -4   0   1  -2  -6  -1  -1   6  -2  -7  -4   1  -4  -5  -3  -3  -3  -8  -3  -4    2   5   7   3   0   3   4  55   1   0   2   9   1   1   2   2   2   0   1   2  1.18 0.67
  184 T     5  -2  -4  -2   3  -2  -1  -2   1   0  -2  -4  -2  -2  -2   0  -1  -1   0   1   40   2   1   3   5   2   4   3   3   4   4   1   1   2   2   7   4   1   3   8  0.54 0.39
  185 S    -2  -1   4   6  -1  -1  -2  -2   0  -4  -2   0  -7  -3  -2   1  -3  -8  -3  -5    3   3  16  35   1   3   3   3   2   1   4   5   0   1   2  11   2   0   1   1  0.81 0.52
  186 V    -1  -4  -6  -5  -2  -5  -5  -7  -3   3   1  -4  -2  -3   4  -4  -2  -8  -5   5    6   1   0   1   1   1   1   0   1  16  13   1   1   1  19   1   3   0   0  33  0.98 0.57
  187 R    -2   0   7   3  -4  -3   1  -4   2  -5  -4  -2  -3  -4  -5  -1  -1  -8  -3  -7    3   5  46  13   0   1   7   2   4   1   2   2   1   1   1   5   4   0   1   0  1.22 0.70
  188 I     1  -1  -3  -2   2   1   0  -3   0   2   1  -1   0   0  -2  -1  -1   0  -1   2   14   3   1   2   4   6   6   2   3  12  13   3   2   4   2   5   4   1   2  13  0.16 0.14
  189 E     0   3  -2  -1   2   2   0  -3  -1  -2  -1   2  -1  -2   1  -1   1  -6  -2   0    7  14   1   3   4  10   5   2   1   2   7  13   2   2   7   5   8   0   1   6  0.25 0.22
  190 D    -5  -4   4   7  -3  -5  -2  -2  -4  -6  -5  -3  -8  -2  -6  -1   0  -4  -5  -6    1   1  19  51   1   1   3   4   1   1   2   2   0   2   1   5   6   0   1   1  1.52 0.80
  191 D    -1   1   2   2  -2  -1   2  -2   1  -2  -3   2  -3  -3  -1   2  -1  -3   0  -1    6   7   8   9   1   3  14   3   3   2   3  11   1   1   3  13   4   0   4   4  0.22 0.21
  192 K    -1   0   2   2  -1  -1   2  -1   1  -2  -1   1   0   0  -5   0  -1   0   2  -2    5   5  11  13   2   3  11   4   4   2   6   8   3   3   0   7   4   1   6   3  0.19 0.17
  193 G    -3  -3  -1  -2  -4  -4  -2   7   0  -5  -5  -1  -4  -7  -7  -2  -4  -3  -2  -6    2   2   3   3   1   1   3  68   2   1   1   5   0   0   0   3   1   0   2   1  1.65 0.82
  194 E    -2   4   2   1   0   1   0  -4   0  -2  -3   0   0   1  -4  -3  -2   6   2  -3    4  17   8   6   2   7   6   2   2   3   3   5   3   6   1   3   2  11   6   2  0.51 0.32
  195 M    -4  -2   0  -3  -1  -8  -6  -4  -4  -4  -2  -3  -2  -1  -4   2   7  -9  -1  -5    2   3   4   2   1   0   1   2   0   1   4   2   1   3   1  12  56   0   3   1  1.48 0.83
  196 P     4  -6  -9  -7   1  -5  -6  -5  -9  -3  -2  -7  -4  -4   6  -4  -6  -9  -4   0   33   1   0   0   3   1   1   1   0   2   5   0   0   1  42   2   1   0   1   6  1.58 0.88
  197 L    -5 -10 -11 -11  -5 -10  -7  -8 -11   1   6 -10   0   0 -11  -8  -5  -3  -9  -1    1   0   0   0   0   0   1   0   0   8  76   0   2   4   0   0   1   0   0   4  2.09 0.98
  198 H    -7  -3  -4  -6   1  -2  -5  -8  10  -1  -2  -5   4  -1  -5  -4  -3  -2   0  -3    1   2   1   1   2   2   1   0  57   3   5   1  10   3   1   2   2   1   3   2  2.37 1.07
  199 K    -1  -1  -3  -6  -1   0   0  -8   0   1   2   0  -1   0  -8  -2  -3   6   4   0    5   4   2   1   2   5   6   0   2   7  21   7   1   4   0   3   2   9  12   7  0.53 0.33
  200 L     7  -9  -9 -10   2  -9  -6  -6  -5  -2  -2  -6  -9  -5  -6  -1  -6 -10 -10  -3   77   0   0   0   4   0   1   1   0   3   4   1   0   1   1   5   1   0   0   3  2.17 1.08
  201 S     5  -5  -9  -9   6  -9  -9  -5  -9   2  -4  -9   0  -6  -9   1  -1 -10  -9   3   39   1   0   0  15   0   0   1   0   9   2   0   2   0   0   9   3   0   0  16  1.37 0.72
  202 R     1   2  -1  -2   1   0   0  -2   0   1   0   1   2  -2  -6   1  -2   1   2  -2   11  10   3   3   3   4   5   4   2   9   9   8   4   2   0   9   2   2   6   3  0.17 0.14
  203 H     0   1   4  -3   1   1  -1  -2   5  -3  -3   2  -2   0  -5  -1  -1  -1   3  -3    7   7  16   2   3   5   4   4  10   2   4  11   1   4   1   6   4   1   8   2  0.42 0.28
  204 G    -2  -2   3  -1  -2  -2  -2   6  -9  -7  -6  -2  -5  -9  -6  -2  -6  -9  -5  -6    4   3  13   4   1   2   3  59   0   1   1   3   0   0   1   4   1   0   1   1  1.53 0.79
  205 D    -3   2   4   3  -1   2  -2  -6   7  -6  -4  -1  -4  -2  -6  -1  -4   0   1  -4    3   9  16  15   1   8   3   1  22   1   2   4   0   2   1   5   1   1   4   1  1.00 0.56
  206 V    -1  -1  -2  -2  -4  -3  -2  -4   0   1   3  -1   0   0   0  -2   0  -1   2   2    6   3   2   2   0   1   3   1   3   8  24   4   2   3   4   4   6   1   6  15  0.27 0.18
  207 S     0   0   0   4  -5   1   4  -1  -2  -5  -4   0  -4  -5  -1  -1  -3  -1  -4  -4    9   4   5  18   0   6  26   5   1   1   2   6   1   1   4   6   2   1   1   2  0.57 0.40
  208 V     0  -4  -5  -5   5  -1  -3  -4  -4   3   1  -3   2  -3  -4  -4   0  -1  -7   4    7   1   1   1  10   3   2   2   1  16  13   2   5   1   1   2   6   1   0  24  0.71 0.37
  209 V     1  -8  -4  -9   2  -6  -8  -8  -5   3   2  -8   1  -1  -8  -5  -2  -8  -8   6   10   0   1   0   4   1   0   0   0  12  19   0   3   2   0   1   3   0   0  42  1.26 0.62
  210 R    -3   3  -1  -1   1   3   3  -5  -2  -3  -1   4  -2  -4  -3  -2  -3  -2  -5  -4    3  15   3   4   2  12  15   1   1   2   6  24   1   1   2   4   2   1   1   1  0.65 0.42
  211 E     0  -1  -3  -2  -1   1   1  -6  -1   0   2   0   2   2  -4  -2  -3   0   3   1    7   4   1   3   1   6   8   0   2   6  18   6   4   9   1   3   2   1   9   9  0.28 0.19
  212 I    -4  -5 -10 -10   0  -5  -6 -10  -3   1   6  -4   1  -2 -10 -10  -6  -1  -5  -3    2   1   0   0   2   1   1   0   1   8  74   1   3   2   0   0   1   1   1   2  1.92 0.91
  213 L    -4  -6  -8  -8   0  -6  -8  -5  -8   4   5  -8   1  -2  -5  -6  -5  -7  -4   2    2   1   0   0   2   1   0   1   0  19  52   0   3   2   1   1   1   0   1  13  1.42 0.66
  214 E    -2   1   0   3  -2   2   4  -4   0  -3  -3   1  -2  -2  -4   0  -2   0  -2  -3    4   6   5  12   1   9  25   1   2   2   4   9   1   2   1   8   2   1   1   2  0.49 0.32
  215 V     0   1   2  -2   0   2  -1  -4   3   0  -1   2  -1   0  -3  -1  -2  -1   2   0    9   7   9   3   2   8   4   2   7   5   6  12   1   4   1   5   3   1   6   6  0.21 0.14
  216 S    -1  -1   0   0   0  -2  -2   5   0  -2  -2  -2  -1  -2  -2  -1  -1  -3  -1  -3    5   4   5   5   2   2   3  40   2   3   4   3   2   2   3   5   4   0   2   3  0.57 0.31
  217 D     4  -1   0   0   0  -1  -1   0  -1  -2  -1  -1  -1  -3   0   0  -1  -2  -2  -1   27   3   5   6   2   3   4   7   2   2   6   4   2   1   6   8   4   1   2   4  0.23 0.15
  218 G     1   0   3   1   0   0  -1   0   1  -1  -1   0  -1  -2  -1   1  -1  -3  -1  -1   10   5  12   9   2   4   5   8   3   4   6   6   1   2   4  10   4   0   2   4  0.11 0.08
  219 D     0  -1   1   3  -2   0   0  -2   0   0  -1  -1  -1  -1   3  -1   0  -2  -1   1    7   3   6  14   1   4   6   4   2   6   6   3   1   3  12   5   5   1   2   8  0.15 0.09
  220 G     0   0   1   1   0   0   0   1   1   0  -1  -1  -1  -1   0   1   0  -2  -1   0    9   5   8   7   2   3   6   9   3   6   6   4   1   2   5  10   5   1   2   7  0.05 0.03
  221 G     1   0   2   0  -1   1  -1   1   0  -1  -1   0   0   0  -1   1   0  -1  -1  -1   10   4   9   4   1   6   4  10   2   4   8   4   2   4   4  12   6   1   2   4  0.06 0.04
  222 I     0   0  -1   0   0   0   0  -1   1   1   0   0   0   0   0   0   0  -1   0   0    9   4   3   4   2   4   6   4   3  10  11   7   2   3   5   7   6   1   4   5  0.02 0.01
  223 K    -1   1   1   1  -1   1   0   1   1  -1  -2   2  -2  -1   0   0   0   0  -1  -1    6   7   7   9   1   6   6   9   3   3   4  11   1   2   5   7   5   1   2   4  0.10 0.06
  224 V     2  -1  -1  -1   2   0   0  -1  -1   1   0  -2  -1  -1  -1  -1  -1   0   0   2   16   3   3   4   4   4   5   6   1   7   8   3   2   2   4   5   4   1   3  13  0.09 0.06
  225 V    -2  -1   2   4  -1  -1   0  -1   1  -1   1  -2  -2   0  -1  -1   0  -1  -1  -1    3   3   8  20   1   3   6   6   3   4  12   3   1   4   4   5   5   1   2   5  0.20 0.12
  226 L    -3  -3  -2  -4  -2  -3  -4  -3  -3   4   2  -4  -1  -1   0  -2  -2   0  -3   4    2   1   2   1   1   1   2   2   1  22  19   1   1   3   4   4   2   2   1  27  0.64 0.31
  227 N    -3  -1   7   3  -5  -2   0  -3  -1  -4  -4  -2  -1  -3  -3  -1  -2  -5  -4  -4    2   4  49  13   0   2   6   2   1   1   3   2   1   1   2   5   3   0   1   2  1.27 0.63
  228 W     2  -1  -3  -2   3   1   0  -2   1   0   0   0   1   1  -1  -1   0   1   1   0   19   2   1   3   5   6   5   2   4   6   7   5   3   6   3   4   5   2   4   7  0.13 0.12
  229 Q    -1   4  -1  -1   1   3   0  -2  -4  -2  -1   2  -1  -4   0  -2   1  -3  -2  -1    6  19   2   3   3  13   5   4   0   3   5  12   2   1   4   3   8   0   2   4  0.32 0.24
  230 D    -3  -4   4   7   1  -4  -3  -2  -3  -6  -4  -4  -2  -3  -3  -1   0  -6  -4  -5    3   1  16  49   3   1   2   4   1   1   2   1   1   1   2   5   6   0   1   1  1.31 0.66
  231 K    -1   2   2   1   0  -1   1  -1   1  -2  -2   2  -1   0   0   1  -2  -2   0  -2    5   9   8   8   2   2  11   4   3   3   3  10   2   4   5  12   2   1   4   3  0.15 0.15
  232 Q    -1   0   2   2  -1   1   2  -1   2  -3  -1   0  -1  -1  -4   0  -1   0   2  -3    5   5   8  12   1   7  14   5   5   1   7   5   1   2   0   7   3   1   7   1  0.22 0.19
  233 G    -3  -4   0  -1  -3  -1  -3   6  -2  -5  -4  -1  -5  -4  -6  -3  -3  -2  -2  -4    2   1   5   4   1   3   2  63   1   1   2   4   0   1   1   2   2   1   2   2  1.42 0.70
  234 K    -1   2   2  -1   0   2   1  -3   1  -1  -1   0   1   0  -3   0  -1   4   1  -2    5  12  11   4   2   8   7   1   3   3   7   4   4   4   1   6   4   5   5   2  0.22 0.19
  235 S    -4  -5  -2  -3  -3  -5  -6  -5  -3  -4  -6  -6  -7  -7  -3   2   7  -7  -4  -3    2   1   2   2   1   1   1   1   1   1   1   1   0   0   2  12  70   0   1   2  1.99 1.03
  236 P     4  -4  -5  -6   0  -6  -6  -6  -8  -3  -2  -7  -8  -7   7  -4  -6  -9  -4  -2   30   1   1   1   2   0   1   1   0   2   5   0   0   0  51   1   1   0   1   3  1.77 0.97
  237 I    -3  -8  -8  -9  -7  -8  -8  -9  -8   1   6  -8   0  -1  -8  -4  -4  -1  -3  -1    2   0   0   0   0   0   0   0   0   8  76   0   2   3   0   1   1   1   1   4  1.83 0.87
  238 F    -3  -3  -3  -2  -3  -2  -5  -6   9   1  -2  -4   5   0  -8  -5  -3   1   1  -3    3   2   1   3   1   2   1   1  51   6   4   1  11   3   0   1   2   2   4   2  1.93 0.91
  239 Y    -2  -1  -2   0   0  -1   0  -5   2   1   2  -1   0  -1  -6  -2  -1   6   3   0    3   4   2   5   2   3   7   1   5   7  23   3   2   2   0   2   4  10  11   5  0.42 0.30
  240 A     7  -8  -5  -8   1  -7  -5  -5  -8  -4  -3  -7  -7  -3  -7  -1  -3  -8  -3  -4   80   0   1   0   3   0   1   1   0   1   3   0   0   1   0   5   2   0   1   1  2.03 1.03
  241 A     4  -3  -6  -7   7  -4  -4  -4  -7   2  -2  -2  -2  -6  -6   0   0  -7  -2   2   33   2   0   0  18   1   1   1   0   9   3   2   1   0   0   8   6   0   1  13  0.94 0.55
  242 E     0   2  -1  -1   0   2   1  -3   0   1  -1   2   0  -1  -4   1  -1  -1   0  -1    8  11   3   2   3   9   9   2   3   8   6  11   2   3   0  10   3   1   4   4  0.16 0.17
  243 Y     0   2   2  -2   2   0   0   0   2  -2  -1   1   0   0  -3   0  -1  -1   2  -3    6  10  12   2   4   4   6   6   4   2   5  10   2   5   1   5   4   1   7   1  0.17 0.17
  244 G    -2  -1   1  -1  -1  -2  -2   6  -2  -8  -5  -1  -7  -8  -3  -1  -2  -8  -5  -4    4   4   7   3   2   2   3  58   1   0   1   4   0   0   1   4   2   0   1   2  1.21 0.66
  245 H    -3   1   4   2   1   1  -2  -5   7  -5  -3  -1  -3  -2  -5   0  -3  -3   1  -4    2   6  19  10   3   7   2   1  25   1   3   4   1   2   1   7   1   0   4   1  0.93 0.54
  246 H    -1  -2  -2   0  -2   0   1  -3   0   0   2   0   0   0   0   0   0  -1   1   1    4   1   2   5   1   4   9   2   3   6  21   6   2   3   5   7   5   1   5   9  0.09 0.12
  247 G     0   0   1   3  -4   1   4  -1   0  -5  -3   0  -3  -5  -2   0  -3  -3  -2  -3    7   5   6  18   0   5  28   6   2   1   3   5   1   1   2   6   2   0   2   2  0.52 0.38
  248 V    -1  -5  -4  -5   5  -4  -5  -5  -3   4   0  -3   3  -1  -4  -2   0  -2  -3   4    4   1   1   1  13   1   1   1   1  23  10   2   7   2   1   3   5   1   1  23  0.80 0.44
  249 C     2  -5  -7  -5   2  -4  -5  -5  -7   2   1  -6   0  -2  -5  -3  -2  -7  -3   5   15   1   0   1   3   1   1   1   0  10  14   0   2   2   1   2   3   0   1  42  0.96 0.54
  250 S    -1   3  -1   0  -1   2   3  -4   1  -4  -3   4  -3  -7  -4   0  -1  -1  -4  -4    4  13   3   4   1  10  17   1   4   1   2  24   1   0   1   7   4   1   1   2  0.57 0.41
  251 L     0  -2  -4  -2  -1  -1  -1  -5  -1   1   3  -1   1   2  -4  -3  -1   2   3   0    7   2   1   2   1   3   5   1   1   7  31   4   3   8   1   1   4   2   8   6  0.36 0.26
  252 L    -4  -8  -9  -9  -2  -8  -9  -9  -4   0   7  -8   1  -1  -9  -6  -5  -8  -2  -4    2   0   0   0   1   0   0   0   1   5  82   0   3   3   0   1   1   0   1   1  2.05 0.96
  253 L    -4  -5  -8  -8  -3  -3  -8  -8  -2   3   5  -5  -1  -2  -8  -5  -3  -7  -3   2    1   1   0   0   1   1   0   0   1  15  58   1   1   2   0   1   1   0   1  14  1.38 0.69
  254 D     0   0   0   2  -3   3   4  -2  -1  -5  -3   1  -1  -2  -3   1  -1  -1  -4  -4    9   5   5  10   1  13  22   3   1   0   2   9   1   2   1   9   3   1   0   1  0.45 0.35
  255 R     1   3   1  -2   0   1  -1  -2   5  -4  -2   3  -2  -2  -4  -1  -1  -2   2  -4   12  14   8   2   2   5   4   2  12   1   4  14   1   2   1   4   4   1   8   1  0.41 0.31
  256 G    -3  -2   1  -1  -1  -3  -2   6  -1  -4  -4  -1  -4  -7  -3  -4  -5  -7  -3  -5    2   2   6   4   1   1   3  65   2   1   2   4   1   0   2   1   1   0   1   1  1.45 0.73
  257 A     6  -4  -4  -5   3  -3  -3  -1  -3  -2  -4  -3  -2  -2  -4  -1  -1  -3  -6   1   56   1   1   1   6   1   1   5   1   3   1   2   1   2   1   4   4   0   0   9  1.07 0.62
  258 D    -4  -1   4   6  -2   0  -1  -5  -2  -4  -6  -1  -7  -2  -2   0  -4  -2  -2  -5    2   4  18  45   1   4   4   1   1   1   1   3   0   2   2   7   1   1   2   1  1.19 0.69
  259 A    -2  -2  -7  -5  -4  -4  -6  -7  -4   3   0  -4  -3  -4   5  -5  -1  -3  -2   5    4   2   0   1   0   1   0   0   0  16   9   1   1   1  25   1   3   0   2  32  1.04 0.61
  260 M    -3  -1   6   2  -1  -2   0  -2   2  -7  -3  -2  -1  -2  -6   0   1  -5  -4  -6    2   4  38  11   2   2   6   4   5   0   3   2   2   2   0   7   9   0   1   1  0.90 0.56
  261 V     3  -2  -3  -2   1  -1  -2  -3   0   2   1  -2   0  -1  -3   0  -2  -2  -2   2   21   2   1   3   3   2   3   2   3  11  16   3   2   3   1   6   2   1   1  15  0.25 0.21
  262 E    -1   4  -2  -2   0   1   0  -4  -2  -1  -1   2  -1  -4  -1  -1   1  -6  -3   2    6  19   1   2   2   7   6   1   1   3   6  13   2   1   4   4   9   0   1  12  0.31 0.27
  263 N    -1  -4   5   6   0  -3  -1  -2  -2  -6  -5  -3  -5  -6  -6  -1   1  -7  -4  -5    5   1  24  41   2   1   3   3   1   1   1   1   0   0   0   4   9   0   1   1  1.23 0.69
  264 N     0   1   2   1  -3   0   1  -1   1  -2  -2   2  -2  -3  -1   2  -1  -5  -1  -1    7   9   9   8   1   3   7   5   3   3   4  13   1   1   2  14   3   0   3   4  0.18 0.18
  265 N    -2   0   2   3  -1   2   1  -1   2  -4  -2   0  -2   0  -4   1  -1  -1   2  -2    3   6  10  16   1   8   8   5   5   1   5   6   1   4   0   9   3   1   6   2  0.26 0.23
  266 G    -4  -3   1  -1  -2  -2  -2   7   0  -5  -3  -2  -4  -5  -5  -3  -4  -5  -3  -6    1   2   6   3   1   2   3  66   2   1   3   2   0   1   1   2   1   0   1   1  1.52 0.78
  267 W    -1   2   2   0   0   2   1  -3   1  -3  -2   1   1   1  -4  -1  -2   5   1  -2    6   9  12   5   2   9   8   2   3   1   4   8   3   5   1   3   2   8   6   2  0.30 0.25
  268 T    -2  -2   1  -3  -3  -1  -4  -4  -2  -3  -2  -4  -1  -2  -3   2   6  -3  -2  -4    3   2   6   1   0   3   1   1   1   2   4   1   1   2   2  13  52   0   1   1  1.13 0.71
  269 V     4  -6  -7  -6   2  -6  -4  -5  -4  -3  -2  -6  -7  -5   6  -1  -3  -8  -5  -1   35   0   0   0   3   0   1   1   1   2   5   0   0   1  38   4   1   0   1   5  1.38 0.82
  270 L    -4  -7  -9  -9  -2  -6  -7  -5  -6   2   6  -5   0  -2  -8  -5  -4  -3  -2   0    2   0   0   0   1   0   0   1   0  11  69   1   2   2   0   1   1   0   2   6  1.58 0.80
  271 H    -6  -1  -2   0  -1  -1  -3  -7   9   0  -3  -2   3  -2  -6  -1  -2  -2   1  -6    1   4   2   5   1   3   2   0  50   5   4   2   7   2   0   4   3   1   4   0  1.76 0.88
  272 A     0  -2  -3  -4  -1  -2  -1  -4   1   1   3  -2   2   1  -5  -3  -2   5   4   0    8   2   2   1   1   2   4   1   4   7  24   3   4   6   1   2   3   7  12   7  0.42 0.30
  273 A     7  -8  -8  -8   2  -7  -5  -5  -4  -3  -3  -7  -3  -5  -6  -1  -2  -8  -8  -2   78   0   0   0   3   0   1   1   0   2   3   0   1   1   0   4   3   0   0   2  1.98 1.04
  274 V     4  -3  -7  -5   6  -4  -3  -5  -2   1  -3  -5  -4  -5  -5   0   0  -7  -5   4   31   1   0   1  14   1   2   1   1   7   2   1   0   0   0   7   5   0   0  25  0.98 0.59
  275 N     0   2   0   0   1   1   1  -2   1  -1   0   1   1   0  -3   0  -2  -1   1  -2    7  11   4   6   4   7  10   3   3   3   8   9   4   4   0   8   2   1   4   2  0.12 0.15
  276 S     0   1   2  -1   1   0   0   0   2  -3  -2   1  -1  -1  -2   1   1  -3   1  -2    8   8  11   3   3   3   5   6   5   1   4  10   1   3   2   9   9   0   5   2  0.16 0.17
  277 N    -2  -1   3   0  -1   0  -1   6  -2  -8  -7  -1  -7  -6  -3  -1  -4  -5  -6  -6    3   3  13   6   1   5   4  51   1   0   1   4   0   0   2   5   1   0   0   1  1.14 0.66
  278 L    -3   1   4   1   0   1  -2  -3   7  -2  -2  -1  -3  -1  -4   0  -2  -2   1  -3    2   7  16   8   2   6   2   2  22   2   4   4   1   2   1   8   2   1   5   2  0.66 0.43
  279 V     0   0  -2  -1  -3   0   0  -3   0   0   2  -1   0   0   1   0   0  -2   1   2    7   5   2   3   0   4   5   1   3   6  18   4   2   3   6   6   7   1   5  13  0.10 0.12
  280 E    -1  -1   0   3  -3   1   4  -2  -1  -3  -3   1  -1  -6  -1   1  -2  -2  -4  -4    6   3   4  17   1   6  27   3   2   2   3   7   2   0   3   9   2   1   1   1  0.50 0.37
  281 V     0  -3  -2  -4   4  -3  -3  -4  -2   4   1  -3   3  -1  -3  -1  -1  -5  -4   3    8   1   2   1   8   1   2   1   1  19  12   2   7   2   2   4   4   0   0  21  0.51 0.31
  282 V     1  -4  -3  -4   2  -3  -3  -4  -3   2   2  -3   0  -3  -4  -3  -1  -5  -4   5   11   1   1   1   4   1   2   2   1  10  17   1   2   1   1   2   3   0   1  38  0.74 0.42
  283 E    -1   2   0   0  -4   2   3  -2  -1  -3  -3   4  -3  -5  -3   0  -1  -3  -2  -3    5  11   4   5   0  10  17   3   1   2   3  23   1   0   1   6   3   0   1   2  0.48 0.34
  284 T     0  -1  -2  -2  -3  -2   0  -3  -2   1   3  -2   2   0  -3  -2   0   0   1   1    9   4   2   2   0   2   6   2   1   8  26   3   5   3   1   3   7   1   6  10  0.21 0.15
  285 I    -1  -1  -1   0  -1  -1  -1  -1   0   1   3  -1   1   1  -1  -1  -1  -1   0   0    5   4   3   5   1   2   4   4   3   7  29   4   3   5   3   5   4   1   2   6  0.13 0.09
  286 L    -1  -1  -2  -2   2  -1  -1  -3  -2   2   3  -2   2   0  -2  -2  -1  -2   0   0    6   4   2   2   5   3   4   2   1  10  32   2   5   4   2   3   4   0   3   7  0.27 0.14
  287 L     0   0   0   0  -1   1   0  -1  -1   0   1   0   0  -1  -1   0   0  -2   0   0    7   5   3   7   1   7   7   4   1   6  13   6   2   2   3   8   4   0   3   9  0.02 0.03
  288 H     0   1   1   0  -1   1   0  -2   4  -2  -1   0  -1   0  -2   0  -1   2   1  -1    8   8   6   5   1   7   5   3  12   2   8   7   1   4   2   8   4   3   5   4  0.15 0.11
  289 H    -1   0   0  -2   1   0  -1   1   3  -1   0  -1   0   2  -1  -1  -1   2   3  -1    4   6   4   2   3   4   4  10   7   4  10   4   2   9   3   4   3   3  10   4  0.10 0.09
  290 L     1  -3  -4  -2   0  -2  -3  -2  -5  -1   5  -3   1   0  -2  -3  -3   1  -3  -1   10   1   1   3   2   2   2   3   0   3  51   2   3   4   2   3   2   2   1   4  0.70 0.40
  291 V    -1  -1  -1  -2   0  -2  -2  -3   0   3   3  -2  -1  -1  -2  -1  -1  -2  -2   2    5   3   3   3   2   2   2   2   2  15  30   3   1   2   2   5   3   1   1  13  0.32 0.20
  292 K     0   0   1   1  -2   2   2  -2   1  -2  -2   2  -2  -2  -1   1  -1  -4  -2  -1   10   5   6   8   1   9  13   3   4   2   4  12   1   2   3  10   2   0   1   4  0.19 0.18
  293 K     0   1   2  -1   1   1   0   0   3  -3  -1   1  -1   0  -1   0  -1   0   2  -2    9   7   9   3   4   6   5   6   7   1   7   9   1   4   4   7   2   1   6   2  0.11 0.13
  294 S    -1  -1   0  -2  -3  -2   0   6   0  -4  -4  -1  -4  -6   1  -2  -2  -6  -3  -3    5   3   5   3   1   2   6  49   2   1   2   5   0   0   8   4   2   0   1   2  0.87 0.52
  295 S     5  -2  -2   0   1  -1  -1  -2  -2   0  -3  -2  -3  -2  -3   1  -1  -2  -4   0   43   3   2   5   2   3   3   3   1   6   3   2   1   2   1   8   4   1   1   7  0.56 0.41
  296 L    -2  -3   4   5  -2  -1   0  -4  -2  -1   0  -2  -2  -1  -1   0  -3  -4  -2  -2    4   1  18  33   1   2   6   1   1   4   8   2   1   2   3   6   1   0   1   2  0.67 0.45
  297 L    -2  -5  -2  -4  -5  -4  -4  -6  -4   4   2  -3   0  -2   2  -4  -1  -4  -3   4    3   1   2   1   0   1   1   1   0  23  20   2   2   2   9   1   4   0   1  26  0.74 0.44
  298 D    -4  -1   7   4  -3  -3   0  -3   2  -5  -4  -4  -5  -4  -7  -1  -2  -2  -5  -5    2   3  44  22   1   1   6   2   4   1   2   1   0   1   0   4   3   1   1   1  1.35 0.74
  299 Y     3   0  -3  -1   1   1   0  -2   2   0  -1  -1   1  -2  -3  -1  -1  -2   0   0   26   5   0   3   3   7   6   3   5   6   7   4   3   2   1   5   4   0   3   7  0.21 0.21
  300 Q     0   3  -3  -2  -2   3  -1  -3   0  -1  -2   2  -1  -3   1  -1   0  -5  -2   1    7  16   1   2   1  15   4   2   2   3   4  12   1   1   8   4   6   0   1   9  0.31 0.28
  301 D    -3  -4   4   6   0  -3  -2   0  -3  -5  -6  -4  -4  -7  -4  -1  -1  -8  -6  -7    3   1  20  47   2   1   3   7   1   1   1   1   1   0   1   5   5   0   0   0  1.36 0.74
  302 R    -1   1   2   0  -1   1   1  -1   0  -2  -3   2  -2   1   0   1  -1  -2   1  -1    5   8   9   5   1   5   7   5   2   3   2  11   1   5   6  11   2   0   6   4  0.13 0.15
  303 S    -2   0   3   3   0   0   1  -2   2  -4  -1   1  -3   0  -4   0  -1   0   2  -2    3   4  12  17   2   3  11   3   5   1   6   8   1   4   1   6   3   1   8   3  0.29 0.25
  304 G    -4  -3  -2  -3  -5  -2  -3   7  -2  -5  -3  -1  -3  -4  -6  -2  -3  -4  -2  -6    1   2   2   2   0   2   2  69   1   1   3   5   1   1   0   3   2   0   2   1  1.56 0.77
  305 R    -2   2   3   1  -1   1   1  -2   2  -2  -1   0  -1  -1  -3  -1  -1   4   1  -3    4  13  13   7   2   6   7   3   5   3   5   4   2   3   1   5   3   6   5   2  0.25 0.21
  306 T    -4  -4  -2  -5  -3  -6  -6  -5  -7  -5  -4  -6  -6  -7  -6   0   8  -7  -4  -5    2   1   2   1   1   0   0   1   0   1   2   1   0   0   1   7  79   0   1   1  2.31 1.16
  307 A     4  -8  -7  -7   1  -7  -5  -5  -8  -4  -3  -7  -7  -5   7  -2  -5  -8  -6   0   33   0   0   0   3   0   1   1   0   1   3   0   0   1  46   3   1   0   0   6  1.68 0.94
  308 L    -3  -8  -9  -9  -7  -6  -9  -9  -4   1   7  -6   0  -2  -9  -8  -6  -8  -5  -1    3   0   0   0   0   0   0   0   0   6  81   1   2   2   0   0   0   0   0   4  2.01 0.97
  309 H    -5  -2  -2  -4  -1  -1  -3  -7  10  -1  -3  -4   4  -2  -8  -5  -3  -3   1  -5    1   2   2   1   1   3   2   0  59   4   4   1   8   2   0   1   2   0   4   1  2.27 1.06
  310 I    -1  -2  -2  -1   1  -2  -1  -5   1   2   3  -1   1   0  -6  -3  -4   5   3   1    5   3   2   4   3   1   5   0   4  12  25   4   3   3   0   1   1   8  10   8  0.44 0.31
  311 A     7  -8  -8  -8   2  -7  -6  -4  -8  -3  -3  -7  -7  -6  -7  -1  -5  -8  -6  -5   82   0   0   0   3   0   1   1   0   2   3   0   0   0   0   5   1   0   0   1  2.19 1.12
  312 A     5  -5  -6  -7   5  -4  -3  -5  -7   1  -3  -5  -3  -6  -5   1  -1  -7  -3   3   45   1   0   0  10   1   2   1   0   8   2   0   1   0   0   8   3   0   1  17  1.11 0.66
  313 F     0   2  -2  -3   0   1   0  -2   1   0   0   1   2   0  -4   1  -2   0   2  -2    9  12   2   1   2   6   7   3   3   5   7  10   5   5   0  11   2   1   8   2  0.17 0.19
  314 K     0   2   3  -2   1   1   1  -1   3  -3  -1   2   1  -3  -4   0  -2  -1   1  -2    8   9  12   2   4   6   8   5   7   1   6  11   3   1   0   6   2   1   5   2  0.24 0.23
  315 S    -2  -2   2   0  -1  -1  -2   6  -3  -9  -6  -1  -8  -8  -5  -3  -5  -8  -5  -5    3   2   9   5   1   3   3  62   1   0   1   3   0   0   1   2   1   0   1   1  1.46 0.79
  316 N    -3   2   4   1   0   0  -3  -6   7  -7  -3  -1  -4   0  -6   0  -4  -4   2  -7    2   9  20   9   2   4   1   0  25   0   3   4   0   4   0   8   1   0   7   0  1.04 0.62
  317 E     0  -1  -3  -2  -3  -1   0  -3   0   1   1   1   0   0   1  -1   1  -3   2   1    8   3   1   2   0   3   7   2   2   8  14   8   2   4   6   5   8   0   7  10  0.10 0.13
  318 N    -1  -1   1   4  -7   1   4  -1   0  -5  -2   1  -4  -5  -3  -1  -2  -3  -5  -3    6   3   6  19   0   5  30   4   2   1   5   8   0   0   2   5   2   0   0   2  0.61 0.45
  319 L    -1  -7  -4  -6   6  -4  -5  -5  -5   4   1  -7   4  -1  -6  -3   1  -7  -6   3    5   0   1   0  15   1   1   1   0  24  10   0  11   2   0   2   8   0   0  18  1.02 0.56
  320 V     2  -8  -8  -9   3  -6  -8  -6  -8   3   1  -6   1  -2  -8  -5  -2  -8  -3   6   15   0   0   0   5   0   0   1   0  12  13   0   4   2   0   0   2   0   1  45  1.22 0.67
  321 K    -1   3  -1   0  -2   3   3  -5   1  -4  -3   4  -3  -6  -4   0  -1  -2  -5  -3    4  13   3   5   1  12  15   1   3   1   3  24   1   0   1   6   3   1   0   2  0.60 0.45
  322 L    -1  -4  -6  -5  -2  -3  -3  -6  -3   2   4  -1   1   2  -7  -3  -1   1   3   0    5   1   0   0   1   1   2   0   1  10  40   4   4   7   0   2   5   2   8   7  0.68 0.43
  323 L    -7  -9 -11 -11  -8  -9 -10 -11 -10  -2   7 -10  -2   0 -10 -10  -8  -2  -3  -4    0   0   0   0   0   0   0   0   0   2  91   0   1   3   0   0   0   1   1   1  2.51 1.19
  324 L    -6  -5  -7  -9   1  -4  -6  -9  -3   2   6  -6   1  -4  -8  -8  -6  -1  -5   3    0   1   0   0   2   1   0   0   1  11  61   1   3   1   0   0   0   1   0  16  1.51 0.77
  325 D     0   2   0   3  -6   2   3  -2  -3  -4  -2   2  -2  -4  -3   1  -2   0  -2  -3    7   9   4  14   0   8  17   3   1   1   4  12   1   1   1  12   3   1   1   2  0.39 0.33
  326 H     1   2   2  -5   1   0  -3  -4   6  -4  -1   1  -2   1  -5  -1  -5   0   4  -4   13  10   9   0   3   4   1   1  18   1   6   7   1   5   0   5   0   1  12   1  0.63 0.43
  327 G    -6  -4   0  -2  -4  -4  -4   7  -1  -8  -7  -2  -3  -5  -4  -4  -4  -8  -2  -8    0   1   5   3   0   1   2  75   1   0   1   3   1   1   1   1   1   0   2   0  1.94 0.98
  328 A     7  -8  -6  -8   0  -5  -6  -1  -8  -2  -4  -5  -3  -5  -3  -1  -2  -4  -3   0   71   0   0   0   2   0   0   5   0   2   2   1   1   0   2   4   3   0   1   5  1.62 0.90
  329 D    -4   0   5   6  -5  -3   0  -5  -2  -7  -6  -1  -6  -6  -3   0  -3  -9  -4  -6    2   5  21  47   0   1   5   1   1   0   1   3   0   0   1   7   2   0   1   1  1.39 0.78
  330 A    -2  -1  -7  -6  -3  -3  -4  -6  -5   3   1  -2  -1  -2   4  -3  -1  -3  -3   4    3   4   0   0   1   1   1   0   0  17  12   2   1   2  22   2   3   0   1  27  0.81 0.51
  331 S    -2  -1   5   2  -7  -1   1  -1   2  -5  -2  -1   1  -1  -6   0   1  -4  -1  -6    3   4  30  11   0   2   9   5   5   1   4   3   3   3   0   7   8   0   3   0  0.63 0.45
  332 V     2   0  -3  -3   0   0  -3  -3  -1   3   1  -1   0  -2  -2  -1  -1  -3  -2   2   19   5   1   1   2   4   1   1   1  17  16   5   2   2   2   5   4   0   1  11  0.28 0.24
  333 V    -2   4  -3  -2   1   3   0  -5  -2  -1   0   2  -2  -4   0  -3   1  -6  -2   0    4  21   1   2   3  12   6   1   1   3   9  13   1   1   5   2   8   0   1   8  0.40 0.33
  334 D    -5  -5   5   7  -4  -6  -2  -3  -6  -7  -8  -5  -6  -6  -7  -2   1  -9  -5  -8    1   1  29  49   0   0   3   3   0   0   0   0   0   0   0   4   8   0   1   0  1.79 0.93
  335 Q    -1   1   2   1   0   0   1  -2   2  -2  -2   3  -3  -2  -3   0  -1  -1   2  -1    6   8   9   8   2   4   7   3   5   2   4  20   1   1   1   7   3   1   7   4  0.24 0.23
  336 N    -1  -1   2   3   1   1   1  -2   2  -4  -3   1  -1   0  -4   1  -2   1   2  -3    5   3   9  16   3   7  10   3   5   1   3   9   2   4   0   9   2   2   6   1  0.29 0.25
  337 G    -5  -3   0  -1  -2  -2  -3   7  -3  -8  -5  -2  -4  -5  -4  -2  -6  -3  -4  -7    1   2   5   3   1   2   2  72   1   0   1   3   0   1   1   3   0   0   1   0  1.76 0.88
  338 N    -2   3   2   0  -1   1   1  -4   2  -2   0   2   0   0  -5  -1  -2   5   0  -2    2  15   8   4   2   6   8   1   4   2  10  12   3   4   0   3   2   8   4   2  0.33 0.27
  339 A    -4  -2   0  -3  -1  -4  -5  -5  -6  -2  -1  -3  -3  -4  -4   2   7  -7  -4  -5    1   3   4   2   2   1   1   1   0   3   6   2   1   1   1  13  58   0   1   1  1.38 0.81
  340 P     4  -8  -8  -8  -1  -7  -7  -7  -8  -4  -7  -7  -8  -6   7  -3  -5  -9  -8  -2   34   0   0   0   2   0   0   0   0   1   1   0   0   0  56   2   1   0   0   3  2.16 1.14
  341 V    -2  -2  -8  -8  -2  -3  -4  -7  -1   2   6  -5   2   0  -5  -3  -4  -1  -1  -1    3   2   0   0   1   1   1   0   2   9  60   1   4   3   1   2   1   1   2   5  1.15 0.64
  342 M    -2  -3  -4   4  -5   1   0  -4   7  -2  -2  -1   3  -1  -6  -3  -2  -5   0  -4    4   2   1  24   0   6   7   1  27   3   4   4   6   3   0   2   2   0   3   1  1.01 0.60
  343 L    -2  -3  -4  -2   2  -4  -1  -6   0   3   3  -2   1  -1  -6  -3  -3   5   3   2    4   2   1   2   4   1   4   0   2  13  29   2   3   2   0   2   1   7   9  11  0.56 0.37
  344 A     7  -8  -8  -6   1  -7  -7  -4  -5  -4  -4  -5  -6  -5  -7  -1  -4  -9  -5  -3   82   0   0   0   3   0   0   1   0   1   2   1   0   1   0   5   1   0   1   2  2.13 1.11
  345 K     3   1  -4  -4   2  -1   0  -4  -2   1   0   0  -1  -3  -5   0   0  -3  -2   2   23   8   0   1   4   3   6   1   1   9   8   7   2   1   0   7   4   0   2  14  0.28 0.26
  346 R     0   2  -1   0  -2   2   2  -2   2  -1  -1   1  -1   0  -2   0  -2  -2  -1  -1    7  10   3   5   1   9  15   2   4   4   7  10   2   4   2   8   1   1   2   5  0.17 0.18
  347 S     0   1   3  -2   2   0   0   0   1  -3  -2   1   0  -1  -3   0   0   2   2  -2    7   9  13   1   5   3   5   7   3   1   5   9   2   3   1   8   5   3   8   2  0.20 0.20
  348 N    -2  -2   3  -1  -1   1  -1   5   1  -5  -4   0  -3  -4  -5  -1  -3  -7  -3  -5    3   2  11   4   1   5   4  47   3   1   2   6   1   1   1   5   2   0   1   1  0.90 0.54
  349 R    -3   1   4   1   1   0  -3  -5   7  -4  -4   1  -4   0  -3   0  -4  -2   1  -5    2   7  18   7   3   5   2   1  26   1   2   7   0   3   1   8   1   1   4   1  0.91 0.55
  350 R     0   1   0  -1  -2   1   0  -2   1   0   1   1   0  -1   1  -1   1  -2   0   0    7   7   3   3   1   5   7   2   4   6  13   8   2   3   6   4   8   0   4   7  0.05 0.07
  351 R    -1   0   0   4  -5   1   4  -1  -1  -3  -3   0  -4  -5  -2   0  -2  -2  -4  -1    5   4   5  21   0   5  27   5   2   2   3   5   0   0   2   6   2   1   1   4  0.54 0.41
  352 S     0  -6  -5  -6   6  -5  -6  -6  -7   5   2  -6   3  -2  -6  -2  -1  -7  -3   3    7   0   1   1  13   1   0   0   0  26  15   0   7   1   0   3   4   0   1  20  0.98 0.54
  353 K     2  -2  -6  -7   3  -3  -2  -5  -5   2   0   0   2   0  -6  -3  -2  -4  -3   5   14   3   0   0   5   1   3   1   0   9  10   5   4   4   0   2   2   0   1  36  0.67 0.44
  354 E     0   3   1   1  -2   2   3  -4   1  -4  -3   3  -2  -6  -4   0   0  -4  -2  -4    6  13   6   7   1   9  15   1   4   1   3  19   1   0   0   6   5   0   1   1  0.47 0.37
  355 L    -1  -4  -8  -6  -2  -4  -4  -8   0   1   5  -5   3   3  -8  -4  -2  -6   3   0    5   1   0   0   1   1   1   0   2   7  46   1   6  10   0   1   2   0  10   5  0.99 0.57
  356 L    -6  -9 -10 -10  -8  -9 -10 -10 -10   2   7  -9   0   0  -6  -9  -8  -8  -8  -3    1   0   0   0   0   0   0   0   0  10  82   0   2   3   1   0   0   0   0   2  2.22 1.06
  357 E    -2   0  -3  -3   0   1   1  -6  -3   2   4   0   0  -3  -6  -3  -3  -6  -2   2    3   6   1   2   2   6   9   0   1  11  34   5   2   1   0   2   1   0   1  13  0.50 0.36
  358 E    -1   1   0   2  -4   3   4  -3   1  -5  -3   2  -4  -6  -4   0  -2  -3  -4  -4    4   6   4  11   0  13  25   2   3   1   3  13   0   0   1   7   3   0   1   1  0.55 0.39
  359 A     2   1   1  -3  -1  -1  -2  -1   3  -3   0   2  -2   0  -2   0  -2   0   2  -2   19   7   6   1   1   2   2   5   6   1   9  12   1   5   2   7   2   1   8   2  0.21 0.20
  360 D    -2  -2   1   1  -1  -1   1   5  -3  -4  -2   1  -2  -4  -1  -1  -3  -4  -3  -4    4   2   6   9   1   2   9  40   1   1   5   7   1   1   3   4   2   0   1   1  0.60 0.35
  361 K     5   0  -1  -2  -2  -1  -1  -3  -2  -3  -3   1  -2  -4   1  -1  -2  -4  -4  -2   46   6   3   2   1   3   4   2   1   2   3  10   1   1   6   4   3   0   1   2  0.65 0.41
  362 S     1  -1   2   2   0   0   0  -1  -2  -3  -2   1  -3  -3  -1   2   1  -1  -3  -2   12   3  10  10   2   5   5   5   1   2   4   9   1   1   2  18   7   1   1   2  0.22 0.20
  363 K    -3   1   0  -2  -3   2  -1  -4   4   0  -2   3   1  -3   3  -3  -3  -3  -1   1    2   8   4   3   0  10   3   1   9   6   4  19   3   1  14   1   1   0   2   8  0.43 0.32
  364 G    -2  -2   5   1   0  -5  -2   5  -4  -6  -6  -3  -7  -6  -3  -1  -5  -1  -7  -6    4   3  22   9   2   0   3  48   0   0   1   1   0   0   2   4   1   1   0   0  1.23 0.68
  365 C     6  -3  -3  -6   7  -4  -5  -6  -1   0  -5  -5  -3  -5  -3  -2  -2  -3  -2  -1   54   1   2   0  19   1   1   0   2   5   1   0   1   0   1   3   2   0   2   4  1.42 0.79
  366 D    -3  -5   3   7  -8   2   0  -6  -3  -7  -4  -4  -7  -2  -4  -2  -5  -9  -6  -5    2   0  13  59   0   9   6   0   0   0   2   1   0   2   1   3   0   0   0   1  1.64 0.86
  367 A     2  -5   1  -1  -5  -5  -4  -4  -6   3  -2  -2   0  -5   4  -3  -1  -7  -6   3   19   0   6   3   0   0   1   1   0  17   2   3   2   0  18   1   3   0   0  23  0.68 0.47
  368 D    -7  -6   7   7  -9  -5   0  -6  -5  -9  -9  -6  -8  -9  -7  -5  -6  -9  -8  -8    0   0  44  50   0   0   6   0   0   0   0   0   0   0   0   0   0   0   0   0  2.34 1.05

                      K         Lambda
Standard Ungapped    0.1295     0.3137
Standard Gapped      0.0418     0.2670
PSI Ungapped         0.1367     0.3178
PSI Gapped           0.0418     0.2670
