
Last position-specific scoring matrix computed, weighted observed percentages rounded down, information per position, and relative weight of gapless real matches to pseudocounts
            A   R   N   D   C   Q   E   G   H   I   L   K   M   F   P   S   T   W   Y   V   A   R   N   D   C   Q   E   G   H   I   L   K   M   F   P   S   T   W   Y   V
    1 W    -2  -3  -4  -4  -2  -2  -3  -2  -2  -3  -2  -3  -1   1  -4  -3  -2  10   2  -3    0   0   0   0   0   0   0   0   0   0   0   0   0   0   0   0   0   0   0   0  0.00     0.00
    2 G     3  -2  -1  -2  -1  -1  -2   4  -2  -2  -3  -1  -2  -3  -1   1  -1  -3  -2  -1   50   0   0   0   0   0   0  50   0   0   0   0   0   0   0   0   0   0   0   0  0.52 0.00
    3 P    -1  -2  -2  -2  -3  -1  -1  -2  -2  -3  -3  -1  -3  -4   8  -1  -1  -4  -3  -3    0   0   0   0   0   0   0   0   0   0   0   0   0   0 100   0   0   0   0   0  2.05 0.00
    4 Y    -2  -2  -3  -4  -2  -2  -3  -4   0   0   2  -2   1   2  -3  -2  -1   1   5   0    0   0   0   0   0   0   0   0   0   0  50   0   0   0   0   0   0   0  50   0  0.42 0.00
    5 F     0  -2  -1  -2  -2  -1  -1  -1  -1  -1  -1  -1  -1   4  -2   2   0   0   2  -1    0   0   0   0   0   0   0   0   0   0   0   0   0  50   0  50   0   0   0   0  0.28 0.00
    6 L    -2  -2  -4  -4  -1  -2  -3  -4  -3   2   4  -3   2   0  -3  -3  -1  -2  -1   1    0   0   0   0   0   0   0   0   0   0 100   0   0   0   0   0   0   0   0   0  0.46 0.00
    7 A     3   2  -1  -1  -1   0  -1   0  -1  -2  -2   0  -1  -3  -1   2   0  -3  -2  -1   59  21   0   0   0   0   0   0   0   0   0   0   0   0   0  20   0   0   0   0  0.30 0.01
    8 S     1   0   0   0  -1   2   0  -1  -1  -3  -3   0  -1  -3  -1   4   1  -3  -2  -2    0   0   0   0   0  20   0   0   0   0   0   0   0   0   0  80   0   0   0   0  0.42 0.02
    9 M     0  -1  -1  -2  -2   0  -1  -2   3   0   1  -1   4  -1  -2   2   0  -2  -1   0    0   0   0   0   0   0   0   0  16   0  15   0  40   0   0  30   0   0   0   0  0.17 0.02
   10 L    -1  -2  -3  -3  -2  -2  -3  -3  -3   1   4  -2   1   2  -3  -1  -1  -1   0   0    0   0   0   0   0   0   0   0   0   0  75   0   0  14   0  11   0   0   0   0  0.34 0.03
   11 R    -2   5  -1  -2  -3   0  -1  -3  -1  -2   0   3  -1   1  -2  -1  -1  -2  -1  -2    0  57   0   0   0   0   0   0   0   0  11  21   0  11   0   0   0   0   0   0  0.44 0.04
   12 G     0  -2   2  -1  -2  -1  -1   4  -1  -3  -3  -1  -3  -3   3   1  -1  -3  -3  -3    8   0  21   0   0   0   0  42   0   0   0   0   0   0  20   9   0   0   0   0  0.57 0.03
   13 G     0  -2   1   1  -3  -2  -2   5  -2   0  -2  -2  -2  -3  -2  -1  -1  -3  -3   0    0   0  11   9   0   0   0  61   0   9   0   0   0   0   0   0   0   0   0  10  0.51 0.03
   14 A     2   1   2   3  -2   0   0   1  -1  -3  -3   0  -2  -3  -1   2   0  -3  -2  -2   33   9  11  21   0   0   0   9   0   0   0   0   0   0   0  17   0   0   0   0  0.27 0.02
   15 G     0   1  -1  -2  -2  -1  -2   3   2  -2  -2  -1  -1   3  -2  -1   0  -1   2  -2    9  11   0   0   0   0   0  29   8   0   0   0   0  21   0   0  10   0  11   0  0.22 0.02
   16 G    -1   2  -1  -2  -3  -1  -1   3  -2  -3  -2   1  -2   2   3   0  -1  -2  -1  -3    0  18   0   0   0   0   0  33   0   0   0   8   0  15  20   6   0   0   0   0  0.39 0.03
   17 S     1   1   1  -1  -2   0   1  -1  -1  -2  -1   1  -1  -3   2   2   0  -3  -2  -1   10   6   6   0   0   0  15   0   0   0   5   8   0   0  11  31   0   0   0   8  0.22 0.03
   18 R    -1   3   3  -1  -3   0   0  -2  -1  -2   1   1  -1  -2  -3  -1  -1  -3  -2  -2    4  29  27   0   0   0   6   0   0   0  25   8   0   0   0   0   0   0   0   0  0.29 0.08
   19 Y    -3  -3  -4  -5  -4  -3  -4  -5   0  -3  -2  -3  -2   4  -5  -3  -3   1   8  -3    0   0   0   0   0   0   0   0   0   0   0   0   0  12   0   0   0   0  88   0  1.77 0.28
   20 R    -1   3  -1  -1  -4  -1   2  -1  -2  -4  -4   1  -3  -4   6  -1  -2  -4  -3  -3    3  19   2   0   0   0  17   4   0   0   0   9   0   0  43   3   0   0   0   0  0.88 0.16
   21 T     0  -2   2   1  -3   0   0   5   0  -4  -4  -2  -3  -4  -3   1  -1  -4  -3  -3    4   0  13   6   0   3   7  54   3   0   0   0   0   0   0   8   3   0   0   0  0.65 0.13
   22 H    -3   2  -1  -3  -5   1  -2  -4   9  -5  -4  -2  -3  -2  -4  -2  -3  -3   2  -5    0  13   0   0   0   4   0   0  76   0   0   0   0   0   0   0   0   0   7   0  1.68 0.30
   23 V    -2  -4  -5  -5  -2  -4  -4  -5  -5   5   0  -4   0  -2  -4  -3  -2  -4  -3   5    0   0   0   0   0   0   0   0   0  53   1   0   0   0   0   0   0   0   0  46  0.95 0.23
   24 P    -2  -3  -3   0  -5  -1   1  -4  -3  -4  -5  -1  -4  -5   8  -2  -3  -5  -4  -4    2   0   0   5   0   2  10   0   0   0   0   3   0   0  77   0   0   0   0   0  1.88 0.30
   25 T    -2  -3  -1  -4  -2  -3  -3  -4  -4   3   4  -3   1  -1  -4  -2   2  -3  -2   1    0   0   3   0   0   0   0   0   0  18  59   0   0   0   0   0  16   0   0   4  0.56 0.17
   26 T     0  -2   3  -1  -2  -2  -2  -2   0  -3  -3  -2  -2  -1  -3   2   4   2   2  -2    5   0  21   0   0   0   0   1   2   0   0   0   0   1   0  22  33   4  11   0  0.47 0.17
   27 L     0   1   0  -1   0   0   0  -2  -2  -1  -1   0  -1  -1   4  -1   1   4  -2  -1    8  10   5   2   2   6   3   1   0   2   8   5   0   4  24   1  10   7   0   2  0.31 0.08
   28 L    -1  -3  -3  -4  -3  -3  -3  -4   2   1   3  -3   0   4  -4  -3  -2   2   2   1    3   0   0   0   0   0   0   0   8  10  34   0   0  28   0   0   1   3   5   9  0.45 0.13
   29 E    -2  -1  -1   0  -4   5   5  -1  -1  -4  -4   0  -3  -5  -3   1  -2  -4  -3  -4    0   0   0   0   0  33  53   6   0   0   0   0   0   0   0   8   0   0   0   0  0.94 0.25
   30 K    -2   5   1  -2  -4   1  -1  -3  -2  -2  -3   5  -2  -4  -3  -2  -2  -4  -3  -3    0  43   6   0   0   3   0   0   0   4   0  44   0   0   0   0   0   0   0   0  0.89 0.22
   31 A     2  -3  -3  -3  -1  -2  -3   1  -3   1   1  -2   3   2  -3  -1  -1  -2  -1   2   22   0   0   0   1   0   0  12   0   5  15   0  12  13   0   1   1   0   0  18  0.21 0.10
   32 L     0  -3  -4  -4  -2  -3  -2  -1  -3   1   4  -3   1   2  -3  -2  -2  -2  -1   1    9   0   0   0   0   0   4   5   0   7  57   0   2   9   0   0   1   0   0   5  0.39 0.14
   33 L    -3  -3  -4  -5  -3  -3  -4  -5  -4   1   5  -1   4  -1  -4  -4  -2  -3  -2   0    0   0   0   0   0   0   0   0   0   4  78   4  12   0   0   0   0   0   0   3  0.87 0.23
   34 T     3  -3  -2  -3  -2  -2  -2   1  -2  -1  -2  -2  -1   4  -3   1   2  -2  -1  -1   33   0   0   0   0   0   0  12   0   1   0   0   1  24   0  10  15   0   0   3  0.34 0.15
   35 G     3  -3  -3  -3   0  -3  -3   0  -3   2   1  -3   1  -2  -3  -1  -1  -3  -2   3   33   0   0   0   2   0   0   6   0  17  13   0   3   0   0   0   0   0   0  27  0.33 0.13
   36 S    -1  -3  -2  -3  -3  -3  -3   6  -3   0  -3   0  -3  -4  -3   0   1  -4  -4  -3    2   0   0   0   0   0   0  67   0   9   0   5   0   0   0   5  11   0   0   0  0.89 0.22
   37 T     0  -3  -1  -2  -3  -2  -2  -1  -3  -4  -4  -2  -3  -4  -3   6   2  -4  -3  -3    5   0   0   0   0   0   0   3   0   0   0   0   0   0   0  83   9   0   0   0  1.05 0.31
   38 A     3  -3  -2  -2   2  -2  -2   3  -3   0  -3  -2  -2  -3  -2   2   0  -4  -3  -2   40   0   0   0   5   0   0  22   0   7   0   0   0   0   0  22   2   0   0   0  0.47 0.17
   39 V    -1  -3  -4  -4  -2  -3  -3  -2  -3   3   2  -3   1   2  -3  -2  -1   1   1   3    4   0   0   0   0   0   0   3   0  26  22   0   1  12   0   0   2   2   4  24  0.36 0.12
   40 R     1   2   0  -2  -3  -1   0   3  -2  -1  -2   0   2  -3  -3  -1   0  -1  -3  -1   12  15   5   0   0   0   5  30   0   3   0   7  12   0   0   0   4   1   0   5  0.27 0.12
   41 A     4  -3  -2  -2  -2  -2  -2   1  -3  -1  -2  -2  -2  -3  -2   3   0  -4  -3  -2   46   0   0   0   0   0   0  11   0   5   4   0   0   0   0  33   2   0   0   0  0.55 0.20
   42 L    -3  -3  -4  -4  -3  -3  -4  -4  -2   2   4  -4   0   4  -4  -3  -2  -1   3   0    0   0   0   0   0   0   0   0   0  13  48   0   0  20   0   0   0   0  14   3  0.64 0.18
   43 A    -1  -1  -1  -3  -2  -2  -2  -3  -2   0   2   1   0   3  -3  -1   0   2   2   1    5   0   4   0   0   0   0   0   0   5  22  15   1  17   0   4   4   4   9  10  0.17 0.09
   44 D    -2  -2   5   5  -4  -1  -1  -2   5  -4  -4  -2  -3  -3  -3  -1  -1  -4   0  -4    3   0  32  37   0   0   0   0  18   0   0   0   0   0   0   3   2   0   3   0  0.87 0.23
   45 P    -3  -4  -4  -4  -5  -3  -3  -4  -4  -5  -5  -3  -5  -6   8  -2  -3  -6  -5  -2    0   0   0   0   0   0   0   0   0   0   0   0   0   0  96   2   0   0   0   2  2.68 0.43
   46 R    -1   4   0  -1  -3   0   2  -1   1  -3  -2   0  -2  -2  -3   0   1   2   2  -1    2  30   3   0   0   1  21   4   4   0   4   2   0   0   0   3   9   3  11   4  0.31 0.13
   47 R    -3   6   3   2  -5  -1   0  -3  -2  -5  -4   0  -3  -5  -4  -2  -3  -5  -4  -4    0  69  15  12   0   0   5   0   0   0   0   0   0   0   0   0   0   0   0   0  1.16 0.29
   48 A     1  -2   2  -2  -3  -2  -2   4   5  -4  -4  -2  -3  -4  -3   1   0  -4  -2  -3   15   0  10   0   0   0   0  41  20   0   0   0   0   0   0   7   7   0   0   0  0.66 0.19
   49 G    -2  -1   2   6  -4  -1   1   0   2  -3  -4   0  -1  -4  -3  -1  -2  -5  -2  -3    1   2  11  57   0   0   5   5   7   1   0   5   2   0   0   0   0   0   2   1  0.82 0.21
   50 D    -2  -3   2   0  -3  -2  -3  -2   0  -1   3  -3   6   1  -4  -1  -2  -3   1  -1    0   0  11   7   0   0   0   2   3   0  31   0  31   4   0   5   0   0   5   0  0.42 0.19
   51 V    -2  -4  -4  -5  -2  -4  -4  -5  -5   5   2  -4   0  -2  -4  -2  -2  -4  -3   4    0   0   0   0   0   0   0   0   0  54  13   0   0   0   0   2   0   0   0  30  0.83 0.22
   52 G     5  -3  -3  -3  -2  -2  -3  -1  -3  -1  -2  -2  -2  -3  -3   1  -1  -4  -3   2   70   0   0   0   0   0   0   2   0   0   0   0   0   0   0   8   0   0   0  20  0.77 0.25
   53 V     3  -2  -2  -3   5   2  -2  -2   2  -2  -2  -1   0  -3  -3   1   1  -3  -2   1   30   0   0   0  18  11   0   1   7   0   0   1   3   0   0   7   9   0   0  11  0.36 0.16
   54 V     0  -3  -4  -5   1  -3  -4  -4  -4   1   5  -4   2   1  -4  -3  -2  -3  -2   1    7   0   0   0   4   0   0   0   0   5  68   0   4   6   0   0   0   0   0   6  0.68 0.20
   55 G     1  -4  -2  -3  -4  -3  -3   6  -4  -5  -5  -3  -4  -5  -3  -1   1  -4  -4  -4   11   0   0   0   0   0   0  78   0   0   0   0   0   0   0   2   9   0   0   0  1.30 0.27
   56 E    -3  -2  -2   2  -6   1   7  -4  -2  -5  -5  -1  -4  -5  -3  -2  -3  -5  -4  -4    0   0   0   9   0   3  87   0   0   0   0   0   0   0   0   0   0   0   0   0  1.52 0.35
   57 T     2  -3  -2  -3  -2  -2  -2  -2  -3   1   0  -2   0  -2  -2   1   4  -4  -3   0   23   0   0   0   0   0   0   0   0  12   9   0   3   0   0  12  35   0   0   6  0.36 0.16
   58 T    -1  -3  -2  -3  -3  -2  -3  -3  -3  -3  -3  -2  -3  -4  -3   3   6  -4  -3  -2    2   0   0   0   0   0   0   0   0   0   0   0   0   0   0  19  79   0   0   0  1.23 0.34
   59 G     4  -3  -2  -3  -2  -2  -2   4  -3  -3  -3  -2  -3  -4  -2   1  -1  -4  -3  -2   49   0   0   0   0   0   0  36   0   0   0   0   0   0   0  13   0   0   0   0  0.78 0.22
   60 H    -1  -1   0  -1  -1   0   1   1   1   0   0   0  -1   2  -2  -1   1  -2   1   0    2   3   5   0   1   6  11  11   4   8   9   5   0  12   0   0  13   0   4   6  0.04 0.05
   61 A    -1   0   0  -1   0  -1  -1   0  -1  -2  -3  -2  -3  -2   6  -1   1  -3   2  -1    2   7   4   3   3   2   2   6   1   2   0   0   0   0  41   1  11   0  11   5  0.67 0.17
   62 A     3  -3  -3  -3   3  -2  -3  -2  -1  -1  -2  -2  -2   2  -1   0   1  -2   3   1   44   0   0   0   7   0   0   0   1   2   0   0   0   9   3   3   8   0  13  10  0.37 0.16
   63 L    -3  -2  -4  -5  -3  -3  -4  -5  -4   2   4  -4   0   4  -4  -3  -2  -2  -1   2    0   3   0   0   0   0   0   0   0   9  52   0   0  24   0   0   0   0   0  12  0.65 0.19
   64 R    -1   2  -1  -1  -3   0   2  -2   1   1   0   2  -1  -2   0  -1  -1   3  -1  -1    3  15   2   2   0   3  16   2   3  16  10  15   0   0   4   1   1   5   1   1  0.16 0.09
   65 R    -1   2   2   0  -3   0   1  -2   3  -3  -2   1   0  -1  -1   0  -1   0   3  -2    4  12  15   4   0   3   8   0   9   0   3  12   3   1   3   4   1   1  16   2  0.22 0.10
   66 M    -2   1  -1  -3  -2  -2  -3  -4  -3   3   3  -1   4  -1  -3  -1  -2  -3  -2   1    0  12   4   1   0   0   0   0   0  25  28   3  18   0   0   4   0   0   0   5  0.35 0.14
   67 L    -2   3  -2  -3  -3   2  -2  -4   2  -1   3   2   1  -1  -3  -2  -2  -3   1  -1    0  20   0   0   0  10   0   0   7   0  42  13   2   0   0   0   0   0   6   0  0.38 0.16
   68 R    -2   4   2   3  -4   2   2  -3   0  -1  -3   2  -2  -3  -3  -1  -1  -4  -1  -3    0  27  10  19   0   9  12   0   2   5   0  10   0   0   0   2   2   0   2   0  0.43 0.13
   69 R    -1   3  -1   2   2   3   0  -3  -1  -3  -1   2  -2  -2  -3   0   0  -3   1  -2    1  24   0  12   6  19   0   0   0   0   6  10   0   0   0   8   7   0   7   0  0.31 0.13
   70 M    -3  -4  -5  -5  -4  -3  -4  -5  -4  -1   0  -4  10  -2  -5  -4  -3  -4  -3  -1    0   0   0   0   0   0   0   0   0   0   2   0  98   0   0   0   0   0   0   0  2.27 0.49
   71 E    -2   2   0  -2  -3   1   0  -4   0  -1   3   1   3  -2  -3  -2  -2  -3  -2  -1    0  11   5   0   0   7   7   0   2   0  43  13  13   0   0   0   0   0   0   0  0.33 0.15
   72 H     2   0   1  -1  -2   1   0  -1   1  -3  -1   0  -1  -3  -2   3   0  -4  -2  -2   20   4   8   2   0   8   2   1   3   0   5   5   2   0   0  37   2   0   0   1  0.29 0.13
   73 D    -2  -3   1   6  -4  -2   0  -3   1  -4  -4  -2  -4  -4  -3   2   2  -5  -4  -4    0   0   5  60   0   0   0   0   4   0   0   0   0   0   0  18  13   0   0   0  0.95 0.25
   74 P    -2   0  -2   1  -4   1   3  -3  -2  -3  -4   0  -3  -5   6  -1  -2  -5  -4  -2    2   3   0   6   0   6  26   0   0   2   0   6   0   0  47   2   0   0   0   2  1.03 0.22
   75 V    -1   0  -1   0  -3  -1   3  -3  -2   0  -2  -1  -1  -3  -2   0   3  -4  -3   1    0   6   0   5   0   0  33   0   0   8   0   0   2   0   0   6  31   0   0  11  0.39 0.17
   76 G    -2  -4  -2  -3  -4  -4  -4   7  -4  -6  -6  -3  -5  -5  -4  -2  -3  -4  -5  -5    0   0   0   0   0   0   0 100   0   0   0   0   0   0   0   0   0   0   0   0  1.92 0.35
   77 R    -1   7  -2  -3  -5   2  -1  -4  -2  -3  -2   2  -3  -4  -3  -1  -2  -4  -3  -4    3  73   0   0   0  11   0   0   0   2   2   7   0   0   0   2   0   0   0   0  1.16 0.28
   78 R    -1   5  -1  -1  -4   4   0  -3  -1  -4  -3   1   0  -4  -3   0   0  -4  -3  -2    3  50   0   2   0  22   5   0   0   0   0   3   3   0   0   8   4   0   0   1  0.73 0.22
   79 V    -3  -5  -5  -5  -3  -4  -5  -5  -5   7   1  -4   0  -2  -4  -4  -2  -4  -3   2    0   0   0   0   0   0   0   0   0  85  11   0   0   0   0   0   0   0   0   5  1.21 0.30
   80 L    -3  -4  -5  -5  -3  -4  -4  -5  -4   1   5  -4   3  -1  -4  -4  -3  -3  -3   0    0   0   0   0   0   0   0   0   0   5  90   0   6   0   0   0   0   0   0   0  1.10 0.27
   81 H    -1   4  -1  -2  -4   2  -1  -3   0   0  -1   3   1  -3  -3  -2  -2  -4  -2  -1    4  33   2   0   0   9   1   0   1   6   6  29   4   0   0   0   0   0   0   5  0.45 0.16
   82 D    -2  -2   2   4  -5   1   5  -3   1  -4  -3  -1  -3  -4  -3  -1  -1  -4  -1  -4    0   0  10  29   0   3  48   0   3   0   2   0   0   0   0   0   3   0   3   0  0.81 0.22
   83 R    -3   5  -2  -2  -5   4  -1  -3  -2  -4  -4   4  -3  -5  -3  -2  -2  -4  -3  -4    0  47   0   0   0  21   0   0   0   0   0  32   0   0   0   0   0   0   0   0  1.05 0.26
   84 P    -3  -4  -4  -4  -5  -3  -3  -4  -4  -5  -5  -3  -5  -6   8  -3  -3  -6  -5  -5    0   0   0   0   0   0   0   0   0   0   0   0   0   0 100   0   0   0   0   0  2.85 0.44
   85 L    -3   6   1  -2  -4   0  -1  -4   0  -1   0   0  -2  -3  -3  -1  -2  -4  -3  -2    0  65   8   1   0   2   2   0   2   3  12   0   0   0   0   4   0   0   0   3  0.79 0.23
   86 I    -2  -4  -4  -5  -2  -4  -4  -5  -4   5   1  -4   3  -2  -4  -3  -2  -4  -3   3    0   0   0   0   0   0   0   0   0  58   8   0   8   0   0   0   0   0   0  26  0.85 0.23
   87 N    -1   0   3   0  -3  -1  -1   0   1   0  -3   0  -2  -3  -2   1   4  -4  -2  -1    0   5  15   5   0   0   0   6   5   6   0   4   0   0   0  13  39   0   0   3  0.35 0.15
   88 T    -1   0   1   2  -3  -1   0  -2  -2  -3  -2  -1  -1  -3   0   4   3  -4  -3  -2    0   6   6  11   0   0   4   0   0   0   4   0   1   0   4  46  19   0   0   0  0.45 0.18
   89 S    -1   1  -1   0  -3   2   3  -2  -1  -4  -3   2  -2  -4  -1   2   1   1  -3  -3    0   5   0   3   0  12  30   2   0   0   0  13   0   0   2  23   8   2   0   0  0.44 0.15
   90 T     0  -2  -1   1  -2   0  -2  -3  -3  -1  -3   0  -2  -4  -2   2   5  -4  -3  -1    3   0   0   8   0   3   0   0   0   3   0   5   0   0   0  19  58   0   0   3  0.65 0.23
   91 L    -2  -4  -4  -5  -2  -3  -4  -5  -3   3   4  -4   1   1  -4  -3  -2  -2   1   2    0   0   0   0   0   0   0   0   0  23  55   0   0   4   0   0   0   0   7  12  0.63 0.18
   92 P    -1  -1   2   5  -1   0   0  -1   0  -3  -3   0  -3  -3   1   1  -1  -4  -3  -3    3   1  11  44   2   5   1   4   2   1   1   6   0   0   7  11   1   0   0   1  0.52 0.14
   93 P    -2   0  -3  -3  -2  -2  -3  -3   0   2   3  -2   4   3  -1  -2  -2  -2  -1   1    1   5   1   1   0   1   1   1   3  10  32   1  19  15   2   1   1   0   0   7  0.31 0.11
   94 E    -1  -1   2   3  -4   1   3  -1  -1  -4  -4   2  -3  -4   2   0  -1  -4  -3  -3    5   0  12  20   0   4  25   2   0   0   0  16   0   0  12   3   2   0   0   0  0.49 0.14
   95 L    -1   1  -1   0  -3  -1   1  -3   2  -2  -1   2  -2   2  -3  -1  -1   4   4  -2    5  10   2   5   0   0  13   0   5   2   3  15   0  12   0   1   3   7  18   0  0.29 0.11
   96 L    -1  -3  -4  -4  -2  -3  -3  -4  -4   0   5  -3   2  -1  -4  -1  -2  -3  -2  -1    5   0   0   0   0   0   0   0   0   0  81   0   4   0   0   6   0   0   0   0  0.78 0.22
   97 R     1   5  -1  -2  -3   0   1  -2   0  -3  -2   3   1  -3  -2   1  -1  -3  -2  -3   11  39   0   0   0   2   7   0   2   0   4  18   5   0   0  10   0   0   0   0  0.46 0.15
   98 S     1   0   1   0  -2   2   1   0   0  -3  -2   2  -2  -3  -2   2   1  -3  -2  -2   11   3   4   3   0   9   5   6   2   0   2  19   0   0   0  27   8   0   0   0  0.27 0.11
   99 M    -3  -3  -4  -5  -3   0  -4  -5  -3   0   5  -3   4   1  -4  -4  -2  -3   0  -1    0   0   0   0   0   5   0   0   0   0  73   0  14   5   0   0   0   0   3   0  0.83 0.24
  100 P     0  -3  -2   0  -4  -1  -1  -4  -3  -4  -5  -1  -4  -5   8  -2  -3  -5  -4  -4    7   0   2   4   0   3   3   0   0   0   0   3   0   0  77   1   0   0   0   0  1.87 0.32
  101 E    -1   0  -1   3  -4   0   3  -3   0  -4  -4   2  -3  -4   4   0  -1  -4  -3  -3    3   4   0  20   0   3  25   0   2   0   0  12   0   0  23   3   3   0   0   1  0.61 0.15
  102 G    -2  -2   6   2  -4  -2  -2   3   0  -4  -5  -2  -4  -4  -3   0   0  -5  -4  -4    0   0  48  11   0   0   0  29   1   0   0   0   0   0   0   6   5   0   0   0  0.85 0.22
  103 S    -1  -2  -1  -2  -3  -2  -2  -3  -3  -3  -3  -1  -2  -4  -3   3   6  -4  -3  -2    1   0   0   0   0   0   0   0   0   0   0   3   0   0   0  26  70   0   0   0  1.04 0.30
  104 F    -3  -4  -4  -5  -3  -4  -4  -5  -3   1   3  -4   0   6  -4  -4  -3  -1   0   2    0   0   0   0   0   0   0   0   0   7  33   0   0  46   0   0   0   0   0  14  0.81 0.21
  105 G    -2  -4  -2  -3  -4  -4  -4   7  -4  -6  -6  -3  -5  -5  -4  -2  -3  -4  -5  -5    0   0   0   0   0   0   0 100   0   0   0   0   0   0   0   0   0   0   0   0  1.92 0.35
  106 F     0   4  -2  -3  -1  -1  -2  -2   4  -3  -3   2  -2   2  -3  -1  -2   0   4  -3   10  31   0   0   1   0   0   2  12   0   0  12   0   8   0   1   0   1  21   0  0.51 0.18
  107 A     1   2   0  -1  -1   1   1  -2   0  -1  -2   1  -2  -3  -2   0   2  -3  -2  -1   17  15   2   0   1   7  12   0   3   2   2   6   0   0   0   5  24   0   0   4  0.23 0.11
  108 Y    -4  -4  -4  -5  -5  -4  -4  -5   0  -3  -3  -4  -3   2  -5  -4  -4   3   9  -3    0   0   0   0   0   0   0   0   0   0   0   0   0   5   0   0   0   3  93   0  2.23 0.43
  109 A     3  -3  -3  -3  -2  -2  -3   0  -2   1   0  -2   1   0  -3   0  -1  -2   2   2   33   0   0   0   0   0   0   8   0   8   5   0   6   2   0   4   0   0  11  23  0.25 0.13
  110 R     0   2   1   1  -3   1   2  -2   1  -3  -2   3  -2  -3  -2   0   0  -4  -2  -2   11  13   8   7   0   6  15   1   3   0   2  23   0   0   0   5   7   0   0   0  0.29 0.10
  111 F    -4  -5  -5  -6  -4  -4  -5  -5  -3  -3  -2  -5  -2   7  -6  -4  -4  10   3  -4    0   0   0   0   0   0   0   0   0   0   0   0   0  50   0   0   0  45   6   0  2.20 0.38
  112 L    -3  -4  -5  -5  -3  -3  -4  -5  -4   1   5  -4   6  -1  -4  -4  -3  -3  -3  -1    0   0   0   0   0   0   0   0   0   2  72   0  25   0   0   0   0   0   0   0  1.05 0.27
  113 E    -2   0  -1   5  -4   0   3  -1  -2  -2  -4   3  -2  -4  -2  -1   0  -5  -4  -3    0   4   0  40   0   0  21   4   0   2   0  23   1   0   0   0   5   0   0   0  0.64 0.19
  114 R    -1   4  -1   3  -3   0   0  -2  -2  -3  -3   2  -2  -1  -2   0   1  -4  -2  -1    2  34   0  20   0   0   4   2   0   0   0  16   0   3   0   3  12   0   0   4  0.40 0.13
  115 H    -2   1   4   0  -1   0   3  -1   2  -3  -2  -1  -3  -2  -3  -1  -2  -3   3  -3    0   7  31   0   2   0  33   2   6   0   4   0   0   0   0   0   0   0  13   0  0.51 0.17
  116 G    -1   1   3   1  -4   0  -1   4   3  -4  -4   1  -3  -4  -3  -1  -2  -4  -3  -4    0   7  21   6   0   2   1  41   9   0   0  12   0   0   0   0   0   0   0   0  0.59 0.15
  117 F    -2  -3  -4  -4  -2  -3  -4  -4  -3   2   2  -3   0   3  -4  -3   0  -2   1   4    0   0   0   0   0   0   0   0   0   6  17   0   0  19   0   0   4   0   3  51  0.53 0.16
  118 S    -1  -2  -1  -1  -2  -1   0   0   2  -3  -1  -1  -2  -3  -2   4   3  -4  -2  -2    0   0   0   2   0   0   7   6   8   0   7   0   0   0   0  44  26   0   0   0  0.42 0.16
  119 P     0  -3  -3  -3  -4  -1  -3  -3  -4  -1  -4  -2  -4  -5   8  -1  -2  -5  -4  -3    9   0   0   0   0   2   0   0   0   5   0   0   0   0  79   4   0   0   0   0  1.89 0.29
  120 D    -3  -3   1   7  -4  -1   0  -1   3  -5  -5  -2  -4  -5  -3   1  -2  -5  -3  -4    0   0   6  73   0   0   2   2   8   0   0   0   0   0   0   9   0   0   0   0  1.16 0.24
  121 E     0  -2  -1   1  -2  -1   1   1  -2  -3  -3  -1  -2  -3  -2   2   4  -3  -3  -2    5   0   0  11   0   0   9  14   0   0   0   0   0   0   0  19  40   0   0   0  0.42 0.14
  122 R    -3   8  -2  -3  -5  -1  -2  -4  -2  -5  -4   1  -3  -5  -4  -3  -3  -5  -4  -4    0 100   0   0   0   0   0   0   0   0   0   0   0   0   0   0   0   0   0   0  1.82 0.35
  123 D     3  -2  -1   1  -2  -1   1  -2  -2  -1  -1  -1   2  -3   2   0   1  -4  -3   0   32   0   1  11   0   0  10   0   0   0   1   0  12   0  12   5   8   0   0   7  0.27 0.11
  124 E     1  -2  -1  -1  -3   0   2  -3  -1  -1  -3  -1  -2  -4   6   0   0  -4  -3  -1   14   1   2   2   0   2  16   0   1   4   0   1   0   0  41   4   6   0   0   6  0.71 0.15
  125 V     0  -4  -4  -4  -2  -3  -4  -4  -4   1  -1  -3  -1  -2  -3  -1   0  -4  -3   6    7   0   0   0   0   0   0   0   0   2   0   0   0   0   0   4   4   0   0  83  0.85 0.24
  126 R    -1   4  -1  -1  -4   2   0  -3   3  -3  -2   4  -2  -4  -3  -1   0  -4  -2  -3    3  32   0   3   0  11   0   0  10   0   2  31   0   0   0   0   6   0   0   0  0.57 0.16
  127 F    -3  -3  -3  -4  -4  -3  -4  -5   4  -2  -1  -4  -2   6  -5  -3  -3   0   7  -3    0   0   0   0   0   0   0   0  11   0   3   0   0  36   0   0   0   0  51   0  1.33 0.27
  128 V    -2  -4  -4  -4  -2  -3  -4  -5  -4   5   1  -4   3   1  -4  -3  -2  -3  -2   3    0   0   0   0   0   0   0   0   0  56   8   0   9   6   0   0   0   0   0  21  0.71 0.18
  129 D     0  -2   1   6  -4   0   2  -2  -2  -4  -4  -1  -3  -4   0   0   0  -5  -4  -3   10   0   5  59   0   3   9   0   0   0   0   2   0   0   4   2   6   0   0   0  0.80 0.18
  130 D    -3  -3   3   6  -4  -1   0  -2  -2  -4  -5  -2  -4  -5  -3   0   0  -5  -4  -4    0   0  13  72   0   0   3   0   0   0   0   0   0   0   0   7   6   0   0   0  1.18 0.24
  131 A    -1  -2  -2   0  -4  -1   3  -3  -3   0   0  -1  -2  -3   6  -2  -2  -4  -3  -2    2   0   0   3   0   0  30   0   0   8  14   1   0   0  42   0   0   0   0   0  0.85 0.19
  132 D    -2  -1   1   2  -4   0   5  -2  -1  -2  -2   1  -1  -4  -2  -1   1  -4  -3  -2    0   0   8  10   0   0  54   1   0   1   4   7   1   0   0   0  12   0   0   3  0.57 0.17
  133 L    -2  -3  -3  -2   5  -2  -1  -4   4  -1   4  -3   0  -1  -4  -3  -2  -3   1  -1    0   0   0   3  15   1   4   0  14   0  57   0   0   0   0   0   0   0   6   0  0.55 0.18
  134 A     5  -3  -3  -3  -2  -2  -2  -1  -3  -3  -1  -1  -2  -3  -2   1  -1  -4  -3  -2   84   0   0   0   0   0   0   0   0   0   4   3   0   0   0   8   0   0   0   0  0.87 0.24
  135 Y    -4  -4  -4  -5  -4  -3  -4  -5   0  -3  -3  -4  -3   3  -5  -4  -4   0   9  -3    0   0   0   0   0   0   0   0   0   0   0   0   0   6   0   0   0   0  94   0  2.12 0.38
  136 V    -2  -4  -4  -4  -2  -4  -4  -5  -4   4   1  -4   0  -2  -4  -3  -1  -4  -2   5    0   0   0   0   0   0   0   0   0  22   7   0   0   0   0   0   2   0   0  68  0.81 0.21
  137 M    -1  -3  -4  -5  -3  -2  -4  -4  -3   1   2  -3   7   3  -4  -3  -2  -2   2  -1    5   0   0   0   0   0   0   0   0   5  13   0  57  12   0   0   0   0   8   0  0.88 0.24
  138 L    -2  -1  -1  -2  -3   6   0  -3  -2  -3  -1   1   0  -4  -3  -1   3  -4  -3  -2    0   0   0   0   0  54   0   0   0   0   6   9   3   0   0   0  29   0   0   0  0.78 0.24
  139 R    -3   8  -2  -3  -5  -1  -2  -4  -2  -5  -4   1  -3  -5  -4  -3  -3  -5  -4  -4    0 100   0   0   0   0   0   0   0   0   0   0   0   0   0   0   0   0   0   0  1.82 0.35
  140 Y    -2  -3  -4  -5  -4  -1  -3  -5   2  -3  -3  -3  -3   2  -5  -3  -3   0   9  -3    3   0   0   0   0   3   0   0   3   0   0   0   0   5   0   0   0   0  86   0  1.79 0.34
  141 R    -3   7  -2  -3  -5  -1  -2  -4  -2  -5  -4   1  -3  -5  -4  -2  -3  -4  -3  -4    0  96   0   0   0   0   0   0   0   0   0   4   0   0   0   0   0   0   0   0  1.70 0.33
  142 Q    -2  -1  -2   0  -5   5   6  -4  -1  -5  -4   0  -3  -5  -3  -2  -2  -4  -3  -4    0   0   0   2   0  32  66   0   0   0   0   0   0   0   0   0   0   0   0   0  1.20 0.27
  143 V    -2  -4  -3  -4   8  -3  -4  -4  -4   3  -1  -3  -1  -3  -4   0   1  -4  -3   2    0   0   0   0  44   0   0   0   0  19   0   0   0   0   0   6  13   0   0  18  0.92 0.21
  144 H    -4  -2  -1  -3  -5  -1  -2  -4  10  -5  -5  -3  -4  -3  -4  -3  -4  -4   0  -5    0   0   0   0   0   0   0   0 100   0   0   0   0   0   0   0   0   0   0   0  2.55 0.41
  145 D    -3  -3   0   8  -5  -2   0  -3  -3  -5  -5  -2  -5  -5  -3  -2  -3  -6  -5  -5    0   0   0 100   0   0   0   0   0   0   0   0   0   0   0   0   0   0   0   0  1.90 0.33
  146 F    -3  -4  -4  -5  -3  -4  -4  -5  -3   2   2  -4   1   7  -5  -4  -3  -1   1  -1    0   0   0   0   0   0   0   0   0  11  20   0   4  65   0   0   0   0   0   0  1.04 0.22
  147 W    -1  -3  -3  -4  -3  -3  -3  -1  -1   1   1  -3   0   1  -4  -2   0   5   6   1    2   0   0   0   0   0   0   5   0   9  13   0   2   1   0   0   7   8  39  13  0.52 0.15
  148 H    -4  -2  -1  -3  -5  -1  -2  -4  10  -5  -5  -3  -4  -3  -4  -3  -4  -4   0  -5    0   0   0   0   0   0   0   0 100   0   0   0   0   0   0   0   0   0   0   0  2.55 0.41
  149 V     3  -3  -2  -3   1  -2  -2  -2  -3   1  -1  -2  -1  -3  -2   0   3  -4  -2   2   37   0   0   0   2   0   0   0   0   7   3   0   0   0   0   2  29   0   0  20  0.38 0.14
  150 L     0  -3  -4  -4   1  -3  -3  -4  -3   3   3  -3   0  -1  -3  -2  -1  -3  -1   3    9   0   0   0   4   0   0   0   0  24  33   0   0   0   0   2   0   0   2  26  0.40 0.12
  151 C    -1  -3   0  -3   2  -2  -3  -3  -2   0   2  -2   0   2  -3  -1   3  -2   2   0    3   0   6   0   5   0   0   0   0   4  30   0   0  10   0   1  30   0   8   4  0.26 0.11
  152 G    -1  -1   2   1  -4  -1   0   5  -2  -4  -4  -2   0  -2  -3   0  -2  -4  -3  -4    1   3  14  10   0   1   8  54   0   0   0   0   5   2   0   3   0   0   0   0  0.65 0.15
  153 L    -2  -3  -4  -4   3   0  -3  -4  -3   0   4  -3   5  -1  -4  -3  -2  -2   1   0    0   0   0   0   8   5   0   0   0   0  53   0  26   0   0   0   0   0   5   3  0.64 0.18
  154 P    -2  -1   2   0  -4  -2  -2   1  -3  -4  -4   0  -4  -5   7  -2  -2  -5  -4  -4    0   3  11   5   0   0   0  11   0   0   0   6   0   0  64   0   0   0   0   0  1.40 0.23
  155 P    -2   1  -2  -3  -2  -2  -3  -4  -3   4  -1  -2  -1  -2   1  -1   3  -4  -3   2    0  11   0   0   0   0   0   0   0  34   0   0   0   0   8   0  33   0   0  15  0.41 0.16
  156 S    -1  -2   4   0  -2  -1  -2  -2  -2   1  -2  -2   0   0  -3   2   2  -3  -2   0    0   0  30   3   0   0   0   0   0  15   0   0   2   5   0  21  15   0   0   9  0.31 0.13
  157 F    -2   0  -3  -4  -2  -1  -3  -4  -3   4   1  -2   5   1  -4  -3  -1  -3  -2   3    0   7   0   0   0   3   0   0   0  29   5   0  23   5   0   0   0   0   0  28  0.46 0.15
  158 F    -1  -2  -2  -1  -4   1   5  -4  -2  -1   2  -1  -1  -1  -1  -2  -2  -3   0  -2    2   0   0   0   0   3  57   0   0   3  26   0   0   2   3   0   0   0   5   0  0.54 0.18
  159 G     0  -3  -1   0   0  -2   1   5   0  -4  -4  -2  -3  -4  -3   1  -2  -4  -4  -4    2   0   0   5   3   0  11  66   3   0   0   0   0   0   0  11   0   0   0   0  0.87 0.18
  160 E    -2  -2  -2   0  -5   0   7  -4  -2  -5  -5  -1  -4  -5  -3  -2  -2  -5  -4  -4    0   0   0   0   0   0 100   0   0   0   0   0   0   0   0   0   0   0   0   0  1.57 0.31
  161 V     0  -3  -3  -4  -2  -3  -3  -4  -4   4   2  -3   0  -1  -3  -1   0  -3  -2   3    8   0   0   0   0   0   0   0   0  30  20   0   0   0   0   3   3   0   0  36  0.44 0.12
  162 S     4  -2  -2  -3  -2  -2  -2  -1  -3   0  -2  -2  -1  -3  -2   1   2  -4  -3   1   58   0   0   0   0   0   0   0   0   5   0   0   0   0   0  12  14   0   0  12  0.47 0.15
  163 L    -2  -3  -4  -4  -2  -3  -4  -4  -4   2   3  -3   0  -1  -4  -3  -1  -3  -2   4    0   0   0   0   0   0   0   0   0   9  36   0   0   0   0   0   0   0   0  54  0.66 0.17
  164 K    -2   1  -2  -2  -5   0  -1  -3  -2  -4  -4   7  -3  -5  -3  -2  -2  -5  -3  -4    0   0   0   0   0   0   0   0   0   0   0 100   0   0   0   0   0   0   0   0  1.42 0.30
  165 W     2  -3  -4  -4  -2  -3  -3  -3  -3   0   1  -3   1   0  -3  -2  -1   8   2   1   21   0   0   0   0   0   0   0   0   4  14   0   4   0   0   0   2  32   9  14  0.79 0.16
  166 L    -3  -4  -4  -5  -3  -4  -4  -4  -3   2   2  -4   0   6  -4  -3  -2  -1   2   1    0   0   0   0   0   0   0   0   0  10  22   0   0  52   0   0   0   0   2  13  0.76 0.17
  167 E    -2  -2  -2   0  -5   0   7  -4  -2  -5  -5  -1  -4  -5  -3  -2  -2  -5  -4  -4    0   0   0   0   0   0 100   0   0   0   0   0   0   0   0   0   0   0   0   0  1.57 0.31
  168 A     2  -3  -3  -4  -2  -3  -3   0  -2  -1   1  -3   2   5  -3  -1  -2   5   1  -1   24   0   0   0   0   0   0   7   0   0  11   0   7  36   0   1   0  11   3   0  0.51 0.14
  169 A     2  -1  -2  -3  -2  -1  -1  -2  -2   2   2   0   2  -1  -2   0  -1  -3  -2   1   29   4   0   0   0   2   3   0   0  14  22   5   7   0   0   4   1   0   0   9  0.16 0.08
  170 Q    -3  -1   6  -1  -4   4  -1  -2   5  -4  -4  -1  -3  -4  -3  -1  -2  -4  -2  -4    0   0  50   0   0  32   0   0  18   0   0   0   0   0   0   0   0   0   0   0  1.03 0.24
  171 T    -1  -2  -1  -3  -2  -2  -2  -3  -3   1   1  -2   4  -2  -3   0   5  -3   0  -1    3   0   1   0   0   0   0   0   0  10   9   0  16   0   0   0  57   0   4   0  0.54 0.18
  172 G    -1  -2   0  -2  -3  -2  -3   6  -3  -3   0   0  -2  -3  -3  -1  -2  -3  -1  -2    0   0   4   0   0   0   0  69   0   0  11   9   0   0   0   3   0   0   3   1  0.81 0.17
  173 L    -2  -3  -4  -5  -2  -3  -4  -5  -4   3   5  -4   2  -1  -4  -3  -2  -3  -2   1    0   0   0   0   0   0   0   0   0  20  73   0   3   0   0   0   0   0   0   5  0.77 0.17
  174 P    -3  -4  -4  -3  -5  -3  -3  -4  -4  -4  -4  -3  -4  -5   8  -3  -3  -5  -5  -4    0   0   0   0   0   0   0   0   0   0   1   0   0   0  99   0   0   0   0   0  2.65 0.34
  175 M    -2  -3  -4  -4  -3  -2  -4  -4  -3   2   1  -3   8   0  -4  -1  -2  -3  -2   1    0   0   0   0   0   0   0   0   0  11   5   0  66   3   0   5   0   0   0  10  0.96 0.25
  176 C     2  -3   0  -3   6  -2  -2   2  -3  -2  -3  -2  -2  -3  -2   1   3  -3  -3  -2   19   0   3   0  29   0   0  16   0   0   0   0   0   0   1   5  26   0   0   0  0.58 0.15
  177 A     1  -3  -2  -3  -2  -2  -3   3  -2   1   1  -2   1  -1  -3  -1   0  -2   2   0   16   0   0   0   0   0   0  28   0   8  22   0   3   0   0   0   8   0  11   4  0.22 0.09
  178 L    -2  -3  -4  -4  -2  -3  -4   1  -4   1   4  -3   1   1  -4  -2  -1  -3  -2   0    0   0   0   0   0   0   0  13   0   6  71   0   2   4   0   2   2   0   0   0  0.54 0.15
  179 G     2  -2  -1  -2  -2  -2  -2   5  -2  -3  -3  -2  -2  -3  -2   2  -1  -3  -3  -2   22   0   0   0   0   0   1  48   0   0   1   0   0   0   0  23   0   0   0   1  0.64 0.14
  180 A     3  -2  -2  -2  -1  -2  -2   0  -2   1   0  -2   0  -2  -2   2   0   0  -2   1   46   0   0   0   0   0   0   6   0   8   5   0   2   0   0  16   2   1   0  12  0.28 0.11
  181 I     0  -3  -4  -4  -2  -3  -3  -4  -3   3   3  -3   2   3  -3  -3  -2  -2  -1   2    7   0   0   0   0   0   0   0   0  22  35   0   6  15   0   0   0   0   0  15  0.40 0.11
  182 S     0  -3  -3  -3  -3  -3  -3   2  -3   1   1  -3   1   5  -3  -1  -2   1   1   0    7   0   0   0   0   0   0  17   0   7  12   0   4  41   0   4   0   2   0   6  0.38 0.12
  183 G     3  -3  -2  -2  -3  -2  -3   5  -3  -3  -4  -2  -3  -3  -3   0  -1  -4  -3  -2   33   0   0   0   0   0   0  59   0   0   0   0   0   1   0   4   1   0   0   3  0.85 0.17
  184 G     2  -3  -1  -2  -2  -2  -2   0  -3  -2  -1  -2   0   0   5   0   0  -3  -2  -1   22   0   2   0   0   0   0   7   0   1   4   0   4   4  39   6   6   0   0   5  0.61 0.12
  185 A     0  -1  -3  -3  -2  -2  -2  -3  -3   1   2  -2   1   2   2  -1   0  -2  -1   1    9   3   0   0   0   1   0   0   0   4  32   0   3  13  11   4   4   0   0  17  0.22 0.07
  186 R    -2   6  -2  -3  -4   0  -1  -3  -2  -3  -2   2   1  -3  -2  -2  -2   4  -2  -3    0  71   0   0   0   0   3   0   0   0   3   7   5   0   2   0   1   7   0   0  0.93 0.20
  187 L    -2  -3  -4  -4   1  -3  -3  -4  -3   1   5  -1   1   1  -4  -3  -1  -3  -2   0    0   0   0   0   3   0   1   0   0   1  77   5   1   4   0   0   4   0   0   2  0.60 0.16
  188 G    -1   3   2  -1  -3   0  -1   0  -1  -3  -2   3  -2  -3   2   1   0  -4  -3  -3    0  17  14   0   0   0   0   5   0   0   4  30   0   0  11  14   4   0   0   0  0.38 0.12
  189 L     1   0  -1  -2   2  -1   0  -2  -2  -2  -1   1   0  -3   5   0   0   2  -2  -1   12   5   3   0   6   0   6   0   0   0   6  11   3   0  29   5   7   3   0   2  0.40 0.09
  190 R     1   2   0   0  -3   1   1  -2  -1  -2  -2   3  -2  -3   0   1  -1  -3   0  -1   13  12   3   3   0   5   8   0   0   1   0  31   0   0   3  11   0   0   4   5  0.25 0.09
  191 Q    -2   2   0  -1  -4   6   3  -3   2  -4  -4   1  -2  -4  -3   0  -1  -4  -3  -3    0  10   4   0   0  50  18   0   4   0   0   4   0   0   0   6   3   0   0   0  0.76 0.21
  192 Q    -1   5  -1  -2  -4   3   0  -3  -1  -2  -1   2  -1   0  -3  -2  -1   2  -2  -3    3  48   1   0   0  17   1   0   0   3   4  12   1   4   0   0   3   4   0   0  0.59 0.17
  193 L    -1   2   0  -1  -3   3   2  -3  -1  -1   1   1  -1  -1  -2   0  -1   2  -1  -2    2  15   4   1   0  16  19   0   0   2  18   8   0   2   0   8   0   3   1   0  0.22 0.09
  194 L    -1   4   0  -2  -3   0   1  -2   0  -1   0   0   1   0  -3  -1  -2   1   0  -1    6  37   5   0   0   2   9   1   2   3  10   1   7   4   0   0   0   2   4   4  0.23 0.10
  195 V    -2  -2  -1  -2  -2  -2  -2  -2   0   1   2  -2   1   3  -3  -1  -2   1   3   0    1   0   5   2   0   0   1   2   3   7  33   1   3  18   0   4   1   2  14   6  0.26 0.09
  196 A    -1   1  -2  -1  -2  -1  -2   0  -1   0   1  -1   1   2  -2  -1   0   3   2   0    6  10   0   4   0   0   1   7   0   4  19   1   7  14   0   2   7   5  11   3  0.12 0.06
  197 R    -1   3   1   1  -3   1   2  -1   0  -2  -2   2   0  -3  -2   1  -1  -3  -1  -2    3  18   8   6   0   6  14   3   2   3   2  16   3   0   0  12   2   0   1   2  0.23 0.07
  198 H    -2   0  -1  -1  -3  -1   1  -2   4   2   1  -1   0  -1  -3  -1   0  -2   2   0    0   5   2   3   0   0  10   1  19  18  15   4   0   0   0   2   6   0   9   6  0.15 0.09
  199 V    -2  -2   1  -3  -3  -2  -3  -3   2  -2   0  -2   0   2  -3  -2   0   3   7  -1    3   0   9   0   0   0   0   0   5   0  10   0   3   4   0   0   5   4  51   2  0.70 0.18
  200 L    -2  -3  -4  -4  -2  -3  -3  -2  -3   2   3  -3   1   1  -3  -3  -2   3   2   1    0   0   0   0   0   0   0   4   0  17  49   0   0   5   0   0   0   5   8   9  0.42 0.12
  201 P    -3  -4  -4  -3  -5  -2   1  -4  -4  -4  -3  -2  -4  -5   8  -2  -3  -5  -5  -4    0   0   0   0   0   0  12   0   0   0   2   0   0   0  87   0   0   0   0   0  2.24 0.34
  202 W    -5  -5  -6  -6  -5  -1  -2  -5  -4  -5  -4  -5  -4  -1  -6  -5  -5  12   0  -5    0   0   0   0   0   3   3   0   0   0   0   0   0   0   0   0   0  95   0   0  3.64 0.47
  203 A     6  -3  -3  -3  -2  -2  -2  -1  -3   0  -2  -2  -2  -3  -2   0  -1  -4  -3   0   88   0   0   0   0   0   0   1   0   5   0   0   0   0   0   1   0   0   0   4  0.90 0.25
  204 A    -1  -3  -3  -3  -2  -2  -1  -4  -3   3   2  -3   1   0  -1  -1  -1  -3  -2   3    2   0   0   0   0   0   4   0   0  24  26   0   3   4   3   5   2   0   0  27  0.30 0.10
  205 R    -2   5  -1  -1  -4   2   2  -3   1  -3  -3   3  -2  -4  -3  -1  -1  -4  -1  -2    0  44   0   1   0   8  12   0   3   0   0  23   0   0   0   2   1   0   1   4  0.63 0.16
  206 H     0   0   5  -1   0   1  -1  -2   0  -3  -3  -1  -1  -3  -2   2   2  -4  -3  -1    5   5  40   0   3   7   0   0   2   0   0   0   1   0   0  19  13   0   0   3  0.45 0.15
  207 A     2  -3  -2  -3  -3  -3  -3   6  -3  -4  -3  -2  -3  -4  -3   0  -2  -4  -4  -3   21   0   0   0   0   0   0  70   0   0   3   0   0   0   0   5   0   0   0   0  1.04 0.21
  208 A    -1   2   0  -2  -2   0  -1  -1   1  -1   2   1   1  -1   0   0   0  -3  -2  -1    5  13   6   0   0   1   0   3   6   1  33  13   3   1   5   5   4   0   0   0  0.12 0.08
  209 G     0   3   3  -1  -3   2   0   1  -1  -3  -3   1  -2  -2  -2   2   0  -3  -1  -3    5  19  19   0   0  10   3   9   0   2   0   8   0   1   0  17   4   0   2   0  0.29 0.10
  210 G     3  -2  -2  -2   5   0  -2   0  -2  -2  -2  -1   1  -3  -2   3   0  -3  -3  -1   30   0   0   0  15   5   0   5   0   1   0   3   5   0   0  32   1   0   0   2  0.41 0.15
  211 A    -1   4  -1   0  -4   0   1  -3  -2  -3  -3   4  -2  -4  -1  -1  -1  -4  -3  -1    3  27   0   3   0   0  10   0   0   0   0  44   0   0   3   0   3   0   0   7  0.56 0.16
  212 D    -2  -3  -2   1   2  -1   2  -3   1  -3  -2  -2  -2   3   5   0  -1  -2   1  -3    1   0   0   7   7   0  15   0   5   0   1   0   0  19  33   6   2   0   3   0  0.60 0.15
  213 L    -2  -3  -4  -5  -2  -3  -4  -5  -4   3   4  -4   1   1  -4  -3  -2  -3  -2   2    0   0   0   0   0   0   0   0   0  15  61   0   0   5   0   0   0   0   0  19  0.66 0.17
  214 L    -2  -3  -3  -4  -2  -1  -3  -4  -3   5   1  -3   6  -1  -4  -1   0  -3  -2   1    0   0   0   0   0   2   0   0   0  44   9   0  31   0   0   3   5   0   0   4  0.64 0.19
  215 C    -1  -2   6  -1   4  -2  -2  -1  -1  -4  -4  -2  -3  -4   1   0   0  -5  -3  -3    5   0  62   0  12   0   0   3   0   0   0   0   0   0   8   5   6   0   0   0  0.87 0.22
  216 V    -2  -4  -4  -5  -2  -4  -4  -5  -4   3   0  -4   0   1  -4  -3  -1  -4  -2   5    0   0   0   0   0   0   0   0   0  16   1   0   1   7   0   0   0   0   0  74  0.84 0.22
  217 Y    -3  -3  -3  -1  -4  -3  -1  -4   1  -3  -1  -1  -2   2  -4  -3  -3   4   8  -3    0   0   0   5   0   0   3   0   1   0   3   3   0   4   0   0   0   5  75   0  1.40 0.29
  218 Y    -4  -5  -5  -6  -4  -4  -5  -5  -3  -4  -3  -5  -3   2  -6  -5  -4  11   5  -4    0   0   0   0   0   0   0   0   0   0   0   0   0   8   0   0   0  74  18   0  2.89 0.40
  219 E    -3  -2  -2   0  -6   0   7  -4  -2  -5  -5  -1  -4  -5  -3  -2  -3  -5  -4  -4    0   0   0   0   0   0 100   0   0   0   0   0   0   0   0   0   0   0   0   0  1.65 0.34
  220 R    -2   3   1   0  -4   1   4  -3  -1  -4  -4   3  -3  -3  -2  -1  -2   2  -1  -3    0  15   8   3   0   3  34   0   0   0   0  27   0   0   0   3   0   3   3   0  0.55 0.15
  221 E    -2   3  -1  -2   1   1   1  -3   5   1   0   0  -1  -1  -2  -1  -2  -2   2  -1    0  27   0   0   3   6  10   0  20  11   7   0   1   0   1   1   0   0   9   4  0.31 0.12
  222 L    -3  -4  -5  -5  -3  -3  -4  -5  -4   1   4  -4   1   2  -5  -4  -3   9   0  -1    0   0   0   0   0   0   0   0   0   6  47   0   3  11   0   0   0  33   0   0  1.19 0.23
  223 E    -2  -2   1   3  -5   0   6  -1  -2  -5  -4   0  -3  -5  -3   0  -1  -4  -4  -4    0   0   6  12   0   0  73   3   0   0   0   2   0   0   0   3   2   0   0   0  1.01 0.24
  224 Q    -2   2   0   0  -4   4   2  -3   1  -3  -3   3  -1  -4  -2   0   1  -4  -2  -3    0  13   3   3   0  29   9   0   2   0   0  27   1   0   0   2   9   0   0   0  0.52 0.15
  225 P    -2  -2   2   6  -4   1   0  -1  -2  -4  -4  -1  -4  -5   3   0  -1  -5  -4  -4    0   0   9  58   0   6   0   3   0   0   0   2   0   0  15   5   2   0   0   0  0.90 0.20
  226 L    -1  -3  -4  -4  -2  -3  -4  -4  -3   4   2  -3   1  -1  -4  -3  -1  -2   2   4    2   0   0   0   0   0   0   0   0  28  23   0   2   0   0   0   0   0   9  37  0.52 0.15
  227 E    -1  -1   3   4  -3   0   3   0   0  -3  -3  -1  -3  -4  -2   0   1  -4  -3  -2    5   2  17  25   0   1  26   6   2   0   1   0   0   0   0   5   9   0   0   1  0.44 0.12
  228 A     0  -1  -1   3  -4   3   5  -3  -1  -4  -3   0  -3  -4  -2   0  -2  -4  -3  -3    6   0   0  16   0  20  49   0   0   0   1   1   0   0   0   5   0   0   0   2  0.72 0.19
  229 L    -2  -3  -4  -5  -2  -3  -4  -5  -4   1   5  -4   3   2  -4  -3  -2  -2  -1   1    1   0   0   0   0   0   0   0   0   0  70   0   7  11   0   0   0   0   0  11  0.71 0.19
  230 R    -3   7  -2  -3  -5   1  -1  -4   0  -4  -1   1  -2  -4  -4  -2  -2  -4  -3  -2    0  80   0   0   0   5   0   0   2   0   5   4   0   0   0   0   0   0   0   4  1.19 0.27
  231 T     1   3  -1   0  -1   1   1  -2   0  -3  -3   3  -2  -3  -2   0   0  -3  -2  -2   17  19   1   4   1   5  10   1   3   0   0  30   0   0   0   3   6   0   0   0  0.36 0.11
  232 E    -1   0  -1   2  -4   1   5  -3   0  -4  -4   2  -3  -4  -2   0  -1  -4  -3  -3    1   4   0  11   0   1  61   0   2   0   0  12   0   0   0   7   1   0   0   0  0.79 0.20
  233 L    -2  -3  -4  -4  -2  -3  -4  -4  -3   1   4  -3   3   1  -4  -3   0   2  -1   0    0   0   0   0   0   0   0   0   0   6  64   0  11   7   0   0   5   3   0   4  0.60 0.16
  234 Q    -1   2   4  -1  -4  -1  -2   5  -1  -5  -4   0  -3  -4  -3  -1  -2  -4  -4  -4    0  14  24   0   0   2   0  55   1   0   0   3   0   0   0   0   0   0   0   0  0.84 0.19
  235 L    -2  -4  -4  -4  -2  -4  -4  -5  -4   6   2  -4   0   0  -4  -3  -1  -3  -2   2    0   0   0   0   0   0   0   0   0  72  13   0   0   4   0   0   2   0   0   9  0.80 0.20
  236 E    -1  -1  -1   0  -3   1   4  -3  -2   0  -1   1  -2  -3  -2   0   2  -3  -3   0    0   0   0   0   0   5  48   0   0   7   4   7   0   0   0   4  16   0   0   7  0.41 0.13
  237 P    -2  -3  -3  -2  -3  -2   0  -3  -3  -2  -1  -2  -2  -3   7  -2  -2  -4  -3  -2    1   0   0   0   0   0   6   1   0   0   8   1   0   0  76   1   1   0   0   3  1.60 0.17
  238 L    -1  -2  -3  -3  -1  -2  -2  -3  -2   2   3  -2   1   1  -2  -2  -1  -2  -1   1    2   1   1   1   0   1   1   2   0  22  57   1   0   4   1   1   1   0   1   1  0.30 0.05
  239 V     0  -1  -1  -1  -1  -1  -1  -2  -2   2   1  -1   2  -1  -1  -1   1  -1  -1   2    3   2   2   2   1   2   2   3   1  14   3   2  11   1   2   3  12   0   1  33  0.09 0.01
  240 L    -1  -2  -2  -2  -1  -1  -2  -2  -2   2   3  -2   2   0  -2  -2  -1  -1  -1   2    2   1   1   1   0   1   1   2   0  13  42   1  13   1   1   2   1   0   1  15  0.19 0.01
  241 P    -1  -3  -2  -2  -3  -2  -2  -3  -3  -3  -3  -1  -3  -4   8  -1  -1  -4  -3  -3    0   0   0   0   0   0   0   0   0   0   0   0   0   0 100   0   0   0   0   0  2.18 0.06
  242 P    -1  -2  -2  -2  -3  -2  -1  -3  -3  -3  -3  -1  -3  -4   8  -1  -1  -4  -3  -3    0   0   0   0   0   0   0   0   0   0   0   0   0   0 100   0   0   0   0   0  2.15 0.05
  243 R    -1   4  -1  -2  -2   0   0  -2  -1   0  -1   3  -1  -2  -2  -1  -1  -3  -2   1    0  37   0   0   0   0   0   0   0   0   0  31   0   0   0   0   0   0   0  32  0.26 0.00
  244 S     1  -1   1   0  -1   0   0   0  -1  -3  -3   0  -2  -3  -1   4   1  -3  -2  -2    0   0   0   0   0   0   0   0   0   0   0   0   0   0   0 100   0   0   0   0  0.46 0.00
  245 S     1  -1   1   0  -1   0   0   0  -1  -2  -2   0  -1  -2  -1   4   1  -3  -2  -2    0   0   0   0   0   0   0   0   0   0   0   0   0   0   0   0   0   0   0   0  0.00     0.00

                      K         Lambda
Standard Ungapped    0.1401     0.3237
Standard Gapped      0.0410     0.2670
PSI Ungapped         0.1401     0.3237
PSI Gapped           0.0410     0.2670
