
Last position-specific scoring matrix computed, weighted observed percentages rounded down, information per position, and relative weight of gapless real matches to pseudocounts
            A   R   N   D   C   Q   E   G   H   I   L   K   M   F   P   S   T   W   Y   V   A   R   N   D   C   Q   E   G   H   I   L   K   M   F   P   S   T   W   Y   V
    1 M    -1  -2  -2  -3  -2   0  -2  -3  -2   1   2  -1   6   0  -3  -2  -1  -2  -1   1    0   0   0   0   0   0   0   0   0   0   0   0 100   0   0   0   0   0   0   0  0.36 0.01
    2 A     4  -2  -1  -2  -1  -1  -1   2  -2  -2  -2  -1  -1  -3  -1   1   0  -3  -2  -1   75   0   0   0   0   0   0  15   0   0   0   0   0   0   0   9   0   0   0   0  0.41 0.03
    3 V    -1  -2  -2  -3  -3   1  -1  -3   0  -1  -1  -1  -1   1   4  -1  -1   0   5   1    0   0   0   0   0  12   0   0   0   0   0   0   0   0  25   0   0   0  46  17  0.52 0.04
    4 Q     4  -1  -1  -1  -1   4   0  -1  -1  -2  -2   0  -1  -3  -1   1  -1  -3  -2  -1   63   0   0   0   0  37   0   0   0   0   0   0   0   0   0   0   0   0   0   0  0.41 0.05
    5 L    -2   1  -1  -3  -3  -1  -1  -3   6  -1   2  -1   0  -1  -3  -2  -2  -3   0  -1    0  12   0   0   0   0   0   0  44   0  44   0   0   0   0   0   0   0   0   0  0.44 0.07
    6 P    -1  -3  -3  -3   4  -2  -3  -1  -2  -2  -2  -2  -2   3   5  -2  -2  -1   3  -2    0   0   0   0  17   0   0   5   0   0   0   0   0  25  40   0   0   0  13   0  0.75 0.07
    7 G    -1   3  -1   2  -4   1   4   0  -1  -4  -3   1  -2  -4  -2  -1  -1  -3  -3  -3    0  27   0   9   0   0  54  10   0   0   0   0   0   0   0   0   0   0   0   0  0.57 0.08
    8 S     2   2  -2  -2  -2   1  -1  -2  -2   0  -1   0  -1  -2   2   0   0  -3  -2   2   24  15   0   0   0  12   0   0   0   0   0   0   0   0  10   9   0   0   0  31  0.20 0.06
    9 L    -2  -3  -4  -4  -2  -3  -4  -4  -3   2   4  -3   3   1  -4  -3  -2  -2  -1   1    0   0   0   0   0   0   0   0   0   5  74   0   7   6   0   0   0   0   0   9  0.56 0.11
   10 I    -1  -4  -4  -4  -2  -3  -4  -4  -4   2   0  -3   0   1  -3  -3  -1  -3  -2   5    0   0   0   0   0   0   0   0   0   7   0   0   0   6   0   0   0   0   0  87  0.71 0.17
   11 S     0  -2   0  -1  -2  -1  -1   0  -1  -3  -3  -1  -2  -2  -2   5   2  -3   2  -2    0   0   0   0   0   0   0   6   0   0   0   0   0   0   0  69  16   0  10   0  0.55 0.15
   12 V     3  -2  -2  -2  -2  -2  -2   0  -3  -1  -2  -2  -1  -3   3   0   2  -3  -2   2   37   0   0   0   0   0   0   4   0   0   0   0   0   0  18   0  20   0   0  21  0.38 0.10
   13 D    -2  -1   0   5  -4   3   2   1  -1  -4  -4   1  -3  -4  -2   0  -1  -4  -3  -3    0   0   0  45   0  17  11  13   0   0   0  10   0   0   0   4   0   0   0   0  0.59 0.12
   14 W    -4  -4  -5  -6  -4  -3  -4  -4  -4  -4  -3  -1  -3  -1  -5  -4  -4  12   1  -4    0   0   0   0   0   0   0   0   0   0   0   6   0   0   0   0   0  94   0   0  3.22 0.35
   15 L     1  -2  -3  -4  -2  -2  -3  -3  -3   1   4  -1   1  -1  -3  -2  -1  -3  -2   2   16   0   0   0   0   0   0   0   0   0  63   6   0   0   0   0   0   0   0  15  0.38 0.11
   16 A     3  -1  -1  -1  -2   0   2  -1   4  -1  -2  -1   1  -2  -2   1  -1  -3   0  -1   37   0   0   0   0   3  16   0  16   6   0   0   7   0   0  11   0   0   3   0  0.26 0.10
   17 A     2  -1  -1   2  -2   1   3  -1  -1  -3  -3   0  -2  -1  -2   2  -1  -3  -2  -2   25   0   0   9   0   6  33   0   0   0   0   0   0   3   0  23   0   0   0   0  0.38 0.10
   18 A     1   0   4  -1  -2  -1  -1  -1   4  -2  -1  -1  -1   0  -2   1  -1  -3  -1  -2   17   4  31   0   0   0   0   0  19   0   9   0   0   6   0  14   0   0   0   0  0.30 0.10
   19 I    -2  -2  -3  -3  -2   1  -2  -3  -3   3   3  -2   2  -1  -3  -2  -1  -2  -2   1    1   0   0   0   0  14   0   1   0  27  45   0   4   0   0   0   0   0   0   5  0.34 0.10
   20 L     0   2   0  -1  -2   1   0   1   1  -1   0   1  -1  -2  -1  -1  -1  -2  -1   0    8  17   4   1   0  11   1  14   5   1  13   9   0   1   1   2   1   0   1   8  0.09 0.03
   21 P     2  -1  -1   0  -1   0   1   1  -1  -2  -2   0  -1  -2   2   1   2  -2  -2  -1   22   1   1   5   0   1   8   9   1   1   2   4   1   1  13  10  17   0   1   2  0.20 0.04
   22 L    -1  -1  -1  -1  -2  -1  -1   1  -2   0   1   0   0  -1   4  -1  -1  -2  -1   0    3   2   2   4   1   1   2  11   1   7  19   8   1   1  23   2   2   0   1   8  0.22 0.04
   23 S     0   2   0  -1  -2   1   1   0  -1  -2  -2   3  -1  -2  -1   0  -1  -2  -1  -2    8  11   2   2   1   7   8   8   1   2   3  30   1   1   2   7   2   0   1   2  0.19 0.04
   24 N     0  -1   0  -1  -1  -1  -1   1  -1   0   0   0   0   1  -1   0   0   3   0   2    7   2   6   2   1   1   2  12   1   2   8   7   1   7   2   5   4   6   1  25  0.05 0.03
   25 G     1  -1  -1  -1  -1  -1  -1   2  -2   0  -1  -1   1  -1  -1   0   0  -2  -1   2   11   2   1   2   1   1   2  22   1   2   3   2   6   1   2   7   8   0   1  25  0.11 0.04
   26 A     1  -1  -1  -1  -1  -1  -1  -1  -1   1   0  -1   0  -1   1   0   0  -1  -1   1   22   2   2   3   1   2   3   3   1  16   9   3   1   2   8   9   3   1   2   8  0.06 0.02
   27 W     0   0   0   0  -1   2   1  -1   0   0  -1   1   0  -1   1   0   0   3  -1   0    4   3   2   3   1  17  10   4   1   8   5   9   1   2   8   4   3   5   2   6  0.11 0.02
   28 K     0   0   2   1  -1   0   0  -1   0  -1  -1   2  -1  -1   1   0   1  -1  -1  -1    9   3  13   6   1   2   6   4   1   3   5  18   1   2   8   4   9   1   2   3  0.11 0.02
   29 F     0  -1  -1   0  -1   0   1   0  -1   0   0   0   1   1  -1   0  -1   3   0   0    8   2   2   6   1   2  10   8   1   2   8   8   7  11   2   5   2   6   1   8  0.04 0.02
   30 E     0  -1   0   2  -2   2   2   1   2  -2  -2   0  -2  -2   2   0  -1  -2  -1  -2   10   1   1  13   1  12  17  12   6   1   3   2   1   1  12   2   2   0   1   2  0.23 0.05
   31 Q     0   0   1   3  -2   1   1   1  -1  -2  -2   0  -2  -3   2   0  -1  -2  -2  -2    7   7   6  22   0   5  11  12   0   1   2   5   0   1  12   3   1   0   1   1  0.27 0.05
   32 V    -1  -2  -2  -1  -1  -1   0  -2  -2   2   2  -2   0   1  -2  -1   0   3  -1   2    2   1   1   4   0   1   7   2   0  18  23   1   0   5   1   2   5   5   1  21  0.15 0.05
   33 V     0   3  -1  -1  -2   2   0  -2  -1  -1  -1   2  -1  -2  -1   0  -1  -2  -2   1    7  24   1   1   0  10   1   2   0   1   6  16   0   1   1   6   1   0   1  18  0.17 0.07
   34 V    -1  -2  -2  -2  -1  -2  -2  -2  -2   3   2  -2   0  -1   1  -1  -1  -2  -1   3    2   1   1   1   0   1   1   2   0  28  20   1   0   1   7   5   1   0   1  26  0.22 0.07
   35 I    -2  -2   0   0  -2  -2  -1  -3  -2   3   3  -2   1  -1  -2  -2  -1  -2  -2   1    1   1   6   8   0   1   3   1   0  25  41   1   0   1   1   1   1   0   1   7  0.23 0.08
   36 D    -2  -2   1   6  -3  -1   1  -2  -2  -3  -3  -1  -3  -3  -2   0  -1  -3  -3  -3    1   1   6  69   0   1   6   1   0   1   2   1   0   1   1   4   1   0   1   1  0.89 0.17
   37 A     4  -2  -2  -2   5  -2  -2  -1  -2  -2  -2   0  -2  -3   3   0  -1  -3  -3   0   51   1   0   1  16   0   1   1   0   1   1   6   0   0  15   1   1   0   0   5  0.50 0.15
   38 S     1   2   0  -1  -2   1  -1   1  -1  -2  -2   0  -2  -3  -1   3   1  -3  -2  -2   10  13   4   1   0   6   1   9   0   1   1   3   0   1   1  35  11   0   1   1  0.25 0.08
   39 L    -2  -2  -3  -3  -2  -2  -3  -3  -2   0   1  -3   1   1  -3  -2  -2  10   2   0    2   1   1   1   0   1   1   2   0   4  16   1   4   6   1   1   1  44   5   7  1.07 0.17
   40 R     0   2  -1  -2  -2  -1  -1   0   0  -2  -2   1  -1   1  -2  -1   0   0   5  -1   12  19   1   1   0   1   1   6   0   1   1   9   0   5   1   1   6   0  30   4  0.26 0.10
   41 A     1  -2  -3  -3  -2  -2  -2  -2  -2   1   2  -2   2   3  -1   0  -1  -2   0   1   13   0   0   0   0   0   0   1   0   7  31   0   6  18   2   9   0   0   0  10  0.20 0.08
   42 L     0  -3  -3  -3  -2  -2  -2  -3  -3   1   1  -2  -1  -2   5  -2  -1  -3  -2   2    5   1   1   1   0   1   1   1   0  11  16   1   0   0  38   1   1   0   0  22  0.64 0.13
   43 T    -1  -1   0   2  -3   1   3   1   0  -2  -1   1  -2  -3  -2   0   0  -3  -2  -2    1   1   1  13   0   4  30  11   3   1   8  11   0   0   1   6   9   0   0   1  0.24 0.08
   44 V    -1  -2  -2   1  -2  -1   1  -3  -2   0   1  -2   1  -1  -2  -1   0   5  -1   3    1   0   0  12   0   0  11   1   0   0  11   0   5   0   0   5   6  10   0  35  0.24 0.11
   45 N    -1   1   2   4  -3   1   1   0  -1  -3  -3   1  -2  -3   0   0   0  -3  -2  -3    1  10  12  32   0   6   5   7   0   1   1  11   0   1   5   1   5   0   0   1  0.35 0.09
   46 Q    -1   2  -1  -1  -3   2   3  -3  -1  -2   0   1  -1  -3   0   0   0  -3  -2  -1    1  17   0   0   0  12  33   1   0   0  13   4   0   0   5   4   5   0   0   4  0.30 0.11
   47 T    -2  -2   3   5  -3  -1   0  -2  -1  -3  -1  -1  -2  -2   2  -1   1  -3   0  -2    1   1  20  39   0   1   1   1   0   1   6   1   0   0  11   1  12   0   4   1  0.48 0.13
   48 P     1  -1   1  -1  -2  -1  -1   1  -2  -1  -2   0  -1  -2   3   1   1  -3  -2   0   14   1  11   1   0   1   1  13   0   6   1   6   0   1  15  15   8   0   0   6  0.22 0.06
   49 L     1   2   0  -2  -2  -1  -1  -2   1   1   1   1   0  -2  -2   0   1  -3  -2   0   15  18   5   0   0   0   0   1   4  11  19  10   0   0   0   6   8   0   0   0  0.10 0.07
   50 E     2   1   0  -1  -2   2   1  -2   1  -1   0   1  -1  -2   1   0  -1  -3  -2  -1   24  10   5   0   0  11   8   1   6   0  10   9   0   0   5   3   0   0   0   6  0.14 0.06
   51 E     0   1  -1   2  -2   0   3  -1  -1  -1  -1   0  -1  -2  -1   0   0  -2  -2  -1   10   9   1  12   1   1  36   2   1   1   7   2   1   1   1   2   4   0   1   6  0.23 0.07
   52 Y    -4  -4  -4  -5  -4  -3  -4  -5   0  -3  -2  -4  -3   4  -5  -4  -3   1   9  -3    0   0   0   0   0   0   0   0   0   0   0   0   0  13   0   0   0   0  87   0  1.88 0.37
   53 L     0  -2  -2   3  -3   1   1  -3  -2   1   3  -1   0  -2  -3  -2  -2  -3  -2  -1    7   0   0  22   0  11   9   0   0  10  38   2   0   0   0   0   0   0   0   0  0.26 0.13
   54 D     0   0   0   0  -3   1   3  -1  -2   0  -1  -1  -1  -3  -2  -1   1  -3  -2   0   10   3   3   4   0   4  36   5   0   7   6   0   0   0   0   0  12   0   0  10  0.22 0.11
   55 Q     0   2   0   1  -3   0   1   4  -2  -4  -4   0  -3  -4  -2   1  -1  -4  -3  -3    5  13   4   6   0   4  11  40   0   0   0   5   0   0   0  12   0   0   0   0  0.44 0.12
   56 H    -3   1  -1  -3  -5  -1  -2  -4  10  -5  -5  -2  -3  -3  -4  -3  -3  -4   0  -5    0   9   0   0   0   0   0   0  91   0   0   0   0   0   0   0   0   0   0   0  2.13 0.41
   57 I    -1  -4  -4  -4  -2  -4  -4  -5  -4   6   2  -4   0  -1  -4  -3  -2  -4  -2   2    3   0   0   0   0   0   0   0   0  73  18   0   0   0   0   0   0   0   0   5  0.84 0.23
   58 P     0  -4   0  -3  -4  -3  -2  -3  -4  -4  -5  -2  -4  -5   8  -2  -3  -5  -5  -4    6   0   5   0   0   0   2   0   0   0   0   0   0   0  87   0   0   0   0   0  2.17 0.34
   59 G    -1  -1   1  -2  -4  -3  -1   6  -3  -5  -5  -2  -4  -5  -3  -2  -3  -4  -4  -5    0   3   5   0   0   0   5  87   0   0   0   0   0   0   0   0   0   0   0   0  1.36 0.27
   60 A     6  -3  -3  -3  -2  -2  -2  -1  -3  -3  -3  -2  -2  -4  -2   1  -1  -4  -3  -2   95   0   0   0   0   0   0   0   0   0   0   0   0   0   0   5   0   0   0   0  1.06 0.30
   61 K     1   0  -2  -1  -2   0  -2  -3   0   2   0   0   0  -2  -3   0  -1  -3  -2   3   11   7   0   5   0   6   0   0   4  17   5   4   0   0   0   7   0   0   0  34  0.15 0.10
   62 F    -2   0  -2  -3  -3  -2  -2  -1   3  -2  -2   2  -2   6  -3  -2  -2  -1   4  -2    0   3   0   0   0   0   0   4  10   0   0  20   0  46   0   0   0   0  14   0  0.64 0.19
   63 Y    -1  -3  -4  -4  -2  -3  -3  -4  -2   2   2  -3   0   5  -3  -3  -2  -1   2   2    4   0   0   0   0   0   0   0   0  12  19   0   0  39   0   0   0   0   4  19  0.49 0.14
   64 D    -3  -3   4   7  -5  -2   0  -2  -2  -5  -5  -2  -4  -5  -3   0  -2  -6  -4  -5    0   0  21  75   0   0   0   0   0   0   0   0   0   0   0   4   0   0   0   0  1.33 0.29
   65 F    -2  -3  -4  -4  -2  -3  -3  -4  -3   3   2  -3   0   2   1  -3  -1   8   0   0    0   0   0   0   0   0   0   0   0  30  19   0   0   9   8   0   5  25   0   0  0.69 0.17
   66 A     1   1   1   2  -2   1   2  -1   1  -2  -2   1  -1  -2  -1   0  -1  -2  -1  -2   14   8   9  12   1   7  14   2   5   2   3  13   1   1   2   2   2   0   1   2  0.16 0.03
   67 T     0   1   0   1  -1   0   1  -1  -1   0  -1   0  -1  -2  -1   0   2  -2  -1  -1    5  11   3  11   1   1  12   3   1  12   3   4   1   1   2   6  19   0   1   2  0.10 0.04
   68 D     1  -2   0   5  -3   0   2   0  -2  -3  -3  -1  -3  -4  -2  -1   0  -4  -3  -1   15   0   0  46   0   4  17   6   0   0   1   0   0   0   0   0   4   0   0   5  0.53 0.15
   69 K     1   1  -2  -2  -2   1   1  -1  -2  -1   2   0   0   0  -3  -1   0  -2   0  -1   13   8   0   0   0   5  16   5   0   0  37   4   0   2   0   0   5   0   5   0  0.13 0.09
   70 G    -1  -2   0  -2   4   2  -2  -1  -1   0  -1  -2  -1   1  -3   1   0   5   3  -1    4   0   7   0  13  13   0   4   0  11   3   0   0   6   0  13   4   9  14   0  0.24 0.11
   71 K     0   2   0   3  -3   1   1  -1   0  -3  -3   1  -2  -3   2   1  -1  -3  -2  -3    7  18   0  22   0   4   5   4   3   0   0   8   0   0  10  17   0   0   0   0  0.33 0.10
   72 D    -1  -1   0   4  -3   1   1   0   2  -2  -2  -1  -2  -3   2   1  -1  -3  -2  -2    2   1   1  36   0   8   7   6   6   1   5   1   0   1  10  11   1   0   1   1  0.35 0.09
   73 K    -1   2  -1  -1  -2   0   0  -1   3  -2  -1   2  -1  -2   3  -1   1  -2  -1  -2    2  13   1   1   0   1   6   5  11   1   7  18   0   1  15   2  12   0   1   1  0.24 0.07
   74 D     0   1   1   2  -2   0   0   0  -1  -2  -2   2  -1  -2  -1   0   1   3   1  -2    9   7   5  14   0   5   1   6   0   1   2  16   0   1   1   4  15   5   6   1  0.15 0.05
   75 A     0  -1   1  -1  -2   1   0   2  -1  -2  -2  -1  -1  -2   2   2   1  -2  -2  -1    6   1  10   1   0   6   7  16   1   1   2   1   1   1   9  23   7   0   1   6  0.19 0.05
   76 K    -2   2  -1  -2  -4  -1  -1  -3  -2  -3  -3   2  -3  -1   6  -1   0  -4  -3  -3    0  16   3   0   0   0   0   0   0   0   0  17   0   5  49   3   4   0   0   0  0.96 0.19
   77 L     1  -3  -3  -3  -2  -2  -3   0  -2   1   2  -3   0   2  -3  -2  -1  -1   3   2   13   0   0   0   0   0   0   8   0   5  24   0   0  10   0   0   0   0  19  20  0.24 0.10
   78 P    -2   3  -1   1  -3   1   1  -3  -2  -3  -3   1  -2  -4   5  -1   0  -3  -3  -2    1  19   0   8   0   5   9   1   0   0   1   6   0   0  37   1   8   0   0   3  0.67 0.14
   79 H    -1   3  -1   0  -3   1  -1   0   6  -2  -1  -1   0  -1  -3  -1  -2  -3  -1  -1    6  21   0   5   0   5   0   8  36   0   5   0   4   2   0   0   0   0   0   6  0.42 0.15
   80 M    -2  -2  -2   3  -3   0  -1  -3  -2  -1   1  -2   6  -1   1  -2  -2  -2   3  -1    0   0   0  21   0   5   0   0   0   0   8   0  41   0   8   0   0   0  14   0  0.51 0.20
   81 L    -2  -2  -3  -3  -2  -1  -3  -3  -2   1   3  -2   1   4  -3  -2   0  -1   2   0    1   0   0   1   0   4   1   1   0   9  42   1   0  23   0   1   6   0   6   4  0.35 0.11
   82 P    -2  -3  -3  -2  -3  -2  -2  -3  -3   2  -1  -2  -2  -2   7  -2  -2   3  -2   0    1   1   1   1   0   1   1   1   0  17   5   1   0   1  56   1   1   5   0   8  1.06 0.18
   83 S     0   1   1   3  -2  -1   0  -1  -2  -3  -3  -1  -2  -3   3   2   2  -4  -3  -2    4   8   6  19   0   0   3   2   0   0   0   0   0   0  13  27  14   0   0   0  0.37 0.11
   84 A     2   1  -1   0  -3   0   2   1  -2  -3  -3   1  -2  -3   3   0  -1  -3  -3  -2   24   6   0   5   0   0  21  11   0   0   0  13   0   0  15   0   3   0   0   0  0.33 0.10
   85 E     1  -1  -1   2  -3   2   4   0  -1  -4  -3   1  -3  -4  -2  -1   0  -4  -3  -3   19   0   0   9   0  11  46   6   0   0   0   5   0   0   0   0   4   0   0   0  0.53 0.17
   86 F     1  -1  -1   1  -3   3   2   0   3  -2  -1   0  -1  -1  -2   0   0  -3  -1  -1   13   0   0   7   0  24  15   5  10   0   5   5   0   4   0   4   3   0   0   5  0.21 0.10
   87 F    -3  -4  -4  -5  -3  -4  -4  -5  -3   0   2  -4   0   7  -5  -4  -3  -1   1   1    0   0   0   0   0   0   0   0   0   0  25   0   0  67   0   0   0   0   0   9  1.06 0.25
   88 S     3  -1  -1   1  -2   1   3  -1  -2  -3  -3   0  -2  -4  -2   2  -1  -4  -3  -2   41   0   0   5   0   4  23   2   0   0   0   5   0   0   0  20   0   0   0   0  0.42 0.16
   89 Q     1  -1  -1   3  -3   1   2  -2  -2  -2  -1   1  -2  -3  -2   1  -1  -4  -3  -1   18   0   0  20   0   4  16   0   0   0  10  12   0   0   0  17   0   0   0   3  0.25 0.10
   90 K     0  -2  -3  -4  -2  -2  -3  -1  -1   1   3   0   1   0  -3  -2  -1  -1   4  -1    8   0   0   0   0   0   0   5   0   6  37   8   5   0   0   0   4   0  27   0  0.31 0.14
   91 M     0  -3  -4  -4   2  -3  -3  -3  -3   1   2  -3   4   3  -3  -2  -2  -2  -1   2   11   0   0   0   5   0   0   0   0   0  25   0  21  17   0   0   0   0   0  20  0.38 0.15
   92 A     1   1   1  -1  -3   2   0   4  -2  -4  -4   0  -2  -4  -2   2  -1  -3  -3  -3    9   7   5   2   0  14   2  38   0   0   0   5   0   0   0  18   0   0   0   0  0.45 0.13
   93 Q     0   4   1   0  -3   2   2  -2  -1  -3  -3   2   0  -3  -2   1  -1  -3  -3  -3   11  28   7   3   0  10  16   0   0   0   0  12   5   0   0   9   0   0   0   0  0.37 0.12
   94 L     0   1  -3  -3   1  -2  -2  -3   2   0   3   0   0  -1  -3  -2  -2   2  -1   0   10   8   0   0   4   0   0   0   8   0  52   9   0   0   0   0   0   4   0   5  0.29 0.14
   95 G    -1  -4  -2  -3  -4  -3  -4   7  -4  -5  -5  -3  -4  -5  -4  -2  -3  -4  -5  -5    0   0   0   0   0   0   0 100   0   0   0   0   0   0   0   0   0   0   0   0  1.77 0.32
   96 V    -2  -4  -4  -4  -2  -3  -4  -5   2   5   1  -3   0  -1  -4  -3  -2  -4  -2   4    0   0   0   0   0   0   0   0   7  54   9   0   0   0   0   0   0   0   0  30  0.67 0.20
   97 G     1   3   1   1  -3   1   1   0  -1  -3  -3   0  -2   0  -2   2  -1  -3  -2  -3   12  20   8   7   0   5   8   8   0   0   0   3   0   5   0  24   0   0   0   0  0.25 0.10
   98 K     0   2   5  -1  -4   1   0  -2   3  -4  -4   1  -3  -4   1  -1  -1  -4  -2  -3    9  11  44   0   0   7   3   0   9   0   0   9   0   0   7   0   0   0   0   0  0.55 0.17
   99 H    -1   0   2   5  -4  -1   2   0   2  -4  -4   1  -3  -4  -2  -1  -2  -5  -3  -4    6   6  11  49   0   0  11   5   6   0   0   8   0   0   0   0   0   0   0   0  0.64 0.17
  100 T     0  -2   0   4  -3  -1   1  -2  -2  -2  -3  -1  -2  -4   1   1   3  -4  -3  -1    7   0   3  37   0   0   5   0   0   0   0   3   0   0   6   7  28   0   0   4  0.47 0.15
  101 A    -1  -2   0  -2  -3   0  -1  -1   6   0  -2  -2  -2  -3   0   0   4  -4  -1  -1    4   0   4   0   0   4   3   3  26   5   0   0   0   0   4   0  44   0   0   4  0.49 0.19
  102 V    -2  -4  -4  -5  -2  -3  -4  -5  -3   2   1  -4   0   1  -4  -3  -1  -3   2   5    0   0   0   0   0   0   0   0   0   3  13   0   0   5   0   0   0   0   7  72  0.68 0.22
  103 V    -2  -4  -4  -5  -2  -4  -4  -5  -4   4   1  -4   0  -2  -4  -3  -1  -4  -2   5    0   0   0   0   0   0   0   0   0  26   5   0   0   0   0   0   0   0   0  69  0.84 0.23
  104 V    -2  -3  -4  -4  -2  -3  -4  -4  -3   3   3  -3   0   1  -4  -3  -1  -2   1   4    0   0   0   0   0   0   0   0   0  19  27   0   0   5   0   0   0   0   6  43  0.51 0.16
  105 Y    -3  -3  -4  -5  -4  -3  -4  -5   0  -3  -3  -4  -3   1  -5  -3   0   0   9  -3    0   0   0   0   0   0   0   0   0   0   0   0   0   0   0   0   6   0  94   0  1.97 0.40
  106 D    -2  -3   0   5  -4  -2  -1   5  -3  -5  -5  -2  -4  -5  -3   0  -2  -5  -4  -4    0   0   0  50   0   0   0  45   0   0   0   0   0   0   0   5   0   0   0   0  1.04 0.24
  107 N    -2   2   1   5  -4  -1   0   3  -2  -4  -4   0  -3  -4  -3  -1   0  -4  -4  -4    0  14   4  46   0   0   3  22   0   0   0   5   0   0   0   0   6   0   0   0  0.64 0.17
  108 G    -1  -1   2   1  -3   1   1   3  -2  -3  -3   2  -1  -3  -2  -1  -2   2  -3  -1    0   0  13  10   0   6   9  31   0   0   0  19   3   0   0   0   0   4   0   5  0.35 0.12
  109 S    -1  -3   4  -1  -3  -2  -2   5  -2  -4  -4  -2  -3  -4   0   2  -1  -4  -4  -2    0   0  24   0   0   0   0  50   0   0   0   0   0   0   4  17   0   0   0   5  0.72 0.19
  110 F    -2   0   4  -1  -3  -1  -2   1  -1   0   0  -2   2   1  -3   0  -1  -2   1   0    0   4  31   0   0   0   0  11   0   3  12   0  10   8   0   5   2   0   5  10  0.18 0.11
  111 N     1  -3  -1  -4  -3  -2  -3   0  -2  -2   0  -1  -1   4  -4  -2  -2   8   2  -2   18   0   4   0   0   0   0   7   0   0   9   6   0  25   0   0   0  25   6   0  0.67 0.18
  112 S     1  -3  -2  -3  -3  -2  -3   1  -2  -3  -2  -2  -2   4  -3   2  -1   7   2  -3   10   0   0   0   0   0   0  14   0   0   0   0   0  22   0  28   0  19   7   0  0.62 0.18
  113 A     5  -2  -2  -3  -2   0  -2  -1  -3  -3  -3  -2  -2  -4  -2   2  -1  -4  -3  -2   81   0   0   0   0   6   0   0   0   0   0   0   0   0   0  13   0   0   0   0  0.83 0.26
  114 P     3   0  -2  -2  -2  -2  -2   0  -3  -3  -3  -1  -2  -4   5   1   1  -4  -3  -2   36   5   0   0   0   0   0   7   0   0   0   0   0   0  29  13  10   0   0   0  0.63 0.17
  115 R    -3   6  -2  -3  -4  -1  -2  -4  -1  -2  -1   1   1   0  -4  -2  -2  -2   4  -1    0  55   0   0   0   0   0   0   0   0   5   5   6   2   0   0   0   0  23   5  0.73 0.22
  116 L     3  -3  -3  -3   2  -2  -3  -2  -3   0   0  -2  -1   1  -3  -1   0  -3  -2   3   42   0   0   0   5   0   0   0   0   0   4   0   0   7   0   0   6   0   0  35  0.37 0.17
  117 W     1  -3  -4  -4  -3   0  -3  -3  -2   0   0  -3  -2   2  -4  -2  -2   9   4  -2   20   0   0   0   0   5   0   0   0   7   7   0   0   6   0   0   0  34  21   0  0.99 0.22
  118 W    -4  -5  -6  -6  -4  -4  -5  -5  -4  -1  -3  -5  -3  -1  -6  -5  -4  12   3  -4    0   0   0   0   0   0   0   0   0   5   0   0   0   0   0   0   0  85  10   0  3.19 0.46
  119 M    -2  -2  -3  -3  -2  -1  -3  -3  -2   1   2  -2   5   1  -3   0   1  -2   2   1    0   0   0   0   0   3   0   0   0   5  16   0  30   5   0   6  14   0  10  11  0.32 0.15
  120 L    -3  -4  -5  -5  -3  -4  -4  -5  -3   0   4  -4   0   6  -5  -4  -3  -1   1  -1    0   0   0   0   0   0   0   0   0   0  46   0   0  54   0   0   0   0   0   0  1.01 0.25
  121 R     0   4  -1   1  -3   0   1   0   1  -3  -3   3  -2  -3  -2  -1   1  -3   0  -3    6  31   0   7   0   0   7   5   4   0   0  24   0   0   0   0  11   0   5   0  0.37 0.13
  122 A     2   1  -3  -3  -2  -2  -2  -3  -2   0   1  -2   0  -1  -3   0   0   3   3   2   21  10   0   0   0   0   0   0   0   0  17   0   0   0   0   5   3   4  14  27  0.20 0.11
  123 F    -1  -3  -2  -3  -3  -3  -3  -3  -1   1   0  -3   1   6  -3   0  -2   0   5  -1    5   0   2   0   0   0   0   0   0   7   4   0   5  42   0   8   0   0  23   0  0.60 0.17
  124 G    -1  -2  -2  -3  -4  -3  -4   7  -4  -5  -5  -3  -4  -5  -4  -2  -3  -4  -5  -5    0   3   0   0   0   0   0  97   0   0   0   0   0   0   0   0   0   0   0   0  1.67 0.31
  125 H    -3  -2  -1  -3  -4   0  -2  -4   9  -1  -3  -1  -2  -2  -4  -2  -3  -3   2   1    0   0   0   0   0   4   0   0  68   4   0   4   0   0   0   0   0   0   5  15  1.24 0.30
  126 T     0   2  -1   1  -3   2   3  -2   3  -3  -3   1  -2  -3   1   0   1  -3  -2  -3    6  11   0   5   0  10  27   0  10   0   0   7   0   0   7   7   9   0   0   0  0.36 0.11
  127 N    -1   0   4   3  -3   0   0  -2   2  -4  -4   2  -3  -4  -2   0   1  -4  -2  -3    2   4  29  21   0   0   2   0   7   0   0  20   0   0   0   4  10   0   0   0  0.48 0.15
  128 C    -2  -4  -4  -4   2  -3  -4  -5  -4   3   0  -4   0  -1  -4  -3  -1  -3   1   5    0   0   0   0   4   0   0   0   0  15   3   0   0   0   0   0   0   0   7  71  0.73 0.22
  129 G     0   2  -1  -2  -3  -1  -1  -1   3  -3  -1   1  -2   0  -2   2  -1   3   2  -2    5  18   0   0   0   0   0   4  11   0   6  13   0   4   0  26   0   5   9   0  0.26 0.12
  130 V    -2  -3  -4  -4  -2  -3  -4  -5  -3   2   4  -3   1   0  -4  -3  -2  -2   1   3    0   0   0   0   0   0   0   0   0  10  51   0   0   0   0   0   0   0   7  32  0.57 0.17
  131 L    -3  -3  -5  -5  -2  -3  -4  -5  -4   1   5  -4   3   1  -4  -4  -2  -3  -2   1    0   0   0   0   0   0   0   0   0   0  83   0   9   4   0   0   0   0   0   5  0.86 0.23
  132 D    -3  -2   6   5  -4  -1   0  -1  -1  -5  -5  -2  -4  -5   0  -1  -2  -5  -4  -4    0   0  46  47   0   0   0   3   0   0   0   0   0   0   4   0   0   0   0   0  1.09 0.26
  133 G    -1  -3   0  -2  -4  -3  -3   7  -3  -5  -5  -3  -4  -4  -3  -1  -3  -4  -4  -4    0   0   4   0   0   0   0  91   0   0   0   0   0   0   0   0   0   0   0   0  1.46 0.27
  134 S     0  -3   1  -2  -4  -3  -3   6  -3  -5  -5  -3  -4  -5  -3   0  -3  -4  -4  -4    4   0   5   0   0   0   0  87   0   0   0   0   0   0   0   4   0   0   0   0  1.38 0.27
  135 L    -3   3  -3  -4  -3  -2  -3  -4  -2   0   3  -1   0   4  -4  -3  -2   3   1  -1    0  25   0   0   0   0   0   0   0   5  35   0   0  25   0   0   0   5   5   0  0.47 0.16
  136 T     1   2   1   2  -3   2   1  -2  -1  -3  -3   2  -2  -4   3   0   0  -4  -3  -3   13  11   9  15   0  10   5   0   0   0   0  16   0   0  13   0   8   0   0   0  0.34 0.10
  137 A     2   0   1  -1  -2   1   0   1   1  -2  -2   2  -2  -2  -2   0   0  -3   0  -2   31   3   7   0   0   5   6   8   4   0   4  18   0   0   0   5   5   0   5   0  0.18 0.09
  138 W    -5  -5  -6  -6  -4  -4  -5  -5  -4  -4  -3  -5  -3   1  -6  -5  -4  12   3  -5    0   0   0   0   0   0   0   0   0   0   0   0   0   5   0   0   0  85  10   0  3.23 0.46
  139 V    -1   2  -2  -2  -3   0   1  -3  -2   0   1   3   0  -2  -2  -1  -1  -3  -2   1    0  15   0   0   0   3  10   0   0   4  19  28   2   0   0   5   0   0   0  15  0.21 0.10
  140 E     2   2   0   2  -2   0   1  -2  -2  -2   0   1  -1  -3  -2   0   0  -3  -2  -2   26  15   2  13   0   0  11   0   0   0  15   7   0   0   0   6   4   0   0   0  0.18 0.09
  141 N     2  -2   2   3  -3   1   3  -2  -1  -3  -3  -1  -2   0  -2   0  -1  -3  -2  -2   28   0  12  17   0   6  27   0   0   0   0   0   0   5   0   5   0   0   0   0  0.38 0.14
  142 H     0   0   1   1  -4   0  -1   5   1  -4  -4   0  -3  -4  -3  -1  -2  -4  -3  -4    5   4   6  10   0   5   2  57   4   0   0   5   0   0   0   0   0   0   0   0  0.68 0.16
  143 G    -2   3  -2  -3  -3   0  -2   2   2  -2   2  -1  -1   1  -3  -2  -2  -2   3  -2    0  25   0   0   0   4   0  19   7   0  26   0   0   5   0   0   0   0  14   0  0.28 0.14
  144 P     0  -3  -2   1  -4  -1   2  -3  -3  -3  -2  -2  -3  -4   6   0  -2  -4  -4  -1    8   0   0  10   0   0  21   0   0   0   3   0   0   0  49   4   0   0   0   5  0.98 0.20
  145 T    -2  -3  -3  -4  -2  -3  -3  -4  -4   2   3  -3   1  -1  -3  -2   1  -3  -2   3    0   0   0   0   0   0   0   0   0   8  43   0   3   0   0   0  14   0   0  32  0.47 0.15
  146 V    -1  -1  -1   0  -2   1   3  -2  -2  -2  -3  -1  -2  -3  -2   3   4  -3  -2  -1    0   0   0   4   0   5  22   0   0   0   0   0   0   0   0  27  34   0   0   4  0.43 0.16
  147 S     0   2   1   0  -2   0   0  -2  -1  -2  -1   1  -2  -2  -2   3   2  -3  -1  -2    4  12   4   4   0   0   3   0   0   0   5  12   0   0   0  29  21   0   3   0  0.25 0.11
  148 G    -1  -2  -1   2  -3   0   4   3  -2  -3  -3  -1  -3  -3  -2   0  -1  -3  -3  -1    3   0   0  14   0   0  37  30   0   0   0   0   0   0   0   6   0   0   0   8  0.47 0.14
  149 P     0  -1  -2  -2  -2   0   0  -2  -1   0   0   0   0   0   3   0   0  -2   1   1   10   1   1   1   0   5   7   1   0   4  10   6   0   6  15   6   8   0   5  16  0.13 0.04
  150 P    -1  -2  -2  -2  -3  -2  -2  -2  -3  -1  -2   0  -2  -3   6   1  -1  -4  -3   2    1   0   0   1   0   0   1   1   0   0   1   8   0   0  48  17   1   0   0  21  0.87 0.18
  151 D     1   2   1   1  -2   1   2   0   0  -2  -2   1  -2  -3  -1   1   1  -2  -2  -2   13  14   7   5   0   5  14   4   2   1   1   6   0   1   1  16   7   0   1   1  0.19 0.05
  152 P    -1   1  -1   0  -2  -1   0  -2  -1  -1   0  -1  -1   0   4  -1   0  -2   2   0    2  11   1   6   0   1   6   2   0   1  10   1   0   4  28   1   5   0  10  10  0.32 0.07
  153 P     0  -1  -1  -1  -2   1   1   0  -1  -2  -2  -1  -2  -2   5   0   0  -2  -2  -2   10   2   1   2   1   6  13   7   1   2   3   2   1   1  37   4   5   0   1   2  0.55 0.08
  154 V     1  -1  -1  -1  -1   0   1  -1  -1   1   0   0   0  -1   2   0   0  -2  -1   1   15   2   2   2   1   4  13   3   1  12  11   6   1   1   9   3   2   1   1  10  0.07 0.02
  155 P     0  -1   0  -1  -2   0   0   1  -1  -1  -1  -1  -1  -2   4   1   1  -2  -2  -1    8   2   6   2   1   4   6  10   1   2   8   2   1   1  22   7  16   0   1   2  0.26 0.05
  156 L     0   0   1   0  -1   0   0   0  -1   0   0   1   0  -1  -1   1   0  -2  -1   0    4   4   7   5   1   1   2   7   1   3  11  19   1   1   2  13   5   0   1  13  0.05 0.03
  157 T     0  -1  -1  -1  -1  -1  -1  -1  -1   0  -1  -1  -1   2  -1   0   2   0   3   1    8   2   2   2   1   1   2   3   1   2   3   2   1  13   2   6  19   0  18  12  0.14 0.05
  158 E     0   0  -1  -1   0   0   1  -1  -1  -1   0   1  -1  -1   0   2   1  -2   0   0    5   2   1   2   3   1   9   2   1   2  10  16   1   1   4  23   7   0   5   6  0.09 0.04
  159 L     4   0  -1  -1  -1  -1   0  -1   1  -1   0  -1  -1  -2  -1   0   0  -2  -1  -1   51   5   1   1   0   1   7   2   4   1  11   1   1   1   1   2   6   0   1   2  0.22 0.09
  160 N     0  -1   1   2  -2   1   2   0   1  -2  -2   0  -2  -2   2   0  -1  -2  -1  -2   10   1   9  11   1   3  20   8   5   1   2   6   1   1   9   7   2   0   1   2  0.20 0.04
  161 A     1  -1  -1   1  -2  -1   1   2  -1  -2  -2  -1  -2  -1   2   1   0  -2   1  -2   17   1   1  12   0   1   9  16   1   1   2   1   1   1  11  11   4   0   9   2  0.19 0.05
  162 P    -1  -1   1   2  -2   0   2  -2  -1  -2  -2  -1  -2  -3   5   0  -1  -3  -2  -2    2   1   7  16   0   1  17   2   1   1   2   1   1   1  33   8   1   0   1   4  0.56 0.09
  163 F    -1  -2  -2  -2  -2  -2  -2  -2  -1   0   0   0   0   5  -2  -1  -1   0   1   1    2   1   1   2   1   1   2   2   1   1   7   8   1  47   1   6   2   0   1  13  0.34 0.10
  164 V     0   0   0  -1   0   1   0   1  -1   0  -1   1  -1  -1  -1   0  -1  -2   0   1    6   3   5   2   2  11   2  12   1   1   3  15   1   1   2   4   2   0   5  23  0.06 0.04
  165 A     3  -1   0  -1  -1   0   0   0  -1  -1   0   0  -1  -2   0   0   0  -2  -2   0   37   1   4   1   1   4   5   6   1   1   9   7   1   1   4   2   7   0   1   8  0.12 0.05
  166 T     1   1  -1  -1  -2   2   0   0  -1  -2  -2   2  -1  -1  -1   0   1  -1   1  -1   12   9   1   1   1  14   2   6   1   1   2  19   1   1   1   5  11   0   9   2  0.15 0.05
  167 L    -1   0   0  -2  -2   0  -1  -2  -1   1   2  -1   0   2   0  -1  -1  -1   0   0    2   7   6   2   1   6   2   2   1   8  28   2   1  17   6   2   2   0   1   5  0.08 0.04
  168 D    -1   1   2   5  -3   2   0  -1   1  -3  -3   0  -2  -3  -1   0  -1  -3  -2  -2    2   8  12  42   0  10   1   2   4   1   2   1   1   1   1   8   1   0   1   1  0.43 0.10
  169 P     1   0   1   0  -2   0   1  -2  -1  -2  -1   0  -2  -3   5  -1  -1  -3  -2  -2   12   6   8   5   0   1  12   1   0   1   6   7   0   1  33   1   1   0   1   1  0.48 0.08
  170 T     0  -1   1   1  -2   1   1  -1   2  -2  -2  -1  -1  -2   1   2   2  -2   1  -2    4   1   4   8   0   7   8   1   6   1   2   1   0   1   6  23  18   0   7   1  0.19 0.06
  171 L    -1  -2  -2  -2  -1  -1  -2  -2  -2   2   3  -2   1   1   0  -2  -1  -1  -1   1    6   1   1   1   0   4   2   2   1  21  41   1   1   7   5   2   2   0   1   2  0.18 0.06
  172 L    -1   3  -2  -2  -2  -1  -1  -2  -2   1   1   0   2  -1  -2  -1   1  -2  -1   2    2  26   1   1   0   1   1   1   0   7  18   1   7   1   1   1   9   0   1  20  0.16 0.07
  173 C     3  -1  -2  -2   2  -1  -1  -1  -2   1   0   1  -1  -2  -2   0  -1   2  -2   1   41   1   0   1   5   0   1   1   0  10  10  14   0   0   1   1   1   3   0  10  0.18 0.09
  174 T    -1  -2  -1   1  -2   0  -1  -2  -1  -2  -2  -1  -2   3   1   1   3  -2   2  -2    3   0   0  11   0   5   0   0   0   0   0   4   0  17   6   8  36   0   8   0  0.28 0.12
  175 K    -1   3  -1  -2  -3   0  -1  -2   1  -1   0   2   1   2  -2  -1  -1  -2   2   0    5  27   0   0   0   0   1   1   4   0   6  19   7  12   0   1   1   0   8   7  0.22 0.09
  176 A     1  -1   0   4  -3   1   3  -2  -1  -3  -3  -1  -2  -3  -2   0   0  -3  -3  -3   12   0   0  35   0   6  29   1   0   0   1   1   0   0   0   7   4   0   0   1  0.52 0.13
  177 D    -2  -1   0   4  -3   3   3  -2   2  -3  -3  -1  -2  -2  -2  -1   0  -3   1  -3    1   0   0  33   0  20  22   1   6   0   1   1   0   0   0   1   4   0   7   1  0.52 0.14
  178 V     0  -3  -3  -3  -2  -2  -3  -3  -3   2   2  -3   0   1  -3  -2  -1  -2   1   4   10   0   0   0   0   0   1   1   0   8  16   0   0   5   0   1   1   0   6  49  0.31 0.11
  179 E    -2   1  -2  -1  -3   3   2  -3  -1   0   2   1   1  -2  -2  -1  -1  -3  -2   0    1  10   0   0   0  17  18   1   0   3  33   7   2   0   0   1   0   0   0   5  0.22 0.10
  180 A     2   1   0   0  -2   0   2   2  -1  -3  -2   0  -2  -3  -1   1  -1  -3  -2  -2   31   8   3   2   0   0  16  13   0   1   1   6   0   0   1  15   1   0   0   1  0.25 0.09
  181 N     1   0   3  -1  -2   0  -1  -2   1   0   0   0  -1  -2  -2   1   1  -2   0   0   13   6  20   0   0   3   0   1   5  11   8   6   0   0   0  10   8   0   5   3  0.10 0.06
  182 L    -1   0  -2  -3  -2  -1  -1  -3  -2   2   3   0   1   1  -3  -1  -1  -2  -1   1    1   5   0   0   0   0   6   1   0  19  39   6   3   7   0   7   0   0   0   5  0.19 0.09
  183 A     0  -1   0   1  -2   0   2   2   2  -2  -2   0  -2   0  -2   1   1  -2  -1  -2    5   1   3   9   0   2  20  16   7   3   1   2   0   5   1  12  11   0   0   1  0.18 0.06
  184 S     2   1  -1  -1  -2   1  -1   0  -1  -1  -2   0  -1   0  -1   2   1  -2   0  -1   21   7   1   3   0   6   1   7   0   2   1   3   0   6   1  22  10   0   5   3  0.13 0.06
  185 P     0   0  -1  -1  -2   2   2  -2  -1  -2  -2   1  -1  -2   4   0   0  -2  -2  -1    8   1   1   1   1  17  13   2   1   1   2  12   1   1  22   2   6   0   1   6  0.33 0.07
  186 P     0   0   0   3  -2   0   2  -1  -1  -2  -2   1  -2  -2   2   0  -1  -2  -2  -2   10   2   4  28   1   2  12   3   1   2   3  13   1   1  10   3   2   0   1   2  0.26 0.05
  187 A     1   0   0   0  -1   0   0   0  -1  -1  -1   1  -1   0   2   1   0  -1  -1  -1   22   2   4   7   1   2   3   4   1   2   4  14   1   6   9   9   3   1   2   3  0.10 0.02
  188 G     0   1   1   0  -1   1   1   1   0  -1  -1   1  -1  -2   0   1   0  -1  -1  -1    6   8   7   3   1   8  13  10   1   2   4  14   1   2   3  10   3   1   2   3  0.11 0.02
  189 G     0   1  -1  -1  -1   0   0   0  -1   1   0   0   0  -1  -1   0   0  -1  -1   0    4  11   2   3   1   5   8  11   1  15  12   3   1   2   3   4   3   1   2   9  0.01 0.01
  190 A     1  -1  -1  -1  -1  -1  -1   0  -1   1   0  -1   0   0   1   0   0  -1   1   1   13   3   2   3   1   2   3   6   1   7   5   3   1   2   8   4   3   1   9  23  0.05 0.02
  191 S     0   0   0   1  -1   0   0  -1   0  -1  -1   0  -1   0   0   2   1  -1   0   0    4   3   2   8   1   2   3   4   4   3   5   7   1   6   3  24   9   1   2   8  0.06 0.02
  192 A     0   0   0  -1  -1   0   0  -1   0   0   0   0   0   2   0   1   0   0   1   0    9   7   3   3   1   3   4   4   1  10   5   4   1  14   3  13   4   1   7   4  0.03 0.01
  193 A     0   1   0   1  -1   0   1  -1  -1   0  -1   0   0  -1   0   0   0  -1  -1   1    9  10   3   9   1   3  14   4   1   3   5   4   1   2   3   4   4   1   2  17  0.04 0.01
  194 N     0   0   1   2  -1   1   1   0   0  -1  -1   0  -1  -1   0   1   0  -1  -1  -1    5   3   7  17   1   9   8   4   1   3   5   4   1   2   3  15   4   1   2   4  0.11 0.02
  195 L     0  -1  -1  -1  -1   0  -1  -1  -1   1   1  -1   2   0   0  -1   0   4   0   1    5   3   3   3   1   3   4   4   1   7   9   4  11   2   3   4   4   7   2  19  0.06 0.02
  196 G     0   1   0   0  -1   0   0   0  -1  -1  -1   1  -1   0   2   0   0  -1   0  -1    5   9   3   3   1   3   4   8   1   3   5  13   1   7  10   9   8   1   2   4  0.07 0.01
  197 G     0   1   1   0  -1   2   1   0   0  -1  -1   0   0  -1   0   0   0  -1  -1   0    5   8   8   4   1  14   9   8   1   3   6   4   1   3   3   5   4   1   2   8  0.06 0.01
  198 P     0  -1  -1   0  -1   0   1  -1  -1   0   0   0   0  -1   1   0   0  -1  -1   0   13   3   3   3   1   3  15   4   1   8  15   3   1   2   6   4   4   1   2   7  0.04 0.01
  199 Y    -1  -1  -1  -1  -1  -1   0  -1   1   0   0   0   0   3  -1  -1  -1   0   1   1    4   3   2   3   1   2   7   4   5   3   8   7   1  19   3   4   3   1   5  17  0.04 0.02
  200 Q     0   1   0   0  -1   1   1   0  -1   0  -1   1   0  -1  -1   0   0  -1  -1   0    7   8   2   7   1  12   8   8   1  14   4   7   1   2   3   3   7   1   2   3  0.05 0.02
  201 G     1   0   0  -1  -1   0   0   1   1  -1   0   0   0  -1  -1   1   0  -1  -1  -1   12   2   2   3   1   2   9  12   6   2  16   8   1   2   3  11   3   1   2   3  0.04 0.02
  202 S     0  -1   0   0  -1   0   0   2   2  -1   0   0  -1  -1   1   0   1  -1  -1  -1    7   2   2   6   1   2   3  18   8   2  11   8   1   2   7   6  11   1   1   3  0.08 0.02
  203 D     0  -1   1   2  -2   0   1  -1  -1  -1  -1   0  -1  -1  -1   1   1  -1   1  -1    6   2   6  19   1   5  10   3   1   2   7   2   1   1   2  12  13   0   6   2  0.14 0.04
  204 G     0   1   0   0  -2   0   0   2  -1  -3  -2   2  -2  -3   0   1  -1  -2  -2  -2    5  10   4   5   0   1   5  20   0   1   2  21   0   1   5  15   1   0   1   1  0.23 0.08
  205 S    -1   2   1   1  -3   0   0   3  -1  -3  -3   2  -2  -3  -2   0   1  -3  -2  -2    1  12   6   8   0   1   6  23   0   1   2  20   0   1   1   6  10   0   1   1  0.26 0.09
  206 F     0  -2  -2  -2  -2  -1  -2  -1   2   1   1   0   1   3  -2  -1   0  -1   2   1   12   1   1   1   0   0   1   3   7   9  11   7   3  16   1   4   4   0  10  11  0.11 0.07
  207 T     1   1   2  -1  -2   3  -1  -2  -1  -2   0  -1   0  -3  -1   0   1  -3  -2   0   12   7  15   0   0  26   0   0   0   0   8   0   4   0   2   6  11   0   0   7  0.22 0.13
  208 V    -1  -3  -4  -4  -3  -3  -4  -4   1   1   4  -3   1   2  -4  -3  -2  -2   3   1    3   0   0   0   0   0   0   0   4   8  53   0   2   8   0   0   0   0  11  11  0.51 0.18
  209 L    -2  -4  -4  -5  -2  -4  -4  -5  -4   4   2  -4   0   1  -4  -3  -2   3  -2   4    0   0   0   0   0   0   0   0   0  33  22   0   0   6   0   0   0   5   0  34  0.64 0.21
  210 D    -4  -3  -1   8  -6  -2   0  -3  -3  -5  -6   0  -5  -6  -4  -2  -3  -6  -5  -5    0   0   0  95   0   0   0   0   0   0   0   5   0   0   0   0   0   0   0   0  1.90 0.44
  211 A     3  -3  -3  -3  -2  -3  -3  -3  -4   0  -2  -3  -1  -3   2   1  -1  -4  -3   4   31   0   0   0   0   0   0   0   0   0   0   0   0   0   8  12   0   0   0  48  0.54 0.24
  212 R    -3   8  -2  -4  -6  -1  -2  -4  -2  -5  -4   1  -3  -5  -4  -3  -3  -5  -4  -5    0  95   0   0   0   0   0   0   0   0   0   5   0   0   0   0   0   0   0   0  1.84 0.44
  213 S     1   0   1  -1  -2  -1   2   0  -2  -1  -3  -1  -2  -3   2   3   1  -4  -3  -1   12   4   6   0   0   0  14   5   0   5   0   0   0   0  11  32   9   0   0   3  0.30 0.15
  214 A     1   1  -2  -2  -4   2   0  -3   0  -3  -1   1  -2  -4   6  -1   0  -4  -3  -3   13   8   0   0   0  10   5   0   2   0   5   8   0   0  44   0   5   0   0   0  0.82 0.22
  215 A     1  -1   1   2  -3   1   3   2  -2  -3  -2   0  -2  -3   0   1  -1  -3  -3  -3   13   0   5  16   0   4  22  19   0   0   4   4   0   0   3   9   0   0   0   0  0.30 0.11
  216 R    -2   4  -2  -1  -4   1   5  -3  -2  -3  -2   0  -3  -4  -3  -2  -2  -4  -3  -2    0  31   0   0   0   5  53   0   0   0   4   0   0   0   0   0   0   0   0   4  0.83 0.27
  217 F    -3  -3  -3  -4  -3  -3  -3  -4  -2   0   0  -3  -1   7  -4  -3  -3   0   5  -2    1   1   1   1   0   1   1   1   0   4   5   1   0  62   1   1   1   0  20   1  1.14 0.27
  218 A     0   2   0   1  -2   1   1  -1  -1  -2  -1   0  -1  -2  -1   2   0  -2  -2  -2    8  13   4  11   0   5  13   2   1   1   8   1   1   1   1  22   5   0   1   2  0.16 0.07
  219 G     0  -2  -1  -2  -2  -2  -2   6  -2  -1  -3  -2  -2  -3  -2  -1  -2  -2  -2  -2    5   1   1   1   1   1   2  69   1   5   2   2   1   1   1   2   2   0   1   2  0.83 0.17
  220 R    -1   0   0  -1  -1   1   1  -1  -1   0  -1   1  -1  -2  -1   0   2  -2  -1   0    3   4   4   2   1   5  12   3   1   4   6  14   1   2   2   3  25   1   1   6  0.12 0.05
  221 Q     0   0  -1   1   0   2   1   0  -1   0   0   0  -1  -1  -1   0  -1  -2  -1   0    7   4   2   7   3  17  13   6   1   7   8   5   1   1   2   3   2   1   1   9  0.08 0.04
  222 P    -1  -1  -1   0  -2   0  -1  -1  -1  -1   0  -1  -1  -2   5  -1   1  -2  -1   0    3   2   2   5   1   5   3   3   1   2  14   2   1   2  33   3  10   1   1   8  0.41 0.07
  223 E     1  -1   0   1  -2   0   4  -1   3  -2  -2   0  -1  -2  -1   0   0  -2  -1  -1   11   2   2   4   1   2  36   3  11   2   4   3   1   2   2   3   5   1   1   3  0.25 0.07
  224 P    -1  -1  -1  -1  -2   0   0  -1  -1  -1  -1   0  -1  -2   5   0  -1  -2  -1  -1    4   2   2   2   1   4   7   3   1   2   9   5   1   2  39   8   3   1   1   3  0.53 0.08
  225 I     0   2   0   0  -1   0   1  -1  -1   1  -1   0  -1  -1  -1  -1  -1   1  -1   1    9  16   4   6   1   3  10   3   1  12   3   2   1   1   2   3   2   3   1  15  0.06 0.04
  226 A     1  -1   1   1  -1   1   0   0  -1  -1  -1   0  -1  -2   1   1   0  -2  -1  -1   14   2   6  11   1   8   4   6   1   2   8   6   1   1   7   9   6   0   1   5  0.09 0.03
  227 G     1  -2  -1   0  -2  -1  -1   4  -2  -2  -2  -1  -2   0   0   0  -1   2  -1  -1   17   2   1   5   1   1   2  38   1   2   3   2   1   4   4   7   2   4   1   4  0.31 0.08
  228 L     1  -2  -2  -2  -2   1  -1  -2  -2   2   2  -1   0  -1  -2  -1   0  -2  -2   1   15   1   1   1   0  12   1   1   0  17  30   1   0   1   1   1   6   0   1  10  0.17 0.09
  229 R     0   5  -1   0  -3   1   1  -2  -1  -3  -3   2  -2  -3   1  -1  -1  -3  -2  -3    6  42   1   5   0   4  10   1   0   1   1  16   0   1   7   1   1   0   1   1  0.50 0.15
  230 G     2   0   0   0  -2   1  -1   1  -2  -3  -3  -1  -2  -3   2   2   0   3  -2  -2   19   6   4   4   0   9   1  12   0   1   1   1   0   0  13  17   4   6   0   1  0.26 0.10
  231 G    -1  -3  -2  -3  -4  -3  -3   7  -3  -5  -4  -3  -4  -4  -3  -2  -3  -3   0  -4    1   0   0   0   0   0   1  89   0   0   1   0   0   0   0   1   0   0   4   1  1.51 0.32
  232 H    -2  -2  -1  -3  -4  -1  -2  -4  10  -4  -4   0  -3   0  -4  -2  -1  -4   0  -4    3   0   0   0   0   0   0   0  79   0   0   7   0   4   0   0   3   0   0   0  1.82 0.42
  233 I    -1  -4  -4  -4   1  -4  -4  -5  -4   7   0  -4   1  -2  -4  -3  -2  -4  -3   1    3   0   0   0   3   0   0   0   0  83   0   0   4   0   0   0   0   0   0   3  1.07 0.31
  234 P     0  -1  -4  -3   1  -3   0  -4  -4  -4  -2  -2  -4  -5   8  -2  -3  -5  -4  -4   10   4   0   0   3   0   6   0   0   0   5   0   0   0  72   0   0   0   0   0  1.69 0.36
  235 N     1  -4  -1  -3  -4  -3  -3   6  -3  -4  -5  -3  -4  -4  -3   0   1  -4  -4  -4   10   0   2   0   0   0   0  73   0   0   0   0   0   0   0   3  12   0   0   0  1.15 0.29
  236 S     4  -3  -2  -3  -2  -2  -2  -2  -3  -3  -3  -2  -2   0  -2   3   1  -4  -3  -2   55   0   0   0   0   0   0   0   0   0   0   0   0   5   0  32   9   0   0   0  0.69 0.27
  237 V    -2   1  -2   0  -3   0  -2  -4  -3   4   0   1   0  -2  -3  -2  -1  -3  -1   3    0  11   0   5   0   6   0   0   0  33   6  11   0   0   0   2   0   0   3  23  0.27 0.15
  238 N    -3  -2   7  -1   3  -2  -2  -2   0  -5  -5  -2  -4  -5  -1   1  -2  -6  -4  -5    0   0  80   0   7   0   0   0   2   0   0   0   0   0   3   7   0   0   0   0  1.44 0.39
  239 V    -1  -4  -4  -4  -2  -3  -4  -4  -4   4   2  -3   2   1  -4  -3   0  -3  -2   3    3   0   0   0   0   0   0   0   0  43  17   0   5   5   0   0   5   0   0  22  0.55 0.19
  240 P    -1  -4  -3  -1  -5  -3   0  -4   2  -5  -5  -3  -4  -5   8  -2  -3  -6  -4  -4    3   0   0   3   0   0   5   0   5   0   0   0   0   0  82   2   0   0   0   0  2.10 0.41
  241 F    -3  -4  -4  -4  -3  -3  -4  -4  -2  -2   0  -4   2   4  -4   0  -3   9   4   0    0   0   0   0   0   0   0   0   0   0   8   0   5  22   0   8   0  32  13  10  1.07 0.26
  242 Q     1  -1   0   0  -2   0   0   1  -2  -2  -2  -1   2  -3   1   2   2  -3  -3  -2   14   3   4   4   0   2   8  11   0   0   0   0  10   0   8  18  17   0   0   0  0.22 0.12
  243 S     0   0   1   3  -3   1   2  -2  -1  -3  -2   1  -1  -3  -2   1   0  -3  -2  -2    8   3   6  17   0   7  19   0   0   0   3  12   2   0   0  16   5   0   0   0  0.30 0.11
  244 V     1  -2  -1  -3  -2  -2  -2  -1  -2   0   2  -2   1   3  -2  -1   0  -2   0   0   21   0   3   1   0   0   1   3   0   3  29   1   5  19   0   1   7   0   0   6  0.20 0.11
  245 L     0  -1  -1  -2  -2  -1  -2  -2   1   0   2   0   2   0   0  -1   0  -2  -1   1    9   4   4   1   0   1   1   1   6   1  33   5   9   5   4   1   5   0   0  12  0.12 0.08
  246 D     0   0   3   3  -3   0   0   1   1  -2  -2   0  -2  -3  -2   0   1  -3  -2  -1    6   3  17  26   0   5   1  10   3   0   3   4   0   0   0   2  12   0   0   6  0.26 0.11
  247 E     0   0   0   1  -4   0   3  -3  -2  -4  -4   1  -3  -4   5   1  -2  -4  -3  -3    9   5   4   8   0   2  29   0   0   0   0   7   0   0  28   8   0   0   0   0  0.64 0.19
  248 K    -1  -1   0   4   0   0   1   0  -2  -3  -2   1  -2  -3   0   1  -1  -4  -3  -2    3   0   3  30   2   3  10   7   0   0   4  14   0   0   3  17   0   0   0   3  0.32 0.13
  249 G     1   0   1  -2  -3  -1  -3   5   0  -4  -4  -2  -3  -4  -3  -1   1  -4  -4  -3   13   5   7   0   0   2   0  61   3   0   0   0   0   0   0   0   9   0   0   0  0.84 0.24
  250 L     0   1   1  -2  -2  -1   1  -3   0  -1   1   0   1   1  -3  -1   2  -2   0  -1    7  10   7   0   0   0  10   0   2   0  20   3   6   7   0   0  24   0   3   0  0.14 0.12
  251 M     0  -2  -1  -2  -2   0   0  -3  -2   0   2  -1   2   4   0  -1  -2  -2   0   0    7   0   4   0   0   3  10   0   0   5  24   3   8  24   6   3   0   0   0   3  0.18 0.11
  252 K    -2   4  -2  -2  -4   0   0  -3  -2  -2   2   5   1  -3  -3  -2  -2  -4  -3  -2    0  22   0   0   0   0   4   0   0   0  23  46   3   0   0   0   0   0   0   0  0.58 0.22
  253 Q     0  -2   1   1  -3   0   0  -1  -2  -1  -3  -1  -2  -4   4   3   1  -4  -3  -2    3   0   6   7   0   5   3   4   0   5   0   0   0   0  19  37  10   0   0   0  0.45 0.18
  254 G     1   1   0   1  -3   0   2   1  -2  -2  -2  -1  -2  -3   4   0  -1  -4  -3  -2   15  10   3   9   0   3  14   9   0   2   3   0   0   0  24   2   3   0   0   0  0.37 0.12
  255 A     1  -2  -1   3  -3   0   4  -1  -2  -3  -2   0  -2  -4  -2   0  -1  -4  -3  -2   11   0   0  18   0   0  45   3   0   0   4   4   0   0   0   7   3   0   0   3  0.51 0.19
  256 E     1  -2  -1   3  -4   1   5  -3  -2  -4  -4  -1  -3   0  -2  -1  -2  -4  -3  -3   13   0   0  16   0   4  57   0   0   0   0   0   0   6   0   0   0   0   0   0  0.76 0.25
  257 L    -3  -4  -4  -4  -3  -3  -4  -4  -4   4   4  -4   0   4  -4  -3  -2  -2  -1   0    0   0   0   0   0   0   0   0   0  28  49   0   0  19   0   0   0   0   0   0  0.68 0.21
  258 Q     0   2   0   1  -3   2   2  -2   3  -3  -2   3  -2  -3  -2   0   0  -3  -2  -2   10   9   3   6   0   8  16   0  10   0   4  23   0   0   0   3   6   0   0   0  0.29 0.12
  259 A     3   1   0  -1  -3   2   1  -1   0  -3  -3   3  -2  -3  -2   0  -1  -3  -2  -2   30   7   4   2   0  12   9   3   2   0   0  24   0   0   0   5   0   0   0   0  0.33 0.14
  260 A    -1   1  -3  -3  -2   0  -2  -3  -2   1   2   0   2  -1  -3  -2   0   3  -2   2    3   8   0   0   0   6   0   0   0   7  31   7   9   0   0   0   6   5   0  16  0.22 0.11
  261 L    -2  -3  -3  -4  -3  -3  -3  -4  -1   0   2  -3  -1   5  -4  -1  -2   4   5  -1    0   0   0   0   0   0   0   0   0   4  22   0   0  26   0   6   0   5  30   4  0.68 0.21
  262 Q     1   0   0   1   1   2   2   1  -1  -3  -3   1  -2  -1  -2   2   0  -3  -2  -2   10   2   3   6   3  11  19  11   0   0   0   7   0   3   0  17   5   0   0   0  0.23 0.10
  263 N     1   0   0   2  -3   2   1   0   1  -1  -1   0  -1   1  -1   0  -1  -2  -1  -2   16   4   2  15   0  13  11   5   3   4   3   4   0  10   2   6   2   0   0   0  0.14 0.08
  264 A     1   0   0  -1  -2   0   1  -2   1  -1   0   1  -1   0   0   0  -1   3  -1   0   16   3   5   0   0   2  10   1   5   0  16  13   0   3   4   7   1   5   0   7  0.08 0.07
  265 G    -1   0   2   0  -3  -1  -1   4  -2  -4  -4   3  -3  -4  -2  -1  -1  -3  -3  -3    1   3  11   5   0   0   1  41   0   0   1  30   0   0   0   1   4   0   0   1  0.58 0.18
  266 V    -1  -3  -3  -3  -2  -1  -3  -2  -3   3   1  -3  -1  -1   4  -2  -2  -3   0   2    4   0   0   0   0   3   0   3   0  25  12   0   0   0  25   0   0   0   5  20  0.45 0.16
  267 P     0   0   0   3  -3  -1   1  -2  -2  -2  -3   1  -2  -3   1   1   2  -4  -3   0    6   3   2  26   0   0   6   0   0   0   0   9   0   0   6  14  19   0   0   8  0.30 0.13
  268 D    -1  -1  -1   2  -3  -1   0  -1   2  -2   1   0  -1  -1   4  -1  -1  -3   0  -2    2   2   2  13   0   0   5   3   6   0  18   9   0   3  27   4   2   0   3   0  0.36 0.12
  269 E    -1  -2   2   5  -4   0   2  -1  -2  -4  -3  -1  -3  -4  -3   2  -1  -5  -4  -2    3   0  10  44   0   4  11   3   0   0   1   2   0   0   0  17   1   0   0   3  0.61 0.20
  270 G    -2   1  -1   2  -3   3   1   0  -2  -3  -3   4  -2  -4  -2   1  -1  -3  -3  -3    1   4   0  13   0  13   5   6   0   0   1  45   0   0   0   9   0   0   0   1  0.51 0.18
  271 P    -2   1   0   1  -4   1   3  -3   1  -4  -3   0  -3  -4   6  -1  -2  -4  -3  -3    1   6   3   8   0   8  20   1   3   0   1   6   0   0  38   3   0   0   0   1  0.78 0.19
  272 L    -2  -3  -3  -4  -2  -3  -3  -4  -4   3   3  -3   0  -2  -3  -2   3  -4  -2   3    0   0   0   0   0   0   0   0   0  26  28   0   0   0   0   0  23   0   0  23  0.52 0.20
  273 V    -1  -4  -4  -4  -2  -3  -4  -2  -4   5   0  -3   1  -1  -4  -1  -1  -3   0   3    2   0   0   0   0   0   0   3   0  52   3   0   2   0   0   5   2   0   5  27  0.59 0.22
  274 V     2  -3  -3  -4   3  -3  -3  -3  -3   0   0  -3  -1   4  -3  -1   1  -2  -1   3   25   0   0   0   7   0   0   0   0   0   5   0   0  22   0   0  12   0   0  29  0.38 0.19
  275 S    -2  -3  -2  -3  -3  -2  -3   0   2  -3  -2  -2  -2   1  -3   3   2  -1   6  -3    0   0   0   0   0   0   0   6   5   0   4   0   0   3   0  26  16   0  39   0  0.66 0.26
  276 C    -3  -6  -5  -6  11  -6  -6  -5  -6  -4  -4  -6  -4  -5  -5  -3  -3  -5  -5  -3    0   0   0   0 100   0   0   0   0   0   0   0   0   0   0   0   0   0   0   0  3.25 0.59
  277 G     0   4   0  -2  -4   3  -1   4  -2  -4  -2   0  -2  -4  -3  -1  -2  -4  -3  -3    7  28   5   0   0  21   0  33   0   0   3   0   0   0   0   3   0   0   0   0  0.58 0.22
  278 S     1  -2   0  -2  -2  -1  -2  -2  -2   2  -2   1   0  -3  -2   3   3  -4  -3   0    8   0   5   0   0   0   0   0   0  15   0   9   3   0   0  32  25   0   0   3  0.34 0.18
  279 G     0  -4  -2  -3  -4  -3  -4   7   2  -5  -5  -3  -4  -5  -4   0  -3  -4  -4  -5    3   0   0   0   0   0   0  87   5   0   0   0   0   0   0   5   0   0   0   0  1.53 0.35
  280 I    -1   1  -1  -1  -3  -1   2  -2   1   1  -1   0  -1  -2  -3  -2  -1   3  -2   3    3   9   4   3   0   0  15   3   5   7   0   6   0   0   0   0   0   5   0  39  0.23 0.16
  281 T    -2   6  -2  -3  -4   1   0  -4  -2  -4  -4   0  -3  -4  -3   0   3  -4  -3  -3    0  58   0   0   0   5   6   0   0   0   0   0   0   0   0   6  24   0   0   0  0.91 0.30
  282 A     4  -3  -2  -3  -2  -2  -2   1  -3  -3  -3  -2  -3  -4  -2   4  -1  -4  -3  -1   50   0   0   0   0   0   0  10   0   0   0   0   0   0   0  37   0   0   0   4  0.69 0.27
  283 A     1  -2  -2  -2   5  -2  -2   1  -3  -1   0   0  -2  -3  -2   2   1  -3  -3  -1   15   0   0   0  17   0   0  13   0   3  10   7   0   0   0  26   6   0   0   3  0.31 0.15
  284 T    -2   0   0  -2  -3   0   1  -3   6   1   0   1  -1  -1  -3  -2   0  -3  -1   0    0   5   3   0   0   3  12   0  29  10  11   9   0   3   0   0   9   0   0   8  0.31 0.16
  285 L     3  -2  -1  -2  -2  -1  -1  -2  -3   1   1  -2  -1  -2  -2   0   3  -3  -2   1   32   0   3   0   0   3   3   0   0  11  14   0   0   0   0   3  23   0   0   8  0.25 0.15
  286 A     2  -2  -3  -3  -2   0   0  -3  -2  -2  -1  -1   0   2  -3  -1   1   7   2   0   24   0   0   0   0   3   7   0   0   0   6   3   3  11   0   3   9  18   8   5  0.40 0.16
  287 L    -1  -2  -2   0  -3   1  -1  -3  -2  -1   2   0   2   3  -3  -2   1  -2   1  -1    5   0   0   6   0   8   4   0   0   0  29   7   7  21   0   0   9   0   5   0  0.22 0.13
  288 A     2  -3  -3  -1  -2  -2  -1   0  -3   1   0  -2  -1  -2  -3  -1   1  -3   1   3   24   0   0   3   0   0   3   8   0   9  10   0   0   0   0   0   8   0   5  30  0.19 0.13
  289 L     3  -3  -4  -4  -2  -3  -3  -3  -4   1   4  -3   0   0  -3  -2  -2  -3  -2  -1   37   0   0   0   0   0   0   0   0   5  55   0   0   3   0   0   0   0   0   0  0.59 0.24
  290 D     0   3  -1   0  -3   0   0  -3   2  -1  -2   2  -2  -1  -3   0   0  -2   2  -1    6  26   0   7   0   1   3   0   6   3   3  18   0   2   0   6   5   0  10   3  0.25 0.12
  291 Q     1   0  -1  -2  -2   0   1  -2   2  -1   1   0  -1  -2  -2   1   0  -2   1  -1   19   4   0   0   0   2  12   0   8   0  18   7   0   0   0  16   3   0   7   3  0.14 0.11
  292 L     1  -3  -1  -4   4  -1  -3  -3   0   0   3  -3   2  -1  -3  -2  -2  -3   0   0   12   0   5   0  12   4   0   0   3   3  48   0   5   0   0   0   0   0   4   5  0.36 0.17
  293 G    -2  -3  -2  -1  -4  -3  -3   6   1  -4   0  -1  -3  -4  -4  -2  -3  -4  -4  -4    0   0   0   3   0   0   0  73   4   0  15   5   0   0   0   0   0   0   0   0  1.05 0.29
  294 R    -2   0   0  -2  -4   1  -1   1  -1  -2  -3   4  -2   2  -3  -2  -1  -1   4  -1    0   2   5   0   0   6   0  11   0   0   0  35   0   9   0   0   1   0  23   6  0.40 0.19
  295 D    -3  -2   5   4  -4  -2  -1  -2  -1  -4  -4   0  -3  -3   3  -1   0  -4   1  -4    0   0  41  26   0   0   0   0   0   0   0   4   0   0  16   0   7   0   7   0  0.78 0.23
  296 S     0  -4  -3  -4  -2  -3  -3  -4  -4   1  -1  -3  -1  -3   1   0   1  -4  -3   5    6   0   0   0   0   0   0   0   0   3   0   0   0   0   8   6   7   0   0  69  0.66 0.24
  297 A     1   4  -1  -2  -3   0   0   0  -2  -3  -3   3  -2  -4   1   1  -1  -4  -3  -1   14  36   0   0   0   0   3   7   0   0   0  20   0   0   6   9   2   0   0   4  0.43 0.16
  298 L    -2  -3   4   0  -3  -1  -2  -1  -2   3   1  -2   0  -2  -3  -2  -1  -4  -3   2    0   0  28   4   0   3   0   5   0  21  18   0   0   0   0   0   0   0   0  20  0.30 0.15
  299 Y    -4  -4  -4  -5  -4  -4  -4  -5   0  -1  -3  -4  -3   2  -5  -4  -4   0   9  -1    0   0   0   0   0   0   0   0   0   4   0   0   0   3   0   0   0   0  90   4  2.00 0.43
  300 D     1  -2   1   5  -4  -1   1  -1  -2  -3  -4   0  -3  -4   2  -1  -1  -5  -4  -2   15   0   5  49   0   0   6   4   0   0   0   4   0   0  11   0   3   0   0   4  0.63 0.19
  301 G    -2  -4  -2  -3  -4  -3  -2   7  -4  -6  -6  -3  -5  -5  -4  -2  -3  -4  -5  -5    0   0   0   0   0   0   3  97   0   0   0   0   0   0   0   0   0   0   0   0  1.79 0.36
  302 S     1  -3  -1  -2  -3  -2  -2   2  -3  -4  -4  -2  -3  -4  -3   6   0  -4  -4  -3    6   0   0   0   0   0   0  16   0   0   0   0   0   0   0  78   0   0   0   0  0.97 0.31
  303 W    -4  -5  -6  -6  -4  -4  -5  -5  -4  -1  -1  -5   1   1  -6  -5  -4  12   3  -4    0   0   0   0   0   0   0   0   0   4   5   0   4   3   0   0   0  73  11   0  2.70 0.46
  304 A     0   0   1  -2  -2  -1  -1  -1  -2  -2  -1   1  -2  -1  -2   2   3  -3   1  -1    5   3   7   0   0   0   0   3   0   0   7   9   0   1   0  23  33   0   5   4  0.27 0.14
  305 E     0  -2  -2   1  -5   0   7  -2  -2  -5  -5  -1  -4  -5  -3  -2  -3  -5  -4  -4    7   0   0   4   0   0  86   3   0   0   0   0   0   0   0   0   0   0   0   0  1.30 0.35
  306 W    -5  -5  -6  -7  -5  -4  -5  -5  -4  -4  -4  -5   2  -1  -6  -5  -5  12   4  -5    0   0   0   0   0   0   0   0   0   0   0   0   5   0   0   0   0  83  12   0  3.31 0.53
  307 G     1  -2  -1  -2  -2  -2   0   4  -2  -1  -2  -2  -2   1  -2   1   0  -2   1   0   14   0   0   0   0   0   6  35   0   3   0   0   0   7   0  17   4   0   5   9  0.30 0.11
  308 K     0   0   3   0  -2   1   0  -2   1  -2  -1   1   1  -3  -2   2   1  -3  -2  -2    4   3  20   5   0   9   0   0   4   0   7  11   5   0   0  22   9   0   0   0  0.23 0.10
  309 E     0   3   1   2  -3   0   0  -2   4  -1   0   1   0  -2  -3  -1  -1  -3  -2  -2    8  25   5  13   0   2   3   2  16   4  11   5   3   0   0   0   2   0   0   0  0.23 0.10
  310 G     2  -3  -2  -2  -2  -2   0   1  -3  -1  -2  -2  -2  -3   4   0  -1  -4  -3   2   25   0   0   0   0   0   9  13   0   0   0   0   0   0  24   8   0   0   0  20  0.44 0.14
  311 A    -1   2   1   2  -3   0  -1   1  -2  -3  -1   1  -2   0   3  -1   0  -3  -2  -2    5  13   8  18   0   3   0  14   0   0   7   7   0   6  14   0   4   0   0   0  0.22 0.07
  312 A     0   1   1  -2  -2  -1  -2  -2  -2  -1   1   0   0  -2   4  -1   0  -3  -2   0   11   8  13   0   0   0   0   0   0   0  17   7   3   0  25   0   6   0   0  11  0.32 0.09
  313 N    -2  -2   0  -2  -4  -1   2  -3  -3  -4  -4   0  -4  -5   7  -2  -2  -5  -4  -4    0   0   5   0   0   0  14   0   0   0   0   7   0   0  74   0   0   0   0   0  1.70 0.25
  314 T    -1  -3  -3  -2  -2  -3  -3  -4   1   4   0  -3   0  -2  -3  -1   2  -4  -2   4    0   0   0   2   0   0   0   0   5  37   0   0   0   0   0   2  16   0   0  38  0.42 0.14
  315 V     2  -2  -2  -1  -2  -1   2   0  -2   0  -1  -1  -1  -2  -2   1   0  -3  -2   2   19   0   0   0   0   0  27   7   0   4   0   0   0   0   0   9   4   0   0  31  0.19 0.08
  316 G     0   1  -1  -1  -2  -1   1   1  -2  -2   0   1  -1  -3  -2   0   3  -3  -2  -1    8   8   0   0   0   0  10  15   0   0  11  10   0   0   0   0  38   0   0   0  0.21 0.08
  317 G    -1  -3  -1  -2  -3  -3  -3   7  -3  -5  -5  -2  -4  -4  -3  -1  -2  -3  -4  -4    0   0   0   0   0   0   0 100   0   0   0   0   0   0   0   0   0   0   0   0  1.45 0.17
  318 L    -1  -2  -2  -1  -3  -1   1  -3  -2  -2   0  -1  -2  -3   7  -1  -1  -4  -3  -2    0   0   0   0   0   0  12   0   0   0  15   0   0   0  73   0   0   0   0   0  1.37 0.08
  319 D    -2  -1   3   6  -3   0   1  -1  -1  -3  -3  -1  -3  -3  -1   0  -1  -3  -3  -3    1   1  15  72   0   1   1   1   0   1   1   1   0   1   1   1   1   0   0   1  0.69 0.04
  320 S     1  -1   0  -1  -1   0   0  -1  -1  -2  -2   0  -1  -3  -1   4   3  -3  -2  -1    0   0   0   0   0   0   0   0   0   0   0   0   0   0   0  78  22   0   0   0  0.44 0.03
  321 Y    -2  -2  -2  -3  -3  -2  -2  -3   2  -1  -1  -2  -1   3  -3  -2  -2   2   7  -1    0   0   0   0   0   0   0   0   0   0   0   0   0   0   0   0   0   0 100   0  0.87 0.01
  322 A     3  -2  -2  -2  -1  -1  -1  -1  -2  -2  -2  -1  -2  -3   6   0  -1  -3  -2  -1   50   0   0   0   0   0   0   0   0   0   0   0   0   0  50   0   0   0   0   0  0.89 0.00
  323 C    -1  -3  -3  -3   7  -2  -2  -3  -3  -2  -2  -2  -2  -3   6  -1  -1  -3  -3  -2    0   0   0   0  50   0   0   0   0   0   0   0   0   0  50   0   0   0   0   0  1.16 0.00
  324 R    -1   4   0  -2  -3   0  -1   4  -1  -4  -3   1  -2  -3  -2  -1  -1  -3  -2  -3    0  50   0   0   0   0   0  50   0   0   0   0   0   0   0   0   0   0   0   0  0.56 0.00
  325 R    -2   6   0  -2  -4   1   0  -3   0  -3  -2   2  -1  -3  -2  -1  -1  -3  -2  -3    0 100   0   0   0   0   0   0   0   0   0   0   0   0   0   0   0   0   0   0  0.75 0.00
  326 R    -2   4  -1  -2  -3   0  -1  -3   1  -2  -2   1  -1   1  -3  -1  -1   1   5  -2    0  50   0   0   0   0   0   0   0   0   0   0   0   0   0   0   0   0  50   0  0.50 0.00
  327 R    -1   4   0   0  -4   2   4  -2   0  -3  -3   2  -2  -3  -2   0  -1  -3  -2  -3    0  50   0   0   0   0  50   0   0   0   0   0   0   0   0   0   0   0   0   0  0.55 0.00
  328 V     0  -3  -3  -3  -1  -2  -3  -3  -3   3   1  -2   1  -1  -3  -2   0  -3  -1   4    0   0   0   0   0   0   0   0   0   0   0   0   0   0   0   0   0   0   0 100  0.35 0.00
  329 L    -1  -2  -3  -4  -1  -2  -3  -4  -3   2   4  -2   2   0  -3  -2  -1  -2  -1   1    0   0   0   0   0   0   0   0   0   0   0   0   0   0   0   0   0   0   0   0  0.00     0.00
  330 L    -1  -2  -3  -4  -1  -2  -3  -4  -3   2   4  -2   2   0  -3  -2  -1  -2  -1   1    0   0   0   0   0   0   0   0   0   0   0   0   0   0   0   0   0   0   0   0  0.00     0.00
  331 E    -1   0   0   1  -4   2   5  -2   0  -3  -3   1  -2  -3  -1   0  -1  -3  -2  -2    0   0   0   0   0   0   0   0   0   0   0   0   0   0   0   0   0   0   0   0  0.00     0.00
  332 S     1  -1   1   0  -1   0   0   0  -1  -2  -2   0  -1  -2  -1   4   1  -3  -2  -2    0   0   0   0   0   0   0   0   0   0   0   0   0   0   0   0   0   0   0   0  0.00     0.00
  333 R    -1   5   0  -2  -3   1   0  -2   0  -3  -2   2  -1  -3  -2  -1  -1  -3  -2  -2    0   0   0   0   0   0   0   0   0   0   0   0   0   0   0   0   0   0   0   0  0.00     0.00
  334 R    -1   5   0  -2  -3   1   0  -2   0  -3  -2   2  -1  -3  -2  -1  -1  -3  -2  -2    0   0   0   0   0   0   0   0   0   0   0   0   0   0   0   0   0   0   0   0  0.00     0.00
  335 R    -1   5   0  -2  -3   1   0  -2   0  -3  -2   2  -1  -3  -2  -1  -1  -3  -2  -2    0   0   0   0   0   0   0   0   0   0   0   0   0   0   0   0   0   0   0   0  0.00     0.00
  336 L    -1  -2  -3  -4  -1  -2  -3  -4  -3   2   4  -2   2   0  -3  -2  -1  -2  -1   1    0   0   0   0   0   0   0   0   0   0   0   0   0   0   0   0   0   0   0   0  0.00     0.00
  337 G     0  -2   0  -1  -2  -2  -2   6  -2  -4  -4  -2  -3  -3  -2   0  -2  -2  -3  -3    0   0   0   0   0   0   0   0   0   0   0   0   0   0   0   0   0   0   0   0  0.00     0.00
  338 L    -1  -2  -3  -4  -1  -2  -3  -4  -3   2   4  -2   2   0  -3  -2  -1  -2  -1   1    0   0   0   0   0   0   0   0   0   0   0   0   0   0   0   0   0   0   0   0  0.00     0.00
  339 P    -1  -2  -2  -1  -3  -1  -1  -2  -2  -3  -3  -1  -2  -4   7  -1  -1  -4  -3  -2    0   0   0   0   0   0   0   0   0   0   0   0   0   0   0   0   0   0   0   0  0.00     0.00
  340 G     0  -2   0  -1  -2  -2  -2   6  -2  -4  -4  -2  -3  -3  -2   0  -2  -2  -3  -3    0   0   0   0   0   0   0   0   0   0   0   0   0   0   0   0   0   0   0   0  0.00     0.00
  341 A     4  -1  -2  -2   0  -1  -1   0  -2  -1  -1  -1  -1  -2  -1   1   0  -2  -2   0    0   0   0   0   0   0   0   0   0   0   0   0   0   0   0   0   0   0   0   0  0.00     0.00
  342 G     0  -2   0  -1  -2  -2  -2   6  -2  -4  -4  -2  -3  -3  -2   0  -2  -2  -3  -3    0   0   0   0   0   0   0   0   0   0   0   0   0   0   0   0   0   0   0   0  0.00     0.00
  343 R    -1   5   0  -2  -3   1   0  -2   0  -3  -2   2  -1  -3  -2  -1  -1  -3  -2  -2    0   0   0   0   0   0   0   0   0   0   0   0   0   0   0   0   0   0   0   0  0.00     0.00
  344 G     0  -2   0  -1  -2  -2  -2   6  -2  -4  -4  -2  -3  -3  -2   0  -2  -2  -3  -3    0   0   0   0   0   0   0   0   0   0   0   0   0   0   0   0   0   0   0   0  0.00     0.00
  345 L    -1  -2  -3  -4  -1  -2  -3  -4  -3   2   4  -2   2   0  -3  -2  -1  -2  -1   1    0   0   0   0   0   0   0   0   0   0   0   0   0   0   0   0   0   0   0   0  0.00     0.00
  346 R    -1   5   0  -2  -3   1   0  -2   0  -3  -2   2  -1  -3  -2  -1  -1  -3  -2  -2    0   0   0   0   0   0   0   0   0   0   0   0   0   0   0   0   0   0   0   0  0.00     0.00
  347 A     4  -1  -2  -2   0  -1  -1   0  -2  -1  -1  -1  -1  -2  -1   1   0  -2  -2   0    0   0   0   0   0   0   0   0   0   0   0   0   0   0   0   0   0   0   0   0  0.00     0.00
  348 V     0  -2  -3  -3  -1  -2  -2  -3  -3   3   1  -2   1  -1  -2  -2   0  -3  -1   4    0   0   0   0   0   0   0   0   0   0   0   0   0   0   0   0   0   0   0   0  0.00     0.00
  349 L    -1  -2  -3  -4  -1  -2  -3  -4  -3   2   4  -2   2   0  -3  -2  -1  -2  -1   1    0   0   0   0   0   0   0   0   0   0   0   0   0   0   0   0   0   0   0   0  0.00     0.00
  350 H    -2   0   1  -1  -3   0   0  -2   7  -3  -3  -1  -2  -1  -2  -1  -2  -2   2  -3    0   0   0   0   0   0   0   0   0   0   0   0   0   0   0   0   0   0   0   0  0.00     0.00
  351 A     4  -1  -2  -2   0  -1  -1   0  -2  -1  -1  -1  -1  -2  -1   1   0  -2  -2   0    0   0   0   0   0   0   0   0   0   0   0   0   0   0   0   0   0   0   0   0  0.00     0.00
  352 A     4  -1  -2  -2   0  -1  -1   0  -2  -1  -1  -1  -1  -2  -1   1   0  -2  -2   0    0   0   0   0   0   0   0   0   0   0   0   0   0   0   0   0   0   0   0   0  0.00     0.00
  353 A     4  -1  -2  -2   0  -1  -1   0  -2  -1  -1  -1  -1  -2  -1   1   0  -2  -2   0    0   0   0   0   0   0   0   0   0   0   0   0   0   0   0   0   0   0   0   0  0.00     0.00
  354 R    -1   5   0  -2  -3   1   0  -2   0  -3  -2   2  -1  -3  -2  -1  -1  -3  -2  -2    0   0   0   0   0   0   0   0   0   0   0   0   0   0   0   0   0   0   0   0  0.00     0.00
  355 Q    -1   1   0   0  -3   5   2  -2   0  -3  -2   1   0  -3  -1   0  -1  -2  -1  -2    0   0   0   0   0   0   0   0   0   0   0   0   0   0   0   0   0   0   0   0  0.00     0.00
  356 D    -2  -2   1   6  -3   0   1  -1  -1  -3  -4  -1  -3  -3  -1   0  -1  -4  -3  -3    0   0   0   0   0   0   0   0   0   0   0   0   0   0   0   0   0   0   0   0  0.00     0.00
  357 D    -2  -2   1   6  -3   0   1  -1  -1  -3  -4  -1  -3  -3  -1   0  -1  -4  -3  -3    0   0   0   0   0   0   0   0   0   0   0   0   0   0   0   0   0   0   0   0  0.00     0.00
  358 R    -1   5   0  -2  -3   1   0  -2   0  -3  -2   2  -1  -3  -2  -1  -1  -3  -2  -2    0   0   0   0   0   0   0   0   0   0   0   0   0   0   0   0   0   0   0   0  0.00     0.00
  359 Q    -1   1   0   0  -3   5   2  -2   0  -3  -2   1   0  -3  -1   0  -1  -2  -1  -2    0   0   0   0   0   0   0   0   0   0   0   0   0   0   0   0   0   0   0   0  0.00     0.00
  360 A     4  -1  -2  -2   0  -1  -1   0  -2  -1  -1  -1  -1  -2  -1   1   0  -2  -2   0    0   0   0   0   0   0   0   0   0   0   0   0   0   0   0   0   0   0   0   0  0.00     0.00
  361 E    -1   0   0   1  -4   2   5  -2   0  -3  -3   1  -2  -3  -1   0  -1  -3  -2  -2    0   0   0   0   0   0   0   0   0   0   0   0   0   0   0   0   0   0   0   0  0.00     0.00
  362 G     0  -2   0  -1  -2  -2  -2   6  -2  -4  -4  -2  -3  -3  -2   0  -2  -2  -3  -3    0   0   0   0   0   0   0   0   0   0   0   0   0   0   0   0   0   0   0   0  0.00     0.00
  363 E    -1   0   0   1  -4   2   5  -2   0  -3  -3   1  -2  -3  -1   0  -1  -3  -2  -2    0   0   0   0   0   0   0   0   0   0   0   0   0   0   0   0   0   0   0   0  0.00     0.00
  364 R    -1   5   0  -2  -3   1   0  -2   0  -3  -2   2  -1  -3  -2  -1  -1  -3  -2  -2    0   0   0   0   0   0   0   0   0   0   0   0   0   0   0   0   0   0   0   0  0.00     0.00
  365 E    -1   0   0   1  -4   2   5  -2   0  -3  -3   1  -2  -3  -1   0  -1  -3  -2  -2    0   0   0   0   0   0   0   0   0   0   0   0   0   0   0   0   0   0   0   0  0.00     0.00
  366 G     0  -2   0  -1  -2  -2  -2   6  -2  -4  -4  -2  -3  -3  -2   0  -2  -2  -3  -3    0   0   0   0   0   0   0   0   0   0   0   0   0   0   0   0   0   0   0   0  0.00     0.00
  367 D    -2  -2   1   6  -3   0   1  -1  -1  -3  -4  -1  -3  -3  -1   0  -1  -4  -3  -3    0   0   0   0   0   0   0   0   0   0   0   0   0   0   0   0   0   0   0   0  0.00     0.00
  368 G     0  -2   0  -1  -2  -2  -2   6  -2  -4  -4  -2  -3  -3  -2   0  -2  -2  -3  -3    0   0   0   0   0   0   0   0   0   0   0   0   0   0   0   0   0   0   0   0  0.00     0.00
  369 R    -1   5   0  -2  -3   1   0  -2   0  -3  -2   2  -1  -3  -2  -1  -1  -3  -2  -2    0   0   0   0   0   0   0   0   0   0   0   0   0   0   0   0   0   0   0   0  0.00     0.00
  370 A     4  -1  -2  -2   0  -1  -1   0  -2  -1  -1  -1  -1  -2  -1   1   0  -2  -2   0    0   0   0   0   0   0   0   0   0   0   0   0   0   0   0   0   0   0   0   0  0.00     0.00
  371 E    -1   0   0   1  -4   2   5  -2   0  -3  -3   1  -2  -3  -1   0  -1  -3  -2  -2    0   0   0   0   0   0   0   0   0   0   0   0   0   0   0   0   0   0   0   0  0.00     0.00
  372 V     0  -2  -3  -3  -1  -2  -2  -3  -3   3   1  -2   1  -1  -2  -2   0  -3  -1   4    0   0   0   0   0   0   0   0   0   0   0   0   0   0   0   0   0   0   0   0  0.00     0.00
  373 L    -1  -2  -3  -4  -1  -2  -3  -4  -3   2   4  -2   2   0  -3  -2  -1  -2  -1   1    0   0   0   0   0   0   0   0   0   0   0   0   0   0   0   0   0   0   0   0  0.00     0.00
  374 G     0  -2   0  -1  -2  -2  -2   6  -2  -4  -4  -2  -3  -3  -2   0  -2  -2  -3  -3    0   0   0   0   0   0   0   0   0   0   0   0   0   0   0   0   0   0   0   0  0.00     0.00
  375 R    -1   5   0  -2  -3   1   0  -2   0  -3  -2   2  -1  -3  -2  -1  -1  -3  -2  -2    0   0   0   0   0   0   0   0   0   0   0   0   0   0   0   0   0   0   0   0  0.00     0.00
  376 P    -1  -2  -2  -1  -3  -1  -1  -2  -2  -3  -3  -1  -2  -4   7  -1  -1  -4  -3  -2    0   0   0   0   0   0   0   0   0   0   0   0   0   0   0   0   0   0   0   0  0.00     0.00
  377 E    -1   0   0   1  -4   2   5  -2   0  -3  -3   1  -2  -3  -1   0  -1  -3  -2  -2    0   0   0   0   0   0   0   0   0   0   0   0   0   0   0   0   0   0   0   0  0.00     0.00
  378 L    -1  -2  -3  -4  -1  -2  -3  -4  -3   2   4  -2   2   0  -3  -2  -1  -2  -1   1    0   0   0   0   0   0   0   0   0   0   0   0   0   0   0   0   0   0   0   0  0.00     0.00
  379 R    -1   5   0  -2  -3   1   0  -2   0  -3  -2   2  -1  -3  -2  -1  -1  -3  -2  -2    0   0   0   0   0   0   0   0   0   0   0   0   0   0   0   0   0   0   0   0  0.00     0.00
  380 T     0  -1   0  -1  -1  -1  -1  -2  -2  -1  -1  -1  -1  -2  -1   1   4  -2  -2   0    0   0   0   0   0   0   0   0   0   0   0   0   0   0   0   0   0   0   0   0  0.00     0.00
  381 R    -1   5   0  -2  -3   1   0  -2   0  -3  -2   2  -1  -3  -2  -1  -1  -3  -2  -2    0   0   0   0   0   0   0   0   0   0   0   0   0   0   0   0   0   0   0   0  0.00     0.00
  382 H    -2   0   1  -1  -3   0   0  -2   7  -3  -3  -1  -2  -1  -2  -1  -2  -2   2  -3    0   0   0   0   0   0   0   0   0   0   0   0   0   0   0   0   0   0   0   0  0.00     0.00
  383 R    -1   5   0  -2  -3   1   0  -2   0  -3  -2   2  -1  -3  -2  -1  -1  -3  -2  -2    0   0   0   0   0   0   0   0   0   0   0   0   0   0   0   0   0   0   0   0  0.00     0.00
  384 Q    -1   1   0   0  -3   5   2  -2   0  -3  -2   1   0  -3  -1   0  -1  -2  -1  -2    0   0   0   0   0   0   0   0   0   0   0   0   0   0   0   0   0   0   0   0  0.00     0.00
  385 R    -1   5   0  -2  -3   1   0  -2   0  -3  -2   2  -1  -3  -2  -1  -1  -3  -2  -2    0   0   0   0   0   0   0   0   0   0   0   0   0   0   0   0   0   0   0   0  0.00     0.00
  386 S     1  -1   1   0  -1   0   0   0  -1  -2  -2   0  -1  -2  -1   4   1  -3  -2  -2    0   0   0   0   0   0   0   0   0   0   0   0   0   0   0   0   0   0   0   0  0.00     0.00
  387 V     0  -2  -3  -3  -1  -2  -2  -3  -3   3   1  -2   1  -1  -2  -2   0  -3  -1   4    0   0   0   0   0   0   0   0   0   0   0   0   0   0   0   0   0   0   0   0  0.00     0.00
  388 R    -1   5   0  -2  -3   1   0  -2   0  -3  -2   2  -1  -3  -2  -1  -1  -3  -2  -2    0   0   0   0   0   0   0   0   0   0   0   0   0   0   0   0   0   0   0   0  0.00     0.00
  389 R    -1   5   0  -2  -3   1   0  -2   0  -3  -2   2  -1  -3  -2  -1  -1  -3  -2  -2    0   0   0   0   0   0   0   0   0   0   0   0   0   0   0   0   0   0   0   0  0.00     0.00
  390 G     0  -2   0  -1  -2  -2  -2   6  -2  -4  -4  -2  -3  -3  -2   0  -2  -2  -3  -3    0   0   0   0   0   0   0   0   0   0   0   0   0   0   0   0   0   0   0   0  0.00     0.00
  391 R    -1   5   0  -2  -3   1   0  -2   0  -3  -2   2  -1  -3  -2  -1  -1  -3  -2  -2    0   0   0   0   0   0   0   0   0   0   0   0   0   0   0   0   0   0   0   0  0.00     0.00
  392 G     0  -2   0  -1  -2  -2  -2   6  -2  -4  -4  -2  -3  -3  -2   0  -2  -2  -3  -3    0   0   0   0   0   0   0   0   0   0   0   0   0   0   0   0   0   0   0   0  0.00     0.00
  393 P    -1  -2  -2  -1  -3  -1  -1  -2  -2  -3  -3  -1  -2  -4   7  -1  -1  -4  -3  -2    0   0   0   0   0   0   0   0   0   0   0   0   0   0   0   0   0   0   0   0  0.00     0.00
  394 Q    -1   1   0   0  -3   5   2  -2   0  -3  -2   1   0  -3  -1   0  -1  -2  -1  -2    0   0   0   0   0   0   0   0   0   0   0   0   0   0   0   0   0   0   0   0  0.00     0.00
  395 T     0  -1   0  -1  -1  -1  -1  -2  -2  -1  -1  -1  -1  -2  -1   1   4  -2  -2   0    0   0   0   0   0   0   0   0   0   0   0   0   0   0   0   0   0   0   0   0  0.00     0.00
  396 T     0  -1   0  -1  -1  -1  -1  -2  -2  -1  -1  -1  -1  -2  -1   1   4  -2  -2   0    0   0   0   0   0   0   0   0   0   0   0   0   0   0   0   0   0   0   0   0  0.00     0.00
  397 A     4  -1  -2  -2   0  -1  -1   0  -2  -1  -1  -1  -1  -2  -1   1   0  -2  -2   0    0   0   0   0   0   0   0   0   0   0   0   0   0   0   0   0   0   0   0   0  0.00     0.00
  398 D    -2  -2   1   6  -3   0   1  -1  -1  -3  -4  -1  -3  -3  -1   0  -1  -4  -3  -3    0   0   0   0   0   0   0   0   0   0   0   0   0   0   0   0   0   0   0   0  0.00     0.00
  399 G     0  -2   0  -1  -2  -2  -2   6  -2  -4  -4  -2  -3  -3  -2   0  -2  -2  -3  -3    0   0   0   0   0   0   0   0   0   0   0   0   0   0   0   0   0   0   0   0  0.00     0.00
  400 I    -1  -3  -3  -3  -1  -3  -3  -4  -3   4   2  -3   1   0  -3  -2  -1  -3  -1   3    0   0   0   0   0   0   0   0   0   0   0   0   0   0   0   0   0   0   0   0  0.00     0.00
  401 R    -1   5   0  -2  -3   1   0  -2   0  -3  -2   2  -1  -3  -2  -1  -1  -3  -2  -2    0   0   0   0   0   0   0   0   0   0   0   0   0   0   0   0   0   0   0   0  0.00     0.00
  402 G     0  -2   0  -1  -2  -2  -2   6  -2  -4  -4  -2  -3  -3  -2   0  -2  -2  -3  -3    0   0   0   0   0   0   0   0   0   0   0   0   0   0   0   0   0   0   0   0  0.00     0.00
  403 A     4  -1  -2  -2   0  -1  -1   0  -2  -1  -1  -1  -1  -2  -1   1   0  -2  -2   0    0   0   0   0   0   0   0   0   0   0   0   0   0   0   0   0   0   0   0   0  0.00     0.00
  404 E    -1   0   0   1  -4   2   5  -2   0  -3  -3   1  -2  -3  -1   0  -1  -3  -2  -2    0   0   0   0   0   0   0   0   0   0   0   0   0   0   0   0   0   0   0   0  0.00     0.00
  405 G     0  -2   0  -1  -2  -2  -2   6  -2  -4  -4  -2  -3  -3  -2   0  -2  -2  -3  -3    0   0   0   0   0   0   0   0   0   0   0   0   0   0   0   0   0   0   0   0  0.00     0.00
  406 R    -1   5   0  -2  -3   1   0  -2   0  -3  -2   2  -1  -3  -2  -1  -1  -3  -2  -2    0   0   0   0   0   0   0   0   0   0   0   0   0   0   0   0   0   0   0   0  0.00     0.00
  407 D    -2  -2   1   6  -3   0   1  -1  -1  -3  -4  -1  -3  -3  -1   0  -1  -4  -3  -3    0   0   0   0   0   0   0   0   0   0   0   0   0   0   0   0   0   0   0   0  0.00     0.00
  408 G     0  -2   0  -1  -2  -2  -2   6  -2  -4  -4  -2  -3  -3  -2   0  -2  -2  -3  -3    0   0   0   0   0   0   0   0   0   0   0   0   0   0   0   0   0   0   0   0  0.00     0.00
  409 Q    -1   1   0   0  -3   5   2  -2   0  -3  -2   1   0  -3  -1   0  -1  -2  -1  -2    0   0   0   0   0   0   0   0   0   0   0   0   0   0   0   0   0   0   0   0  0.00     0.00
  410 R    -1   5   0  -2  -3   1   0  -2   0  -3  -2   2  -1  -3  -2  -1  -1  -3  -2  -2    0   0   0   0   0   0   0   0   0   0   0   0   0   0   0   0   0   0   0   0  0.00     0.00
  411 A     4  -1  -2  -2   0  -1  -1   0  -2  -1  -1  -1  -1  -2  -1   1   0  -2  -2   0    0   0   0   0   0   0   0   0   0   0   0   0   0   0   0   0   0   0   0   0  0.00     0.00
  412 R    -1   5   0  -2  -3   1   0  -2   0  -3  -2   2  -1  -3  -2  -1  -1  -3  -2  -2    0   0   0   0   0   0   0   0   0   0   0   0   0   0   0   0   0   0   0   0  0.00     0.00
  413 A     4  -1  -2  -2   0  -1  -1   0  -2  -1  -1  -1  -1  -2  -1   1   0  -2  -2   0    0   0   0   0   0   0   0   0   0   0   0   0   0   0   0   0   0   0   0   0  0.00     0.00
  414 L    -1  -2  -3  -4  -1  -2  -3  -4  -3   2   4  -2   2   0  -3  -2  -1  -2  -1   1    0   0   0   0   0   0   0   0   0   0   0   0   0   0   0   0   0   0   0   0  0.00     0.00
  415 D    -2  -2   1   6  -3   0   1  -1  -1  -3  -4  -1  -3  -3  -1   0  -1  -4  -3  -3    0   0   0   0   0   0   0   0   0   0   0   0   0   0   0   0   0   0   0   0  0.00     0.00
  416 D    -2  -2   1   6  -3   0   1  -1  -1  -3  -4  -1  -3  -3  -1   0  -1  -4  -3  -3    0   0   0   0   0   0   0   0   0   0   0   0   0   0   0   0   0   0   0   0  0.00     0.00
  417 G     0  -2   0  -1  -2  -2  -2   6  -2  -4  -4  -2  -3  -3  -2   0  -2  -2  -3  -3    0   0   0   0   0   0   0   0   0   0   0   0   0   0   0   0   0   0   0   0  0.00     0.00
  418 A     4  -1  -2  -2   0  -1  -1   0  -2  -1  -1  -1  -1  -2  -1   1   0  -2  -2   0    0   0   0   0   0   0   0   0   0   0   0   0   0   0   0   0   0   0   0   0  0.00     0.00
  419 G     0  -2   0  -1  -2  -2  -2   6  -2  -4  -4  -2  -3  -3  -2   0  -2  -2  -3  -3    0   0   0   0   0   0   0   0   0   0   0   0   0   0   0   0   0   0   0   0  0.00     0.00
  420 A     4  -1  -2  -2   0  -1  -1   0  -2  -1  -1  -1  -1  -2  -1   1   0  -2  -2   0    0   0   0   0   0   0   0   0   0   0   0   0   0   0   0   0   0   0   0   0  0.00     0.00
  421 R    -1   5   0  -2  -3   1   0  -2   0  -3  -2   2  -1  -3  -2  -1  -1  -3  -2  -2    0   0   0   0   0   0   0   0   0   0   0   0   0   0   0   0   0   0   0   0  0.00     0.00
  422 G     0  -2   0  -1  -2  -2  -2   6  -2  -4  -4  -2  -3  -3  -2   0  -2  -2  -3  -3    0   0   0   0   0   0   0   0   0   0   0   0   0   0   0   0   0   0   0   0  0.00     0.00
  423 A     4  -1  -2  -2   0  -1  -1   0  -2  -1  -1  -1  -1  -2  -1   1   0  -2  -2   0    0   0   0   0   0   0   0   0   0   0   0   0   0   0   0   0   0   0   0   0  0.00     0.00
  424 A     4  -1  -2  -2   0  -1  -1   0  -2  -1  -1  -1  -1  -2  -1   1   0  -2  -2   0    0   0   0   0   0   0   0   0   0   0   0   0   0   0   0   0   0   0   0   0  0.00     0.00
  425 A     4  -1  -2  -2   0  -1  -1   0  -2  -1  -1  -1  -1  -2  -1   1   0  -2  -2   0    0   0   0   0   0   0   0   0   0   0   0   0   0   0   0   0   0   0   0   0  0.00     0.00
  426 H    -2   0   1  -1  -3   0   0  -2   7  -3  -3  -1  -2  -1  -2  -1  -2  -2   2  -3    0   0   0   0   0   0   0   0   0   0   0   0   0   0   0   0   0   0   0   0  0.00     0.00
  427 A     4  -1  -2  -2   0  -1  -1   0  -2  -1  -1  -1  -1  -2  -1   1   0  -2  -2   0    0   0   0   0   0   0   0   0   0   0   0   0   0   0   0   0   0   0   0   0  0.00     0.00
  428 L    -1  -2  -3  -4  -1  -2  -3  -4  -3   2   4  -2   2   0  -3  -2  -1  -2  -1   1    0   0   0   0   0   0   0   0   0   0   0   0   0   0   0   0   0   0   0   0  0.00     0.00
  429 A     4  -1  -2  -2   0  -1  -1   0  -2  -1  -1  -1  -1  -2  -1   1   0  -2  -2   0    0   0   0   0   0   0   0   0   0   0   0   0   0   0   0   0   0   0   0   0  0.00     0.00
  430 A     4  -1  -2  -2   0  -1  -1   0  -2  -1  -1  -1  -1  -2  -1   1   0  -2  -2   0    0   0   0   0   0   0   0   0   0   0   0   0   0   0   0   0   0   0   0   0  0.00     0.00
  431 P    -1  -2  -2  -1  -3  -1  -1  -2  -2  -3  -3  -1  -2  -4   7  -1  -1  -4  -3  -2    0   0   0   0   0   0   0   0   0   0   0   0   0   0   0   0   0   0   0   0  0.00     0.00
  432 P    -1  -2  -2  -1  -3  -1  -1  -2  -2  -3  -3  -1  -2  -4   7  -1  -1  -4  -3  -2    0   0   0   0   0   0   0   0   0   0   0   0   0   0   0   0   0   0   0   0  0.00     0.00
  433 P    -1  -2  -2  -1  -3  -1  -1  -2  -2  -3  -3  -1  -2  -4   7  -1  -1  -4  -3  -2    0   0   0   0   0   0   0   0   0   0   0   0   0   0   0   0   0   0   0   0  0.00     0.00
  434 A     4  -1  -2  -2   0  -1  -1   0  -2  -1  -1  -1  -1  -2  -1   1   0  -2  -2   0    0   0   0   0   0   0   0   0   0   0   0   0   0   0   0   0   0   0   0   0  0.00     0.00
  435 G     0  -2   0  -1  -2  -2  -2   6  -2  -4  -4  -2  -3  -3  -2   0  -2  -2  -3  -3    0   0   0   0   0   0   0   0   0   0   0   0   0   0   0   0   0   0   0   0  0.00     0.00
  436 P    -1  -2  -2  -1  -3  -1  -1  -2  -2  -3  -3  -1  -2  -4   7  -1  -1  -4  -3  -2    0   0   0   0   0   0   0   0   0   0   0   0   0   0   0   0   0   0   0   0  0.00     0.00
  437 E    -1   0   0   1  -4   2   5  -2   0  -3  -3   1  -2  -3  -1   0  -1  -3  -2  -2    0   0   0   0   0   0   0   0   0   0   0   0   0   0   0   0   0   0   0   0  0.00     0.00
  438 L    -1  -2  -3  -4  -1  -2  -3  -4  -3   2   4  -2   2   0  -3  -2  -1  -2  -1   1    0   0   0   0   0   0   0   0   0   0   0   0   0   0   0   0   0   0   0   0  0.00     0.00
  439 A     4  -1  -2  -2   0  -1  -1   0  -2  -1  -1  -1  -1  -2  -1   1   0  -2  -2   0    0   0   0   0   0   0   0   0   0   0   0   0   0   0   0   0   0   0   0   0  0.00     0.00
  440 G     0  -2   0  -1  -2  -2  -2   6  -2  -4  -4  -2  -3  -3  -2   0  -2  -2  -3  -3    0   0   0   0   0   0   0   0   0   0   0   0   0   0   0   0   0   0   0   0  0.00     0.00
  441 A     4  -1  -2  -2   0  -1  -1   0  -2  -1  -1  -1  -1  -2  -1   1   0  -2  -2   0    0   0   0   0   0   0   0   0   0   0   0   0   0   0   0   0   0   0   0   0  0.00     0.00
  442 Q    -1   1   0   0  -3   5   2  -2   0  -3  -2   1   0  -3  -1   0  -1  -2  -1  -2    0   0   0   0   0   0   0   0   0   0   0   0   0   0   0   0   0   0   0   0  0.00     0.00
  443 R    -1   5   0  -2  -3   1   0  -2   0  -3  -2   2  -1  -3  -2  -1  -1  -3  -2  -2    0   0   0   0   0   0   0   0   0   0   0   0   0   0   0   0   0   0   0   0  0.00     0.00
  444 G     0  -2   0  -1  -2  -2  -2   6  -2  -4  -4  -2  -3  -3  -2   0  -2  -2  -3  -3    0   0   0   0   0   0   0   0   0   0   0   0   0   0   0   0   0   0   0   0  0.00     0.00
  445 Q    -1   1   0   0  -3   5   2  -2   0  -3  -2   1   0  -3  -1   0  -1  -2  -1  -2    0   0   0   0   0   0   0   0   0   0   0   0   0   0   0   0   0   0   0   0  0.00     0.00
  446 L    -1  -2  -3  -4  -1  -2  -3  -4  -3   2   4  -2   2   0  -3  -2  -1  -2  -1   1    0   0   0   0   0   0   0   0   0   0   0   0   0   0   0   0   0   0   0   0  0.00     0.00
  447 S     1  -1   1   0  -1   0   0   0  -1  -2  -2   0  -1  -2  -1   4   1  -3  -2  -2    0   0   0   0   0   0   0   0   0   0   0   0   0   0   0   0   0   0   0   0  0.00     0.00
  448 H    -2   0   1  -1  -3   0   0  -2   7  -3  -3  -1  -2  -1  -2  -1  -2  -2   2  -3    0   0   0   0   0   0   0   0   0   0   0   0   0   0   0   0   0   0   0   0  0.00     0.00

                      K         Lambda
Standard Ungapped    0.1341     0.3160
Standard Gapped      0.0373     0.2670
PSI Ungapped         0.1218     0.3177
PSI Gapped           0.0373     0.2670
