
Last position-specific scoring matrix computed, weighted observed percentages rounded down, information per position, and relative weight of gapless real matches to pseudocounts
           A  R  N  D  C  Q  E  G  H  I  L  K  M  F  P  S  T  W  Y  V   A   R   N   D   C   Q   E   G   H   I   L   K   M   F   P   S   T   W   Y   V
    1 A    4 -1 -1 -2  0 -1 -1  0 -1 -1 -1 -1 -1 -2 -1  1  0 -2 -2  0    0   0   0   0   0   0   0   0   0   0   0   0   0   0   0   0   0   0   0   0  0.00     0.00
    2 I   -1 -3 -3 -3 -1 -3 -3 -4 -3  4  2 -3  1  0 -3 -2 -1 -3 -1  3    0   0   0   0   0   0   0   0   0 100   0   0   0   0   0   0   0   0   0   0  0.39 0.00
    3 K   -1  1 -1 -1 -3  1  0 -2 -1 -3 -3  4 -2 -3  4  0 -1 -3 -2 -2    0   0   0   0   0   0   0   0   0   0   0  74   0   0  26   0   0   0   0   0  0.65 0.03
    4 R   -1  3  1  4 -3  0  1 -2 -1 -3 -3  2 -2 -3 -2  0 -1 -4 -2 -3    0  23   0  52   0   0   0   0   0   0   0  25   0   0   0   0   0   0   0   0  0.54 0.02
    5 R   -2  5 -1 -2 -3  0 -1 -3 -1 -2  0  1 -1 -2 -3 -1 -1 -3 -2 -2    0  83   0   0   0   0   0   0   0   0  17   0   0   0   0   0   0   0   0   0  0.68 0.08
    6 S    2 -1  0 -1 -1  2  0 -1 -1 -2 -2 -1 -1 -3 -1  3  2 -3 -2 -1   23   0   0   0   0  12   0   0   0   0   0   0   0   0   0  44  21   0   0   0  0.39 0.10
    7 Y   -1 -2 -2 -3 -2 -2 -2 -3  0 -1 -1 -2 -1  1 -3  0  1  1  6  0    0   0   0   0   0   0   0   0   0   0   0   0   0   0   0  11  12   0  65  12  0.70 0.15
    8 M   -1  1  1 -1 -2  1 -1  1 -1  1 -1  1  1 -2 -2 -1 -1  5 -1  0    0  12  12   0   0  10   0  11   0  12   0  12   9   0   0   0   0  11   0  11  0.16 0.05
    9 P   -1  0 -1 -2 -3 -1 -1 -2 -2 -3 -3  3 -2 -4  6 -1  1 -4 -3 -2    0   0   0   0   0   0   0   0   0   0   0  34   0   0  54   0  12   0   0   0  1.09 0.13
   10 I    0 -3 -3 -4 -1 -3 -3 -3 -3  3  1 -3  0 -1 -3 -2 -1 -3 -2  4    9   0   0   0   0   0   0   0   0  27  10   0   0   0   0   0   0   0   0  55  0.46 0.13
   11 S    0 -1 -1 -1 -2  0  2 -2 -2  0 -2  1 -1 -3  1  3  0 -3 -2  0    0   0   0   0   0   0  19   0   0  10   0   9   0   0   8  43   0   0   0  10  0.27 0.11
   12 M    1 -1 -1 -2 -2 -1 -1 -2  2  0 -1  0  2  1 -2  1  1 -2 -1  0   19   0   0   0   0   0   0   0   9  10   0  10  16  10   0  17   9   0   0   0  0.12 0.08
   13 P   -2  0 -2 -2 -4 -1  1 -3 -2 -3 -1 -1 -3 -4  7 -2 -2 -4 -3 -3    0   8   0   0   0   0  15   0   0   0   7   0   0   0  70   0   0   0   0   0  1.50 0.24
   14 S    1  1 -1 -1 -2  1  2 -2 -1 -2  0  0 -1 -2  1  1  2 -3 -2 -1   18   8   0   0   0   7  16   1   0   0   9   0   0   0   8   6  24   0   0   0  0.21 0.08
   15 W   -1 -1 -2 -2 -2 -1 -2 -2  1  0  1  0  0  0 -2  0 -1  7  2  0    1   1   1   1   0   1   1   1   5   8  18   9   0   1   1  13   1  22   8   9  0.36 0.09
   16 V    0 -1 -1 -1 -1 -1  0 -2 -2  2  1 -1  2 -1 -1  1  0 -2 -1  2    2   1   1   1   0   1   9   2   0  19   9   1   9   1   1  17   1   0   1  22  0.10 0.05
   17 P   -1 -1  1 -1 -2 -1  1 -2 -1 -1  0 -1 -1 -2  5  0 -1 -2 -2 -1    2   1   8   1   0   1  14   2   1   1  17   1   1   1  38   8   1   0   1   2  0.54 0.11
   18 G    3  0 -1 -2 -2  0 -1  3 -2 -2 -2  0 -2 -2 -2  0  1 -2  0 -2   33   4   1   1   0   6   1  26   0   1   1   5   0   0   1   1  14   0   5   1  0.31 0.15
   19 D   -2 -2 -1  3 -5  3  5 -2  2 -4 -4  1 -3 -4 -3  0 -2 -4 -3 -4    0   0   0  20   0  13  46   3   5   0   0   7   0   0   0   5   0   0   0   0  0.86 0.40
   20 A    1 -1  0  0 -3  2  3 -2  0 -1 -1  1 -2 -3 -2  0 -2 -4 -3 -1   17   2   5   4   0  13  30   2   1   3   8   9   0   0   0   4   0   0   0   3  0.32 0.25
   21 E   -2  1 -1  0 -5  1  5 -1 -2 -3 -3  1 -1 -5  0 -2 -1 -5 -4 -4    2   7   2   4   0   5  56   4   0   1   2   8   2   0   4   0   2   0   0   0  0.79 0.43
   22 R    0  3 -2 -2 -3  1  1 -2  0 -1  1  2  1 -1 -1 -1 -1  1 -2 -1    9  18   0   0   0   8   8   2   2   2  21  17   3   1   2   2   1   2   0   3  0.21 0.20
   23 K    0  3 -1 -1 -4  2  2 -2 -2 -4 -1  4 -3 -4 -1 -1  0 -4 -3 -3    7  15   2   2   0   7  16   2   0   0   5  36   0   0   2   2   5   0   0   0  0.52 0.33
   24 R    0  5 -1 -3 -4  1  0 -3  1 -3 -2  2 -1 -1 -3  0  0 -4 -1 -3   11  39   2   0   0   6   5   0   3   0   4  15   2   2   0   5   4   0   2   0  0.53 0.33
   25 K   -1  1 -1  0 -4  4  1 -3 -1 -2  0  2 -2 -4 -3 -1 -1 -4 -1 -2    5   8   2   4   0  30  10   0   1   2  10  18   0   0   0   3   3   0   2   2  0.44 0.32
   26 A    2  0 -1 -1 -3  3  3 -3  0 -2 -2  1  0 -4 -1  0 -1 -4 -2 -1   20   3   1   1   0  16  26   0   1   1   3  10   2   0   1   3   3   0   1   4  0.37 0.30
   27 A    1  1  0  0 -4  5  2 -2 -2 -3 -1  1 -1 -4 -1 -1 -1 -4 -2 -2   16   7   3   5   0  33  11   2   0   0   6   8   1   0   2   1   1   0   1   3  0.44 0.34
   28 A    0  1  0 -1 -4  2  4 -3  0 -2 -2  1  2 -4 -3 -1 -2 -4 -3 -2    9   8   4   2   0   8  40   0   2   2   2  10   7   0   0   2   0   0   0   3  0.52 0.36
   29 E    0  2 -1  1 -4  1  3 -2  0 -2 -2  2 -2 -3 -1  0  0 -4 -2 -2    9  16   1   6   0   7  26   2   1   2   3  11   0   0   3   4   5   0   1   2  0.33 0.24
   30 L    0 -1 -1 -1 -3 -1  0 -3 -3  1  3  0  0 -1 -1 -2  0 -3 -1  0   11   3   3   3   0   1   7   0   0   6  43   7   0   2   2   1   4   0   1   4  0.24 0.23
   31 A    2 -1 -1 -1  0  2  1 -1 -1 -1  0  0  0 -2 -2  0  0 -3 -1 -1   29   2   2   3   2  12   9   2   1   4  11   6   3   0   0   7   3   0   2   2  0.17 0.19
   32 A    2  1 -1  0 -2  0  1 -1 -2  0  0  1 -1 -2 -1  0  0 -3 -2  0   21  10   1   4   0   4  11   2   0   7  13  10   0   0   2   4   5   0   0   4  0.12 0.14
   33 R    0  4  0 -1 -4  2  2 -3 -1 -2 -2  1  0 -3 -3  0 -1 -3  0 -2   10  31   4   1   0   9  18   0   1   2   4   4   3   0   0   4   2   0   3   2  0.42 0.30
   34 E    0 -1  0  0 -4  3  5 -1  1 -4 -1  1 -3 -4 -3 -1 -2 -4 -1 -3    9   2   3   2   0  13  45   3   3   0   6   9   0   0   0   1   0   0   2   1  0.62 0.41
   35 A    1  3  0 -2 -3  2  2 -3  2 -2 -1  2 -1 -3 -3 -1 -1 -3  1 -2   12  19   4   0   0  10  13   0   5   1   5  16   2   0   0   3   2   0   5   2  0.30 0.24
   36 R    0  3 -1  0 -4  1  3 -3  0 -1  0  2 -2 -2 -3 -2 -2 -4 -3 -1    8  17   1   3   0   7  30   1   1   3  11  11   0   1   0   0   0   0   0   3  0.39 0.30
   37 N    0  1  2  1 -1  1  2 -3  1 -1 -3  3  0 -4 -3 -1 -1 -4 -3 -2    8   8  12   6   1   5  13   0   4   5   0  29   3   0   0   1   2   0   0   2  0.37 0.28
   38 E    0  1 -1  0 -4  4  3 -3 -2 -2 -1  1 -2 -4 -1 -1 -1 -4 -1 -2    8   6   2   5   0  27  26   0   0   1   5   8   0   0   2   2   3   0   2   2  0.50 0.35
   39 A    1  1 -2  0 -3  2  3 -3  0 -2 -1  2 -1 -1 -1 -1 -1 -3 -2 -1   17   6   0   4   0   8  27   0   3   0   7  12   2   3   2   3   1   0   0   5  0.29 0.25
   40 W    0  3  0 -1 -1  4  1 -3 -2 -1 -2  2  1 -2 -1 -1 -1 -1 -2 -3    6  18   3   2   2  25   8   0   0   4   2  13   4   2   3   3   3   1   1   0  0.38 0.29
   41 L   -1  1 -1 -2 -2  1  0 -3  0  1  3  0  2 -2 -3 -1 -1 -3 -1  1    4   7   3   0   0   7   5   1   2   6  37   8   5   0   0   3   2   0   2   8  0.21 0.20
   42 Q   -1  1 -1  0 -4  4  3 -3  0 -1 -2  2 -1 -4 -2 -1 -2 -4 -3 -3    5   7   2   5   0  23  26   0   2   4   4  13   2   0   1   4   0   0   0   0  0.48 0.32
   43 H    0  2 -2 -1 -3  2  1 -3  2 -1 -2  3 -1 -3 -1  0 -2 -3  0 -1   10  12   0   1   0  11  11   0   7   4   4  24   1   0   2   4   0   0   4   4  0.29 0.24
   44 N    0  0  1  0 -3  2  4 -2  0 -2 -3 -1 -2 -3 -3  0  1  0 -1 -1    7   3   7   4   0  12  35   2   2   2   2   2   0   0   0   6   8   1   2   6  0.40 0.30
   45 D    0  2  0  2 -4  1  3 -3 -2 -2 -1  1  0 -2 -3 -1 -1 -4 -3 -3   11  14   3  13   0   7  25   0   0   2   7  10   3   1   0   2   2   0   0   0  0.37 0.27
   46 P   -1  2 -2 -1 -4  2  4 -2 -2 -3  0  2 -1 -3 -1 -2 -1  0 -3 -1    5  10   0   1   0  11  34   3   0   0  12  12   2   0   3   0   4   1   0   3  0.41 0.32
   47 A    2  0  0 -1 -2  1  1 -2 -2 -1  1  1  1 -1 -1  0 -1 -3 -2 -1   22   4   6   2   0   6  12   0   0   3  16   9   5   2   2   6   2   0   0   4  0.12 0.16
   48 G    0  2 -2 -1 -4  2  1 -1 -2 -3 -1  4  0 -2 -3 -1  0 -4 -3 -3    9  14   0   2   0  12   6   4   0   0   6  31   3   1   0   4   6   0   0   0  0.41 0.31
   49 D    0  3  0  1 -4  2  2 -3 -2 -2  0  2 -2 -3 -3  0 -1  0 -3 -2    8  22   3   8   0  12  13   0   0   3  10  12   0   0   0   4   3   1   0   2  0.31 0.25
   50 Q    0  1 -2  0 -4  4  3 -2  0  0 -1  2  0 -4 -3 -1 -2 -4 -3 -3    8   9   0   4   0  25  20   1   1   6   6  14   2   0   0   3   0   0   0   0  0.44 0.34
   51 E    0  1 -1  1 -4  2  4 -3  0 -3 -1  2 -1 -2 -3 -1 -2 -4 -3 -2    7   9   2   5   0   8  37   0   2   1   6  16   1   2   0   2   2   0   0   1  0.51 0.35
   52 A    1  1 -1  0 -3  3  2 -2  0 -1  0  0  0 -1 -1 -1 -2  0 -2 -2   13   7   1   4   0  21  19   2   1   5   9   5   3   2   2   2   0   1   0   1  0.26 0.24
   53 R   -1  3  2  0 -3  2  1 -2  0 -1 -1  1 -1 -2 -1 -1  0 -3 -2 -2    6  25  10   3   0   8  12   1   2   5   6   8   2   1   3   1   7   0   0   2  0.27 0.21
   54 E   -1  2 -1  0 -4  3  4 -2 -2 -2 -1  2 -1 -4 -3 -1 -2 -4 -2 -3    5  12   2   2   0  13  35   2   0   3   7  12   1   0   0   3   1   0   1   0  0.49 0.33
   55 V    1  1  0 -1 -2  1  0 -2 -1  1  0  0  0 -1 -2 -1  0 -3 -1  1   13  11   4   4   0   6   7   0   2  13   8   7   1   3   0   2   8   0   2  10  0.07 0.10
   56 D    0  2  0  2 -3  2  2 -1  0 -2  0  2  1 -3 -2 -1 -2 -3 -1 -1    7  12   2  11   0  10  16   3   1   1   9  14   5   0   0   0   0   0   1   4  0.23 0.20
   57 E   -1  1  0  1 -4  1  4 -3  1 -2 -1  1 -3 -4 -2 -1 -1 -4 -3 -2    5   9   3   7   0   5  40   0   4   3   5   9   0   0   1   1   2   0   0   2  0.50 0.32
   58 W    0  1  0  0 -3  2  3 -3  0 -3 -1  1 -2 -1 -2  0 -1  4  0 -3    6   6   3   3   0  14  22   0   2   0   7  11   0   2   0   8   4   6   4   0  0.30 0.23
   59 A    1  0 -1 -1 -2  2  1 -2 -2 -1  1  1 -1  0 -1  0 -1 -3  0 -1   17   5   2   2   0  12  10   1   0   2  18  12   0   5   2   7   0   0   2   2  0.14 0.17
   60 E   -1  1  1  1 -4  1  5 -3 -2 -4 -3  2 -2 -4 -2  0 -2 -4 -2 -4    4   9   6   5   0   5  44   0   0   0   2  12   1   0   1   6   1   0   1   0  0.63 0.38
   61 K   -2  4 -1  0 -4  2  2 -3 -2 -3 -3  3  0 -4 -3 -2 -1 -4 -1 -3    2  27   2   5   0  11  16   0   0   2   1  24   3   0   0   1   2   0   3   0  0.61 0.37
   62 L   -1 -2 -1 -2 -1  0 -1 -2 -1  1  3  1  2 -1 -3 -1 -1 -3 -2 -1    5   0   3   2   1   5   3   2   1  10  42  11   6   2   0   5   2   0   0   1  0.27 0.25
   63 R   -1  3  0  0 -4  3  1 -3  0 -2 -2  3 -2 -2 -3  0 -2 -4 -3 -2    5  22   3   3   0  20  11   0   1   3   3  19   0   2   0   6   0   0   0   2  0.47 0.32
   64 K   -1  3 -1 -1 -4  3  3 -3 -2 -2 -2  3  0 -4 -2 -1 -2 -4 -1 -2    6  19   1   2   0  13  20   0   0   2   2  23   2   0   2   3   0   0   2   2  0.50 0.33
   65 S    0  1  0  1 -4  2  4 -3  0 -2 -2  1 -1 -1 -3  0 -2 -4 -1 -3    8   6   3   8   0   8  38   0   1   2   5   6   1   3   0   7   0   0   2   0  0.44 0.32
   66 Q    1  2 -1 -1 -4  3  4 -3 -2 -2 -3  2 -3 -4 -3 -2 -1 -4 -1 -3   12  13   2   1   0  16  34   0   0   3   2  10   0   0   0   0   2   0   3   1  0.57 0.39
   67 A    1  0  0  0 -3  0  3 -2  1  0 -1  1  0 -1 -2  0 -1 -3 -1  0   19   5   3   3   0   4  24   0   3   7   5   7   4   2   0   5   3   0   1   5  0.17 0.18
   68 G    1  1  0  0 -1  0  0  0 -2  0  0  1  0 -2 -2  0  0 -3 -2  0   17   6   6   4   1   5   6   7   0   6  14  12   3   0   0   5   3   0   0   4  0.07 0.10
   69 P    0  3 -2  0 -1  2  2 -2  0 -1  0  1  0 -2  1 -1 -1 -3 -2 -1    8  18   0   5   1  10  16   2   3   3  11   7   2   1   6   2   2   0   0   3  0.19 0.17
   70 E    0  0 -1  0 -3  1  4 -3 -2 -1  1  1  0 -3 -1 -1 -1 -3 -1 -1    6   3   2   4   0   6  38   0   0   3  14   9   2   0   2   1   2   0   2   4  0.37 0.29
   71 A    1  2 -2 -1 -3  1  2 -2 -2 -1 -1  4 -1 -1 -2  0 -2 -3 -1 -1   11  10   0   1   0   7  12   2   0   5   5  31   1   3   0   5   0   0   2   3  0.30 0.25
   72 E   -2  3 -1  1 -4  2  3 -3 -1 -3 -1  2 -1 -4 -3 -1 -2  0 -3 -3    2  21   1   7   0   9  29   0   1   0   8  14   1   0   0   3   0   1   0   1  0.53 0.35
   73 T    1  0  1  1 -3  3  1 -2  0  0 -1  1  0 -3 -1  0  0 -3 -2 -2   15   4   6   7   0  21  11   1   2   7   5   6   2   0   3   4   6   0   0   0  0.23 0.21
   74 E    0  0 -1  0 -4  2  5 -3 -1 -4 -2  0 -3 -2 -3 -1 -1  0 -3 -2    8   6   3   4   0   9  49   0   1   0   5   4   0   1   0   3   2   1   0   2  0.66 0.42
   75 M    0  1 -1 -2 -3  4  2 -3 -2  1  1  1  3 -2 -3 -2 -2 -3 -1 -2    6   6   3   1   0  23  14   0   0   8  19   7   8   1   0   0   0   0   1   0  0.33 0.29
   76 E    0  1 -2 -2 -4  2  4 -4 -1 -2 -1  2  0 -2 -3 -2 -1 -4 -3 -2    7   8   0   0   0   9  43   0   1   2   8  13   2   1   0   0   3   0   0   2  0.58 0.40
   77 R   -1  6  0  0 -4  1  1 -4 -2 -4 -1  2 -3 -2 -3 -2 -1 -4 -3 -3    6  50   4   4   0   5   9   0   0   0   5   9   0   2   0   2   3   0   0   1  0.77 0.44
   78 M    0  0 -3 -3 -1  1 -1 -3 -2  1  3  0  2 -2 -3 -2 -1  0 -3  0    6   5   0   0   1   9   3   1   1   9  44   6   4   0   0   1   2   1   0   4  0.35 0.29
   79 Q   -1  2 -1 -1 -4  5  3 -3  0 -3 -2  1 -3 -4 -3 -1 -3 -4 -3 -2    4  13   2   2   0  37  17   1   1   1   4   9   0   0   0   4   0   0   0   2  0.70 0.45
   80 R    0  4 -2  0 -4  3  2 -2 -2 -2 -3  3  1 -4 -3  1 -1 -4 -2 -3    7  25   0   4   0  14  13   1   0   2   0  18   4   0   0   9   2   0   1   0  0.50 0.34
   81 E   -1  0 -2  1 -5  3  5 -1 -2 -2 -3  1 -2 -4 -3 -2 -2 -4 -1 -3    4   3   0   9   0  15  44   3   0   3   2   9   1   0   0   1   1   0   3   1  0.69 0.44
   82 F    0  1  0  0 -3  1  3 -3 -1 -1  0  0  0  1 -3 -2 -2 -3 -1 -1   11   7   5   5   0   5  27   0   1   4  13   7   2   9   0   0   0   0   1   3  0.22 0.23
   83 S    0  1  0  0 -3  2  4 -3 -2 -1 -1  1  0 -3 -3  1  0  0 -3 -2    9   7   5   2   0   9  33   0   0   3   6   8   2   0   0  10   4   1   0   1  0.36 0.29
   84 E   -1  1 -2  0 -1  2  3 -3 -2 -1  1  1  0  0 -2 -1 -2  0 -2 -1    5   9   0   4   1  10  29   0   0   2  20   7   3   4   1   2   0   1   0   2  0.30 0.28
   85 K   -1  2 -1 -1 -4  3  2 -3  1 -3 -2  4  0 -4 -3 -2 -1 -4 -2 -2    5  10   2   1   0  13  11   0   3   1   3  40   2   0   0   1   3   0   1   2  0.58 0.39
   86 Q   -2  3 -2 -2 -4  3  2 -3 -1 -3 -1  2  1 -4 -1 -2 -1  0 -3 -2    3  22   0   0   0  20  18   1   1   1   8  13   3   0   2   0   4   2   0   2  0.50 0.36
   87 K   -1  3 -1  1 -4  3  1 -3 -2 -3 -1  3 -3 -4 -3 -1 -3  1 -3 -4    4  21   1   8   0  19  10   1   0   1   7  24   0   0   0   3   0   2   0   0  0.57 0.39
   88 A    1  1  0 -1 -1  2  4 -3 -2 -3 -2  1  0 -2 -3 -1 -1 -4 -3 -2   16   6   4   1   1  11  38   0   0   0   3   8   3   2   0   3   2   0   0   2  0.52 0.38
   89 K    0  1  0  0 -4  4  2 -3 -1 -1  0  2 -1 -3 -1 -1 -1 -4 -3 -1    6   7   3   4   0  23  11   0   1   4  13  18   1   0   2   2   2   0   0   4  0.32 0.28
   90 E    0 -1 -1  0 -5  3  5 -4 -2 -2 -2  1 -3 -5 -1 -1 -2 -5 -4 -2    7   2   3   4   0  12  49   0   0   3   3   7   0   0   2   4   2   0   0   3  0.72 0.46
   91 A    2  3 -1 -1 -4  2  2 -2 -2 -1 -3  2 -3 -4 -3 -1 -1 -4 -3 -2   22  23   3   2   0  12  14   1   0   5   1  11   0   0   0   3   2   0   0   2  0.43 0.33
   92 K   -1  1 -2 -1 -3  2  1 -3 -2  0  2  2  1 -1 -3 -2 -1 -3 -3 -1    6   8   1   2   0  11  12   0   0   5  26  17   4   2   0   1   2   0   0   1  0.26 0.26
   93 V   -1  0 -2  1 -3  2  3 -2 -1  0  0  0  0 -2 -3 -1 -1 -3 -1  0    3   5   0   9   0  10  30   1   1   7  10   3   2   1   0   4   2   0   2   8  0.28 0.25
   94 E   -1  3  0  0 -4  2  3 -2  0 -2 -1  2 -2 -4 -3 -1 -2  0 -3 -3    5  22   3   3   0  11  27   2   1   2   7  12   1   0   0   1   1   1   0   0  0.50 0.35
   95 E    0  0 -3  0 -5  2  5 -3 -3 -3 -1  1 -3 -5 -3 -2 -1 -5 -4 -4    9   5   0   3   0  10  51   1   0   1   6   9   0   0   0   1   2   0   0   0  0.82 0.51
   96 M   -1  2 -2 -1 -3  1  1 -2 -2  0  2  3  1 -3 -3 -1 -2 -1 -3 -1    5  12   1   2   0   5   9   2   0   6  21  24   5   0   0   4   0   1   0   3  0.26 0.26
   97 H   -1  1 -1  1 -4  4  2 -3  1 -3  0  2 -1 -2 -3  0  0 -3  0 -3    4   9   2   8   0  23  14   0   4   1   9  13   1   2   0   4   4   0   3   0  0.35 0.29
   98 Q    0  2  0  0 -4  4  3 -2 -2 -2 -2  1 -1 -4 -3 -1 -1 -4 -3 -3    7  13   4   4   0  23  27   3   0   2   4   7   2   0   0   1   2   0   0   1  0.53 0.37
   99 K    0  3 -1 -1 -4  3  1 -3  1 -2 -1  3  0 -2 -3 -1 -2 -4 -3 -2    7  19   3   1   0  20  10   0   4   2   5  21   2   2   0   3   0   0   0   1  0.46 0.33
  100 L   -1  1 -3 -2 -3  0 -1 -4  0  1  3  0  1 -2 -3 -2 -1 -3 -1  1    4   9   0   1   0   5   2   0   2   9  42   7   4   0   0   2   2   0   2   7  0.32 0.26
  101 Q   -1  1 -1 -1 -4  5  3 -3  0 -2 -3  2 -1 -4 -3 -2 -1 -4 -2 -3    4   5   1   2   0  37  23   2   2   2   2  12   2   0   0   1   3   0   1   1  0.71 0.45
  102 E   -1  1  1  1 -4  3  3 -3 -2 -4 -2  3  0 -4 -3  0 -2 -4 -3 -3    5   7   5   8   0  14  24   0   0   0   4  25   2   0   0   5   0   0   0   0  0.53 0.36
  103 E    0 -1 -1  1 -4  2  4 -3  2 -2 -1  1 -1 -4 -2 -2 -1 -4 -3 -3    7   3   2   8   0   9  43   1   5   2   7   7   2   0   1   0   2   0   0   1  0.56 0.38
  104 R   -1  3 -1  0 -4  1  4 -3 -1 -2 -1  2 -3 -4 -3  0 -2 -4 -3 -2    5  21   2   3   0   6  33   0   1   2   6  13   0   0   0   5   0   0   0   2  0.54 0.37
  105 D    0  1  0  2 -4  3  3 -3  0 -2 -1  2 -1 -4 -2 -1 -2 -4 -3 -2    8   6   2  10   0  19  24   0   2   2   8  11   2   0   1   2   0   0   0   2  0.39 0.30
  106 E    0  2 -1 -2 -3  1  3 -2 -2 -1  1  0  0 -3 -3  0 -1 -3 -2  0    8  11   2   0   0   4  30   1   0   3  21   5   2   0   0   6   1   0   1   5  0.29 0.27
  107 R   -1  4  0  0 -4  2  1 -3 -2 -1 -1  3 -1 -2 -2 -1 -1 -4 -3 -3    5  29   3   4   0   8  10   0   0   3   5  22   1   2   2   3   2   0   0   0  0.46 0.31
  108 N    0  2  1  0 -3  2  2 -2 -1  0  0  1 -1 -1 -2 -1  0 -3 -2 -1    8  12  10   5   0  10  16   1   1   6  13   7   0   2   0   3   4   0   0   1  0.17 0.16
  109 A    2  1 -1  0 -2  2  1 -2  1 -1 -1  1  1 -1 -2  0 -1 -3 -1  0   21   9   2   5   0  12   9   1   3   2   6   8   4   2   0   7   2   0   2   5  0.14 0.15
  110 Y    1  2 -1  0  0  1  2 -1  0  0  0  0  0 -1 -2  0  0 -3 -1 -1   13  13   2   3   2   4  17   3   2   6  10   5   4   3   0   6   6   0   1   2  0.10 0.12
  111 G    0  1 -1  1 -3  1  2 -1 -1 -1 -1  1  0 -1 -1  0 -1 -2  0  0    7   7   2   9   0   5  22   4   0   4   4   8   4   2   2   8   1   0   4   8  0.13 0.14
  112 A    1  2 -1 -1 -3  2  2 -2  0 -1 -1  2 -2 -1 -1  0  0 -3 -2 -2   13  16   0   2   0   9  14   1   3   4   8  15   0   2   2   6   5   0   0   1  0.22 0.19
  113 T    0  1 -1  0 -1  1  2 -2  0 -1  0  2  0 -2 -2  0  0 -3 -2 -1   10   6   0   5   1   7  14   2   3   2  11  17   2   1   0   8   7   0   0   4  0.13 0.14
  114 R   -1  4 -1 -1 -4  3  2 -2 -2 -1 -1  2 -1 -3 -3 -2 -2 -4  0 -3    4  32   2   3   0  13  13   2   0   3   6  16   2   0   0   1   0   0   3   0  0.54 0.36
  115 A    2  1 -2 -1 -4  4  1 -1 -1 -2  0  1 -2 -3 -3  0 -2 -4 -1 -3   17   5   0   1   0  30  10   3   1   2  12  10   0   0   0   5   0   0   2   0  0.42 0.36
  116 E    0 -1 -1  0 -5  2  5 -2 -2 -2 -3  1 -1 -4 -3 -2 -2  1 -2 -4    8   2   2   4   0  10  50   2   0   2   3  10   2   0   0   1   1   2   2   0  0.74 0.47
  117 M    0  0 -1  0 -4  4  3 -2  1 -1  1  1  0 -2 -3 -1 -2 -4 -3 -2    7   4   3   4   0  23  19   2   4   3  17   8   2   1   0   2   0   0   0   0  0.34 0.30
  118 Q    0  0 -1  1 -5  3  5 -4  0  0 -4  1 -1 -2 -3 -2 -3 -1 -3 -3    7   5   3   8   0  12  45   0   2   6   0   8   1   1   0   0   0   1   0   0  0.70 0.44
  119 M   -1  5  0 -3 -4  1  0 -2  0  0 -1  1  1 -2 -3 -1 -1 -4 -3 -2    6  41   5   0   0   5   5   2   2   7   4   8   5   2   0   2   3   0   0   2  0.50 0.33
  120 L   -1  1 -2 -3 -3  0  0 -3 -3  1  3  1  2 -1 -3 -2 -1 -3 -1  0    5   8   1   0   0   3   8   0   0  10  37   9   7   1   0   2   2   0   1   5  0.28 0.24
  121 Q    0  2 -1  0 -3  4  2 -3  0 -2 -1  2 -1 -3 -3  0 -1  0 -1 -2    9  11   1   6   0  22  15   0   1   2   6  12   1   0   0   4   3   1   2   2  0.34 0.27
  122 D    0  1 -1  1 -4  2  3 -2 -1 -2 -2  3  0 -1 -3 -2 -2 -4 -3 -2    8   7   2   9   0  11  23   1   1   3   3  22   3   3   0   0   0   0   0   2  0.39 0.30
  123 R   -1  2 -1  1 -4  2  4 -3 -2 -2  0  1 -1 -4 -1 -1 -2 -4 -1 -3    3  15   2   7   0   9  37   0   0   2   9   7   1   0   2   2   0   0   2   0  0.53 0.36
  124 T   -1  2  0  1 -3  3  3 -2 -2 -2 -2  0 -1 -3 -3 -1  1  0 -3 -1    3  10   5   5   0  15  28   3   0   3   4   5   1   0   0   3  10   1   0   3  0.36 0.28
  125 A    2  1  0  1 -2  2  2 -2 -2 -1 -1  0  0 -2 -2  0  0  0 -2 -1   20   9   3   7   0   9  17   1   0   4   3   6   4   2   1   6   5   1   0   3  0.18 0.17
  126 A    2  1 -1  1  0  0  1 -2 -2  0  0  1  0 -2 -1  0  0 -3 -2 -1   20  10   1   7   2   2  14   1   0   6  10  11   2   2   3   3   3   0   0   4  0.12 0.15
  127 D    0  2  0  1 -3  1  3 -3  0 -2  0  1 -2  0 -2  0 -2 -3  0 -2   11  12   3   9   0   6  23   0   1   2   9  11   0   4   0   4   0   0   3   2  0.25 0.22
  128 A    2  0 -1 -2 -2 -1  0 -1 -2  0  2  0  0 -1 -2 -1 -1 -3 -2  0   23   6   2   2   0   1   8   3   0   6  28   5   1   3   1   3   2   0   0   5  0.15 0.18
  129 R    0  4  0 -2 -4  2  1 -3  1 -4 -3  4 -3 -4 -3 -1 -2 -4 -1 -3    6  23   4   1   0   7   9   0   3   0   2  36   0   0   0   2   0   0   2   1  0.67 0.40
  130 K    0  3 -1  1 -4  2  2 -2  2 -2 -2  2 -2 -2 -3 -1 -1 -4 -1 -2   10  23   2   7   0  10  12   2   6   1   3  13   0   1   0   3   4   0   1   1  0.34 0.25
  131 K    0  2 -1 -1 -4  3  2 -3  2 -1 -1  3  1 -3 -3 -2 -1 -4 -1 -2    7  13   1   2   0  16  18   0   5   4   5  19   4   0   0   0   3   0   1   1  0.40 0.31
  132 E   -1  1 -1  1 -5  3  5 -2 -2 -2 -2  0 -1 -2 -3 -1 -3 -5 -4 -4    6   6   2   8   0  12  48   2   0   2   3   5   1   2   0   4   0   0   0   0  0.73 0.46
  133 I    0  1 -1 -1 -3  3  2 -2  0  1  0  1 -1 -2  0 -1 -2 -4 -3 -1    7   7   2   2   0  20  18   1   2  11  11   9   1   1   4   1   1   0   0   2  0.25 0.25
  134 E   -2 -1 -1  1 -5  3  5 -4 -2 -3  0  1 -3 -1 -2 -2 -2 -4 -3 -1    2   3   1   9   0  15  43   0   0   0  11   7   0   2   1   0   2   0   0   3  0.67 0.44
  135 S   -1  4  0  0 -4  2  2 -2 -2 -1 -1  1 -1 -1 -1  0 -1 -4 -3 -3    6  32   4   3   0   8  13   1   0   4   5   9   2   3   2   5   2   0   0   0  0.38 0.29
  136 L   -2  0 -3 -2 -1 -1 -2 -4 -1  2  3  0  1 -1 -2 -2 -1 -3 -2  1    2   6   0   3   1   2   1   0   2  17  37   6   4   1   2   2   3   0   0  11  0.30 0.24
  137 K   -1  2  1  0 -4  4  2 -3 -1 -3 -4  3 -1 -5  0 -1 -2 -4 -3 -2    5  14   7   4   0  25  12   1   1   2   0  20   2   0   3   2   0   0   0   2  0.55 0.38
  138 E    0  2 -1  0 -4  3  4 -3  0 -4 -3  3  0 -2 -2  0 -1 -4 -3 -4    7  11   2   3   0  14  29   0   2   0   1  18   2   2   1   5   2   0   0   0  0.54 0.37
  139 Q    0  0 -1  1 -4  4  4 -4 -2 -1 -1  0 -1 -4 -3 -1 -2 -4 -4 -1    6   5   2   6   0  22  35   0   0   5   6   3   1   0   0   3   1   0   0   4  0.57 0.41
  140 I    0 -1 -2  1 -1  1  3 -2 -2  2  1  0 -1 -1 -3 -2 -1 -3 -3  0    6   1   0   6   1   6  30   2   0  14  12   7   1   2   0   0   2   0   0   7  0.26 0.24
  141 R   -1  4 -1 -1 -4  2  2 -3  0 -2 -2  1 -1 -3 -3  0  0 -1  0 -2    5  25   2   3   0  13  19   0   2   1   3   9   1   0   0   6   4   1   3   3  0.40 0.28
  142 L    0  1 -1 -1 -2  1  0 -2  0  1  2  0  1  0 -3 -1  0 -3 -1  0    8   9   3   2   0   7   5   1   2  10  30   5   2   3   0   3   4   0   1   4  0.11 0.14
  143 K   -1  2 -1 -1 -4  3  2 -2 -2 -2 -1  4 -1 -4 -3 -1 -1 -4 -3 -1    5  14   1   2   0  13  14   1   0   2   6  31   1   0   0   4   1   0   0   5  0.45 0.33
  144 K    0  3 -1  0 -4  1  1 -3 -1 -1 -2  4 -3 -4 -3  0 -1 -4 -3 -2    6  20   2   6   0   6   6   1   1   4   3  35   0   0   0   6   3   0   0   1  0.52 0.35
  145 E    0  2 -2  1 -4  2  4 -3  0 -3 -1  2  0 -4 -3  0 -2 -4 -2 -2    9  10   0   6   0  11  32   0   1   0   7  11   3   0   0   6   1   0   1   1  0.44 0.33
  146 E   -1  1 -1  1 -5  1  5 -4  0 -4 -2  2 -2 -5 -2 -2 -2 -5 -2 -3    4   6   3   6   0   5  51   0   2   0   3  13   1   0   1   1   2   0   1   1  0.78 0.48
  147 Q   -1  1  0  1 -1  4  2 -2  1 -3 -2  2 -2 -4 -1 -1  0 -4 -3 -1    5   6   3   7   2  26  15   1   3   0   4  12   0   0   2   3   4   0   0   6  0.37 0.30
  148 E    0  0 -2  2 -5  0  5 -4  0 -5 -3  1 -4 -5 -1 -1 -2 -5 -4 -3    8   5   0   8   0   3  56   0   2   0   2   7   0   0   3   3   1   0   0   2  0.90 0.52
  149 K    0  4  0 -2 -4  1  1 -1 -2 -2  0  3 -1 -3 -3 -2 -1 -4 -1 -3   10  29   4   1   0   4   9   4   0   1   9  22   2   0   0   0   2   0   2   0  0.43 0.31
  150 Q   -1  0 -1 -3 -3  2  1 -4 -3  0  3  1 -1 -2 -3  0 -1 -3  0 -1    3   6   2   0   0  12  10   0   0   5  41   8   0   0   0   7   1   0   3   1  0.33 0.30
  151 T    1  1  0  0 -3  2  2 -2  1 -1 -1  1 -1 -3 -2  0  0 -3 -2 -1   15  10   3   4   0  11  19   0   4   4   7   6   1   0   0   7   6   0   0   3  0.21 0.19
  152 Q   -1  3 -1 -2 -4  4  2 -2 -2 -3  0  2 -2 -4 -3  0 -1 -4 -3 -3    5  21   3   0   0  21  15   2   0   0   9  15   0   0   0   5   4   0   0   0  0.50 0.34
  153 Q   -1  3 -1 -2 -4  3  3 -3  0 -3  0  2 -1 -1 -1 -2 -2 -4 -2 -2    4  20   2   0   0  13  22   0   2   0  13  14   1   2   3   0   1   0   1   1  0.40 0.30
  154 H   -1  2  0 -1 -3  1  2 -1  4 -2 -2  3 -1 -3 -3  0 -1 -3 -1 -2    2  11   3   2   0   5  15   4  12   2   4  23   1   0   0   9   3   0   1   3  0.32 0.24
  155 L   -1  1  0 -1 -2  0  0 -3 -2  2  2  0  2 -1 -3 -1 -1  0  0  1    6   8   5   3   0   3   7   0   0  13  21   6  10   2   0   3   0   1   2   9  0.12 0.14
  156 D   -1  0 -1  2 -4  2  4 -3 -2 -3 -3  1  0 -2 -3  1 -2 -4 -3 -2    3   3   1  14   0  12  37   0   0   0   2   8   3   2   0  11   0   0   0   2  0.57 0.34
  157 E    0  0 -1  0 -3  0  3 -2 -2  0  1  1  1 -2 -2 -1  0 -3 -1  0    7   3   2   5   0   4  32   2   0   6  14   8   5   0   0   0   4   0   2   6  0.23 0.21
  158 A    3 -1 -2 -1  0  1  1  0 -2 -1  0  2 -2 -3 -1  0  0 -3 -3 -2   34   0   0   2   2   6   8   5   0   3   8  19   0   0   1   6   5   0   0   0  0.26 0.23
  159 R   -1  5 -2 -3 -4  3 -1 -3 -2 -4 -3  3  0 -4 -3 -1 -1 -4 -3 -2    4  50   0   0   0  14   2   0   0   0   2  17   2   0   0   3   3   0   0   2  0.88 0.42
  160 G    0  1  1  0 -3  1  1  3 -2 -1 -1  0 -2 -3  0  1 -1 -3 -3 -2    6  10   6   6   0   6   9  25   0   3   8   4   0   0   4  13   0   0   0   0  0.21 0.13
  161 S    1  1 -1 -2  1  1  0 -1  0 -1 -1  1  0 -3  0  1  1 -3 -2 -1   14  10   0   0   4   5   6   4   2   4   5  12   3   0   3  17  10   0   0   0  0.15 0.12
  162 A    2  0 -2 -1 -2  1 -1 -1  0 -1  0  0 -1 -3  1  1  0 -3 -2  0   32   3   0   1   0  10   2   3   3   0   8   4   0   0   8   8   7   0   0  10  0.19 0.16
  163 V    1 -2 -2 -2  1  1  1  0  0  1  0 -1 -1 -1  2  0  0 -3 -2  1   14   0   0   0   4   8  10   8   3   8   7   0   0   3  10   4   3   0   0  17  0.10 0.08
  164 G    0  0  1 -1 -3 -1  2  2  1 -2 -2  1 -2 -3  2 -1  0 -3 -2 -2    4   3   9   0   0   0  19  19   6   3   4  11   0   0  13   0   8   0   0   0  0.27 0.15
  165 S    1  0  0  0 -3  2  3 -1  1 -3 -2  0 -2 -3  1  1  0 -3  0 -2   13   4   3   3   0  13  25   3   4   0   4   4   0   0   7   9   4   0   3   0  0.25 0.13
  166 A    2  0  0 -1 -2  0  0  0 -2 -1 -2  0 -1  0  1  1  1 -2 -2  0   28   7   4   0   0   4   4   5   0   4   1   7   0   4   5  11   8   0   0   8  0.13 0.09
  167 A    3  0 -1 -2 -2 -1  0 -1 -2 -2 -2  1 -2 -3  3  0  1 -3 -2  0   34   5   0   1   0   0   8   1   0   1   1   8   0   0  17   5  13   0   0   5  0.34 0.15
  168 G    0  0  1 -1 -2  1  0  2 -1 -1 -1 -1 -1  0  1  1 -1 -2  1 -2    5   5   9   1   0   7   5  22   0   5   6   1   0   5   6  16   1   0   6   1  0.14 0.08
  169 A    2  1 -1  0 -2  1  0 -1 -1  0  0 -1  1 -2 -2  0 -1 -2  0  0   36   9   0   5   0   8   5   1   0   4   9   0   5   0   0   5   0   0   5   5  0.14 0.11
  170 P    0  0 -2 -2 -3  0 -1 -2 -2 -2  0 -1 -2 -3  6  0  0 -3 -3 -1    4   7   0   0   0   6   1   1   0   0  10   0   0   0  48  10   6   0   0   6  0.82 0.20
  171 P    0  0  0  0 -3  0 -1 -3 -2 -3 -2  1 -3 -4  6 -1 -2 -4 -3 -3    8   5   5   7   0   5   0   0   0   0   5  10   0   0  55   0   0   0   0   0  1.06 0.24
  172 S    2  0 -1 -2 -2 -1  1 -2  3 -1 -2 -1  1 -2  0  2 -1 -2  2 -2   21   6   0   0   0   0   9   0  10   5   0   0   5   0   5  28   0   0  10   0  0.23 0.15
  173 P    0 -2 -2 -2 -3  2 -1 -3  1 -2 -1  0  1 -3  6 -1  0 -4 -3 -1   10   0   0   0   0  15   0   0   4   0   5   5   4   0  46   0   6   0   0   5  0.81 0.22
  174 P    1 -2  0 -1 -2 -1  1 -2 -2 -2  0  0 -2 -3  5  1  0 -4 -3  0   13   0   5   0   0   0  10   0   0   0  10   6   0   0  36  10   5   0   0   6  0.53 0.15
  175 P    1  1 -1 -1 -3  1  2  0 -2 -2 -3 -1 -2 -3  4  1 -1 -4 -3 -1   12  11   0   0   0   5  17   5   0   0   0   0   0   0  31  13   0   0   0   6  0.53 0.15
  176 Q    0 -1  1 -1 -3  4  2 -1 -1 -3 -3  0 -2 -3  1  0  1 -3 -2 -1    5   0   6   0   0  39  18   5   0   0   0   0   0   0   6   5  11   0   0   5  0.43 0.18
  177 G    1 -1 -1  0 -3  1  0  4  2 -3 -3  0 -2  0 -2  0 -1 -3 -2 -3   16   0   0   6   0   7   7  41   7   0   0   5   0   5   0   5   0   0   0   0  0.40 0.13
  178 G    0 -1  1  1 -2  1  0  2 -1 -1 -1 -1 -1 -2  1  1 -1 -3 -2 -2    6   0   6   7   0  11   7  25   0   6   6   0   0   0   6  19   0   0   0   0  0.21 0.08
  179 A    1 -1  1 -1 -2 -1  0  1  1 -2 -1 -1 -1  1  1  2 -1 -2  1 -1   21   0   6   0   0   0   7  11   6   0   8   0   0   7   6  21   0   0   5   0  0.14 0.08
  180 A    1 -1 -1 -1 -2  1  1  2  2 -2 -1  0 -1 -3  1  1  0 -3 -2 -2   20   0   0   0   0   5  12  18   7   0   6   6   0   0   7  11   7   0   0   0  0.21 0.09
  181 S    1 -1 -1 -1 -2  2 -1  0 -2 -2 -1  0 -2 -3  1  3  1 -3 -2 -2   12   0   0   0   0  16   0   5   0   0   5   6   0   0   6  42   7   0   0   0  0.34 0.16
  182 V   -1  0 -1  0 -2  1 -1  1  1  0 -1 -1 -1 -2  2  1 -1 -2  1  1    0   6   0   7   0  10   0  12   5   6   5   0   0   0  13  13   0   0   7  16  0.12 0.08
  183 P    0 -1  1  1 -3  0  0 -2 -2 -3 -3  1 -2 -3  5  0 -1  3 -2 -1    6   0   7   7   0   5   5   0   0   0   0  13   0   0  40   7   0   5   0   5  0.69 0.16
  184 P   -2 -3 -3  0 -4 -2 -2 -1 -3 -4 -4  0 -4 -5  7 -2 -2 -5 -4 -4    0   0   0   7   0   0   0   5   0   0   0   6   0   0  82   0   0   0   0   0  1.95 0.34
  185 A    1  0 -1 -2 -2 -1  0 -2 -1 -1  0 -1 -1  1  2  1  1 -2  1  0   12   8   0   0   0   0   7   0   0   0  13   0   0   7  11  18  12   0   7   5  0.14 0.08
  186 T    1  1 -1 -2 -2 -1 -1 -2 -2 -2 -2  1 -2  2  3  2  2 -2 -1 -2   14  13   0   0   0   0   0   0   0   0   0   7   0  13  18  19  17   0   0   0  0.33 0.13
  187 R    0  2  0 -1 -3  3  1 -2 -1  0 -1  2 -1 -3  1  0 -1 -3 -2  0    7  11   6   0   0  25   6   0   0   7   6  14   0   0   6   7   0   0   0   6  0.21 0.09
  188 A    1 -1 -1  2 -2 -1 -1  1 -2 -1 -2  1 -2 -3  1  1 -1 -3 -2  1   11   0   0  14   0   0   0  14   0   0   0  14   0   0   8  18   0   0   0  21  0.19 0.09
  189 A    2 -2 -1  0 -2 -1 -1  1  2 -1 -2 -1  1 -2  1  1  0 -2  1  0   26   0   0   6   0   0   0  14   7   0   0   0   6   0   7  14   6   0   7   8  0.17 0.08
  190 P   -1 -2 -2 -2 -3  1  0  1 -2 -3 -1  0 -2 -3  6  0 -1 -3  0 -3    0   0   0   0   0   7   7  12   0   0   6   7   0   0  46   8   0   0   6   0  0.78 0.16
  191 P   -1 -2  1 -2 -2 -2 -2 -2 -2 -1 -1 -1 -2 -3  6 -1  1 -3 -2  0    1   0   9   0   0   0   1   1   0   0   8   1   0   0  57   1  10   0   0   9  0.99 0.14
  192 E   -1  0  1  0 -3  2  3 -1 -1 -3 -3  1 -2 -3  2  1  0 -3 -2 -2    1   1  10   1   0  11  35   1   0   1   1   9   0   0  10  19   1   0   0   1  0.39 0.08
  193 G    1 -2  3 -1 -2 -1 -1  4 -1 -3 -3 -1 -2 -3 -2  1 -1 -3 -2 -2   10   1  22   1   0   0   1  48   0   1   1   1   0   0   1  11   1   0   0   1  0.52 0.08
  194 G   -1 -1  1 -1 -2 -1 -1  3 -1 -2 -2  0 -2 -1  4 -1 -1 -2  1 -1    1   1  11   1   0   0   1  29   0   1   1  10   0   0  22   1   1   0  11  10  0.36 0.06
  195 A    2  0  1  0 -2  2  1  1 -1 -3 -2  1 -2 -3 -1  1  0 -3 -2 -2   32   0  12   0   0  11  12  10   0   0   0  12   0   0   0  11   0   0   0   0  0.26 0.05
  196 P   -2 -2  1  2 -3 -2 -1 -2 -2 -3 -4 -1 -3 -4  7 -1 -2 -4 -3 -3    0   0  11  12   0   0   0   0   0   0   0   0   0   0  77   0   0   0   0   0  1.64 0.16
  197 E    1 -1  0  2 -3  0  3  2 -1 -3 -3  1 -2 -3 -1  1 -1 -3 -2 -2   13   0   0  12   0   0  31  21   0   0   0  11   0   0   0  12   0   0   0   0  0.35 0.06
  198 E    0  2 -1  0 -3  2  2 -2 -1 -3 -2  2 -2 -3  2  0  1 -3 -2 -2   12  13   0   0   0  12  23   0   0   0   0  13   0   0  14   0  12   0   0   0  0.36 0.05
  199 K    0  2  2 -1 -3  3  0 -2  3 -3 -3  1 -2 -3  2  0 -1 -3 -1 -2   12  13  14   0   0  25   0   0  13   0   0  10   0   0  13   0   0   0   0   0  0.37 0.06
  200 G    0 -2  2 -1 -3 -2 -2  5 -2 -3 -4 -2 -3 -3 -2  0  1 -3 -3 -3    0   0  12   0   0   0   0  75   0   0   0   0   0   0   0   0  13   0   0   0  0.85 0.10
  201 S    1 -1  2  0 -2  2  0 -1  3 -3 -3  0 -2 -3 -1  3  0 -3 -1 -2   14   0  14   0   0  15   0   0  15   0   0   0   0   0   0  41   0   0   0   0  0.34 0.06
  202 A    3 -1 -1 -1 -1  2  0  0 -1 -2 -2  0 -1 -3 -1  2  0 -3 -2 -1   57   0   0   0   0  14   0   0   0   0   0   0   0   0   0  29   0   0   0   0  0.39 0.07
  203 L   -1 -2 -1  2 -2 -1 -1 -2 -2  1  1 -1  2 -1  3 -1  1 -3 -2  0    0   0   0  17   0   0   0   0   0  18  14   0  17   0  17   0  17   0   0   0  0.23 0.03
  204 P   -1 -1 -2 -1 -3  2  0 -2 -2 -3 -3 -1 -2 -4  7 -1 -1 -3 -3 -3    0   0   0   0   0  21   0   0   0   0   0   0   0   0  79   0   0   0   0   0  1.62 0.07
  205 W   -1  2 -1 -2 -3 -1 -2  2  0 -3 -2  0 -2  0 -3 -1 -2  7  4 -2    0  26   0   0   0   0   0  25   0   0   0   0   0   0   0   0   0  22  27   0  0.57 0.03
  206 T   -1 -1  3  0 -1 -1 -1 -1 -1 -1 -2 -1 -1 -2 -1  1  4 -3 -2 -1    0   0  27   0   0   0   0   0   0   0   0   0   0   0   0   0  73   0   0   0  0.46 0.04
  207 P   -1 -1 -1 -1 -2 -1 -1 -1 -2 -2 -2 -1 -2 -2  7 -1 -1 -2 -2 -2    2   1   1   1   1   1   2   2   1   1   2   1   1   1  75   2   2   0   1   2  1.36 0.03
  208 W    2 -1 -1 -1 -1 -1 -1 -1 -1 -1 -1 -1 -1  0 -1  0 -1  7  0 -1   37   2   2   2   1   1   2   3   1   2   3   2   1   1   2   2   2  32   1   2  0.49 0.01
  209 I   -1 -2 -2 -2 -1 -1 -2 -2 -2  3  1 -1  1  0 -1 -1  0 -1 -1  2    3   2   2   2   1   1   2   3   1  67   3   2   1   1   2   2   2   0   1   2  0.14 0.01
  210 Q   -1  1  0  0 -2  4  1 -1  0 -2 -1  1  0 -2 -1  0  0 -1 -1 -1    3   2   2   2   1  67   2   3   1   2   3   2   1   1   2   2   2   0   1   2  0.36 0.01
  211 Q   -1  1  0  0 -2  4  1 -1  0 -2 -1  1  0 -2 -1  0  0 -1 -1 -1    3   2   2   2   1  67   2   3   1   2   3   2   1   1   2   2   2   0   1   2  0.36 0.01
  212 K    0  0 -1 -1 -2  0  0 -1 -1 -2 -2  2 -1 -2  5  0 -1 -2 -1 -1    3   2   2   2   1   1   2   3   1   2   3  33   1   1  36   2   2   0   1   2  0.52 0.01
  213 W   -1 -1 -1 -2 -1 -1 -1 -1 -1  0  0 -1  3  0 -1 -1 -1  7  1  0    3   2   2   2   1   1   2   3   1   2   3   2  35   1   2   2   2  32   1   2  0.49 0.01
  214 Q    0  0 -1 -1 -2  3  0 -1  0 -2 -2  0 -1 -2  5  0 -1 -1 -1 -1    3   2   2   2   1  33   2   3   1   2   3   2   1   1  36   2   2   0   1   2  0.55 0.01
  215 E   -1 -1 -1  0 -2  0  2 -1 -1 -2 -2  0 -1 -2  5  0 -1 -2 -1 -1    3   2   2   2   1   1  33   3   1   2   3   2   1   1  36   2   2   0   1   2  0.56 0.01
  216 L   -1 -1  3  0 -1  0 -1 -1  0  0  1 -1  0 -1 -1  0  0 -1 -1  0    3   2  36   2   1   1   2   3   1   2  34   2   1   1   2   2   2   0   1   2  0.12 0.00
  217 G    0 -1 -1 -1 -1 -1 -1  3 -1  0  2 -1  0 -1 -1 -1 -1 -1 -1  0    3   2   2   2   1   1   2  34   1   2  37   2   1   1   2   2   2   0   1   2  0.15 0.00
  218 D   -1  0  0  3 -2  3  1 -1  0 -2 -2  0 -1 -2 -1  0  0 -2 -1 -2    3   2   2  33   1  36   2   3   1   2   3   2   1   1   2   2   2   0   1   2  0.30 0.01
  219 E    0 -1  0  0 -2  0  2 -1 -1 -3 -3  0 -2 -3  5  2  0 -3 -2 -2    0   0   0   0   0   0  31   0   0   0   0   0   0   0  34  34   0   0   0   0  0.66 0.01
  220 G    0 -2  0 -1 -3 -2 -2  6 -2 -4 -4 -2 -3 -3 -2  0 -2 -3 -3 -3    0   0   0   0   0   0   0 100   0   0   0   0   0   0   0   0   0   0   0   0  1.08 0.02
  221 A    2 -2 -2 -2 -1 -2 -2  3 -2  2  0 -2  0 -2 -2  0 -1 -3 -2  1   31   0   0   0   0   0   0  34   0  34   0   0   0   0   0   0   0   0   0   0  0.24 0.01
  222 D   -2  3  0  3 -3  0  0 -2 -1 -1  1  0  0 -1 -2 -1 -1 -3 -2 -1    0  34   0  31   0   0   0   0   0   0  34   0   0   0   0   0   0   0   0   0  0.24 0.01
  223 M   -1 -1 -1 -2 -1 -1 -2 -2 -2  1  1 -1  5 -1 -2  0  2 -2 -1  0    0   0   0   0   0   0   0   0   0   0   0   0  66   0   0   0  34   0   0   0  0.28 0.02
  224 A    2  0  0 -1 -1  3  1 -1 -1 -2 -2  0 -1 -3 -1  2  0 -2 -2 -1   31   0   0   0   0  34   0   0   0   0   0   0   0   0   0  34   0   0   0   0  0.32 0.01
  225 P   -1 -1  0  3 -3  3  1 -2 -1 -3 -3  0 -2 -3  4  0 -1 -3 -2 -3    0   0   0  34   0  34   0   0   0   0   0   0   0   0  31   0   0   0   0   0  0.70 0.01
  226 Q   -1 -1  0  3 -3  3  1 -2 -1 -3 -3  0 -2 -3  5  0 -1 -3 -2 -3    0   0   0  34   0  31   0   0   0   0   0   0   0   0  34   0   0   0   0   0  0.74 0.01
  227 A    3 -1 -1 -1 -1 -1 -1  0 -1 -2 -2 -1 -1 -2 -1  2  0 -3 -2 -1   66   0   0   0   0   0   0   0   0   0   0   0   0   0   0  34   0   0   0   0  0.37 0.01
  228 S    1 -1  0 -1 -1 -1 -1 -1 -1 -3 -3 -1 -2 -3  5  3  1 -3 -2 -2    0   0   0   0   0   0   0   0   0   0   0   0   0   0  34  66   0   0   0   0  0.69 0.02
  229 R   -1  3 -1  0 -3  1  3 -2 -1 -3 -3  1 -2 -3  5 -1 -1 -3 -2 -2    0  31   0   0   0   0  34   0   0   0   0   0   0   0  34   0   0   0   0   0  0.71 0.01
  230 S    0 -1  0  0 -2  0  3  3 -1 -3 -3  0 -2 -3 -1  2  0 -3 -2 -2    0   0   0   0   0   0  34  34   0   0   0   0   0   0   0  31   0   0   0   0  0.41 0.01
  231 G   -1 -1  3  3 -3 -1  0  3 -1 -3 -4 -1 -3 -3 -2  0 -1 -3 -3 -3    0   0  34  34   0   0   0  31   0   0   0   0   0   0   0   0   0   0   0   0  0.55 0.01
  232 P   -1 -2 -2 -2 -3 -1 -1 -2 -2 -3 -3 -1 -3 -4  7 -1 -1 -4 -3 -2    0   0   0   0   0   0   0   0   0   0   0   0   0   0 100   0   0   0   0   0  2.08 0.03
  233 A    2  0 -1 -2 -2  3  0 -1  0 -2 -2  0 -1  1 -2  0 -1  0  4 -1   31   0   0   0   0  34   0   0   0   0   0   0   0   0   0   0   0   0  34   0  0.29 0.01
  234 L   -1 -2 -3 -3 -1 -1 -2 -3 -2  1  3 -2  5  0 -3 -2 -1 -2 -1  1    0   0   0   0   0   0   0   0   0   0  31   0  69   0   0   0   0   0   0   0  0.38 0.02
  235 I   -1 -1 -1 -2 -1 -1 -1 -2 -1  2  1 -1  3  0 -1 -1  0 -1 -1  1    3   2   2   2   1   1   2   3   1  33   3   2  35   1   2   2   2   0   1   2  0.11 0.01
  236 G    0 -1 -1 -1 -2 -1 -1  3 -1 -2 -2 -1 -2 -2  5  0 -1 -2 -2 -2    3   2   2   2   1   1   2  34   1   2   3   2   1   1  36   2   2   0   1   2  0.59 0.00
  237 A    2 -1 -1 -1 -1 -1 -1 -1 -1 -1 -1 -1 -1 -2  5  0  0 -2 -1 -1   34   2   2   2   1   1   2   3   1   2   3   2   1   1  36   2   2   0   1   2  0.50 0.00
  238 D   -1  0  3  3 -3  3  1 -1  0 -3 -3  0 -2 -3 -2  0 -1 -3 -2 -3    0   0  34  31   0  34   0   0   0   0   0   0   0   0   0   0   0   0   0   0  0.52 0.01
  239 Y   -2 -2 -2 -3 -2 -2 -2 -3  1 -1 -1 -2 -1  4 -3 -2 -2  2  6 -1    0   0   0   0   0   0   0   0   0   0   0   0   0  34   0   0   0   0  66   0  0.77 0.02
  240 S    2 -1  0 -1 -1 -1 -1 -1 -1 -1 -2 -1 -1 -2 -1  2  3 -3 -2 -1   34   0   0   0   0   0   0   0   0   0   0   0   0   0   0  31  34   0   0   0  0.32 0.01
  241 V   -1 -2  3 -1 -1 -1 -2 -2 -1  1  0 -1  0 -1 -2 -1  0 -3 -2  3    0   0  34   0   0   0   0   0   0   0   0   0   0   0   0   0   0   0   0  66  0.21 0.01
  242 R   -1  3  3 -1 -2  0 -1 -2 -1  0 -1  0 -1 -2 -2  0  0 -3 -2  1    0  31  34   0   0   0   0   0   0   0   0   0   0   0   0   0   0   0   0  34  0.21 0.01
  243 P   -1 -2 -2 -2 -3 -1 -1 -2 -2 -3 -3 -1 -3 -4  7 -1 -1 -4 -3 -2    0   0   0   0   0   0   0   0   0   0   0   0   0   0 100   0   0   0   0   0  2.08 0.03
  244 A    3 -1 -1 -2 -1 -1 -1  0 -2 -1 -1 -1 -1 -2 -1  1  2 -3 -2  0   66   0   0   0   0   0   0   0   0   0   0   0   0   0   0   0  34   0   0   0  0.33 0.01
  245 L    0 -2 -1 -2 -1 -1 -2 -2 -2  1  3 -2  1  0 -2  1  0 -2 -1  0    0   0   0   0   0   0   0   0   0   0  66   0   0   0   0  34   0   0   0   0  0.22 0.01
  246 Q   -1  0 -1 -1 -3  4  1 -2  0 -3 -2  1 -1 -3  5  0 -1 -3 -2 -2    0   0   0   0   0  66   0   0   0   0   0   0   0   0  34   0   0   0   0   0  0.80 0.02
  247 S    0 -1  0 -1 -1 -1 -1 -1 -1  0  1 -1  0 -1 -1  3  1 -2 -2 -1    0   0   0   0   0   0   0   0   0   0  34   0   0   0   0  66   0   0   0   0  0.22 0.01
  248 S    2 -1 -1 -1 -1 -1 -1 -1 -2 -2 -2 -1 -2 -3  5  2  0 -3 -2 -1   34   0   0   0   0   0   0   0   0   0   0   0   0   0  34  31   0   0   0   0  0.62 0.01
  249 E   -1  0  0  4 -3  3  3 -2  0 -3 -3  1 -2 -3 -1  0 -1 -3 -2 -3    0   0   0  34   0  34  31   0   0   0   0   0   0   0   0   0   0   0   0   0  0.58 0.01
  250 S    1  0  0  0 -1  3  1 -1  0 -3 -2  0 -1 -3 -1  3  1 -3 -2 -2    0   0   0   0   0  34   0   0   0   0   0   0   0   0   0  66   0   0   0   0  0.40 0.02
  251 H   -1 -1  0 -1 -2  0  0 -2  7 -2 -2 -1 -1 -2 -2  0  2 -2  1 -2    0   0   0   0   0   0   0   0  66   0   0   0   0   0   0   0  34   0   0   0  0.56 0.02
  252 V    0 -2 -1 -2 -1 -1 -1 -2 -2  2  0 -1  0 -1 -2  2  0 -3 -1  3    0   0   0   0   0   0   0   0   0   0   0   0   0   0   0  34   0   0   0  66  0.20 0.01
  253 V   -1 -3 -3 -3 -1 -2 -3 -4 -3  3  2 -2  1  0 -3 -2 -1 -2 -1  3    0   0   0   0   0   0   0   0   0  34  34   0   0   0   0   0   0   0   0  31  0.34 0.01
  254 A    3 -2 -2 -2 -1 -1 -1 -1 -2  0  2 -1  0 -1 -1  0  0 -2 -2  0   66   0   0   0   0   0   0   0   0   0  34   0   0   0   0   0   0   0   0   0  0.23 0.01
  255 S    3 -1  0 -1 -1  0  0  0 -1 -2 -2  0 -1 -2 -1  3  1 -3 -2 -1   50   0   0   0   0   0   0   0   0   0   0   0   0   0   0  50   0   0   0   0  0.35 0.00
  256 A    4 -1 -2 -2  0 -1 -1  0 -2 -1 -1 -1 -1 -2 -1  1  0 -3 -2  0  100   0   0   0   0   0   0   0   0   0   0   0   0   0   0   0   0   0   0   0  0.41 0.00
  257 L    0 -1 -1 -1 -1 -1 -1 -2 -2  0  2 -1  1 -1 -2  2  0 -2 -1  0    0   0   0   0   0   0   0   0   0   0  50   0   0   0   0  50   0   0   0   0  0.18 0.00
  258 V   -1 -2 -3 -3 -1 -1 -2 -3 -2  2  1 -2  4  0 -2 -2  0 -2 -1  3    0   0   0   0   0   0   0   0   0   0   0   0  50   0   0   0   0   0   0  50  0.27 0.00
  259 G    0  0  0 -1 -3  4  0  4 -1 -3 -3  0 -1 -3 -2  0 -1 -2 -2 -3    0   0   0   0   0  50   0  50   0   0   0   0   0   0   0   0   0   0   0   0  0.54 0.00
  260 A    2 -2  0  4 -2 -1  1  0 -1 -2 -2 -1 -2 -3 -1  1 -1 -3 -2 -1   50   0   0  50   0   0   0   0   0   0   0   0   0   0   0   0   0   0   0   0  0.41 0.00
  261 G    1 -1  0 -1 -2 -1 -1  4 -1 -3 -3 -1 -2 -3 -1  3  0 -3 -2 -2    0   0   0   0   0   0   0  50   0   0   0   0   0   0   0  50   0   0   0   0  0.53 0.00
  262 A    4 -1 -2 -2  0 -1 -1  0 -2 -1 -1 -1 -1 -2 -1  1  0 -3 -2  0  100   0   0   0   0   0   0   0   0   0   0   0   0   0   0   0   0   0   0   0  0.41 0.00
  263 G    1 -1  0 -1 -2 -1 -1  4 -1 -3 -3 -1 -2 -3 -1  3  0 -3 -2 -2    0   0   0   0   0   0   0  50   0   0   0   0   0   0   0  50   0   0   0   0  0.53 0.00
  264 L   -1 -2 -3 -4 -1 -2 -3 -4 -3  2  4 -2  2  0 -3 -2 -1 -2 -1  1    0   0   0   0   0   0   0   0   0   0 100   0   0   0   0   0   0   0   0   0  0.46 0.00
  265 G    0 -2  0 -1 -2 -2 -2  5 -2 -3 -3 -1 -2 -3 -2  0 -1 -2 -3 -3    0   0   0   0   0   0   0   0   0   0   0   0   0   0   0   0   0   0   0   0  0.00     0.00
  266 G    0 -2  0 -1 -2 -2 -2  5 -2 -3 -3 -1 -2 -3 -2  0 -1 -2 -3 -3    0   0   0   0   0   0   0   0   0   0   0   0   0   0   0   0   0   0   0   0  0.00     0.00
  267 A    4 -1 -1 -2  0 -1 -1  0 -1 -1 -1 -1 -1 -2 -1  1  0 -2 -2  0    0   0   0   0   0   0   0   0   0   0   0   0   0   0   0   0   0   0   0   0  0.00     0.00
  268 L   -1 -2 -3 -3 -1 -2 -3 -3 -3  1  4 -2  2  0 -3 -2 -1 -1 -1  1    0   0   0   0   0   0   0   0   0   0   0   0   0   0   0   0   0   0   0   0  0.00     0.00
  269 V    0 -2 -3 -3 -1 -2 -2 -3 -3  2  1 -2  1 -1 -2 -2  0 -3 -1  3    0   0   0   0   0   0   0   0   0   0   0   0   0   0   0   0   0   0   0   0  0.00     0.00
  270 A    4 -1 -1 -2  0 -1 -1  0 -1 -1 -1 -1 -1 -2 -1  1  0 -2 -2  0    0   0   0   0   0   0   0   0   0   0   0   0   0   0   0   0   0   0   0   0  0.00     0.00
  271 A    4 -1 -1 -2  0 -1 -1  0 -1 -1 -1 -1 -1 -2 -1  1  0 -2 -2  0    0   0   0   0   0   0   0   0   0   0   0   0   0   0   0   0   0   0   0   0  0.00     0.00
  272 L   -1 -2 -3 -3 -1 -2 -3 -3 -3  1  4 -2  2  0 -3 -2 -1 -1 -1  1    0   0   0   0   0   0   0   0   0   0   0   0   0   0   0   0   0   0   0   0  0.00     0.00
  273 L   -1 -2 -3 -3 -1 -2 -3 -3 -3  1  4 -2  2  0 -3 -2 -1 -1 -1  1    0   0   0   0   0   0   0   0   0   0   0   0   0   0   0   0   0   0   0   0  0.00     0.00
  274 F   -2 -3 -3 -3 -2 -3 -3 -3 -1  0  0 -3  0  6 -3 -2 -2  1  3 -1    0   0   0   0   0   0   0   0   0   0   0   0   0   0   0   0   0   0   0   0  0.00     0.00
  275 V    0 -2 -3 -3 -1 -2 -2 -3 -3  2  1 -2  1 -1 -2 -2  0 -3 -1  3    0   0   0   0   0   0   0   0   0   0   0   0   0   0   0   0   0   0   0   0  0.00     0.00
  276 F   -2 -3 -3 -3 -2 -3 -3 -3 -1  0  0 -3  0  6 -3 -2 -2  1  3 -1    0   0   0   0   0   0   0   0   0   0   0   0   0   0   0   0   0   0   0   0  0.00     0.00
  277 M   -1 -1 -2 -3 -1  0 -2 -2 -1  1  2 -1  5  0 -2 -1 -1 -1 -1  1    0   0   0   0   0   0   0   0   0   0   0   0   0   0   0   0   0   0   0   0  0.00     0.00
  278 C    0 -3 -2 -3  8 -3 -3 -2 -3 -1 -1 -3 -1 -2 -3 -1 -1 -2 -2 -1    0   0   0   0   0   0   0   0   0   0   0   0   0   0   0   0   0   0   0   0  0.00     0.00
  279 S    1 -1  1  0 -1  0  0  0 -1 -2 -2  0 -1 -2 -1  4  1 -3 -2 -2    0   0   0   0   0   0   0   0   0   0   0   0   0   0   0   0   0   0   0   0  0.00     0.00
  280 S    1 -1  1  0 -1  0  0  0 -1 -2 -2  0 -1 -2 -1  4  1 -3 -2 -2    0   0   0   0   0   0   0   0   0   0   0   0   0   0   0   0   0   0   0   0  0.00     0.00
  281 Q   -1  1  0  0 -3  5  2 -2  0 -3 -2  1  0 -3 -1  0 -1 -2 -1 -2    0   0   0   0   0   0   0   0   0   0   0   0   0   0   0   0   0   0   0   0  0.00     0.00
  282 S    1 -1  1  0 -1  0  0  0 -1 -2 -2  0 -1 -2 -1  4  1 -3 -2 -2    0   0   0   0   0   0   0   0   0   0   0   0   0   0   0   0   0   0   0   0  0.00     0.00
  283 S    1 -1  1  0 -1  0  0  0 -1 -2 -2  0 -1 -2 -1  4  1 -3 -2 -2    0   0   0   0   0   0   0   0   0   0   0   0   0   0   0   0   0   0   0   0  0.00     0.00
  284 A    4 -1 -1 -2  0 -1 -1  0 -1 -1 -1 -1 -1 -2 -1  1  0 -2 -2  0    0   0   0   0   0   0   0   0   0   0   0   0   0   0   0   0   0   0   0   0  0.00     0.00
  285 S    1 -1  1  0 -1  0  0  0 -1 -2 -2  0 -1 -2 -1  4  1 -3 -2 -2    0   0   0   0   0   0   0   0   0   0   0   0   0   0   0   0   0   0   0   0  0.00     0.00
  286 Q   -1  1  0  0 -3  5  2 -2  0 -3 -2  1  0 -3 -1  0 -1 -2 -1 -2    0   0   0   0   0   0   0   0   0   0   0   0   0   0   0   0   0   0   0   0  0.00     0.00
  287 R   -1  5  0 -1 -3  1  0 -2  0 -3 -2  2 -1 -3 -2 -1 -1 -2 -2 -2    0   0   0   0   0   0   0   0   0   0   0   0   0   0   0   0   0   0   0   0  0.00     0.00
  288 K   -1  2  0 -1 -3  1  1 -1 -1 -2 -2  4 -1 -3 -1  0 -1 -3 -2 -2    0   0   0   0   0   0   0   0   0   0   0   0   0   0   0   0   0   0   0   0  0.00     0.00
  289 A    4 -1 -1 -2  0 -1 -1  0 -1 -1 -1 -1 -1 -2 -1  1  0 -2 -2  0    0   0   0   0   0   0   0   0   0   0   0   0   0   0   0   0   0   0   0   0  0.00     0.00
  290 R   -1  5  0 -1 -3  1  0 -2  0 -3 -2  2 -1 -3 -2 -1 -1 -2 -2 -2    0   0   0   0   0   0   0   0   0   0   0   0   0   0   0   0   0   0   0   0  0.00     0.00
  291 V    0 -2 -3 -3 -1 -2 -2 -3 -3  2  1 -2  1 -1 -2 -2  0 -3 -1  3    0   0   0   0   0   0   0   0   0   0   0   0   0   0   0   0   0   0   0   0  0.00     0.00
  292 G    0 -2  0 -1 -2 -2 -2  5 -2 -3 -3 -1 -2 -3 -2  0 -1 -2 -3 -3    0   0   0   0   0   0   0   0   0   0   0   0   0   0   0   0   0   0   0   0  0.00     0.00
  293 V    0 -2 -3 -3 -1 -2 -2 -3 -3  2  1 -2  1 -1 -2 -2  0 -3 -1  3    0   0   0   0   0   0   0   0   0   0   0   0   0   0   0   0   0   0   0   0  0.00     0.00
  294 K   -1  2  0 -1 -3  1  1 -1 -1 -2 -2  4 -1 -3 -1  0 -1 -3 -2 -2    0   0   0   0   0   0   0   0   0   0   0   0   0   0   0   0   0   0   0   0  0.00     0.00
  295 R   -1  5  0 -1 -3  1  0 -2  0 -3 -2  2 -1 -3 -2 -1 -1 -2 -2 -2    0   0   0   0   0   0   0   0   0   0   0   0   0   0   0   0   0   0   0   0  0.00     0.00
  296 A    4 -1 -1 -2  0 -1 -1  0 -1 -1 -1 -1 -1 -2 -1  1  0 -2 -2  0    0   0   0   0   0   0   0   0   0   0   0   0   0   0   0   0   0   0   0   0  0.00     0.00
  297 Q   -1  1  0  0 -3  5  2 -2  0 -3 -2  1  0 -3 -1  0 -1 -2 -1 -2    0   0   0   0   0   0   0   0   0   0   0   0   0   0   0   0   0   0   0   0  0.00     0.00
  298 A    4 -1 -1 -2  0 -1 -1  0 -1 -1 -1 -1 -1 -2 -1  1  0 -2 -2  0    0   0   0   0   0   0   0   0   0   0   0   0   0   0   0   0   0   0   0   0  0.00     0.00
  299 T    0 -1  0 -1 -1 -1 -1 -1 -2 -1 -1 -1 -1 -2 -1  1  4 -2 -1  0    0   0   0   0   0   0   0   0   0   0   0   0   0   0   0   0   0   0   0   0  0.00     0.00
  300 A    4 -1 -1 -2  0 -1 -1  0 -1 -1 -1 -1 -1 -2 -1  1  0 -2 -2  0    0   0   0   0   0   0   0   0   0   0   0   0   0   0   0   0   0   0   0   0  0.00     0.00
  301 V    0 -2 -3 -3 -1 -2 -2 -3 -3  2  1 -2  1 -1 -2 -2  0 -3 -1  3    0   0   0   0   0   0   0   0   0   0   0   0   0   0   0   0   0   0   0   0  0.00     0.00
  302 R   -1  5  0 -1 -3  1  0 -2  0 -3 -2  2 -1 -3 -2 -1 -1 -2 -2 -2    0   0   0   0   0   0   0   0   0   0   0   0   0   0   0   0   0   0   0   0  0.00     0.00
  303 E   -1  0  0  1 -3  2  5 -2  0 -3 -3  1 -2 -3 -1  0 -1 -3 -2 -2    0   0   0   0   0   0   0   0   0   0   0   0   0   0   0   0   0   0   0   0  0.00     0.00

                      K         Lambda
Standard Ungapped    0.1223     0.3078
Standard Gapped      0.0360     0.2670
PSI Ungapped         0.1177     0.3185
PSI Gapped           0.0360     0.2670
