
Last position-specific scoring matrix computed, weighted observed percentages rounded down, information per position, and relative weight of gapless real matches to pseudocounts
            A   R   N   D   C   Q   E   G   H   I   L   K   M   F   P   S   T   W   Y   V   A   R   N   D   C   Q   E   G   H   I   L   K   M   F   P   S   T   W   Y   V
    1 M    -1  -1  -2  -3  -1   0  -2  -3  -2   1   2  -1   5   0  -2  -1  -1  -1  -1   1    0   0   0   0   0   0   0   0   0   0   0   0   0   0   0   0   0   0   0   0  0.00     0.00
    2 R    -1   5   0  -2  -3   1   0  -2   0  -3  -2   2  -1  -3  -2  -1  -1  -3  -2  -2    0   0   0   0   0   0   0   0   0   0   0   0   0   0   0   0   0   0   0   0  0.00     0.00
    3 E    -1   0   0   1  -4   2   5  -2   0  -3  -3   1  -2  -3  -1   0  -1  -3  -2  -2    0   0   0   0   0   0   0   0   0   0   0   0   0   0   0   0   0   0   0   0  0.00     0.00
    4 L    -1  -2  -3  -4  -1  -2  -3  -4  -3   2   4  -2   2   0  -3  -2  -1  -2  -1   1    0   0   0   0   0   0   0   0   0   0   0   0   0   0   0   0   0   0   0   0  0.00     0.00
    5 S     1  -1   1   0  -1   0   0   0  -1  -2  -2   0  -1  -2  -1   4   1  -3  -2  -2    0   0   0   0   0   0   0   0   0   0   0   0   0   0   0   0   0   0   0   0  0.00     0.00
    6 D    -2  -2   1   6  -3   0   1  -1  -1  -3  -4  -1  -3  -3  -1   0  -1  -4  -3  -3    0   0   0   0   0   0   0   0   0   0   0   0   0   0   0   0   0   0   0   0  0.00     0.00
    7 R    -1   5   0  -2  -3   1   0  -2   0  -3  -2   2  -1  -3  -2  -1  -1  -3  -2  -2    0   0   0   0   0   0   0   0   0   0   0   0   0   0   0   0   0   0   0   0  0.00     0.00
    8 D    -2  -2   1   6  -3   0   1  -1  -1  -3  -4  -1  -3  -3  -1   0  -1  -4  -3  -3    0   0   0   0   0   0   0   0   0   0   0   0   0   0   0   0   0   0   0   0  0.00     0.00
    9 Y    -2  -2  -2  -3  -2  -1  -2  -3   2  -1  -1  -2  -1   3  -3  -2  -2   2   7  -1    0   0   0   0   0   0   0   0   0   0   0   0   0   0   0   0   0   0   0   0  0.00     0.00
   10 V     0  -2  -3  -3  -1  -2  -2  -3  -3   3   1  -2   1  -1  -2  -2   0  -3  -1   4    0   0   0   0   0   0   0   0   0   0   0   0   0   0   0   0   0   0   0   0  0.00     0.00
   11 Q    -1   0   0   1  -4   4   4  -2   0  -3  -3   1  -1  -3  -1   0  -1  -3  -2  -3    0   0   0   0   0  45  55   0   0   0   0   0   0   0   0   0   0   0   0   0  0.61 0.01
   12 R    -1   4  -1  -3  -2   0  -1  -3  -1   0   1   1   4  -1  -3  -1  -1  -2  -1   0    0  45   0   0   0   0   0   0   0   0   0   0  55   0   0   0   0   0   0   0  0.29 0.01
   13 P    -1  -2  -2  -2  -3  -1  -1  -2  -2  -3  -3  -1  -3  -4   8  -1  -1  -4  -3  -3    0   0   0   0   0   0   0   0   0   0   0   0   0   0 100   0   0   0   0   0  2.05 0.01
   14 G     0  -3   0  -1  -3  -2  -2   6  -2  -4  -4  -2  -3  -3  -2   0  -2  -3  -3  -3    0   0   0   0   0   0   0 100   0   0   0   0   0   0   0   0   0   0   0   0  1.05 0.01
   15 M    -1  -2  -3  -3  -1  -1  -3  -3  -2   3   2  -2   5   0  -3  -2  -1  -2  -1   2    0   0   0   0   0   0   0   0   0  22   0   0  55   0   0   0   0   0   0  23  0.32 0.02
   16 R    -1   3   0  -1  -2   0   0  -2  -1  -2  -2   3  -1  -3  -1   0   3  -3  -2  -1    0  28   0   0   0   0   0   0   0   0   0  27   0   0   0   0  45   0   0   0  0.35 0.02
   17 E    -1  -2  -2  -1  -2  -1   2  -3  -2   3   2  -1   1  -1  -2  -2  -1  -3  -2   1    0   0   0   0   0   0  28   0   0  38  34   0   0   0   0   0   0   0   0   0  0.20 0.01
   18 P    -1  -3  -3  -3  -2  -2  -3  -3  -3   3   1  -2   0  -1   4  -2  -1  -3  -2   3    0   0   0   0   0   0   0   0   0  45   0   0   0   0  28   0   0   0   0  27  0.46 0.01
   19 L    -1  -2  -1  -2  -2  -1  -2  -2  -1  -1   1  -2   0   3  -2   2   0   0   4  -1    0   0   0   0   0   0   0   0   0   0  21   0   0  21   0  35   0   0  22   0  0.23 0.02
   20 F     2  -3  -3  -3  -2  -2  -3  -2  -2   1  -1  -2  -1   3  -3  -1  -1   8   1   0   31   0   0   0   0   0   0   0   0  18   0   0   0  18   0   0   0  33   0   0  0.63 0.05
   21 S    -1  -3  -2  -2  -3  -2  -2  -3  -3  -4  -4  -2  -3  -4  -3   6   4  -5  -4  -3    0   0   0   0   0   0   0   0   0   0   0   0   0   0   0  75  25   0   0   0  1.21 0.41
   22 Q    -2  -1   0   3  -4   5   3  -1  -2  -4  -3  -1   1  -4  -3   1   1  -4  -3  -3    0   0   2  18   0  31  17   5   0   0   0   0   5   0   0  12  10   0   0   0  0.56 0.23
   23 D    -2  -3  -2  -1  -3  -3  -3  -2  -4  -3  -4  -3  -3  -4  -3   2   7  -5  -4  -2    0   0   0   4   0   0   0   3   0   0   0   0   0   0   0  11  82   0   0   0  1.32 0.42
   24 G    -2  -5  -3  -4   1  -4  -4   7  -4  -6  -6  -4  -5  -5  -4  -2  -4  -5  -5  -5    0   0   0   0   3   0   0  97   0   0   0   0   0   0   0   0   0   0   0   0  1.97 0.44
   25 T    -3  -2   7  -1  -4   0  -2  -3  -2  -4  -5   1  -4  -4  -4  -1   1  -5   0  -2    0   0  72   0   0   3   0   0   0   0   0   8   0   0   0   0  10   0   3   4  1.25 0.38
   26 T     4  -3  -2  -3  -3  -2  -3  -3  -3  -3  -3  -2  -3  -4  -3   1   6  -4  -4  -2   35   0   0   0   0   0   0   0   0   0   0   0   0   0   0   7  57   0   0   0  0.97 0.35
   27 E    -1   4  -1  -1  -5   3   5  -2  -2  -5  -4   1  -3  -5  -3  -2  -1  -4  -3  -4    4  23   2   0   0  14  47   2   0   0   0   5   0   0   0   0   3   0   0   0  0.79 0.27
   28 N     0   2   2   2  -3   0   2   0  -1  -3  -3   2   0  -3  -2   0   0   0  -1  -3    9  12  10  10   0   2  13   8   0   0   0  16   3   0   0   6   6   2   2   0  0.24 0.10
   29 V     0  -4  -4  -4  -2  -3  -4  -4  -4   3   2  -3   2   0  -4  -3   0  -4  -2   4    7   0   0   0   0   0   0   0   0  21  15   0   7   3   0   0   5   0   0  42  0.53 0.20
   30 A     7  -4  -4  -4  -3  -3  -3  -2  -4  -4  -4  -3  -3  -5  -3  -1  -2  -5  -4  -2  100   0   0   0   0   0   0   0   0   0   0   0   0   0   0   0   0   0   0   0  1.54 0.46
   31 E    -2  -1   0   1  -5   2   5  -3  -2  -3  -4   3  -3  -2  -3  -2  -1  -4  -3  -4    0   0   4   5   0   9  53   0   0   1   0  21   0   2   0   0   3   0   0   0  0.83 0.28
   32 Y     0   1  -2  -2  -3   2   1  -3  -1   0   1   2   1   0  -2   0   0  -2   1  -1   12  10   0   0   0  10  11   0   0   4  16  15   4   3   0   3   4   0   7   1  0.13 0.10
   33 I    -3  -4  -5  -5  -3  -4  -5  -5  -5   5   3  -4   0   0  -4  -4  -2  -4  -3   2    0   0   0   0   0   0   0   0   0  51  37   0   0   2   0   0   0   0   0  10  0.90 0.27
   34 G     2   3   0  -2  -3   2   1   2   3  -4  -3   1  -2  -4  -2   0  -2  -4  -2  -3   20  18   2   0   0  11  10  15  10   0   0   8   0   0   0   5   0   0   0   0  0.36 0.16
   35 I     0   2   0   3  -4   1   2  -2  -2  -2  -3   3  -3  -4  -2  -1  -1  -4  -3  -3   11   9   3  21   0   6  15   0   0   4   0  27   0   0   0   2   3   0   0   0  0.42 0.17
   36 K     1   0  -1   3  -3   1   1  -1  -2  -1   0   1   0  -2  -2  -1   0  -3   0  -1   13   6   0  19   0   8  11   4   0   3  12   8   2   0   0   0   7   0   5   1  0.14 0.10
   37 T     0  -4  -4  -4   2  -3  -4  -4  -4   2   3  -3   1   3  -4  -3  -1  -2  -1   1    9   0   0   0   5   0   0   0   0  15  44   0   2  17   0   0   4   0   0   5  0.47 0.18
   38 G     0   0  -1   0  -3   0   1   3  -2  -1   0   0  -1  -3  -2   0   0  -3  -3  -1   10   3   2   4   0   5  10  32   0   3  11   8   0   0   0   3   4   0   0   6  0.21 0.10
   39 L     3   1   1   1  -2  -1   1   1  -2  -2  -1   0  -2  -3  -2   1   0  -3  -3  -2   32  10   8   7   0   0  13   9   0   0   7   2   0   0   0   9   3   0   0   0  0.22 0.12
   40 Q     2   1   1   1  -2   1   1   0  -1  -2  -1   0  -2  -2  -2   0  -1  -3   0  -2   27   8  10  10   0   5  12   4   0   0   8   2   0   0   0   6   1   0   5   1  0.16 0.10
   41 P    -1   0   0   1  -3   0   2   3   1  -2  -2   0  -2  -3   1   0  -1  -3  -2  -1    0   6   5   8   0   2  15  28   5   3   4   6   0   0   7   3   2   0   0   5  0.24 0.10
   42 V     0  -1  -3  -3   0  -2  -1  -3   1   2   2  -1   1   1  -3  -1  -1  -2   1   1   10   3   0   0   2   0   3   0   5  16  20   4   5   7   0   4   0   0   7  14  0.13 0.09
   43 P     1  -1   1   2   0   0   1  -2  -2  -2  -2   1   0  -3   1   1   0  -3  -2  -1   16   0   9  15   2   0  13   1   0   0   4   9   3   0   8  13   4   0   0   3  0.21 0.09
   44 I     0  -3  -3   0  -2  -3  -3  -4  -4   2   0  -3  -1  -1  -1  -1   1  -4  -2   4    4   0   0   6   0   0   0   0   0  12   7   0   0   2   3   5   8   0   0  51  0.41 0.19
   45 G     0   0   2   3  -3   0   1  -1   3  -3  -3   0  -2  -3  -2   0   2  -3   1  -2    8   4  11  18   0   3   9   4  10   0   0   3   0   0   0   2  20   0   5   1  0.29 0.14
   46 L    -1  -1  -1   1   2  -2  -2  -3  -3   1   3  -2   1  -2   1   0  -1  -3  -2   1    2   4   2   9   5   0   0   0   0   8  36   0   2   0   7   7   2   0   0  15  0.21 0.12
   47 I    -1  -1  -2  -3  -2  -1  -3  -4   1   3   2  -1   1   1  -3  -2  -1  -3  -1   3    2   4   2   0   0   3   0   0   5  22  16   5   4   6   0   2   0   0   0  29  0.26 0.13
   48 N    -1   0   5   4  -3   0   2  -2  -1  -4  -4  -1  -3  -4   0   0  -1  -4  -3  -3    5   3  38  23   0   3  12   1   0   1   1   1   0   0   4   7   1   0   0   1  0.62 0.20
   49 D     2  -2  -2   0  -2  -1  -1  -2  -3   1   1  -2   3   0  -1  -1  -1  -3  -2   2   25   0   0   7   0   2   3   1   0  10  12   0  13   3   2   1   2   0   0  17  0.18 0.12
   50 H     2  -1   3   3  -3  -1   0   2   2  -4  -4   0  -3  -4  -2   1   0  -4  -3  -3   20   3  15  18   0   0   3  16   6   0   0   5   0   0   0   9   6   0   0   0  0.34 0.14
   51 P    -2   1   2   5  -4   1   1  -3   0  -2  -4   0  -3  -2   0   0  -2  -4  -3  -2    0   9   9  43   0   7   8   0   2   2   0   6   0   2   4   6   0   0   0   3  0.55 0.19
   52 A     1  -3  -3   0  -2  -2  -3  -3  -2   1   0  -3   0   1  -3  -1   1  -2   4   2   18   0   0   6   0   0   0   0   0   5   5   0   2   3   0   3  12   0  23  23  0.31 0.17
   53 G    -1  -1   2   3  -3  -1   1  -1  -2  -2  -4   3  -3  -4   0   2   1  -4  -3  -3    0   0  11  21   0   0   6   4   0   3   0  22   0   0   3  22   9   0   0   0  0.41 0.18
   54 P     2  -1  -3  -3  -3  -1  -2  -1  -3   1   0   1  -1   3   4  -1  -2  -3  -1   1   20   3   0   0   0   2   0   3   0   9   5  10   0  17  20   0   0   0   0  10  0.30 0.14
   55 D     0  -1  -1   3  -4   1   3  -1  -2  -4  -3   3  -3  -4  -2   0  -2  -4  -3  -3    7   0   0  19   0   5  27   4   0   0   3  27   0   0   0   7   0   0   0   0  0.50 0.19
   56 L     0  -2   1   4   0   3   1  -1  -2  -3   0  -1   0  -3  -3  -1   0  -4  -3  -3    8   0   6  31   2  17  10   3   0   0  13   2   2   0   0   2   4   0   0   0  0.35 0.16
   57 F    -2  -4  -5  -5  -3  -4  -4  -5  -4   3   4  -4   2   5  -4  -4  -3  -2  -1   0    2   0   0   0   0   0   0   0   0  20  43   0   6  27   0   0   0   0   0   3  0.73 0.24
   58 Q     2   1   1   0  -3   1   2  -1  -2  -2  -1   0   0  -3   2  -1   0  -4  -3  -2   21   7   7   5   0   6  20   2   0   0   7   5   4   0  11   0   5   0   0   0  0.23 0.12
   59 S     0  -1   2   3  -2   2  -1   2   1  -3  -3   1  -1  -4  -2   2  -1  -4  -3  -3    9   1   9  18   1  12   0  14   3   0   1   8   3   0   0  20   0   0   0   0  0.31 0.15
   60 C    -3  -2  -3  -2   1  -2   3  -4  -1  -3  -3  -1   0   3  -4  -3  -1  -1   6  -2    0   2   0   0   4   0  28   0   0   0   0   3   3  14   0   0   3   0  41   3  0.84 0.30
   61 D    -2   0   0   5  -4   1   0  -1  -2  -4  -4   2  -3  -4   1   0   1  -4  -1  -4    0   5   3  42   0   7   3   3   0   0   0  12   0   0   5   7  11   0   3   0  0.55 0.20
   62 H    -1  -3  -1  -3   0  -2  -3  -4   3   2   2  -2   0   3  -4  -2  -1  -2   2   2    4   0   4   0   2   1   0   0  12  13  24   2   0  14   0   0   2   0   6  16  0.27 0.13
   63 Y    -2  -4  -5  -5  -3  -4  -4  -5  -4   1   4  -4   0  -1  -4  -4  -1  -3   0   4    0   0   0   0   0   0   0   0   0   4  51   0   0   0   0   0   2   0   4  39  0.76 0.26
   64 I    -3  -4  -5  -5  -3  -4  -5  -5  -5   5   3  -4   0   0  -4  -4  -2  -4  -2   3    0   0   0   0   0   0   0   0   0  46  32   0   0   3   0   0   0   0   0  19  0.82 0.25
   65 I    -3  -4  -5  -5  -3  -4  -4  -5  -4   4   3  -4   2   4  -4  -4  -3  -2  -1   1    0   0   0   0   0   0   0   0   0  28  36   0   5  25   0   0   0   0   0   6  0.72 0.23
   66 G     0  -4  -3  -4  -3  -4  -4   5  -4   1  -1  -3  -2  -3  -4  -2  -2  -4  -4   3    5   0   0   0   0   0   0  57   0  10   3   0   0   0   0   0   0   0   0  25  0.84 0.27
   67 A     2  -4  -3  -4   7  -3  -3  -3  -4   1  -1  -3  -2  -3  -3  -1   4  -4  -3   1   20   0   0   0  30   0   0   0   0   8   3   0   0   0   0   0  29   0   0  11  0.76 0.27
   68 P    -1  -3  -2  -3  -4  -3  -3  -3  -3  -5  -5  -3  -4  -4   6   5  -1  -5   0  -4    0   0   0   0   0   0   0   0   0   0   0   0   0   0  37  58   0   0   5   0  1.28 0.39
   69 T     0  -3  -2  -3  -3  -3  -3  -4  -4  -3  -4  -3  -3  -4  -3  -1   7  -5  -4  -2    9   0   0   0   0   0   0   0   0   0   0   0   0   0   0   0  91   0   0   0  1.57 0.47
   70 L    -1  -3  -2  -4   0   3  -3  -4   1  -3   0  -3   1  -2  -4  -2   1  10  -1  -3    4   0   1   0   3  16   0   0   5   0  12   0   5   0   0   2   9  42   0   0  1.27 0.34
   71 E    -2  -4   2   1  -4  -3  -1   6  -3  -5  -5  -3  -4  -4  -4  -2  -3  -4   1  -5    0   0  10   7   0   0   4  73   0   0   0   0   0   0   0   0   0   0   7   0  1.22 0.32
   72 S    -1   0  -1   3  -4   2   3  -2   1  -2  -3  -1  -1  -1  -3   0  -1  -3   1  -1    2   3   0  22   0  14  22   2   3   2   0   0   2   3   0   9   3   0   7   6  0.32 0.15
   73 G    -2  -4  -2   1  -5  -3   0   7  -4  -5  -4  -3  -4  -5  -4  -2  -3  -5  -5  -5    0   0   0   7   0   0   8  83   0   0   2   0   0   0   0   0   0   0   0   0  1.48 0.37
   74 K    -1  -2  -2   3  -5   2   6  -4  -2  -5  -5   1  -4  -5  -3  -1  -3  -5  -4  -3    3   0   0  15   0   7  66   0   0   0   0   6   0   0   0   2   0   0   0   2  1.06 0.33
   75 A     0  -3  -3  -2  -2  -3  -3  -3  -3   2   3  -3   1   1   3  -2  -2  -3  -2   1   11   0   0   3   0   0   0   0   0  17  34   0   2   7  18   0   0   0   0   7  0.39 0.16
   76 Q    -1  -2  -3  -2  -5   4   2  -4  -3  -5  -5  -2  -4  -5   7  -2  -1  -5  -4  -4    3   0   0   0   0  27  15   0   0   0   0   0   0   0  52   0   3   0   0   0  1.40 0.38
   77 G     0   0  -1   1  -2   0   3   2  -1  -2   0  -1  -1  -2   0   0  -1  -2  -1  -2    9   4   1   9   0   3  25  18   0   1  15   1   0   1   4   4   1   0   3   1  0.17 0.09
   78 M    -1   0   2   2  -2   2   3  -2  -1  -2  -1   0   0  -2   0   0  -1  -2  -2  -1    5   4  12  15   0  11  24   2   0   1   7   1   4   1   4   4   1   0   1   3  0.25 0.10
   79 T     2  -1  -1  -1  -1  -1   0   1  -1  -1  -1  -1   1   0  -1   1   0   4  -1  -1   27   2   1   2   1   1   8   9   1   2   3   2   6   6   2  14   5   7   1   2  0.16 0.07
   80 G     0   0   0   0  -1   0   0   1  -1   0   0   1   0  -1  -1   0  -1  -2  -1   1   10   6   3   4   1   4   8  13   1   4  12   9   1   1   2   2   2   0   1  15  0.03 0.03
   81 T     2  -1   0   0   2  -1   0  -1  -2  -1  -1   0  -1  -2   1   2   1  -3  -2   0   18   1   5   4   5   1   5   3   0   4   4   3   0   1   8  19  11   0   1   6  0.15 0.07
   82 A     0  -2  -1   2  -2  -1  -1  -2  -2   0   2  -2   0   2  -2   0  -1  -2  -1   0    7   1   3  16   0   2   1   1   0   3  30   1   0  13   1  10   1   0   1   7  0.14 0.10
   83 W    -3  -2  -3  -4  -3  -3  -3  -3   4  -3  -1  -3  -2   0  -3  -3  -3  10   4  -2    1   2   1   1   0   1   1   1  10   1   4   1   0   3   1   1   1  50  15   4  1.71 0.34
   84 D    -2   2   0   4  -5   0   4  -3   1  -4  -4   2  -3  -4  -3   0  -1  -5  -3  -4    0   9   3  30   0   2  29   0   3   0   0  18   0   0   0   5   3   0   0   0  0.65 0.23
   85 I     0  -2  -1   4  -3  -1   2  -1  -2  -1  -2  -1  -2   3  -1   0  -2  -3   0  -2    8   0   0  29   0   0  18   5   0   3   2   3   0  20   3   6   0   0   2   0  0.35 0.17
   86 F    -3  -4  -5  -5  -3  -4  -4  -5  -3   0   4  -4  -1   6  -2  -4  -3   1   0  -2    0   0   0   0   0   0   0   0   0   2  41   0   0  50   2   0   0   2   0   0  1.03 0.31
   87 L    -1  -1  -3  -3  -2   0  -1  -3  -1   1   3  -1   1   3  -3  -2  -2  -1   2   0    3   3   0   1   0   6   3   1   2   7  42   3   2  18   1   1   1   0   6   2  0.31 0.14
   88 P    -1   1   0  -1  -2  -1  -1  -1  -2  -1  -1   0  -2  -1   4   2   0  -3   1  -1    1   9   3   3   0   0   3   4   0   3   7   3   0   3  24  22   6   0   5   3  0.30 0.12
   89 G    -1   0   0   2  -2   0   1   0  -1  -2  -1   3  -1  -1  -1   0   0  -2  -2  -2    2   3   4  15   0   1  11   8   0   1   9  28   0   3   1   7   3   0   1   1  0.19 0.09
   90 K    -1   0  -1  -2  -2   1   0  -2   0   0   0   3  -1  -2  -2   1   1  -2   1   0    1   1   1   1   0   5   2   1   3   7  13  29   0   1   1  12  11   0   5   5  0.16 0.11
   91 F     1  -2  -2   1  -2  -1   0  -2  -2   0   3  -2   0   1   0  -1  -1  -2  -1  -1   18   1   1  12   0   1   7   1   0   1  41   1   0   6   4   1   1   0   1   1  0.20 0.12
   92 K    -2  -1   0   3  -3  -1   2  -2  -2  -3  -2   2  -3  -3   5   0  -2  -4  -3  -3    1   1   3  19   0   0  14   1   0   1   6  16   0   0  31   6   1   0   0   1  0.64 0.19
   93 E    -1   0   1   2  -4   0   4  -1  -2  -2  -3   3  -3  -4   1   0  -2  -4  -3  -3    3   2   8  10   0   2  31   5   0   2   0  24   0   0   7   3   0   0   0   0  0.44 0.17
   94 M     0   0  -1   0  -1   0   0  -1  -1   1   1   0   1  -1  -1   0   0   2  -1   0   12   5   2   6   0   6   4   3   0   9  20   3   6   1   1   5   5   3   1   7  0.04 0.03
   95 G     1  -1   1   0  -2  -1   0   0  -2   0  -1  -1  -1  -2   3   0   0  -2  -2   0   15   1   7   5   0   1   8   9   1  11   4   2   1   1  16   4   8   0   1   6  0.15 0.06
   96 S    -1  -1   3   4  -3   0   0   0  -1  -3  -2   1  -2   0  -2   1  -1  -3  -2  -3    5   2  19  28   0   3   2   6   0   1   3  11   0   6   1  11   1   0   0   1  0.34 0.14
   97 L    -3  -4  -4  -5   1  -4  -4  -3  -4   0   4  -4   1   4  -4  -3   0  -2  -1  -1    0   0   0   0   3   0   0   2   0   3  60   0   3  22   0   0   6   0   0   0  0.72 0.26
   98 A     1  -1   2   0  -3   1   1  -1   1  -3  -3   2  -2  -4  -2   3   1  -4  -3  -3   15   0  13   2   0   7   8   2   3   0   0  17   0   0   0  27   5   0   0   0  0.36 0.17
   99 G    -1  -2   2   2  -3  -2  -1   5   1  -3  -3  -2  -3  -1  -2  -1  -2  -3  -2  -3    1   1  12  13   0   1   3  53   4   1   1   1   0   3   1   1   1   0   1   1  0.68 0.19
  100 K    -1   2  -1  -2   0   0  -1  -2  -2  -1   0   4   0  -3  -2  -1   1  -3  -2   1    1   8   1   1   3   1   1   1   0   1   9  45   3   1   1   1  11   0   0  11  0.35 0.17
  101 T     0   1   0  -2  -2  -1  -1  -2   1   0  -1   3  -1  -2   0   0   3  -3  -2  -1   10   6   3   1   0   1   1   1   3   7   5  30   0   1   4   1  23   0   0   2  0.24 0.13
  102 V    -2  -4  -4  -5   0  -4  -4  -5  -3   2   0  -4  -1   5  -4  -3  -1  -2   3   4    0   0   0   0   2   0   0   0   0   9   2   0   0  31   0   0   2   0  10  42  0.72 0.26
  103 A     6  -3  -3  -3  -2  -3  -3   2  -3  -3  -3  -3  -3  -4  -3   0   1  -4  -4  -1   75   0   0   0   0   0   0  11   0   0   0   0   0   0   0   4   7   0   0   2  0.92 0.34
  104 V    -1  -4  -4  -4   2  -3  -4  -4  -3   2   2  -3   0  -1  -4  -2  -1   1   2   4    4   0   0   0   6   0   0   0   0   9  28   0   0   0   0   2   3   2   8  38  0.45 0.20
  105 F    -4  -5  -5  -6  -5  -5  -5  -6  -3  -1   0  -5  -2   8  -6  -5  -4  -1   2  -2    0   0   0   0   0   0   0   0   0   3   5   0   0  87   0   0   0   0   3   2  1.90 0.46
  106 G     0  -4  -2  -3  -4  -4  -4   7  -4  -6  -6  -4  -5  -5  -4  -1  -3  -5  -5  -5    4   0   0   0   0   0   0  92   0   0   0   0   0   0   0   4   0   0   0   0  1.78 0.42
  107 T     0  -3  -3  -4   5  -3  -3  -4  -4   0   4  -3   0  -2  -3   0   0  -3  -3   0    7   0   0   0  15   0   0   0   0   0  57   0   0   0   0   9   7   0   0   3  0.55 0.22
  108 G    -2  -4  -2  -3  -4  -4  -4   7  -4  -5  -5  -3  -4  -5  -4  -2  -3  -4  -5  -5    0   0   0   0   0   0   0  97   0   0   0   0   0   0   0   0   0   0   0   0  1.88 0.41
  109 D    -4  -3  -1   8  -5  -2   0  -3  -3  -5  -5  -3  -5  -5  -3  -2  -3  -5  -5  -5    0   0   0  94   0   0   0   0   0   0   1   0   0   0   0   0   0   0   0   0  1.90 0.43
  110 Q     0  -1  -1  -1  -2   5   0  -2  -1  -3  -2  -1   0  -2  -2   3  -1  -2   1  -2    5   1   1   1   0  33   1   2   0   1   2   1   3   1   1  37   1   0   6   1  0.48 0.19
  111 N    -1   0   0   0  -2   0   2  -2  -1   0   0  -1  -1  -2  -1   0   2  -2  -1   1    2   6   5   4   1   1  18   2   1   6   9   2   1   1   2   5  19   0   1  14  0.10 0.06
  112 M     0  -2   1   1  -3  -2  -2   2  -2  -3  -3  -2   0  -2  -2   4   1  -3   2  -3    5   0   6   8   0   0   0  17   0   0   0   0   3   0   0  44   5   0   8   0  0.43 0.20
  113 Y    -4  -4  -4  -6  -5  -4  -4  -6   1  -4  -4  -4  -3   1  -5  -4  -2   3   9  -4    0   0   0   0   0   0   0   0   3   0   0   0   0   0   0   0   3   3  92   0  2.31 0.54
  114 P     1  -1   0  -1  -2  -1  -1   1  -2  -2  -2  -1  -2  -2   4   1   1  -2  -2  -1   12   2   4   2   1   1   2  14   1   2   3   2   1   1  25  12  11   0   1   5  0.36 0.09
  115 F    -2   0  -1   3  -4   0   5  -3  -1  -3  -2   1  -2   1  -2  -1  -2   3   0  -3    1   3   0  14   0   0  47   1   0   1   5  10   0   6   1   1   1   4   3   1  0.53 0.19
  116 N    -2   0   4  -1  -3   0  -1  -1   4  -2  -2  -1  -2   3  -3   0  -1   2   3  -2    1   4  27   1   0   3   3   5  11   1   1   1   0  15   1   4   3   3  14   1  0.36 0.15
  117 F    -4  -5  -5  -5  -5  -5  -5  -5  -3  -2  -2  -5  -2   8  -6  -2  -4  -1   3  -3    0   0   0   0   0   0   0   0   0   0   0   0   0  88   0   4   0   0   8   0  1.91 0.45
  118 C    -1  -3   2  -3   9   1  -3  -1  -3  -2  -1  -3  -2  -4  -4  -2  -2  -4  -4   1    5   0  12   0  53   8   0   4   0   0   5   0   0   0   0   1   0   0   0  10  1.12 0.31
  119 D    -1  -2   0   4  -4   3   2   2   1  -4  -4  -1  -3  -3  -2   0  -2   4   0  -3    3   0   2  26   0  19  12  15   3   0   0   2   0   0   0   8   0   6   3   0  0.45 0.17
  120 A     5  -3  -3  -3  -2  -2  -3   0  -3  -3  -3  -2  -3  -4  -3   1   0   3  -3  -1   75   0   0   0   0   0   0   6   0   0   0   0   0   0   0   5   6   4   0   3  0.85 0.31
  121 M     1  -3  -3  -4  -2  -3  -3   2  -3   2   1  -3   4  -2  -3  -2  -2  -3  -3   2   17   0   0   0   0   0   0  22   0  14  10   0  20   0   0   0   0   0   0  17  0.37 0.18
  122 D    -2   2   0   3  -4  -1   0   3  -2  -4  -4   4  -3  -1   0  -1  -2  -4  -3  -4    0  11   4  18   0   0   3  22   0   0   0  34   0   5   4   0   0   0   0   0  0.48 0.19
  123 E     1  -1  -1   3  -3   0   1  -2   0   1  -1   1   1  -1  -1  -1   0  -3  -2   0   15   0   0  20   0   3  11   0   3  11   4  12   6   2   2   0   6   0   0   5  0.14 0.10
  124 L    -3  -4  -5  -5  -3  -4  -4  -5  -4   4   4  -4   0   4  -5  -4  -3   4  -1   0    0   0   0   0   0   0   0   0   0  27  41   0   0  23   0   0   0   7   0   2  0.76 0.24
  125 A    -1  -1   0   4  -4  -1   3  -3   4  -4  -2   0  -3  -1  -3  -1  -2  -2   4  -3    5   3   3  26   0   0  21   0  14   0   3   4   0   2   0   3   0   0  18   0  0.50 0.20
  126 R     0   1   1   3  -4   2   3  -1  -1  -3  -4   2  -3  -4  -2   1  -1  -4  -3  -2    5   7   5  18   0   9  23   2   0   0   0  14   0   0   0  14   1   0   0   3  0.40 0.15
  127 A    -1   5  -2  -3   0  -1  -1  -3  -2  -1  -1   4   0  -1  -3  -2  -2  -3   0  -1    5  34   0   0   3   0   0   0   0   4   6  36   3   3   0   0   0   0   3   3  0.53 0.22
  128 F     0  -3  -4  -4  -2  -3  -4  -4  -3   2   4  -3   2   3  -4  -3  -1  -2  -1   0    7   0   0   0   0   0   0   0   0  14  46   0   6  17   0   0   4   0   0   4  0.47 0.18
  129 V     2   0  -1  -1  -2   1   2  -2  -2   0  -1   1  -1  -3  -2   2   0  -3  -2  -1   21   4   1   0   0   6  16   0   0   6   7  11   0   0   0  19   5   0   0   3  0.18 0.11
  130 D     1  -1   0   2  -3   2   3   1  -2  -4  -4   1  -3  -4   0   1   0  -4  -3  -3   13   0   2  12   0  11  27  10   0   0   0  10   0   0   3   9   3   0   0   0  0.37 0.15
  131 Q    -1   2  -1  -3   0   1  -2  -4  -1   0   4   0   1  -2  -3  -2  -1  -3  -2  -1    3  16   3   0   3   6   0   0   2   3  52   7   2   0   0   0   4   0   0   0  0.36 0.18
  132 G    -1  -4   0  -3  -4  -4  -4   7  -4  -6  -6  -2  -5  -5  -4  -2  -3  -5  -5  -5    3   0   3   0   0   0   0  93   0   0   0   2   0   0   0   0   0   0   0   0  1.75 0.39
  133 A     5  -3  -3  -3  -2  -3  -3   3  -3  -3  -3  -3  -3  -4  -3   0  -2  -4  -4  -1   69   0   0   0   0   0   0  25   0   0   0   0   0   0   0   2   0   0   0   5  0.90 0.31
  134 K     0   0   0   0   1   3   1  -2  -2  -2  -3   3  -2  -4  -2   0   2  -4  -3  -1    6   2   5   5   4  17   5   0   0   2   0  29   0   0   0   3  19   0   0   5  0.31 0.15
  135 L    -1   0  -2  -2  -2  -1   0  -3  -2   2   1  -1   1   1   1  -1   1  -3  -1   2    0   7   0   0   0   0   7   0   0  15  12   4   2   6   8   0  10   0   0  26  0.16 0.09
  136 V    -2  -3  -4  -4  -2  -3  -4  -4  -4   4   1  -3   2  -2  -3  -3  -1  -4  -2   5    0   0   0   0   0   0   0   0   0  30   5   0   4   0   0   0   0   0   0  56  0.71 0.21
  137 G     0  -3  -1  -2  -3  -2  -3   6  -3  -3  -2  -2  -3  -3  -3  -1  -2  -3  -3  -3    5   1   1   1   0   0   1  81   0   1   6   1   0   0   1   1   1   0   0   1  1.10 0.21
  138 A     1   1   1  -1  -2   1  -1  -1   1  -2  -2   0  -1   1  -2   2   0  -1   2  -2   19   9   8   1   0   7   1   1   2   1   1   6   0   7   1  23   1   0  10   1  0.17 0.07
  139 W    -2   0  -3  -3  -3  -2  -3  -3  -2  -3  -2  -2  -2   1  -3  -1  -1  11   2  -3    1   7   1   1   0   1   1   1   0   1   1   1   0   5   1   6   5  59   7   1  1.62 0.22
  140 T    -1  -2   0  -2  -3  -2  -2   1  -2  -3  -3  -1  -2  -3   6   1   1  -3  -3  -2    1   1   5   1   0   0   1  14   0   1   1   1   0   0  47  12  14   0   0   1  0.87 0.14
  141 P     0   0   0   2  -2  -1  -1  -2  -2  -1  -2  -1  -2  -3   4   0   3  -3  -3   0    4   6   3  14   0   0   0   0   0   3   1   0   0   0  20   3  37   0   0   6  0.41 0.11
  142 D     1  -1  -1   3  -3   0   3   1  -1  -3  -2   0   0   0  -2  -1  -1  -3  -2  -2   15   0   0  25   0   0  26  13   0   0   1   7   5   5   0   1   0   0   0   1  0.30 0.09
  143 T    -1   0  -1   1  -2  -1   0   4  -2  -1  -1  -1   1  -2  -2  -1   0  -2  -2  -2    1   8   1   8   0   1   7  45   0   6   6   1   6   1   1   1   7   0   1   1  0.31 0.08
  144 E     0   0   0   1  -1   0   2   1   0  -1  -1   0  -1  -1   0   1   0  -1  -1  -1   11   3   3  10   1   3  19  10   1   3   5   3   1   2   3  11   3   1   2   4  0.10 0.01
  145 E     0   1   1   1  -1   1   1  -1   0  -1  -1   0  -1  -1   2   0   0  -1  -1  -1    5  13   9   9   1   9   9   4   1   3   5   3   1   2  10   4   3   1   2   4  0.12 0.01
  146 A     1   0   1   1  -1   0   0   0   2   0   0   0   0  -1   0   0   0  -1   0   0   16   3   9   9   1   3   4   4   8   3  10   3   1   2   3   4   3   1   2   9  0.03 0.01
  147 E     0   0   0   2  -1   2   1   1   0  -1  -1   0  -1  -1   0   0   0  -1  -1  -1    5   3   3  19   1  15   9  11   1   3   5   3   1   2   3   4   3   1   2   4  0.13 0.02
  148 E     0  -1   0   0   3   0   0  -1   2   0   0   0   0  -1   0   0   0  -1   0   0    5   3   3   3  11   3   9   4   7  10  12   3   1   2   3  10   3   1   2   4  0.03 0.01
  149 E     0   1   0   2  -1   0   2   1  -1  -1  -1   0  -1  -1   2   0   0  -1  -1  -1    4   8   2  12   1   2  22  11   1   3   5   3   1   2   9   4   3   1   2   3  0.15 0.02
  150 D    -1  -1   0   2  -1   0   2  -1  -1   1  -1   0  -1  -1  -1   0   0  -1  -1   1    4   3   2  15   1   2  21   4   1  12   5   3   1   2   3   4   3   1   2  13  0.09 0.02
  151 R     0   1   0   3  -2   0   1   1  -1  -2  -2   1  -1  -2  -1   0  -1  -2  -1  -1   10   8   2  26   1   2   5  15   1   2   4   8   1   2   2   3   3   1   1   3  0.17 0.03
  152 Y    -3  -3  -4  -5  -4  -3  -4  -5   0  -2  -1  -3  -2   3  -5  -3  -3   1   9  -2    0   0   0   0   0   0   0   0   0   0   6   0   0   7   0   0   0   0  87   0  1.66 0.31
  153 F    -2  -1   1   4  -4   0   3  -1   2  -3  -3   0  -3   0  -2   0   0  -3   0  -3    0   0   6  30   0   0  31   3   7   0   0   6   0   6   0   3   4   0   3   0  0.45 0.11
  154 Y    -1  -3  -3  -4  -3  -3  -3   0   2  -1   0  -3  -1   6  -4  -2   0   0   4   0    5   0   0   0   0   0   0   7   6   0   5   0   0  47   0   0   6   0  16   7  0.53 0.14
  155 E     0  -1   1   1  -3   0   5  -2  -1  -4  -3   0  -3  -4  -2   2   1  -4  -3  -3    5   0   6   3   0   0  57   0   0   0   0   0   0   0   0  18  11   0   0   0  0.61 0.16
  156 K     1  -1  -1   1   1   0   2  -1  -1  -2  -2   2  -2   2  -2   0  -1  -2   1  -2   19   0   0  10   3   3  15   3   0   0   0  20   0  14   0   8   0   0   5   0  0.17 0.07
  157 S     2  -2  -1  -2  -2  -1  -1  -1  -2   0  -2  -1  -2  -3   1   5   0  -3   0  -1   14   0   0   0   0   0   0   0   0   9   0   0   0   0   5  68   0   0   3   0  0.49 0.15
  158 K     0   1  -1  -2  -3   1   0  -2  -2  -3  -2   5  -2   0   2   0   0  -3  -2  -2    7   0   0   0   0   7   0   0   0   0   4  62   0   5   9   4   3   0   0   0  0.47 0.13
  159 A     4  -2  -2  -2  -2  -1   0   0  -2  -3  -3  -2  -2  -3   1   1  -1   5  -2  -1   70   0   0   0   0   0   7   3   0   0   0   0   0   0   5   5   0   9   0   0  0.56 0.15
  160 L    -1  -3  -3  -4  -2  -3  -3  -4  -3   2   3  -3   1  -1  -3  -2   0  -3  -2   3    0   0   0   0   0   0   0   0   0  10  44   0   0   0   0   0   7   0   0  37  0.40 0.10
  161 W     0  -1  -1  -1  -1   0   1  -2  -1   1   2  -1   0  -1  -1  -1   1   4  -1   0    5   2   1   2   1   1  17   2   1   7  27   2   1   1   2   2  11   7   1   6  0.10 0.03
  162 P     0   0   1   2  -2   0   2  -1  -1  -2  -2   1  -1  -2   2   1   0  -2  -1  -1    8   2   9  14   1   2  16   3   1   2   4   9   1   2   9  10   2   1   1   3  0.17 0.02
  163 E     0   0   0   1  -1   0   1  -1  -1  -1  -1   1  -1   1   0   0   1  -1   0   0    4   3   2  11   1   2  13   4   1   3   5  10   1  11   3   4  10   1   2  10  0.05 0.01
  164 L    -1   4  -1  -1  -2   0   0   0  -1  -1   0   2  -1  -2  -1  -1  -1  -2  -1  -1    3  31   1   2   1   1   2  10   1   2  10  22   1   1   2   2   2   0   1   5  0.20 0.04
  165 G    -1  -2   3   4  -3  -1   0   2  -1  -3  -3  -1  -3  -3  -2   1  -1  -3  -3  -3    1   1  23  38   0   0   1  21   0   1   1   1   0   0   1  10   1   0   0   1  0.53 0.09
  166 G     1  -2   2   1  -3   0  -1   4   2  -3  -3   0  -3  -3  -2   0  -1  -3  -2  -3   14   0  10  10   0   5   0  45   9   0   0   4   0   0   0   0   0   0   0   0  0.47 0.09
  167 A     0   1   0   1  -3   1   1  -2   0  -1   1   3  -1  -1  -2  -1  -1  -2   1  -2    7   4   4   7   0   3  11   0   3   0  21  31   0   0   0   0   3   0   7   0  0.15 0.06
  168 F    -3  -4  -4  -4  -3  -4  -4  -4  -2  -1   1  -4  -1   7  -4  -1  -2   0   2   0    0   0   0   0   0   0   0   0   0   0   9   0   0  77   0   7   0   0   0   7  0.95 0.18
  169 V     0  -3  -3   0  -2  -3  -2  -3  -3   2   1  -3   0  -1  -3  -2  -1  -3   0   4    7   0   0   9   0   0   0   0   0   3  13   0   0   0   0   0   0   0   3  64  0.38 0.12
  170 G    -1  -2  -1  -2  -4  -2  -3   6  -3  -5  -5   0  -4  -4   1  -1  -2  -4  -4  -4    0   0   0   0   0   0   0  83   0   0   0   9   0   0   7   0   0   0   0   0  1.14 0.17
  171 L    -2  -3  -4  -5  -2  -3  -4  -5  -3   1   5  -3   1   0  -4  -3  -2  -2   2   1    0   0   0   0   0   0   0   0   0   0  84   0   0   0   0   0   0   0   9   7  0.68 0.15
  172 P     2  -3  -3  -2   1  -2   0  -2  -3   0  -2  -2  -2  -3   6  -1  -1  -4  -3   1   31   0   0   0   3   0   7   0   0   3   0   0   0   0  40   0   0   0   0  15  0.70 0.12
  173 L    -1  -3  -4  -4  -2  -3  -4  -4  -3   3   4  -3   1   1  -3  -3  -2  -2  -1   1    7   0   0   0   0   0   0   0   0  28  60   0   0   5   0   0   0   0   0   0  0.51 0.12
  174 D    -3  -3   0   7  -4  -1   0  -2  -2  -4  -4  -2  -4  -5   2  -1   0  -5  -4  -4    0   0   0  83   0   0   0   0   0   0   0   0   0   0   9   0   7   0   0   0  1.19 0.20
  175 E    -2   0  -1   1  -4   4   5  -3  -1  -3  -2   1   1  -4  -2  -1  -2  -3  -3  -3    0   0   0   3   0  25  57   0   0   0   4   5   6   0   0   0   0   0   0   0  0.69 0.15
  176 V    -1  -2   0   5  -3  -1   1   1  -2   0  -2  -1  -2  -3  -2   1   0  -4  -3   0    4   0   0  46   0   0   7  10   0   5   0   0   0   0   0  10   5   0   0  13  0.39 0.09
  177 S    -2   2   5   0  -3   2  -1  -2  -1  -3  -1   0  -2  -3  -3   1  -1  -4  -3  -3    0  17  55   0   0  10   0   0   0   0  10   0   0   0   0   7   0   0   0   0  0.57 0.14
  178 Q    -2   0  -1   1  -4   7   2  -3   3  -4  -3   0  -2  -4  -2  -1  -2  -3  -2  -3    0   0   0   6   0  79   5   0  10   0   0   0   0   0   0   0   0   0   0   0  1.03 0.21
  179 Q     2  -2  -2   0  -2   2  -1  -2  -1  -2  -2  -1  -2   0   5   0  -1  -2   2  -1   21   0   0   5   0  13   0   0   0   0   0   0   0   4  34   7   0   0  12   5  0.53 0.10
  180 H    -1  -2   1   4  -3   0   2  -1   2   1  -2  -1  -2  -2  -2  -1  -1  -3  -2  -1    5   1   4  36   0   0  21   4   7  17   1   1   0   0   1   1   1   0   0   1  0.32 0.08
  181 L    -1  -1  -2  -2  -2   1  -1  -3  -2   0   3   1   0  -1   3  -2  -1  -2  -2  -1    1   1   0   1   0   8   1   1   0   1  51  16   0   0  17   1   1   0   0   1  0.31 0.08
  182 T    -1  -2   0   1  -2  -1  -1  -2  -2  -1  -2  -1   1  -3  -2   1   5  -3  -2  -1    1   1   0  11   0   0   1   1   0   1   1   1   6   0   1  10  65   0   0   1  0.51 0.13
  183 G     0  -1   1   4  -3   0   3   0  -1  -3  -3   0  -2  -3   0   0  -1  -3  -3  -3   11   1   4  36   0   0  27   8   0   1   1   4   0   0   5   1   1   0   0   1  0.44 0.08
  184 E    -1  -1   0   1  -3   2   5  -2  -1  -3  -2   1  -2  -2  -2  -1  -1  -3   0  -2    5   1   4   4   0   5  62   1   0   1   4   7   0   0   1   1   1   0   4   1  0.53 0.11
  185 R    -2   6  -1  -2  -4   2  -1  -3  -1  -3  -3   1  -2  -3  -2  -1  -2  -3  -2  -3    1  79   0   1   0  11   1   1   0   1   1   1   0   0   1   1   1   0   0   1  0.94 0.16
  186 I    -2  -3  -4  -4  -2  -3  -4  -4  -4   4   2  -3   1  -1  -3  -3  -1  -3  -2   3    0   0   0   0   0   0   0   0   0  46  24   0   0   0   0   0   0   0   0  30  0.54 0.11
  187 R     1   1  -1   1  -3   2   2  -2  -1  -2  -2   2  -2  -3   2   1  -1  -3  -2  -2   18   7   0   7   0   9  12   0   0   4   0  21   0   0  10  11   0   0   0   0  0.27 0.06
  188 E     0   1   0  -1  -3   3   1   1  -1  -3  -3   2  -2  -3  -2   1   1  -3  -2  -2    7   5   0   0   0  19  10  10   0   0   0  22   0   0   0  16  10   0   0   0  0.30 0.07
  189 W    -4  -4  -5  -6  -4  -3  -4  -4  -3  -4  -3  -4  -3   0  -5  -4  -4  12   4  -4    0   0   0   0   0   0   0   0   0   0   0   0   0   0   0   0   0  89  11   0  3.06 0.31
  190 L    -1  -3  -3  -3   3  -2  -3  -3  -3   2   2  -3   0  -1  -3   0   0  -3  -2   3    0   0   0   0   9   0   0   0   0   5  26   0   0   0   0  11   4   0   0  45  0.32 0.09
  191 D     1   0  -1   2  -3   0   3  -2  -1  -2  -1   3  -1  -3  -2   1  -1  -3  -2  -2   16   0   0  11   0   0  23   0   0   0  10  29   0   0   0  11   0   0   0   0  0.27 0.08
  192 K     0   2  -1  -1  -3   5   1  -3  -1  -2  -1   3  -1  -3  -2  -1  -1  -3  -2  -1    6  10   0   0   0  49   7   0   0   0   4  18   0   0   0   0   0   0   0   5  0.51 0.12
  193 V    -2  -3   1  -3  -2  -3  -3  -4  -3   4   3  -3   1  -1  -3  -2  -1  -3  -2   2    0   0  11   0   0   0   0   0   0  35  36   0   0   0   0   0   0   0   0  18  0.38 0.09
  194 R     0   2  -1  -1  -3   2   0  -2  -1  -2  -1   3  -1  -3   2   0  -1  -3  -2  -1    9   7   0   0   0  16   0   0   0   0   6  39   0   0  11   4   0   0   0   6  0.32 0.08
  195 Y     0  -2   1  -1  -2  -1   1   0   0  -2  -2  -1  -2   0   2   1   2  -1   4  -2    6   0   6   0   0   0  11   6   0   0   0   0   0   0   9  16  22   0  24   0  0.27 0.07
  196 E    -1  -1  -1   2  -4   1   6  -3  -1  -4  -4   0  -3  -4  -2   0  -1  -4  -3  -3    4   0   0  11   0   0  79   0   0   0   0   0   0   0   0   6   0   0   0   0  0.87 0.15
  197 G     1  -3  -2  -2  -3  -2   0   2  -2  -2  -1  -2  -1   5  -3  -1  -2  -1   1  -2   14   0   0   0   0   0   8  24   0   0   0   0   0  54   0   0   0   0   0   0  0.44 0.08
  198 M    -1  -2  -1  -2  -1  -1  -2  -3  -2   0   2  -1   4  -1  -2   0   3  -2  -2   0    0   0   0   0   0   0   0   0   0   0  19   0  38   0   0   0  43   0   0   0  0.29 0.04
  199 P    -1  -3  -3  -3   5  -2  -2  -3  -3   0   2  -2   0  -1   5  -2  -1  -3  -2  -1    0   0   0   0  19   0   0   0   0   0  43   0   0   0  38   0   0   0   0   0  0.66 0.04
  200 V     0  -2  -2  -2  -1  -2  -2  -3  -2   1   3  -2   1   0  -2   1   0  -2  -1   2    0   0   0   0   0   0   0   0   0   0  50   0   0   0   0  26   0   0   0  24  0.20 0.02
  201 G     2  -1   0  -1  -1  -1  -1   3  -2  -2  -2  -1  -1  -3  -1   2   2  -3  -2  -1   25   0   0   0   0   0   0  24   0   0   0   0   0   0   0  26  26   0   0   0  0.33 0.02
  202 H     0   0   0   1  -3   1   4  -2   4  -3  -3   0  -2  -3  -1   2   0  -3  -1  -3    0   0   0   0   0   0  51   0  24   0   0   0   0   0   0  26   0   0   0   0  0.46 0.03
  203 E    -1   1   0   0  -3   5   4  -2   0  -3  -3   1  -1  -4  -1   0  -1  -2  -2  -3    0   0   0   0   0  66  34   0   0   0   0   0   0   0   0   0   0   0   0   0  0.63 0.02
  204 T     0  -1   0  -1  -1  -1  -1  -2  -2  -1  -1  -1  -1  -2  -1   1   5  -3  -2   0    0   0   0   0   0   0   0   0   0   0   0   0   0   0   0   0 100   0   0   0  0.52 0.02
  205 C     0  -3  -2  -3   6  -2  -3   3  -3   0  -1  -2  -1  -2  -3  -1  -1  -3  -2   2    0   0   0   0  34   0   0  33   0   0   0   0   0   0   0   0   0   0   0  33  0.41 0.01
  206 E     0   3   0   0  -3   1   3  -2   0  -3  -3   1  -2  -3  -1   2   0  -3  -2  -2    0  33   0   0   0   0  34   0   0   0   0   0   0   0   0  33   0   0   0   0  0.39 0.01
  207 D    -2  -1   1   5  -4   0   1  -2   5  -3  -4  -1  -3  -3  -2  -1  -1  -4  -1  -3    0   0   0  67   0   0   0   0  33   0   0   0   0   0   0   0   0   0   0   0  0.70 0.02
  208 D     0  -1   1   4  -3   1   3  -1  -1  -3  -3   0  -2  -3  -1   2   0  -4  -2  -3    0   0   0  34   0   0  33   0   0   0   0   0   0   0   0  33   0   0   0   0  0.48 0.01
  209 S     1  -2   0  -1  -2  -1  -1   4  -2  -3  -3  -1  -2  -3  -2   3   0  -3  -2  -2    0   0   0   0   0   0   0  50   0   0   0   0   0   0   0  50   0   0   0   0  0.53 0.00
  210 R    -1   5   0  -1  -3   1   0  -2  -1  -3  -2   4  -1  -3  -2  -1  -1  -3  -2  -3    0  50   0   0   0   0   0   0   0   0   0  50   0   0   0   0   0   0   0   0  0.56 0.00
  211 R    -2   4   1   4  -4   0   1  -2  -1  -3  -3   1  -2  -3  -2  -1  -1  -4  -2  -3    0  50   0  50   0   0   0   0   0   0   0   0   0   0   0   0   0   0   0   0  0.56 0.00
  212 S     1  -2  -1  -1  -1  -1  -1  -1  -2   1   0  -1   0  -2  -2   2   1  -3  -2   2    0   0   0   0   0   0   0   0   0   0   0   0   0   0   0  50   0   0   0  50  0.18 0.00
  213 R    -2   6   0  -2  -4   1   0  -3   0  -3  -2   2  -1  -3  -2  -1  -1  -3  -2  -3    0 100   0   0   0   0   0   0   0   0   0   0   0   0   0   0   0   0   0   0  0.75 0.01
  214 S     0  -1   1  -1  -2   0   0  -1   6  -3  -3   0  -2  -2  -2   3   0  -3   0  -2    0   0   0   0   0   0   0   0  50   0   0   0   0   0   0  50   0   0   0   0  0.44 0.00
  215 L    -2  -3  -4  -4  -1  -3  -3  -4  -3   3   3  -3   2   0  -3  -3  -1  -2  -1   2    0   0   0   0   0   0   0   0   0  50  50   0   0   0   0   0   0   0   0   0  0.37 0.00
  216 Q    -1   1   0   1  -4   4   4  -2   0  -3  -3   1  -1  -3  -1   0  -1  -3  -2  -3    0   0   0   0   0  50  50   0   0   0   0   0   0   0   0   0   0   0   0   0  0.60 0.00
  217 A     3  -2  -2  -3  -1  -2  -2  -1  -3   3   0  -2   0  -1  -2   0   0  -3  -2   2   50   0   0   0   0   0   0   0   0  50   0   0   0   0   0   0   0   0   0   0  0.19 0.00
  218 G    -1  -2   1   4  -3  -1   0   4  -2  -4  -4  -1  -3  -4  -2   0  -1  -3  -3  -3    0   0   0  50   0   0   0  50   0   0   0   0   0   0   0   0   0   0   0   0  0.66 0.00
  219 V    -1  -3  -3  -4  -1  -2  -3  -4  -3   2   3  -3   2   0  -3  -2  -1  -2  -1   3    0   0   0   0   0   0   0   0   0   0  50   0   0   0   0   0   0   0   0  50  0.32 0.00
  220 S     0   0   0   1  -2   1   4  -1  -1  -3  -3   0  -2  -3  -1   3   0  -3  -2  -2    0   0   0   0   0   0  50   0   0   0   0   0   0   0   0  50   0   0   0   0  0.43 0.00
  221 T     0  -2   0  -1  -2  -1  -2   4  -2  -2  -2  -1  -2  -3  -2   1   3  -3  -2  -1    0   0   0   0   0   0   0  50   0   0   0   0   0   0   0   0  50   0   0   0  0.48 0.00
  222 E     0   0   0   1  -2   1   4  -1  -1  -3  -3   0  -2  -3  -1   3   0  -3  -2  -2    0   0   0   0   0   0  50   0   0   0   0   0   0   0   0  50   0   0   0   0  0.43 0.00
  223 M     0  -2  -1  -2  -2  -1  -2   4  -2   0   0  -2   4  -1  -2  -1  -1  -2  -2  -1    0   0   0   0   0   0   0  50   0   0   0   0  50   0   0   0   0   0   0   0  0.36 0.00
  224 D    -2  -2   0   4  -2  -1   0  -2  -2   0   2  -2   0  -1  -2  -1  -1  -3  -2  -1    0   0   0  50   0   0   0   0   0   0  50   0   0   0   0   0   0   0   0   0  0.31 0.00
  225 F    -1  -2  -1  -2  -2  -2  -2  -2  -2   0   0  -2   0   5  -2   0   3   0   2   0    0   0   0   0   0   0   0   0   0   0   0   0   0  50   0   0  50   0   0   0  0.32 0.00
  226 Y    -2  -2  -2  -3  -3  -2  -2  -3   2  -1  -1  -2  -1   3  -3  -2  -2   2   7  -1    0   0   0   0   0   0   0   0   0   0   0   0   0   0   0   0   0   0 100   0  0.87 0.01
  227 S     0   0   0   0  -2   4   1  -1   0  -3  -2   1  -1  -3  -1   3   1  -3  -2  -2    0   0   0   0   0  50   0   0   0   0   0   0   0   0   0  50   0   0   0   0  0.40 0.00
  228 A     4  -2  -2  -2   0  -1  -1   0  -2  -1  -2  -1  -1  -2  -1   1   0  -3  -2   0  100   0   0   0   0   0   0   0   0   0   0   0   0   0   0   0   0   0   0   0  0.41 0.00
  229 W    -1  -1  -1  -1  -1  -1  -1  -1  -1  -1  -1  -1  -1   0  -1  -1  -1   9   1  -1    4   3   2   3   1   2   3   4   1   3   5   3   1   2   3   4   3  51   2   3  0.84 0.00
  230 S     1  -2   0  -1  -2  -1  -1   4  -2  -3  -3  -1  -2  -3  -2   3   0  -3  -2  -2    0   0   0   0   0   0   0  50   0   0   0   0   0   0   0  50   0   0   0   0  0.53 0.00
  231 Q    -1   0   1   4  -3   4   2  -2   0  -3  -3   0  -2  -4  -2   0  -1  -3  -2  -3    0   0   0  50   0  50   0   0   0   0   0   0   0   0   0   0   0   0   0   0  0.58 0.00
  232 K     3   1  -1  -1  -2   0   0  -1  -1  -2  -2   3  -1  -3  -1   1   0  -3  -2  -1   50   0   0   0   0   0   0   0   0   0   0  50   0   0   0   0   0   0   0   0  0.29 0.00
  233 L    -2  -2  -4  -4  -1  -2  -3  -4  -3   2   4  -3   2   0  -3  -3  -1  -2  -1   1    0   0   0   0   0   0   0   0   0   0 100   0   0   0   0   0   0   0   0   0  0.46 0.00
  234 G     0  -3   0  -1  -3  -2  -2   6  -2  -4  -4  -2  -3  -3  -2   0  -2  -3  -3  -3    0   0   0   0   0   0   0 100   0   0   0   0   0   0   0   0   0   0   0   0  1.04 0.00
  235 C     0  -3  -3  -4   7  -3  -3  -3  -3   1   0  -3   0  -2  -3  -1   0  -3  -2   3    0   0   0   0  50   0   0   0   0   0   0   0   0   0   0   0   0   0   0  50  0.54 0.00
  236 W    -3  -3  -4  -5  -3  -2  -3  -3  -3  -3  -2  -3  -2   1  -4  -3  -3  11   2  -3    0   0   0   0   0   0   0   0   0   0   0   0   0   0   0   0   0 100   0   0  2.33 0.01
  237 F    -2  -2  -3  -4  -3  -2  -3  -3   1  -1   0  -3   0   5  -4  -2  -2   2   6  -1    0   0   0   0   0   0   0   0   0   0   0   0   0  50   0   0   0   0  50   0  0.69 0.00
  238 R    -1   4   0   0  -4   2   4  -2   0  -3  -3   2  -2  -3  -2   0  -1  -3  -2  -3    0  50   0   0   0   0  50   0   0   0   0   0   0   0   0   0   0   0   0   0  0.55 0.00
  239 A     3  -1   4   0  -1   0  -1   0   0  -2  -2   0  -2  -3  -1   1   0  -3  -2  -1   50   0  50   0   0   0   0   0   0   0   0   0   0   0   0   0   0   0   0   0  0.35 0.00
  240 L    -2  -2   0   4  -2  -1   0  -2  -2   0   2  -2   0  -1  -2  -1  -1  -3  -2  -1    0   0   0  50   0   0   0   0   0   0  50   0   0   0   0   0   0   0   0   0  0.31 0.00
  241 P    -1  -2  -2  -2  -3  -1  -1  -2  -2  -3  -3  -1  -3  -4   8  -1  -1  -4  -3  -3    0   0   0   0   0   0   0   0   0   0   0   0   0   0 100   0   0   0   0   0  2.05 0.01
  242 L    -1  -2  -3  -4  -1  -2  -3  -4  -3   2   4  -2   2   0  -3  -2  -1  -2  -1   1    0   0   0   0   0   0   0   0   0   0   0   0   0   0   0   0   0   0   0   0  0.00     0.00
  243 P    -1  -2  -2  -1  -3  -1  -1  -2  -2  -3  -3  -1  -2  -4   7  -1  -1  -4  -3  -2    0   0   0   0   0   0   0   0   0   0   0   0   0   0   0   0   0   0   0   0  0.00     0.00
  244 S     1  -1   1   0  -1   0   0   0  -1  -2  -2   0  -1  -2  -1   4   1  -3  -2  -2    0   0   0   0   0   0   0   0   0   0   0   0   0   0   0   0   0   0   0   0  0.00     0.00
  245 Q    -1   1   0   0  -3   5   2  -2   0  -3  -2   1   0  -3  -1   0  -1  -2  -1  -2    0   0   0   0   0   0   0   0   0   0   0   0   0   0   0   0   0   0   0   0  0.00     0.00
  246 Q    -1   1   0   0  -3   5   2  -2   0  -3  -2   1   0  -3  -1   0  -1  -2  -1  -2    0   0   0   0   0   0   0   0   0   0   0   0   0   0   0   0   0   0   0   0  0.00     0.00
  247 Q    -1   1   0   0  -3   5   2  -2   0  -3  -2   1   0  -3  -1   0  -1  -2  -1  -2    0   0   0   0   0   0   0   0   0   0   0   0   0   0   0   0   0   0   0   0  0.00     0.00
  248 F    -2  -3  -3  -3  -2  -3  -3  -3  -1   0   0  -3   0   6  -4  -2  -2   1   3  -1    0   0   0   0   0   0   0   0   0   0   0   0   0   0   0   0   0   0   0   0  0.00     0.00
  249 G     0  -2   0  -1  -2  -2  -2   6  -2  -4  -4  -2  -3  -3  -2   0  -2  -2  -3  -3    0   0   0   0   0   0   0   0   0   0   0   0   0   0   0   0   0   0   0   0  0.00     0.00
  250 A     4  -1  -2  -2   0  -1  -1   0  -2  -1  -1  -1  -1  -2  -1   1   0  -2  -2   0    0   0   0   0   0   0   0   0   0   0   0   0   0   0   0   0   0   0   0   0  0.00     0.00
  251 C     0  -3  -3  -3   8  -3  -4  -2  -3  -1  -1  -3  -1  -2  -3  -1  -1  -2  -2  -1    0   0   0   0   0   0   0   0   0   0   0   0   0   0   0   0   0   0   0   0  0.00     0.00
  252 M    -1  -1  -2  -3  -1   0  -2  -3  -2   1   2  -1   5   0  -2  -1  -1  -1  -1   1    0   0   0   0   0   0   0   0   0   0   0   0   0   0   0   0   0   0   0   0  0.00     0.00
  253 G     0  -2   0  -1  -2  -2  -2   6  -2  -4  -4  -2  -3  -3  -2   0  -2  -2  -3  -3    0   0   0   0   0   0   0   0   0   0   0   0   0   0   0   0   0   0   0   0  0.00     0.00
  254 A     4  -1  -2  -2   0  -1  -1   0  -2  -1  -1  -1  -1  -2  -1   1   0  -2  -2   0    0   0   0   0   0   0   0   0   0   0   0   0   0   0   0   0   0   0   0   0  0.00     0.00
  255 L    -1  -2  -3  -4  -1  -2  -3  -4  -3   2   4  -2   2   0  -3  -2  -1  -2  -1   1    0   0   0   0   0   0   0   0   0   0   0   0   0   0   0   0   0   0   0   0  0.00     0.00
  256 G     0  -2   0  -1  -2  -2  -2   6  -2  -4  -4  -2  -3  -3  -2   0  -2  -2  -3  -3    0   0   0   0   0   0   0   0   0   0   0   0   0   0   0   0   0   0   0   0  0.00     0.00
  257 L    -1  -2  -3  -4  -1  -2  -3  -4  -3   2   4  -2   2   0  -3  -2  -1  -2  -1   1    0   0   0   0   0   0   0   0   0   0   0   0   0   0   0   0   0   0   0   0  0.00     0.00
  258 H    -2   0   1  -1  -3   0   0  -2   7  -3  -3  -1  -2  -1  -2  -1  -2  -2   2  -3    0   0   0   0   0   0   0   0   0   0   0   0   0   0   0   0   0   0   0   0  0.00     0.00
  259 V     0  -2  -3  -3  -1  -2  -2  -3  -3   3   1  -2   1  -1  -2  -2   0  -3  -1   4    0   0   0   0   0   0   0   0   0   0   0   0   0   0   0   0   0   0   0   0  0.00     0.00
  260 G     0  -2   0  -1  -2  -2  -2   6  -2  -4  -4  -2  -3  -3  -2   0  -2  -2  -3  -3    0   0   0   0   0   0   0   0   0   0   0   0   0   0   0   0   0   0   0   0  0.00     0.00
  261 S     1  -1   1   0  -1   0   0   0  -1  -2  -2   0  -1  -2  -1   4   1  -3  -2  -2    0   0   0   0   0   0   0   0   0   0   0   0   0   0   0   0   0   0   0   0  0.00     0.00
  262 R    -1   5   0  -2  -3   1   0  -2   0  -3  -2   2  -1  -3  -2  -1  -1  -3  -2  -2    0   0   0   0   0   0   0   0   0   0   0   0   0   0   0   0   0   0   0   0  0.00     0.00
  263 F    -2  -3  -3  -3  -2  -3  -3  -3  -1   0   0  -3   0   6  -4  -2  -2   1   3  -1    0   0   0   0   0   0   0   0   0   0   0   0   0   0   0   0   0   0   0   0  0.00     0.00
  264 D    -2  -2   1   6  -3   0   1  -1  -1  -3  -4  -1  -3  -3  -1   0  -1  -4  -3  -3    0   0   0   0   0   0   0   0   0   0   0   0   0   0   0   0   0   0   0   0  0.00     0.00
  265 A     4  -1  -2  -2   0  -1  -1   0  -2  -1  -1  -1  -1  -2  -1   1   0  -2  -2   0    0   0   0   0   0   0   0   0   0   0   0   0   0   0   0   0   0   0   0   0  0.00     0.00
  266 A     4  -1  -2  -2   0  -1  -1   0  -2  -1  -1  -1  -1  -2  -1   1   0  -2  -2   0    0   0   0   0   0   0   0   0   0   0   0   0   0   0   0   0   0   0   0   0  0.00     0.00
  267 F    -2  -3  -3  -3  -2  -3  -3  -3  -1   0   0  -3   0   6  -4  -2  -2   1   3  -1    0   0   0   0   0   0   0   0   0   0   0   0   0   0   0   0   0   0   0   0  0.00     0.00
  268 G     0  -2   0  -1  -2  -2  -2   6  -2  -4  -4  -2  -3  -3  -2   0  -2  -2  -3  -3    0   0   0   0   0   0   0   0   0   0   0   0   0   0   0   0   0   0   0   0  0.00     0.00
  269 R    -1   5   0  -2  -3   1   0  -2   0  -3  -2   2  -1  -3  -2  -1  -1  -3  -2  -2    0   0   0   0   0   0   0   0   0   0   0   0   0   0   0   0   0   0   0   0  0.00     0.00
  270 F    -2  -3  -3  -3  -2  -3  -3  -3  -1   0   0  -3   0   6  -4  -2  -2   1   3  -1    0   0   0   0   0   0   0   0   0   0   0   0   0   0   0   0   0   0   0   0  0.00     0.00
  271 G     0  -2   0  -1  -2  -2  -2   6  -2  -4  -4  -2  -3  -3  -2   0  -2  -2  -3  -3    0   0   0   0   0   0   0   0   0   0   0   0   0   0   0   0   0   0   0   0  0.00     0.00
  272 A     4  -1  -2  -2   0  -1  -1   0  -2  -1  -1  -1  -1  -2  -1   1   0  -2  -2   0    0   0   0   0   0   0   0   0   0   0   0   0   0   0   0   0   0   0   0   0  0.00     0.00
  273 P    -1  -2  -2  -1  -3  -1  -1  -2  -2  -3  -3  -1  -2  -4   7  -1  -1  -4  -3  -2    0   0   0   0   0   0   0   0   0   0   0   0   0   0   0   0   0   0   0   0  0.00     0.00
  274 L    -1  -2  -3  -4  -1  -2  -3  -4  -3   2   4  -2   2   0  -3  -2  -1  -2  -1   1    0   0   0   0   0   0   0   0   0   0   0   0   0   0   0   0   0   0   0   0  0.00     0.00
  275 A     4  -1  -2  -2   0  -1  -1   0  -2  -1  -1  -1  -1  -2  -1   1   0  -2  -2   0    0   0   0   0   0   0   0   0   0   0   0   0   0   0   0   0   0   0   0   0  0.00     0.00
  276 T     0  -1   0  -1  -1  -1  -1  -2  -2  -1  -1  -1  -1  -2  -1   1   4  -2  -2   0    0   0   0   0   0   0   0   0   0   0   0   0   0   0   0   0   0   0   0   0  0.00     0.00
  277 D    -2  -2   1   6  -3   0   1  -1  -1  -3  -4  -1  -3  -3  -1   0  -1  -4  -3  -3    0   0   0   0   0   0   0   0   0   0   0   0   0   0   0   0   0   0   0   0  0.00     0.00
  278 R    -1   5   0  -2  -3   1   0  -2   0  -3  -2   2  -1  -3  -2  -1  -1  -3  -2  -2    0   0   0   0   0   0   0   0   0   0   0   0   0   0   0   0   0   0   0   0  0.00     0.00
  279 V     0  -2  -3  -3  -1  -2  -2  -3  -3   3   1  -2   1  -1  -2  -2   0  -3  -1   4    0   0   0   0   0   0   0   0   0   0   0   0   0   0   0   0   0   0   0   0  0.00     0.00
  280 A     4  -1  -2  -2   0  -1  -1   0  -2  -1  -1  -1  -1  -2  -1   1   0  -2  -2   0    0   0   0   0   0   0   0   0   0   0   0   0   0   0   0   0   0   0   0   0  0.00     0.00
  281 Q    -1   1   0   0  -3   5   2  -2   0  -3  -2   1   0  -3  -1   0  -1  -2  -1  -2    0   0   0   0   0   0   0   0   0   0   0   0   0   0   0   0   0   0   0   0  0.00     0.00
  282 G     0  -2   0  -1  -2  -2  -2   6  -2  -4  -4  -2  -3  -3  -2   0  -2  -2  -3  -3    0   0   0   0   0   0   0   0   0   0   0   0   0   0   0   0   0   0   0   0  0.00     0.00
  283 E    -1   0   0   1  -4   2   5  -2   0  -3  -3   1  -2  -3  -1   0  -1  -3  -2  -2    0   0   0   0   0   0   0   0   0   0   0   0   0   0   0   0   0   0   0   0  0.00     0.00
  284 T     0  -1   0  -1  -1  -1  -1  -2  -2  -1  -1  -1  -1  -2  -1   1   4  -2  -2   0    0   0   0   0   0   0   0   0   0   0   0   0   0   0   0   0   0   0   0   0  0.00     0.00
  285 N    -2   0   6   1  -3   0   0   0   1  -3  -3   0  -2  -3  -2   1   0  -4  -2  -3    0   0   0   0   0   0   0   0   0   0   0   0   0   0   0   0   0   0   0   0  0.00     0.00
  286 C     0  -3  -3  -3   8  -3  -4  -2  -3  -1  -1  -3  -1  -2  -3  -1  -1  -2  -2  -1    0   0   0   0   0   0   0   0   0   0   0   0   0   0   0   0   0   0   0   0  0.00     0.00
  287 N    -2   0   6   1  -3   0   0   0   1  -3  -3   0  -2  -3  -2   1   0  -4  -2  -3    0   0   0   0   0   0   0   0   0   0   0   0   0   0   0   0   0   0   0   0  0.00     0.00
  288 W    -2  -3  -4  -4  -2  -2  -3  -2  -2  -3  -2  -3  -1   1  -4  -3  -2  10   2  -3    0   0   0   0   0   0   0   0   0   0   0   0   0   0   0   0   0   0   0   0  0.00     0.00
  289 L    -1  -2  -3  -4  -1  -2  -3  -4  -3   2   4  -2   2   0  -3  -2  -1  -2  -1   1    0   0   0   0   0   0   0   0   0   0   0   0   0   0   0   0   0   0   0   0  0.00     0.00
  290 K    -1   2   0  -1  -3   1   1  -2  -1  -3  -2   4  -1  -3  -1   0  -1  -3  -2  -2    0   0   0   0   0   0   0   0   0   0   0   0   0   0   0   0   0   0   0   0  0.00     0.00
  291 E    -1   0   0   1  -4   2   5  -2   0  -3  -3   1  -2  -3  -1   0  -1  -3  -2  -2    0   0   0   0   0   0   0   0   0   0   0   0   0   0   0   0   0   0   0   0  0.00     0.00
  292 G     0  -2   0  -1  -2  -2  -2   6  -2  -4  -4  -2  -3  -3  -2   0  -2  -2  -3  -3    0   0   0   0   0   0   0   0   0   0   0   0   0   0   0   0   0   0   0   0  0.00     0.00
  293 S     1  -1   1   0  -1   0   0   0  -1  -2  -2   0  -1  -2  -1   4   1  -3  -2  -2    0   0   0   0   0   0   0   0   0   0   0   0   0   0   0   0   0   0   0   0  0.00     0.00
  294 P    -1  -2  -2  -1  -3  -1  -1  -2  -2  -3  -3  -1  -2  -4   7  -1  -1  -4  -3  -2    0   0   0   0   0   0   0   0   0   0   0   0   0   0   0   0   0   0   0   0  0.00     0.00
  295 Q    -1   1   0   0  -3   5   2  -2   0  -3  -2   1   0  -3  -1   0  -1  -2  -1  -2    0   0   0   0   0   0   0   0   0   0   0   0   0   0   0   0   0   0   0   0  0.00     0.00
  296 L    -1  -2  -3  -4  -1  -2  -3  -4  -3   2   4  -2   2   0  -3  -2  -1  -2  -1   1    0   0   0   0   0   0   0   0   0   0   0   0   0   0   0   0   0   0   0   0  0.00     0.00
  297 Q    -1   1   0   0  -3   5   2  -2   0  -3  -2   1   0  -3  -1   0  -1  -2  -1  -2    0   0   0   0   0   0   0   0   0   0   0   0   0   0   0   0   0   0   0   0  0.00     0.00
  298 N    -2   0   6   1  -3   0   0   0   1  -3  -3   0  -2  -3  -2   1   0  -4  -2  -3    0   0   0   0   0   0   0   0   0   0   0   0   0   0   0   0   0   0   0   0  0.00     0.00
  299 F    -2  -3  -3  -3  -2  -3  -3  -3  -1   0   0  -3   0   6  -4  -2  -2   1   3  -1    0   0   0   0   0   0   0   0   0   0   0   0   0   0   0   0   0   0   0   0  0.00     0.00
  300 P    -1  -2  -2  -1  -3  -1  -1  -2  -2  -3  -3  -1  -2  -4   7  -1  -1  -4  -3  -2    0   0   0   0   0   0   0   0   0   0   0   0   0   0   0   0   0   0   0   0  0.00     0.00
  301 E    -1   0   0   1  -4   2   5  -2   0  -3  -3   1  -2  -3  -1   0  -1  -3  -2  -2    0   0   0   0   0   0   0   0   0   0   0   0   0   0   0   0   0   0   0   0  0.00     0.00
  302 F    -2  -3  -3  -3  -2  -3  -3  -3  -1   0   0  -3   0   6  -4  -2  -2   1   3  -1    0   0   0   0   0   0   0   0   0   0   0   0   0   0   0   0   0   0   0   0  0.00     0.00
  303 P    -1  -2  -2  -1  -3  -1  -1  -2  -2  -3  -3  -1  -2  -4   7  -1  -1  -4  -3  -2    0   0   0   0   0   0   0   0   0   0   0   0   0   0   0   0   0   0   0   0  0.00     0.00
  304 S     1  -1   1   0  -1   0   0   0  -1  -2  -2   0  -1  -2  -1   4   1  -3  -2  -2    0   0   0   0   0   0   0   0   0   0   0   0   0   0   0   0   0   0   0   0  0.00     0.00
  305 M    -1  -1  -2  -3  -1   0  -2  -3  -2   1   2  -1   5   0  -2  -1  -1  -1  -1   1    0   0   0   0   0   0   0   0   0   0   0   0   0   0   0   0   0   0   0   0  0.00     0.00
  306 G     0  -2   0  -1  -2  -2  -2   6  -2  -4  -4  -2  -3  -3  -2   0  -2  -2  -3  -3    0   0   0   0   0   0   0   0   0   0   0   0   0   0   0   0   0   0   0   0  0.00     0.00
  307 D    -2  -2   1   6  -3   0   1  -1  -1  -3  -4  -1  -3  -3  -1   0  -1  -4  -3  -3    0   0   0   0   0   0   0   0   0   0   0   0   0   0   0   0   0   0   0   0  0.00     0.00
  308 F    -2  -3  -3  -3  -2  -3  -3  -3  -1   0   0  -3   0   6  -4  -2  -2   1   3  -1    0   0   0   0   0   0   0   0   0   0   0   0   0   0   0   0   0   0   0   0  0.00     0.00
  309 K    -1   2   0  -1  -3   1   1  -2  -1  -3  -2   4  -1  -3  -1   0  -1  -3  -2  -2    0   0   0   0   0   0   0   0   0   0   0   0   0   0   0   0   0   0   0   0  0.00     0.00
  310 F    -2  -3  -3  -3  -2  -3  -3  -3  -1   0   0  -3   0   6  -4  -2  -2   1   3  -1    0   0   0   0   0   0   0   0   0   0   0   0   0   0   0   0   0   0   0   0  0.00     0.00
  311 Q    -1   1   0   0  -3   5   2  -2   0  -3  -2   1   0  -3  -1   0  -1  -2  -1  -2    0   0   0   0   0   0   0   0   0   0   0   0   0   0   0   0   0   0   0   0  0.00     0.00
  312 L    -1  -2  -3  -4  -1  -2  -3  -4  -3   2   4  -2   2   0  -3  -2  -1  -2  -1   1    0   0   0   0   0   0   0   0   0   0   0   0   0   0   0   0   0   0   0   0  0.00     0.00
  313 P    -1  -2  -2  -1  -3  -1  -1  -2  -2  -3  -3  -1  -2  -4   7  -1  -1  -4  -3  -2    0   0   0   0   0   0   0   0   0   0   0   0   0   0   0   0   0   0   0   0  0.00     0.00
  314 P    -1  -2  -2  -1  -3  -1  -1  -2  -2  -3  -3  -1  -2  -4   7  -1  -1  -4  -3  -2    0   0   0   0   0   0   0   0   0   0   0   0   0   0   0   0   0   0   0   0  0.00     0.00
  315 I    -1  -3  -3  -3  -1  -3  -3  -4  -3   4   2  -3   1   0  -3  -2  -1  -3  -1   3    0   0   0   0   0   0   0   0   0   0   0   0   0   0   0   0   0   0   0   0  0.00     0.00
  316 P    -1  -2  -2  -1  -3  -1  -1  -2  -2  -3  -3  -1  -2  -4   7  -1  -1  -4  -3  -2    0   0   0   0   0   0   0   0   0   0   0   0   0   0   0   0   0   0   0   0  0.00     0.00
  317 R    -1   5   0  -2  -3   1   0  -2   0  -3  -2   2  -1  -3  -2  -1  -1  -3  -2  -2    0   0   0   0   0   0   0   0   0   0   0   0   0   0   0   0   0   0   0   0  0.00     0.00
  318 L    -1  -2  -3  -4  -1  -2  -3  -4  -3   2   4  -2   2   0  -3  -2  -1  -2  -1   1    0   0   0   0   0   0   0   0   0   0   0   0   0   0   0   0   0   0   0   0  0.00     0.00
  319 V     0  -2  -3  -3  -1  -2  -2  -3  -3   3   1  -2   1  -1  -2  -2   0  -3  -1   4    0   0   0   0   0   0   0   0   0   0   0   0   0   0   0   0   0   0   0   0  0.00     0.00
  320 P    -1  -2  -2  -1  -3  -1  -1  -2  -2  -3  -3  -1  -2  -4   7  -1  -1  -4  -3  -2    0   0   0   0   0   0   0   0   0   0   0   0   0   0   0   0   0   0   0   0  0.00     0.00
  321 R    -1   5   0  -2  -3   1   0  -2   0  -3  -2   2  -1  -3  -2  -1  -1  -3  -2  -2    0   0   0   0   0   0   0   0   0   0   0   0   0   0   0   0   0   0   0   0  0.00     0.00
  322 G     0  -2   0  -1  -2  -2  -2   6  -2  -4  -4  -2  -3  -3  -2   0  -2  -2  -3  -3    0   0   0   0   0   0   0   0   0   0   0   0   0   0   0   0   0   0   0   0  0.00     0.00
  323 A     4  -1  -2  -2   0  -1  -1   0  -2  -1  -1  -1  -1  -2  -1   1   0  -2  -2   0    0   0   0   0   0   0   0   0   0   0   0   0   0   0   0   0   0   0   0   0  0.00     0.00
  324 L    -1  -2  -3  -4  -1  -2  -3  -4  -3   2   4  -2   2   0  -3  -2  -1  -2  -1   1    0   0   0   0   0   0   0   0   0   0   0   0   0   0   0   0   0   0   0   0  0.00     0.00
  325 H    -2   0   1  -1  -3   0   0  -2   7  -3  -3  -1  -2  -1  -2  -1  -2  -2   2  -3    0   0   0   0   0   0   0   0   0   0   0   0   0   0   0   0   0   0   0   0  0.00     0.00
  326 G     0  -2   0  -1  -2  -2  -2   6  -2  -4  -4  -2  -3  -3  -2   0  -2  -2  -3  -3    0   0   0   0   0   0   0   0   0   0   0   0   0   0   0   0   0   0   0   0  0.00     0.00
  327 I    -1  -3  -3  -3  -1  -3  -3  -4  -3   4   2  -3   1   0  -3  -2  -1  -3  -1   3    0   0   0   0   0   0   0   0   0   0   0   0   0   0   0   0   0   0   0   0  0.00     0.00
  328 F    -2  -3  -3  -3  -2  -3  -3  -3  -1   0   0  -3   0   6  -4  -2  -2   1   3  -1    0   0   0   0   0   0   0   0   0   0   0   0   0   0   0   0   0   0   0   0  0.00     0.00
  329 S     1  -1   1   0  -1   0   0   0  -1  -2  -2   0  -1  -2  -1   4   1  -3  -2  -2    0   0   0   0   0   0   0   0   0   0   0   0   0   0   0   0   0   0   0   0  0.00     0.00
  330 Y    -2  -2  -2  -3  -2  -1  -2  -3   2  -1  -1  -2  -1   3  -3  -2  -2   2   7  -1    0   0   0   0   0   0   0   0   0   0   0   0   0   0   0   0   0   0   0   0  0.00     0.00
  331 Y    -2  -2  -2  -3  -2  -1  -2  -3   2  -1  -1  -2  -1   3  -3  -2  -2   2   7  -1    0   0   0   0   0   0   0   0   0   0   0   0   0   0   0   0   0   0   0   0  0.00     0.00
  332 D    -2  -2   1   6  -3   0   1  -1  -1  -3  -4  -1  -3  -3  -1   0  -1  -4  -3  -3    0   0   0   0   0   0   0   0   0   0   0   0   0   0   0   0   0   0   0   0  0.00     0.00
  333 R    -1   5   0  -2  -3   1   0  -2   0  -3  -2   2  -1  -3  -2  -1  -1  -3  -2  -2    0   0   0   0   0   0   0   0   0   0   0   0   0   0   0   0   0   0   0   0  0.00     0.00
  334 P    -1  -2  -2  -1  -3  -1  -1  -2  -2  -3  -3  -1  -2  -4   7  -1  -1  -4  -3  -2    0   0   0   0   0   0   0   0   0   0   0   0   0   0   0   0   0   0   0   0  0.00     0.00
  335 S     1  -1   1   0  -1   0   0   0  -1  -2  -2   0  -1  -2  -1   4   1  -3  -2  -2    0   0   0   0   0   0   0   0   0   0   0   0   0   0   0   0   0   0   0   0  0.00     0.00
  336 S     1  -1   1   0  -1   0   0   0  -1  -2  -2   0  -1  -2  -1   4   1  -3  -2  -2    0   0   0   0   0   0   0   0   0   0   0   0   0   0   0   0   0   0   0   0  0.00     0.00
  337 L    -1  -2  -3  -4  -1  -2  -3  -4  -3   2   4  -2   2   0  -3  -2  -1  -2  -1   1    0   0   0   0   0   0   0   0   0   0   0   0   0   0   0   0   0   0   0   0  0.00     0.00
  338 H    -2   0   1  -1  -3   0   0  -2   7  -3  -3  -1  -2  -1  -2  -1  -2  -2   2  -3    0   0   0   0   0   0   0   0   0   0   0   0   0   0   0   0   0   0   0   0  0.00     0.00
  339 A     4  -1  -2  -2   0  -1  -1   0  -2  -1  -1  -1  -1  -2  -1   1   0  -2  -2   0    0   0   0   0   0   0   0   0   0   0   0   0   0   0   0   0   0   0   0   0  0.00     0.00
  340 A     4  -1  -2  -2   0  -1  -1   0  -2  -1  -1  -1  -1  -2  -1   1   0  -2  -2   0    0   0   0   0   0   0   0   0   0   0   0   0   0   0   0   0   0   0   0   0  0.00     0.00
  341 A     4  -1  -2  -2   0  -1  -1   0  -2  -1  -1  -1  -1  -2  -1   1   0  -2  -2   0    0   0   0   0   0   0   0   0   0   0   0   0   0   0   0   0   0   0   0   0  0.00     0.00
  342 R    -1   5   0  -2  -3   1   0  -2   0  -3  -2   2  -1  -3  -2  -1  -1  -3  -2  -2    0   0   0   0   0   0   0   0   0   0   0   0   0   0   0   0   0   0   0   0  0.00     0.00
  343 A     4  -1  -2  -2   0  -1  -1   0  -2  -1  -1  -1  -1  -2  -1   1   0  -2  -2   0    0   0   0   0   0   0   0   0   0   0   0   0   0   0   0   0   0   0   0   0  0.00     0.00
  344 Y    -2  -2  -2  -3  -2  -1  -2  -3   2  -1  -1  -2  -1   3  -3  -2  -2   2   7  -1    0   0   0   0   0   0   0   0   0   0   0   0   0   0   0   0   0   0   0   0  0.00     0.00
  345 G     0  -2   0  -1  -2  -2  -2   6  -2  -4  -4  -2  -3  -3  -2   0  -2  -2  -3  -3    0   0   0   0   0   0   0   0   0   0   0   0   0   0   0   0   0   0   0   0  0.00     0.00
  346 T     0  -1   0  -1  -1  -1  -1  -2  -2  -1  -1  -1  -1  -2  -1   1   4  -2  -2   0    0   0   0   0   0   0   0   0   0   0   0   0   0   0   0   0   0   0   0   0  0.00     0.00
  347 Q    -1   1   0   0  -3   5   2  -2   0  -3  -2   1   0  -3  -1   0  -1  -2  -1  -2    0   0   0   0   0   0   0   0   0   0   0   0   0   0   0   0   0   0   0   0  0.00     0.00
  348 A     4  -1  -2  -2   0  -1  -1   0  -2  -1  -1  -1  -1  -2  -1   1   0  -2  -2   0    0   0   0   0   0   0   0   0   0   0   0   0   0   0   0   0   0   0   0   0  0.00     0.00
  349 E    -1   0   0   1  -4   2   5  -2   0  -3  -3   1  -2  -3  -1   0  -1  -3  -2  -2    0   0   0   0   0   0   0   0   0   0   0   0   0   0   0   0   0   0   0   0  0.00     0.00
  350 S     1  -1   1   0  -1   0   0   0  -1  -2  -2   0  -1  -2  -1   4   1  -3  -2  -2    0   0   0   0   0   0   0   0   0   0   0   0   0   0   0   0   0   0   0   0  0.00     0.00
  351 S     1  -1   1   0  -1   0   0   0  -1  -2  -2   0  -1  -2  -1   4   1  -3  -2  -2    0   0   0   0   0   0   0   0   0   0   0   0   0   0   0   0   0   0   0   0  0.00     0.00
  352 T     0  -1   0  -1  -1  -1  -1  -2  -2  -1  -1  -1  -1  -2  -1   1   4  -2  -2   0    0   0   0   0   0   0   0   0   0   0   0   0   0   0   0   0   0   0   0   0  0.00     0.00
  353 A     4  -1  -2  -2   0  -1  -1   0  -2  -1  -1  -1  -1  -2  -1   1   0  -2  -2   0    0   0   0   0   0   0   0   0   0   0   0   0   0   0   0   0   0   0   0   0  0.00     0.00
  354 S     1  -1   1   0  -1   0   0   0  -1  -2  -2   0  -1  -2  -1   4   1  -3  -2  -2    0   0   0   0   0   0   0   0   0   0   0   0   0   0   0   0   0   0   0   0  0.00     0.00
  355 T     0  -1   0  -1  -1  -1  -1  -2  -2  -1  -1  -1  -1  -2  -1   1   4  -2  -2   0    0   0   0   0   0   0   0   0   0   0   0   0   0   0   0   0   0   0   0   0  0.00     0.00
  356 G     0  -2   0  -1  -2  -2  -2   6  -2  -4  -4  -2  -3  -3  -2   0  -2  -2  -3  -3    0   0   0   0   0   0   0   0   0   0   0   0   0   0   0   0   0   0   0   0  0.00     0.00
  357 V     0  -2  -3  -3  -1  -2  -2  -3  -3   3   1  -2   1  -1  -2  -2   0  -3  -1   4    0   0   0   0   0   0   0   0   0   0   0   0   0   0   0   0   0   0   0   0  0.00     0.00
  358 S     1  -1   1   0  -1   0   0   0  -1  -2  -2   0  -1  -2  -1   4   1  -3  -2  -2    0   0   0   0   0   0   0   0   0   0   0   0   0   0   0   0   0   0   0   0  0.00     0.00
  359 P    -1  -2  -2  -1  -3  -1  -1  -2  -2  -3  -3  -1  -2  -4   7  -1  -1  -4  -3  -2    0   0   0   0   0   0   0   0   0   0   0   0   0   0   0   0   0   0   0   0  0.00     0.00
  360 G     0  -2   0  -1  -2  -2  -2   6  -2  -4  -4  -2  -3  -3  -2   0  -2  -2  -3  -3    0   0   0   0   0   0   0   0   0   0   0   0   0   0   0   0   0   0   0   0  0.00     0.00
  361 L    -1  -2  -3  -4  -1  -2  -3  -4  -3   2   4  -2   2   0  -3  -2  -1  -2  -1   1    0   0   0   0   0   0   0   0   0   0   0   0   0   0   0   0   0   0   0   0  0.00     0.00
  362 A     4  -1  -2  -2   0  -1  -1   0  -2  -1  -1  -1  -1  -2  -1   1   0  -2  -2   0    0   0   0   0   0   0   0   0   0   0   0   0   0   0   0   0   0   0   0   0  0.00     0.00
  363 V     0  -2  -3  -3  -1  -2  -2  -3  -3   3   1  -2   1  -1  -2  -2   0  -3  -1   4    0   0   0   0   0   0   0   0   0   0   0   0   0   0   0   0   0   0   0   0  0.00     0.00
  364 A     4  -1  -2  -2   0  -1  -1   0  -2  -1  -1  -1  -1  -2  -1   1   0  -2  -2   0    0   0   0   0   0   0   0   0   0   0   0   0   0   0   0   0   0   0   0   0  0.00     0.00
  365 G     0  -2   0  -1  -2  -2  -2   6  -2  -4  -4  -2  -3  -3  -2   0  -2  -2  -3  -3    0   0   0   0   0   0   0   0   0   0   0   0   0   0   0   0   0   0   0   0  0.00     0.00
  366 G     0  -2   0  -1  -2  -2  -2   6  -2  -4  -4  -2  -3  -3  -2   0  -2  -2  -3  -3    0   0   0   0   0   0   0   0   0   0   0   0   0   0   0   0   0   0   0   0  0.00     0.00
  367 L    -1  -2  -3  -4  -1  -2  -3  -4  -3   2   4  -2   2   0  -3  -2  -1  -2  -1   1    0   0   0   0   0   0   0   0   0   0   0   0   0   0   0   0   0   0   0   0  0.00     0.00
  368 A     4  -1  -2  -2   0  -1  -1   0  -2  -1  -1  -1  -1  -2  -1   1   0  -2  -2   0    0   0   0   0   0   0   0   0   0   0   0   0   0   0   0   0   0   0   0   0  0.00     0.00
  369 G     0  -2   0  -1  -2  -2  -2   6  -2  -4  -4  -2  -3  -3  -2   0  -2  -2  -3  -3    0   0   0   0   0   0   0   0   0   0   0   0   0   0   0   0   0   0   0   0  0.00     0.00
  370 G     0  -2   0  -1  -2  -2  -2   6  -2  -4  -4  -2  -3  -3  -2   0  -2  -2  -3  -3    0   0   0   0   0   0   0   0   0   0   0   0   0   0   0   0   0   0   0   0  0.00     0.00
  371 A     4  -1  -2  -2   0  -1  -1   0  -2  -1  -1  -1  -1  -2  -1   1   0  -2  -2   0    0   0   0   0   0   0   0   0   0   0   0   0   0   0   0   0   0   0   0   0  0.00     0.00
  372 A     4  -1  -2  -2   0  -1  -1   0  -2  -1  -1  -1  -1  -2  -1   1   0  -2  -2   0    0   0   0   0   0   0   0   0   0   0   0   0   0   0   0   0   0   0   0   0  0.00     0.00
  373 S     1  -1   1   0  -1   0   0   0  -1  -2  -2   0  -1  -2  -1   4   1  -3  -2  -2    0   0   0   0   0   0   0   0   0   0   0   0   0   0   0   0   0   0   0   0  0.00     0.00
  374 A     4  -1  -2  -2   0  -1  -1   0  -2  -1  -1  -1  -1  -2  -1   1   0  -2  -2   0    0   0   0   0   0   0   0   0   0   0   0   0   0   0   0   0   0   0   0   0  0.00     0.00
  375 L    -1  -2  -3  -4  -1  -2  -3  -4  -3   2   4  -2   2   0  -3  -2  -1  -2  -1   1    0   0   0   0   0   0   0   0   0   0   0   0   0   0   0   0   0   0   0   0  0.00     0.00
  376 L    -1  -2  -3  -4  -1  -2  -3  -4  -3   2   4  -2   2   0  -3  -2  -1  -2  -1   1    0   0   0   0   0   0   0   0   0   0   0   0   0   0   0   0   0   0   0   0  0.00     0.00
  377 I    -1  -3  -3  -3  -1  -3  -3  -4  -3   4   2  -3   1   0  -3  -2  -1  -3  -1   3    0   0   0   0   0   0   0   0   0   0   0   0   0   0   0   0   0   0   0   0  0.00     0.00
  378 F    -2  -3  -3  -3  -2  -3  -3  -3  -1   0   0  -3   0   6  -4  -2  -2   1   3  -1    0   0   0   0   0   0   0   0   0   0   0   0   0   0   0   0   0   0   0   0  0.00     0.00
  379 G     0  -2   0  -1  -2  -2  -2   6  -2  -4  -4  -2  -3  -3  -2   0  -2  -2  -3  -3    0   0   0   0   0   0   0   0   0   0   0   0   0   0   0   0   0   0   0   0  0.00     0.00
  380 V     0  -2  -3  -3  -1  -2  -2  -3  -3   3   1  -2   1  -1  -2  -2   0  -3  -1   4    0   0   0   0   0   0   0   0   0   0   0   0   0   0   0   0   0   0   0   0  0.00     0.00
  381 F    -2  -3  -3  -3  -2  -3  -3  -3  -1   0   0  -3   0   6  -4  -2  -2   1   3  -1    0   0   0   0   0   0   0   0   0   0   0   0   0   0   0   0   0   0   0   0  0.00     0.00
  382 R    -1   5   0  -2  -3   1   0  -2   0  -3  -2   2  -1  -3  -2  -1  -1  -3  -2  -2    0   0   0   0   0   0   0   0   0   0   0   0   0   0   0   0   0   0   0   0  0.00     0.00
  383 L    -1  -2  -3  -4  -1  -2  -3  -4  -3   2   4  -2   2   0  -3  -2  -1  -2  -1   1    0   0   0   0   0   0   0   0   0   0   0   0   0   0   0   0   0   0   0   0  0.00     0.00
  384 V     0  -2  -3  -3  -1  -2  -2  -3  -3   3   1  -2   1  -1  -2  -2   0  -3  -1   4    0   0   0   0   0   0   0   0   0   0   0   0   0   0   0   0   0   0   0   0  0.00     0.00
  385 G     0  -2   0  -1  -2  -2  -2   6  -2  -4  -4  -2  -3  -3  -2   0  -2  -2  -3  -3    0   0   0   0   0   0   0   0   0   0   0   0   0   0   0   0   0   0   0   0  0.00     0.00
  386 S     1  -1   1   0  -1   0   0   0  -1  -2  -2   0  -1  -2  -1   4   1  -3  -2  -2    0   0   0   0   0   0   0   0   0   0   0   0   0   0   0   0   0   0   0   0  0.00     0.00
  387 G     0  -2   0  -1  -2  -2  -2   6  -2  -4  -4  -2  -3  -3  -2   0  -2  -2  -3  -3    0   0   0   0   0   0   0   0   0   0   0   0   0   0   0   0   0   0   0   0  0.00     0.00
  388 R    -1   5   0  -2  -3   1   0  -2   0  -3  -2   2  -1  -3  -2  -1  -1  -3  -2  -2    0   0   0   0   0   0   0   0   0   0   0   0   0   0   0   0   0   0   0   0  0.00     0.00
  389 T     0  -1   0  -1  -1  -1  -1  -2  -2  -1  -1  -1  -1  -2  -1   1   4  -2  -2   0    0   0   0   0   0   0   0   0   0   0   0   0   0   0   0   0   0   0   0   0  0.00     0.00
  390 A     4  -1  -2  -2   0  -1  -1   0  -2  -1  -1  -1  -1  -2  -1   1   0  -2  -2   0    0   0   0   0   0   0   0   0   0   0   0   0   0   0   0   0   0   0   0   0  0.00     0.00
  391 G     0  -2   0  -1  -2  -2  -2   6  -2  -4  -4  -2  -3  -3  -2   0  -2  -2  -3  -3    0   0   0   0   0   0   0   0   0   0   0   0   0   0   0   0   0   0   0   0  0.00     0.00
  392 R    -1   5   0  -2  -3   1   0  -2   0  -3  -2   2  -1  -3  -2  -1  -1  -3  -2  -2    0   0   0   0   0   0   0   0   0   0   0   0   0   0   0   0   0   0   0   0  0.00     0.00
  393 P    -1  -2  -2  -1  -3  -1  -1  -2  -2  -3  -3  -1  -2  -4   7  -1  -1  -4  -3  -2    0   0   0   0   0   0   0   0   0   0   0   0   0   0   0   0   0   0   0   0  0.00     0.00
  394 A     4  -1  -2  -2   0  -1  -1   0  -2  -1  -1  -1  -1  -2  -1   1   0  -2  -2   0    0   0   0   0   0   0   0   0   0   0   0   0   0   0   0   0   0   0   0   0  0.00     0.00
  395 L    -1  -2  -3  -4  -1  -2  -3  -4  -3   2   4  -2   2   0  -3  -2  -1  -2  -1   1    0   0   0   0   0   0   0   0   0   0   0   0   0   0   0   0   0   0   0   0  0.00     0.00
  396 Q    -1   1   0   0  -3   5   2  -2   0  -3  -2   1   0  -3  -1   0  -1  -2  -1  -2    0   0   0   0   0   0   0   0   0   0   0   0   0   0   0   0   0   0   0   0  0.00     0.00
  397 R    -1   5   0  -2  -3   1   0  -2   0  -3  -2   2  -1  -3  -2  -1  -1  -3  -2  -2    0   0   0   0   0   0   0   0   0   0   0   0   0   0   0   0   0   0   0   0  0.00     0.00
  398 R    -1   5   0  -2  -3   1   0  -2   0  -3  -2   2  -1  -3  -2  -1  -1  -3  -2  -2    0   0   0   0   0   0   0   0   0   0   0   0   0   0   0   0   0   0   0   0  0.00     0.00
  399 A     4  -1  -2  -2   0  -1  -1   0  -2  -1  -1  -1  -1  -2  -1   1   0  -2  -2   0    0   0   0   0   0   0   0   0   0   0   0   0   0   0   0   0   0   0   0   0  0.00     0.00
  400 T     0  -1   0  -1  -1  -1  -1  -2  -2  -1  -1  -1  -1  -2  -1   1   4  -2  -2   0    0   0   0   0   0   0   0   0   0   0   0   0   0   0   0   0   0   0   0   0  0.00     0.00
  401 E    -1   0   0   1  -4   2   5  -2   0  -3  -3   1  -2  -3  -1   0  -1  -3  -2  -2    0   0   0   0   0   0   0   0   0   0   0   0   0   0   0   0   0   0   0   0  0.00     0.00
  402 L    -1  -2  -3  -4  -1  -2  -3  -4  -3   2   4  -2   2   0  -3  -2  -1  -2  -1   1    0   0   0   0   0   0   0   0   0   0   0   0   0   0   0   0   0   0   0   0  0.00     0.00
  403 S     1  -1   1   0  -1   0   0   0  -1  -2  -2   0  -1  -2  -1   4   1  -3  -2  -2    0   0   0   0   0   0   0   0   0   0   0   0   0   0   0   0   0   0   0   0  0.00     0.00
  404 E    -1   0   0   1  -4   2   5  -2   0  -3  -3   1  -2  -3  -1   0  -1  -3  -2  -2    0   0   0   0   0   0   0   0   0   0   0   0   0   0   0   0   0   0   0   0  0.00     0.00
  405 P    -1  -2  -2  -1  -3  -1  -1  -2  -2  -3  -3  -1  -2  -4   7  -1  -1  -4  -3  -2    0   0   0   0   0   0   0   0   0   0   0   0   0   0   0   0   0   0   0   0  0.00     0.00
  406 A     4  -1  -2  -2   0  -1  -1   0  -2  -1  -1  -1  -1  -2  -1   1   0  -2  -2   0    0   0   0   0   0   0   0   0   0   0   0   0   0   0   0   0   0   0   0   0  0.00     0.00
  407 M    -1  -1  -2  -3  -1   0  -2  -3  -2   1   2  -1   5   0  -2  -1  -1  -1  -1   1    0   0   0   0   0   0   0   0   0   0   0   0   0   0   0   0   0   0   0   0  0.00     0.00
  408 S     1  -1   1   0  -1   0   0   0  -1  -2  -2   0  -1  -2  -1   4   1  -3  -2  -2    0   0   0   0   0   0   0   0   0   0   0   0   0   0   0   0   0   0   0   0  0.00     0.00
  409 C     0  -3  -3  -3   8  -3  -4  -2  -3  -1  -1  -3  -1  -2  -3  -1  -1  -2  -2  -1    0   0   0   0   0   0   0   0   0   0   0   0   0   0   0   0   0   0   0   0  0.00     0.00

                      K         Lambda
Standard Ungapped    0.1362     0.3186
Standard Gapped      0.0402     0.2670
PSI Ungapped         0.1313     0.3169
PSI Gapped           0.0402     0.2670
