
Last position-specific scoring matrix computed, weighted observed percentages rounded down, information per position, and relative weight of gapless real matches to pseudocounts
            A   R   N   D   C   Q   E   G   H   I   L   K   M   F   P   S   T   W   Y   V   A   R   N   D   C   Q   E   G   H   I   L   K   M   F   P   S   T   W   Y   V
    1 G     0  -2   0  -1  -2  -2  -2   6  -2  -4  -4  -2  -3  -3  -2   0  -2  -2  -3  -3    0   0   0   0   0   0   0   0   0   0   0   0   0   0   0   0   0   0   0   0  0.00     0.00
    2 N    -2   0   6   1  -3   0   0   0   1  -3  -3   0  -2  -3  -2   1   0  -4  -2  -3    0   0   0   0   0   0   0   0   0   0   0   0   0   0   0   0   0   0   0   0  0.00     0.00
    3 T     0  -1   0  -1  -1  -1  -1  -2  -2  -1  -1  -1  -1  -2  -1   1   4  -2  -2   0    0   0   0   0   0   0   0   0   0   0   0   0   0   0   0   0   0   0   0   0  0.00     0.00
    4 I    -1  -3  -3  -3  -1  -3  -3  -4  -3   4   2  -3   1   0  -3  -2  -1  -3  -1   3    0   0   0   0   0   0   0   0   0   0   0   0   0   0   0   0   0   0   0   0  0.00     0.00
    5 S     1  -1   1   0  -1   0   0   0  -1  -2  -2   0  -1  -2  -1   4   1  -3  -2  -2    0   0   0   0   0   0   0   0   0   0   0   0   0   0   0   0   0   0   0   0  0.00     0.00
    6 V     0  -2  -3  -3  -1  -2  -2  -3  -3   3   1  -2   1  -1  -2  -2   0  -3  -1   4    0   0   0   0   0   0   0   0   0   0   0   0   0   0   0   0   0   0   0   0  0.00     0.00
    7 G     0  -2   0  -1  -2  -2  -2   6  -2  -4  -4  -2  -3  -3  -2   0  -2  -2  -3  -3    0   0   0   0   0   0   0   0   0   0   0   0   0   0   0   0   0   0   0   0  0.00     0.00
    8 F    -2  -3  -3  -3  -2  -3  -3  -3  -1   0   0  -3   0   6  -4  -2  -2   1   3  -1    0   0   0   0   0   0   0   0   0   0   0   0   0   0   0   0   0   0   0   0  0.00     0.00
    9 C     0  -3  -3  -3   8  -3  -4  -2  -3  -1  -1  -3  -1  -2  -3  -1  -1  -2  -2  -1    0   0   0   0   0   0   0   0   0   0   0   0   0   0   0   0   0   0   0   0  0.00     0.00
   10 V     0  -2  -3  -3  -1  -2  -2  -3  -3   3   1  -2   1  -1  -2  -2   0  -3  -1   4    0   0   0   0   0   0   0   0   0   0   0   0   0   0   0   0   0   0   0   0  0.00     0.00
   11 G     0  -2   0  -1  -2  -2  -2   6  -2  -4  -4  -2  -3  -3  -2   0  -2  -2  -3  -3    0   0   0   0   0   0   0   0   0   0   0   0   0   0   0   0   0   0   0   0  0.00     0.00
   12 V     0  -3  -3  -3  -1  -2  -3  -3  -3   3   1  -2   1  -1  -3  -2   0  -3  -1   4    0   0   0   0   0   0   0   0   0   0   0   0   0   0   0   0   0   0   0 100  0.35 0.00
   13 T     1  -1   0  -1  -1   0  -1  -1  -1  -2  -2   0  -1  -2  -1   3   4  -3  -2  -1    0   0   0   0   0   0   0   0   0   0   0   0   0   0   0  50  50   0   0   0  0.39 0.00
   14 V    -1  -3  -3  -4  -2  -3  -3  -3  -2   2   1  -3   0   5  -3  -2  -1   0   2   3    0   0   0   0   0   0   0   0   0   0   0   0   0  50   0   0   0   0   0  50  0.35 0.00
   15 S     0   4   0  -1  -2   1   0  -1  -1  -3  -2   1  -2  -3  -2   3   0  -3  -2  -2    0  50   0   0   0   0   0   0   0   0   0   0   0   0   0  50   0   0   0   0  0.40 0.00
   16 G     3  -2  -1  -2  -1  -1  -2   4  -2  -2  -3  -1  -2  -3  -2   1  -1  -3  -3  -1   50   0   0   0   0   0   0  50   0   0   0   0   0   0   0   0   0   0   0   0  0.52 0.00
   17 A     3  -2  -2  -3  -1  -2  -2  -1  -2   1   0  -2   0  -2  -2   0   0  -3  -2   3   50   0   0   0   0   0   0   0   0   0   0   0   0   0   0   0   0   0   0  50  0.21 0.00
   18 A     4  -2  -2  -2  -1  -1  -1   0  -2  -2  -2  -1  -1  -2  -1   1   0  -3  -2   0  100   0   0   0   0   0   0   0   0   0   0   0   0   0   0   0   0   0   0   0  0.44 0.02
   19 M    -1   2  -2  -3  -2   0  -2   1  -2   0   1   0   5  -1  -3  -1  -1  -2  -2   0    0  24   0   0   0   0   0  17   0   0   0   0  60   0   0   0   0   0   0   0  0.25 0.04
   20 T     2  -1   0  -1  -1  -1  -1  -1  -2  -2  -2  -1  -1  -3  -1   3   3  -3  -2  -1   21   0   0   0   0   0   0   0   0   0   0   0   0   0   0  47  32   0   0   0  0.38 0.04
   21 S     0  -1   4   0  -2   0   1  -1  -1  -1  -2  -1  -1  -3  -2   2   0  -3  -2   1    0   0  34   0   0   0  14   0   0   0   0   0   0   0   0  31   0   0   0  21  0.25 0.03
   22 Q     1   0   0  -1  -2   2   1  -1  -1  -2  -2   2   1  -3  -1   2   0  -3  -2  -2   15   0   0   0   0  13  10   0   0   0   0  22  12   0   0  29   0   0   0   0  0.24 0.04
   23 G     2  -2  -1  -1  -2  -1   0   4  -2   0  -2  -1  -2  -3  -2   1  -1  -3  -3  -1   29   0   0   0   0   0  10  40   0  12   0   0   0   0   0  10   0   0   0   0  0.34 0.04
   24 K     0   3   2  -1  -3   0   0  -1  -1  -1  -2   3  -1  -3  -2   1   0  -3  -2  -2    8  19  15   0   0   0   0   0   0   8   0  35   0   0   0  15   0   0   0   0  0.28 0.05
   25 P     2  -2  -1  -1  -1  -1  -1  -1  -2   0  -2  -1  -1  -3   3   2   2  -3  -2  -1   25   0   0   0   0   0   0   0   0  10   0   0   0   0  19  32  14   0   0   0  0.37 0.05
   26 E    -1  -2   0   4  -3   0   3  -2  -1  -3  -4  -1  -3  -4   5   1  -1  -4  -3  -3    0   0   0  32   0   0  22   0   0   0   0   0   0   0  32  14   0   0   0   0  0.74 0.07
   27 C     1  -2  -1  -2   6  -1  -2  -1  -2  -2  -2  -1  -2  -2   2   3   0  -2   1  -2   15   0   0   0  28   0   0   0   0   0   0   0   0   0  10  40   0   0   7   0  0.44 0.07
   28 G    -1  -3  -2  -3  -2  -2  -3   4  -3   1   1  -2   2  -1  -3  -1  -1  -3  -2   2    0   0   0   0   0   0   0  40   0  10  12   0   9   0   0   0   0   0   0  29  0.31 0.06
   29 A     0  -3  -3  -3  -2  -2  -2  -3  -2   2   1  -2   0  -1   4  -1  -1  -2   1   2   10   0   0   0   0   0   0   0   0  12  11   0   0   0  24   0   0   0   9  34  0.36 0.06
   30 T    -1  -2  -2  -3  -1  -2  -2  -3  -3   3   0  -2   0  -2  -2   0   4  -3  -2   2    0   0   0   0   0   0   0   0   0  37   0   0   0   0   0   0  46   0   0  16  0.37 0.09
   31 G     0  -2  -1  -1  -3  -1   0   3   3  -2  -2  -1   0  -3   3   0  -1  -3  -2   0    0   0   0   0   0   0   9  31  12   0   0   0   6   0  18  11   0   0   0  12  0.34 0.05
   32 G    -2  -2   1   5  -4  -1   0   2  -2  -4  -4  -2  -3  -3  -2  -1  -2   5  -2  -4    0   0   7  61   0   0   0  20   0   0   0   0   0   0   0   0   0  12   0   0  0.80 0.11
   33 E    -1  -1   2   3  -3   0   2  -2  -1  -2  -1   1  -1  -3  -2   1   0  -3  -2  -2    0   0  16  21   0   0  21   0   0   0  12  11   0   0   0  20   0   0   0   0  0.30 0.06
   34 W    -1  -2  -1   0  -3  -1   2   2   3  -2  -2  -1  -2   1  -3  -1   0   7   0  -1    0   0   0   6   0   0  20  20  10   0   0   0   0   7   0   0   7  21   0   9  0.41 0.08
   35 R    -1   4  -1   0  -3   1   1  -2  -1  -3  -3   2  -2   0   1   0   0  -3  -2  -3    0  42   0   5   0   4  10   0   0   0   0  10   0   6   8   8   7   0   0   0  0.38 0.08
   36 A     0   1  -2  -2  -3  -2  -2   5  -2  -1  -3  -1  -3  -3   2  -1  -2  -3   0  -3    6  14   0   0   0   0   0  55   0   7   0   0   0   0  13   0   0   0   5   0  0.63 0.15
   37 A     2   0   2   2  -3  -1  -1   0  -1  -3  -3  -1  -2  -1   0   0  -1  -1   4  -2   23   7  12  15   0   0   0   7   0   0   0   0   0   0   5   7   0   0  25   0  0.27 0.11
   38 A     0  -2  -1   4  -3  -2   0  -3  -1  -2  -2  -2  -2   2  -3  -1   2  -1   5  -2   10   0   0  34   0   0   3   0   0   0   0   0   0   7   0   0  17   0  29   0  0.47 0.16
   39 L    -1  -2  -2   0  -2  -1   2  -3  -2   1   2  -1   0  -1   1  -1  -1  -3  -2   0    1   0   0   5   0   0  27   1   0   7  38   0   0   0   7   6   0   0   0   6  0.21 0.09
   40 F    -1  -2   0   4  -3  -1  -1  -2  -1  -2   0   0  -1   2  -2  -1  -2  -1   4  -2    7   0   4  34   0   0   0   1   0   0  11   7   0  12   0   1   0   0  20   0  0.31 0.11
   41 M    -2  -3  -2   0  -2  -2  -2  -3  -2   1   2  -3   2   4  -3  -1  -2  -1   2   1    1   0   0   7   0   0   0   0   0  11  21   0  11  30   0   4   0   0   6   6  0.29 0.10
   42 R    -1   1  -2  -2   1  -2  -2  -3  -2   0   0  -1  -1   4   1  -1   1  -1   0   1    1  12   1   1   5   1   1   1   0   1   6   1   0  31   7   1  13   0   0  18  0.20 0.09
   43 I     0  -2  -1   0   2  -1  -1  -2   1   1  -1  -2   0   0   2   0   1  -2  -1   1    6   1   1   6   5   1   1   1   7  16   1   1   4   6  11   6  14   0   0  14  0.11 0.06
   44 S    -1  -1   0  -1  -2  -1   1  -2  -1   0   0   0  -1  -2   3   2   0  -3   0   0    1   1   6   1   0   1  14   1   0   9  10   6   0   0  16  25   1   0   3   6  0.20 0.08
   45 P    -2  -3  -3  -3  -4  -2  -2  -1  -3  -1  -3  -2  -3  -4   8   0  -2  -4  -4  -3    1   1   0   1   0   0   1   6   0   5   1   1   0   0  76   6   1   0   0   1  1.75 0.33
   46 E    -1   1   2   0  -3   0   1  -1   6  -1  -2   0  -2  -2  -2  -1  -1  -3   1  -1    5   7  12   6   0   1   8   5  31   5   1   6   0   0   1   1   1   0   4   5  0.34 0.14
   47 I    -2   0  -2  -3   4  -2   0  -1   2   2  -1  -1  -1   0   0  -2  -2  -1   5   0    0   7   0   0  10   0   8   5   6  20   1   3   0   0   4   0   0   0  29   4  0.34 0.19
   48 A     1  -1  -1   1   1  -1   0  -2   1   0   0   1  -1   0   1  -1  -1  -2   2   0   13   0   0  12   3   0   5   0   5   4  12  11   0   4   7   0   0   0  12   8  0.08 0.08
   49 P    -2   1  -1   3   0  -1   3   0  -2  -4  -4   1  -3  -4   5   0  -2  -4  -4  -4    0   6   0  16   3   0  22   7   0   0   0   9   0   0  30   4   0   0   0   0  0.68 0.23
   50 L    -3  -4  -3   3  -1  -3   0  -5   0  -1   0  -3   8   0  -2  -3  -3  -4   0   0    1   0   0  20   1   0   6   0   3   2   7   0  45   3   1   0   0   0   3   7  0.89 0.43
   51 V     0  -1  -2  -2  -2  -1  -1  -2  -2   2   2   0   2  -2  -1   2   1  -3  -1   0    5   2   1   1   0   1   3   1   1  19  20   7   6   0   2  19   8   0   2   3  0.17 0.16
   52 Q    -1   1  -1   1   1   2   3  -3  -2  -4  -4   4  -3  -4  -1   0   1  -4  -3  -3    4   6   2   9   3   7  25   0   0   0   0  28   0   0   2   4   9   0   0   0  0.52 0.27
   53 Q     0   2  -1   0  -1   1   0   0  -1  -4  -4   4  -3  -2   1   1  -2  -4   0  -4    5   9   1   4   2   5   6   6   1   0   0  37   0   2   6  11   0   0   4   0  0.43 0.26
   54 I    -2  -3  -4  -4  -3  -1   0  -3  -3   3   0  -3   0   2  -4  -2   0  -3   2   4    1   0   0   0   0   3   7   2   0  18   7   1   1   9   0   1   7   0   7  34  0.41 0.25
   55 L    -2  -4  -4  -3  -3  -4  -3  -5  -1   4   3  -4   1   2  -2  -4  -1  -3  -1   2    1   0   0   1   0   0   2   0   2  27  34   0   2   8   2   0   3   0   2  15  0.59 0.29
   56 F    -2  -4  -4  -5  -3  -4  -4  -4  -4   3   3  -2   4   0  -2  -3  -3  -4  -1   3    1   0   0   0   0   0   0   1   0  21  28   3  11   4   1   1   0   0   2  23  0.61 0.30
   57 T    -2   0   2   4  -4  -1  -1  -2   0  -4  -4  -2  -4  -5   1   2   3  -5  -4  -4    1   5   8  26   0   2   3   1   2   0   0   1   0   0   8  18  22   0   0   0  0.60 0.34
   58 E     1  -3   0   1  -4   1   4  -1   3  -5  -4  -1  -2  -4   0  -1  -2   7  -3  -4   15   0   4   7   0   5  26   5   7   0   0   2   1   0   4   4   2  16   0   0  0.64 0.35
   59 A     1  -2   0   4  -4   0   3   0  -3  -2  -3   1  -1  -4   2  -1  -1  -5  -4  -2   11   1   3  23   0   4  19   8   0   2   1   8   2   0   9   2   3   0   0   3  0.39 0.24
   60 D     0  -2   0   3  -4   3   2  -2  -3  -2  -1  -1   2  -2  -2   0   0  -4  -4  -1    9   1   3  20   0  14  16   3   0   1   7   1   8   1   2   5   4   0   0   5  0.32 0.25
   61 L    -2  -5  -3  -5  -4  -4  -2  -6  -5   5   2  -5   4   2  -5  -4  -1  -4  -3   2    2   0   1   0   0   0   3   0   0  40  21   0   9   8   0   0   3   0   0  12  0.83 0.39
   62 L     0   3  -1  -1  -4   4   0  -2   3  -2  -1   2   0  -1  -3  -1  -1   2  -2  -1    6  15   2   3   0  20   5   2   8   2   5  15   2   2   0   3   4   3   0   4  0.32 0.23
   63 Q     0   5  -1   1  -4   0   1  -3  -2   0  -2   1   0  -4  -3   0   0  -4  -2  -3    8  37   3   7   0   3   9   1   0   6   3   5   2   0   0   6   5   0   1   1  0.47 0.29
   64 R     3   3  -2   0  -3  -1  -2  -2   2  -2  -2   1  -2  -2  -1   0   2  -4  -1  -1   25  20   0   5   0   2   1   1   5   1   3   7   1   1   3   4  13   0   3   3  0.29 0.23
   65 A     1  -4  -4  -4   2  -3  -3  -4  -4   3   2  -3   2  -1  -3  -1   2  -4  -3   1   14   0   0   0   4   0   1   0   0  20  24   0   6   2   1   5  12   0   0   8  0.40 0.25
   66 A     1   3  -2  -1  -4   0   2  -1  -3  -2  -3   1  -2  -4  -2   0   3  -4  -3  -1   10  20   0   2   0   3  17   3   0   2   0   7   1   0   1   6  22   0   1   5  0.39 0.28
   67 K    -1   6  -2  -3  -6  -1   4  -2  -1  -3  -3   3  -4  -5  -4  -2  -4  -6  -2  -5    6  39   2   1   0   1  24   3   1   1   2  17   0   0   0   1   0   0   1   0  0.95 0.47
   68 I    -3  -5  -6  -6   0  -5  -6  -6  -6   5   4  -4   4  -3  -6  -4  -3  -5  -4   0    1   0   0   0   2   0   0   0   0  36  45   1   9   0   0   1   1   0   0   3  1.19 0.51
   69 A     5  -3  -3  -3   1  -3  -1   2  -4  -2  -2  -2  -1  -2  -4   1   0  -5  -4  -2   50   1   1   1   2   1   4  13   0   2   3   2   1   2   0  10   6   0   0   2  0.66 0.40
   70 E     0   2  -1  -2  -2   1   1  -3   6  -4  -4   2  -1  -3  -4  -1   0   3   3  -3    7  11   2   2   1   6  10   1  20   0   0  11   2   0   0   4   6   4  11   2  0.52 0.32
   71 E    -1   2  -2   1  -5   3   5  -3   0  -3  -4   0  -2  -5   2  -3  -3   0  -2  -3    5  10   1   8   0  12  37   1   2   1   1   4   1   0  12   0   1   1   1   1  0.67 0.38
   72 L    -4  -5  -6  -6  -4  -2  -6  -6  -6   7   3  -4  -1  -2  -6  -5  -4  -5  -4   1    1   0   0   0   0   2   0   0   0  59  25   1   1   1   0   0   0   0   0   9  1.39 0.56
   73 T     2  -2  -3  -1   0  -2  -1  -2  -2   3   1  -1   1  -2  -2  -1   2  -4  -3   1   17   1   0   4   2   0   3   3   1  18  14   4   4   1   1   3  12   0   0  10  0.19 0.18
   74 K    -1   1  -2   1  -6  -1   6  -3  -1  -5  -5   3  -5  -3  -1  -1  -3  -5  -5  -4    4   7   1   8   0   1  48   2   1   0   1  17   0   1   3   3   1   0   0   1  0.90 0.47
   75 H    -1   4   0   2  -4   1   0  -3   1  -2  -4   3  -1  -2  -3  -1   0  -1   1  -1    5  21   3  13   0   6   4   1   3   2   0  18   2   2   0   2   7   1   5   5  0.35 0.24
   76 Y    -2  -3   4  -1  -4  -2  -2  -3   2   1  -2  -3   0   2  -4  -2   1   3   5  -1    3   0  22   4   0   1   2   1   4   8   3   1   3   6   0   2   8   3  23   3  0.55 0.32
   77 R     0   2   0  -2   0   2   1  -1   0  -1  -2   4  -2   0  -1  -1  -1  -4  -3  -2    8   9   3   1   3   8   7   5   2   4   4  30   0   4   2   4   3   0   0   1  0.29 0.21
   78 K     0  -1   1   2  -1   0   1   3  -1  -2  -2   0  -1  -2  -1   0  -1   2  -2  -2    6   2   6  14   1   4   9  21   1   3   5   6   2   1   3   6   3   3   1   1  0.19 0.13
   79 V     0   0   0   0   1   0   0  -1  -2   1   1   1   0   0   0  -1   0   0   0   0    7   3   3   6   3   2   5   5   0   9  14  13   2   3   3   3   5   1   3   8  0.01 0.04
   80 L     0  -1   1   1  -2  -1   0   1  -1   0   0   0   0  -1   0   0   0   0   0   0    6   2   8  11   0   2   4  10   2   6  11   5   1   3   5   5   3   1   3  10  0.03 0.03
   81 R     0   0  -1   0  -1   0   0   0  -1   0   0   0   0   0   0   0   0  -1  -1   0   10   5   2   7   1   3   4   7   2   8  13   8   2   4   3   6   5   1   2   7  0.01 0.01
   82 P     1  -1   1   2  -1   0   0   1  -1  -1  -1   0  -1  -2   1   1   0   0  -1  -1   11   3   6  14   1   5   5   9   2   3   6   6   1   1   6   9   7   2   2   4  0.09 0.05
   83 G     0   0   0   0  -2   0  -1   4  -1  -1  -1   0  -2  -2  -1   0  -1  -2  -2  -1    6   5   3   5   1   3   4  33   1   4   8   6   1   1   3   4   3   0   1   5  0.24 0.11
   84 E    -2   1   1   1  -3   1   3  -2   0  -2  -3   4  -2  -3  -1   0  -1  -1  -2  -2    2   5   8   7   1   4  20   3   3   2   2  26   1   1   2   5   3   1   1   3  0.34 0.18
   85 P    -1  -1   3   3  -3  -1   0  -2   0  -2  -3   3  -3  -1   2  -2  -1  -1  -3  -2    4   3  16  19   0   2   6   2   2   2   2  21   0   3   9   1   2   1   1   3  0.39 0.22
   86 L    -2  -2  -3   0  -1  -2  -2  -3  -3   2   3  -3   1  -1   2  -3  -1  -1  -2   2    2   2   1   8   1   2   2   1   0  14  30   1   2   1  10   1   3   1   1  17  0.35 0.20
   87 V     2  -3  -4  -3  -2  -3  -4  -2  -1   1   0  -3   1  -1  -4  -2   1  -4   1   4   16   1   0   1   1   0   1   4   1   7   7   1   3   2   0   2   8   0   5  38  0.46 0.29
   88 V    -3  -6  -6  -6  -1  -5  -6  -6  -6   5   3  -6   0   0  -6  -5  -3  -5  -3   4    2   0   0   0   1   0   0   0   0  33  26   0   2   3   0   0   1   0   1  31  1.11 0.49
   89 V     0  -6  -6  -6  -2  -6  -6  -6  -6   4   1  -6  -1  -4  -6  -5  -4  -6  -5   6    9   0   0   0   1   0   0   0   0  22  14   0   1   0   0   0   0   0   0  52  1.26 0.56
   90 G     2  -5  -4  -5   3  -5  -5   6  -5  -6  -6  -5  -5  -6   3   1  -1  -6  -6  -5   13   0   0   0   5   0   0  51   0   0   0   0   0   0  13  12   4   0   0   0  1.20 0.56
   91 L    -5  -7  -7  -7  -5  -6  -7  -7  -7   7  -1  -6  -2  -5   3  -6  -3  -7  -5   3    0   0   0   0   0   0   0   0   0  60   4   0   0   0  16   0   1   0   0  18  1.67 0.70
   92 L     1   0  -3   2  -4  -1   1  -4   1  -2   3   2  -1  -3  -1   0   0  -4  -2  -2   11   5   0  13   0   1   9   0   4   0  28  12   1   0   2   7   5   0   2   1  0.26 0.25
   93 K     0   5  -2  -4  -5  -3  -3  -5  -1   0  -3   2  -3  -5  -4   1   3  -6  -2  -1    8  35   2   0   0   0   1   0   1   5   3  13   1   0   1   9  18   0   1   3  0.71 0.44
   94 G     3   5  -3  -5  -6  -3  -5   5  -5  -6  -6  -3   0  -6  -5   0  -2  -6  -6  -6   20  27   1   0   0   1   0  41   0   0   0   0   2   0   0   7   2   0   0   0  1.15 0.58
   95 A     0  -3  -5  -6  -2  -6  -7   7  -7  -8  -8  -6  -7  -8  -7   0  -6  -7  -8  -7    9   2   0   0   1   0   0  83   0   0   0   0   0   0   0   6   0   0   0   0  2.18 0.87
   96 L    -1  -3  -2  -4  -4  -4  -3  -6  -5   3   3  -5   0   3  -5  -4  -2  -4   0   4    4   1   2   1   0   0   1   0   0  16  25   0   2  12   0   0   2   0   3  30  0.71 0.38
   97 P    -2  -3  -3  -4  -5  -4  -2   2   0   2  -2  -1  -1   1   5  -3  -2   1   0   1    2   1   1   0   0   0   3  17   2  11   3   5   2   6  28   1   2   2   4  12  0.55 0.34
   98 F    -4   1  -5  -5  -4  -4  -4  -5  -3   1   3  -4   3   4   2  -4  -4  -4  -1   0    1   9   0   0   0   0   0   1   1   8  32   0   8  20  12   1   0   0   1   4  0.73 0.38
   99 M     6  -5  -5  -5  -1  -5  -5   0  -3  -2  -1  -5   5  -2  -5  -1  -2  -6  -4   0   57   0   0   0   1   0   0   7   1   1   5   0  14   1   0   3   2   0   0   6  1.08 0.58
  100 N     2   2   0   1  -4   0   1  -2   1  -3  -3   0  -1  -4  -2   0   2  -4   0  -1   21  12   4   8   0   4   9   2   3   0   1   5   1   0   1   5  14   0   4   4  0.25 0.23
  101 E     0   3  -2   2  -3  -1   1   1  -3   0   0  -1   1  -3  -1  -1  -2  -4  -3  -1    9  18   0  13   0   1   9  13   0   7   8   3   4   1   3   4   2   0   0   4  0.19 0.19
  102 I    -3  -3  -6  -6  -4  -5  -5  -1  -6   4   4  -5   4  -1  -4  -5  -2  -1  -3   2    1   2   0   0   0   0   0   5   0  22  40   0  10   2   1   0   3   1   0  13  0.85 0.44
  103 I     5  -3  -5  -5   0   0  -4  -2  -5   1   1  -3   0  -3  -5   1  -2  -5  -5   0   48   1   0   0   2   4   0   2   0   6  14   1   3   1   0  10   1   0   0   6  0.68 0.44
  104 F    -1   4   0   2  -2   0   3  -4  -2  -3  -1   2  -3  -3  -4  -1  -2  -5   0  -3    5  24   4   9   1   3  19   0   0   1   8  13   0   1   0   3   2   0   3   2  0.45 0.31
  105 R     0   3  -1  -2  -5   1   3  -2   4  -3  -1   2  -1  -1  -3  -1  -2  -4   1  -2    7  16   3   1   0   6  21   2  11   1   5  10   1   2   0   3   2   0   4   3  0.38 0.28
  106 L    -4  -5  -5  -6  -3  -5  -5  -6  -6   4   5  -5   2   0  -6  -4  -1  -5  -2   1    1   0   1   0   0   0   1   0   0  27  49   0   4   4   0   1   3   0   1   7  1.06 0.49
  107 A    -1  -1   1   3  -3  -1   2   3  -1  -2  -4   1  -2  -5   2  -1  -2  -5  -4  -2    5   2   7  15   1   2  12  23   1   3   1   8   1   0  11   4   1   0   0   3  0.39 0.26
  108 V     0  -2  -2  -2   1  -2  -1  -3  -3   3   1   0  -1  -2   1  -1   1  -3  -2   3   10   2   1   2   2   1   3   2   0  17  11   7   1   1   6   3   8   0   1  21  0.21 0.16
  109 P    -1   1  -1   0  -4   0   0  -1   1  -3  -3  -2  -2  -3   6   0  -2  -4  -2  -3    5   9   3   5   0   3   5   5   3   2   2   2   1   1  40   7   2   0   2   2  0.75 0.34
  110 T     2  -1  -2  -3   1  -3  -3  -2   1   1   2  -3   2   1  -1  -1   0  -3  -1   2   17   3   1   1   3   0   1   2   4   6  20   1   5   6   3   4   7   0   2  16  0.20 0.17
  111 V     0   2  -2  -2  -3   0   1   3  -2  -1  -3   1  -1  -2  -2   0  -1  -3  -2   0    9  11   1   1   0   3  10  25   0   3   2  10   2   2   2   6   3   0   2   6  0.25 0.18
  112 L     0  -4  -2  -2  -2  -3  -1  -3  -4   4   0  -3   1  -1  -3  -2   0  -2  -1   4    8   0   2   2   1   1   5   2   0  22   9   1   3   2   1   3   5   0   2  31  0.45 0.27
  113 E    -1  -2  -2   3  -3  -2   1   2  -2   1   1  -2  -2  -3  -1  -1  -2  -4  -1   0    4   2   1  16   0   0  12  19   1  10  16   2   0   0   3   3   1   0   2   7  0.24 0.20
  114 Y    -2   0  -2   4  -3  -3  -1  -3   4  -1  -3  -2  -3   4  -3  -2   1  -3   2  -1    3   5   1  26   0   1   3   2  12   3   2   2   0  17   1   1  10   0   7   4  0.58 0.34
  115 I    -2  -4  -5  -5  -4  -4  -4  -5  -2   5   0   1   3  -3  -2  -3  -1  -5  -4   4    2   1   0   0   0   0   1   1   1  37   7  10   8   0   2   2   3   0   0  24  0.81 0.42
  116 S    -1   2  -2   0   4  -1  -2   2  -4  -2  -3  -2  -2  -4   1   0   3   0  -4  -1    4  14   1   5  10   2   2  16   0   2   2   1   1   0   7   8  20   2   0   3  0.37 0.28
  117 V     0  -2  -3  -3  -1  -2  -2  -3  -2   3   2   0   2   1  -2  -2  -2  -3   0   2    8   2   1   1   1   1   2   2   1  15  25   6   6   5   2   1   2   0   4  16  0.28 0.20
  118 H     1  -1  -4  -4  -4  -2  -1  -1   2  -3  -4   2  -3   0  -2   2  -2  -3   6  -4   11   3   0   0   0   1   4   5   5   1   1  12   0   3   2  17   2   0  32   1  0.72 0.43
  119 S    -2   6  -3  -2  -1   0  -1  -2   1  -2  -4   0  -1  -2  -3   3  -3  -5  -4  -3    2  40   0   2   1   3   3   3   3   3   1   4   2   2   1  26   1   0   0   2  0.81 0.47
  120 Y    -5  -2  -4   5  -6  -3  -2  -4  -2  -2  -2  -3  -3   1  -3  -3  -4   0   7  -3    0   2   0  35   0   1   2   2   0   3   5   2   1   5   1   1   1   1  37   2  1.26 0.60
  121 E    -2   1   0   5  -2  -1   2   0   5  -5  -4  -1  -4  -3   0  -1  -3  -5  -1  -3    3   8   3  32   1   2  13   7  13   0   1   3   0   1   4   5   0   0   2   1  0.65 0.36
  122 G    -1  -1   1   1  -3  -1   0   1   2  -1   1   0  -1  -1   0  -1  -1   0  -1  -1    4   2   6   8   0   2   6  14   6   3  20   6   1   2   4   3   4   2   2   4  0.07 0.09
  123 T    -1  -1  -1   3  -3   0   2  -2  -1  -2  -2   0   0  -3   0   0   3  -4  -1  -1    5   3   1  17   0   3  14   2   1   1   3   6   2   1   4   7  23   0   2   3  0.32 0.22
  124 E    -2   2   1   0  -3   1   3  -3   2  -2   0   1  -1  -1  -2  -1  -1  -4   1  -1    3  10   6   5   1   7  18   1   5   1  12  10   1   2   1   2   3   0   6   5  0.20 0.17
  125 S    -1   0   0  -1  -2   0   1   0   2   0  -2   1  -2  -2   1   2   1  -4  -2   0    3   4   5   2   1   5   8   7   6   5   3   9   0   2   6  17  12   0   1   6  0.13 0.12
  126 T     0   1   0  -1  -2   2   1  -1  -1  -2   0   1   0  -2   1   1   1  -4  -1  -2    6   7   3   2   1  13   8   4   1   2  12   7   2   2   8  11  10   0   1   2  0.14 0.13
  127 G    -1   1   0   1  -4   0   1   3   2  -3  -3   1  -3  -1   0   0  -1  -1  -2  -2    5   7   4   8   0   4   8  27   6   2   3   8   0   2   5   5   3   1   1   2  0.26 0.16
  128 Q    -3   1   1   2  -5   2   3  -1   1  -3  -4  -1  -3  -4   3  -1   0  -4   0  -2    1   7   6  12   0   9  23   4   4   1   0   2   0   0  14   3   7   0   3   3  0.44 0.25
  129 I     0  -3  -3  -1  -3  -2  -1  -2  -3   2   1  -3   2  -1   1  -2   0  -4   0   3    6   1   1   3   0   1   3   3   1   9  14   1   7   2   8   2   6   0   4  29  0.27 0.19
  130 S    -1   1   0  -1  -4   2   2   0  -1  -2  -2   2  -1  -1   2   0   0  -4   0   0    4   7   4   2   0   8  17   7   1   2   3  13   1   2   9   5   7   0   3   6  0.18 0.14
  131 I    -1  -3  -3  -3  -3  -1  -1  -1  -1   4   0  -2   1   0  -3  -2   0  -3   4   3    3   1   1   1   0   2   4   5   1  23   7   1   3   3   1   3   4   0  14  22  0.36 0.23
  132 R    -1   1  -1  -2  -3   0   0  -2   1   1   1   1   0   1  -1  -1  -1  -2   2   0    4   7   3   1   0   3   7   2   4  11  18  13   2   8   2   2   2   0   7   6  0.10 0.11
  133 H    -1   0  -1  -2   0   0   0   1   0  -1  -1   2   1  -1  -2   1   1  -3   0  -2    4   3   2   1   2   2   5  11   2   3   7  20   5   3   2  13   8   0   4   2  0.12 0.12
  134 D     0   1   1   3  -3   1   1   1   0  -2  -3   2  -3  -3  -2   0  -1  -4   0  -2    6   8   6  20   0   5   9   9   3   2   2  14   0   0   1   6   2   0   3   3  0.27 0.16
  135 M     0  -3   0  -1  -3  -2  -1  -2  -2   3   2  -1   2   0   0  -2  -1  -4  -3   1   11   0   6   3   0   1   3   3   1  19  22   3   6   3   4   1   3   0   0  11  0.21 0.16
  136 D    -1  -2  -1   2  -2  -1   0  -1  -3   0  -2  -2  -1   2   5   0  -1  -3  -2  -1    4   2   3  13   1   2   7   5   0   7   3   1   1  10  27   7   3   0   1   4  0.37 0.17
  137 L     1  -1   0   0  -2   0   0   2  -1  -1   0  -1  -1   1   0   1   0  -3  -2  -1   10   3   2   6   1   3   7  15   1   3  10   2   1   7   5  13   7   0   0   5  0.07 0.07
  138 D    -1  -2   2   5  -3   0   1  -2  -2  -1  -3  -1  -3  -4   1   1  -1  -5  -3  -3    3   1  11  39   0   5   8   3   1   5   1   2   1   1   6  11   2   0   1   1  0.56 0.25
  139 P    -2  -3  -2  -3  -2  -2  -1  -1  -3   4   1  -2   0   0  -1  -2  -1  -3  -2   3    0   1   1   1   1   1   4   7   0  36  13   3   2   3   3   1   4   0   1  20  0.31 0.16
  140 S     1   0   1   1  -3   0   3  -1  -1  -2  -2   1  -2  -3  -1   1   1  -4  -2  -1   11   4   5   9   0   2  23   3   1   1   3  12   0   0   1   8  12   0   1   4  0.23 0.12
  141 G    -1  -2   2   2  -4   0   2   5  -3  -3  -5  -1  -4  -5  -3  -1  -2  -4  -4  -4    3   1   9  12   0   3  13  53   0   1   0   3   0   0   0   1   1   0   0   0  0.78 0.23
  142 H    -1   4  -2  -1  -4   1   1  -3  -1  -3  -2   4  -2  -4  -2  -1  -1  -1  -2  -2    4  29   0   2   0   5   5   0   1   0   2  38   1   0   1   2   1   1   1   4  0.58 0.20
  143 H    -2   2   1   3  -3   1   1   0   2  -2  -2   1  -1  -3  -2  -1   0  -3  -2  -2    1  13   7  22   0   4   6   6   7   2   3  12   2   0   1   2   8   0   0   3  0.24 0.10
  144 V     0  -4  -4  -4   4  -4  -4  -1  -4   2   0  -4   0   1  -4  -3  -1  -1  -2   5    7   0   0   0   9   0   0   4   0  11   5   0   1   6   0   0   3   1   0  53  0.56 0.21
  145 L    -2  -4  -4  -5  -3  -4  -4  -3  -4   4   3  -2   1   1  -4  -3  -2  -3  -1   3    1   0   0   0   0   0   0   2   0  38  27   2   1   5   0   1   0   0   1  22  0.60 0.20
  146 V    -2  -2  -5  -5  -3  -4  -4  -5  -5   5   3  -4   1  -1  -4  -4  -2  -4  -3   4    0   2   0   0   0   0   0   0   0  38  28   0   2   2   0   0   0   0   0  29  0.75 0.23
  147 I    -2  -4  -5  -5  -1  -4  -4  -5  -5   4   0  -4   0  -1  -4  -3  -1  -4  -3   6    1   0   0   0   1   0   0   0   0  21   6   0   1   1   0   1   1   0   0  67  0.97 0.30
  148 D    -3  -4  -1   7  -6  -2   2  -4  -3  -5  -6  -3  -5  -6  -4  -2  -3  -6  -5  -3    2   0   0  82   0   0  14   0   0   0   0   0   0   0   0   0   0   0   0   2  1.73 0.42
  149 D    -4  -4  -1   7  -6  -3  -1  -4  -4  -6  -6  -3  -5  -6   4  -3  -3  -7  -6  -5    0   0   0  79   0   0   0   0   0   0   0   0   0   0  21   0   0   0   0   0  1.85 0.44
  150 I    -2  -4  -4  -2  -1  -3  -4  -4  -4   3   2  -4   6  -2  -4  -3  -1  -4  -3   4    0   0   0   2   1   0   0   1   0  19  16   0  25   0   0   0   1   0   0  34  0.71 0.25
  151 L    -2  -4  -5  -5  -3  -4  -4  -5  -4   4   4  -4   2  -1  -4  -3  -1  -4  -3   3    2   0   0   0   0   0   0   0   0  29  42   0   3   0   0   0   2   0   0  22  0.71 0.22
  152 D     3  -3  -1   4  -3  -2  -1  -2  -2  -3  -3  -2  -1   1  -3   0   2  -3   3  -2   29   0   1  27   0   0   1   1   0   0   0   0   1   6   0   4  15   0  13   1  0.44 0.21
  153 T    -2  -2  -2  -3  -3  -3  -3  -4  -4  -3  -4  -1  -3  -5  -3   3   7  -5  -4  -3    0   2   0   0   0   0   0   0   0   0   0   2   0   0   0  19  77   0   0   0  1.34 0.41
  154 G     0  -5  -3  -4   0  -4  -4   7  -4  -6  -6  -4  -5  -5  -4  -2  -4  -5  -5  -5    7   0   0   0   2   0   0  91   0   0   0   0   0   0   0   0   0   0   0   0  1.83 0.41
  155 H    -1   4   2  -1  -4  -1  -2   4   0  -3  -2   1  -3  -3  -3   0  -1  -4  -3  -3    3  28  10   2   0   1   0  33   2   1   3   7   0   1   0   6   3   0   1   1  0.47 0.18
  156 T    -1  -3  -2  -3  -3  -3  -3  -3  -4  -3  -4  -3  -3  -4  -3   3   6  -5  -4  -3    3   0   0   0   0   0   0   0   0   0   0   0   0   0   0  27  71   0   0   0  1.29 0.40
  157 L     3  -4  -4  -4  -2  -3  -4  -2  -4   3   2  -3   4  -1  -4  -1  -1  -4  -3   2   26   0   0   0   0   0   0   2   0  18  22   0  13   1   0   2   2   0   0  12  0.45 0.23
  158 E     0   4  -1  -3   0   0   0  -2  -2   1  -1   2  -1  -2  -3  -1   0  -4  -2   1    8  28   3   0   3   2   4   1   0  12   5  13   1   1   0   4   5   0   1  10  0.23 0.15
  159 W     4  -2  -1  -1  -3  -1   2  -2  -1  -2  -1   1   0  -3  -3   0  -1   0   0  -2   41   1   3   3   0   1  19   1   1   1   5  10   3   0   0   3   1   1   3   1  0.36 0.23
  160 T     5  -3  -3  -4  -1  -3  -3  -2  -4   1   0  -3  -1  -2  -3   0   1  -4  -3   2   52   0   0   0   1   0   0   2   0   7   9   0   1   1   0   3   8   0   0  15  0.55 0.28
  161 L     0   2  -3  -4  -1  -2  -3  -3  -2   4   2  -2   2  -1  -3  -2  -1  -3  -2   2    9  12   0   0   1   0   0   1   1  28  22   1   4   1   0   2   3   0   1  13  0.33 0.18
  162 E    -2   1   3   4  -5   1   4  -2  -1  -5  -4   1  -4  -5  -3  -1  -1  -5  -4  -4    3   6  14  28   0   4  28   1   1   0   1   9   0   0   0   3   2   0   0   0  0.68 0.27
  163 H     3  -1  -1  -3  -1  -1   0  -3  -2   1   2  -2   3   0  -3   0  -2  -2   1   0   29   3   3   0   1   2   6   0   1   7  21   1  10   2   0   4   0   0   6   4  0.20 0.17
  164 L    -3  -4  -5  -5  -2  -4  -5  -5  -4   3   5  -4   1   0  -5  -4  -3  -3   0   1    1   0   0   0   1   0   0   0   0  15  63   0   3   3   0   0   0   0   4   9  0.90 0.32
  165 K    -1   2   0  -1  -3   1   0  -2  -1  -1  -1   4   2  -1   0  -1  -1  -3  -1  -1    3  12   5   2   0   4   6   1   1   3   5  34   6   2   3   3   2   0   2   4  0.29 0.18
  166 A     0   0   1   3  -4   1   2  -2   1  -3  -3   2  -2  -3  -2   1  -1  -4   0  -3    7   4   5  20   0   5  14   1   3   0   2  18   1   0   1   9   3   0   4   0  0.33 0.17
  167 K     0   2  -1  -2  -2   0  -1  -2   1   0   1   1   1   0  -1  -1  -1   1   1  -1   12  17   3   1   1   4   2   2   4   4  14   9   3   3   2   4   2   2   7   4  0.09 0.09
  168 G    -2  -1   1  -2  -4   0  -1   6   1  -5  -5   2  -4  -4  -4  -2  -3  -4  -1  -4    2   3   6   1   0   3   4  58   4   0   1  12   0   0   0   1   0   0   3   0  0.93 0.34
  169 C     4  -1  -4  -4   1  -3  -3   0  -4  -3  -3  -2  -3  -2   6  -2  -2  -5  -4  -1   36   4   0   0   4   0   0   6   0   1   2   2   0   2  37   1   1   0   0   5  0.93 0.37
  170 A     1   1   1  -1  -4   0   1  -2  -1  -2  -4   5  -3  -4   0  -1   0  -5  -4  -3   12   6   8   2   0   3  11   1   1   2   0  39   0   0   5   3   6   0   0   1  0.50 0.27
  171 S     1   1   1  -1   0   0  -1  -2  -1  -1  -1   0   1  -2   1   2   0  -4  -2   1    9   8   6   3   2   3   3   2   1   3   3   5   4   1   7  22   3   0   1  13  0.12 0.13
  172 V    -2  -1  -2  -3  -1  -3  -3  -4  -4   5   1  -3   1  -2  -3  -3  -2  -4  -2   4    3   3   2   1   1   1   1   1   0  39   9   1   3   1   1   2   1   0   1  30  0.67 0.29
  173 Q     1   2  -1   0  -2   2   1  -1   3  -2  -3   3  -1  -2  -3   0   0  -2   0  -2   11   9   2   4   1  10   8   5   8   3   0  20   1   2   0   4   4   0   4   3  0.22 0.15
  174 S     1  -4  -4  -5   2  -4  -3  -4  -3   2   2  -4  -1   4  -4  -2  -1  -3  -2   3   13   0   0   0   4   0   1   1   1  12  24   0   0  19   0   2   2   0   0  20  0.50 0.26
  175 A     4  -4  -4  -5   5  -4  -4  -3  -5   1   0  -4   1  -2  -4  -2  -1  -1  -4   3   37   0   0   0  13   0   0   1   0   5   8   0   4   1   0   1   2   1   0  26  0.69 0.36
  176 V     0  -5  -3  -5   6  -4  -4  -3  -5  -1  -2  -4  -3   0  -4   0   3  -5  -4   4    7   0   1   0  19   0   0   1   0   1   1   0   0   4   0   7  19   0   0  39  0.83 0.40
  177 M    -2  -4  -5  -5  -3  -4  -5  -5  -5   3   5  -5   1   0  -5  -4  -3  -4  -3   2    3   0   0   0   0   0   0   0   0  15  58   0   2   4   0   0   0   0   0  17  0.95 0.38
  178 L    -2  -4  -5  -5   0  -4  -4  -5  -4   3   2  -4   1   2  -3  -3  -3  -3   2   4    1   0   0   0   2   0   0   0   0  21  19   0   3   9   1   1   0   0   7  35  0.66 0.30
  179 H     3  -2  -1   6  -4  -2   1  -2  -1  -3  -5  -2  -4  -5  -3  -1  -2  -5  -4  -2   28   1   2  47   0   0   9   2   1   1   0   1   0   0   0   3   1   0   0   3  0.91 0.40
  180 K     2   5  -2  -2  -1  -2  -2  -4  -3  -5  -3   5  -4  -5  -3  -1  -3  -5  -4  -3   17  30   1   1   2   0   1   0   0   0   2  42   0   0   1   2   0   0   0   1  0.94 0.43
  181 K    -2   1  -3  -2  -5  -1  -2   4  -4  -5  -4   0  -5  -6   6   0  -2  -6  -5  -5    2   7   0   1   0   2   2  29   0   0   1   5   0   0  44   5   1   0   0   0  1.14 0.43
  182 E     0  -1  -1   0  -1   0   4   1   5  -4  -3   0  -2  -3  -3   0  -1  -4  -3  -4    9   2   1   3   1   2  29  14  17   1   2   6   1   1   0   7   4   0   0   0  0.47 0.27
  183 R     0   3  -3  -2  -1  -2  -1   5  -4  -1  -4  -1  -3  -5  -1  -2  -3  -5  -3  -3    6  22   0   1   1   1   4  51   0   5   0   3   0   0   3   1   0   0   1   1  0.85 0.38
  184 Q    -2   4  -1   0  -4   1   3  -3  -2  -3  -2   2  -3  -4  -2  -1  -2  -4  -3   0    1  28   2   4   0   3  27   1   0   1   4  14   0   0   1   4   0   0   0   9  0.52 0.27
  185 T    -1   0  -2  -1  -3  -1   2  -2  -1   0   3   2   0   0  -2  -1  -1  -1  -2  -1    2   3   1   1   0   0  19   2   2   4  33  14   1   3   1   5   2   1   0   3  0.21 0.17
  186 R     1   0   1  -1  -1  -1  -1  -1  -2   1   0  -1   0  -1  -1  -1   0  -2  -1   2   16   5   8   3   1   2   3   3   1  12   9   4   1   3   2   3   3   0   1  21  0.07 0.07
  187 P    -2  -3   1   4  -4  -1   2  -1  -1  -4  -4  -2  -2  -4   5  -1  -1  -4  -4  -3    3   1   7  22   0   2  12   5   2   1   1   1   1   0  35   3   3   0   0   2  0.78 0.29
  188 V    -1  -1  -3  -3  -2  -2  -3  -2  -3   5   2  -2   0   1  -3  -2  -2  -3   0   2    3   3   1   1   0   2   1   4   0  40  16   1   1   5   1   3   1   0   4  13  0.40 0.20
  189 E    -1   4   0   0   0   0   1  -2   1  -1  -1   1  -2  -3   0   0  -1  -3  -2   0    2  28   4   4   2   3   9   3   5   2   5   8   0   0   5   5   3   0   0  11  0.22 0.14
  190 A     4  -2  -3   2  -3  -3  -2  -2  -3   1  -3  -2  -2  -4   4  -2  -2  -4  -3   1   37   1   0  11   0   0   1   2   0   8   1   2   0   0  21   0   1   0   0  13  0.54 0.27
  191 D    -2  -2   0   7  -5  -2   0  -4   1  -3  -5   0  -4  -3  -1  -2  -2  -5  -4  -1    4   1   2  68   0   1   4   0   3   2   0   5   0   1   3   0   1   0   0   5  1.21 0.43
  192 Y    -3  -4  -3  -4  -4  -3  -2  -4  -1  -3  -3  -3  -1   5  -2  -3  -1   2   8  -1    1   0   1   0   0   0   2   1   0   0   1   2   1  23   2   1   3   2  53   5  1.34 0.44
  193 V    -1  -4  -3  -4   1  -3  -3  -3  -4   2  -1  -3  -1  -2  -1   0   1  -4   0   5    3   0   0   0   4   0   1   2   0   8   1   0   1   0   3   7   8   0   3  57  0.62 0.30
  194 G    -1  -3  -2  -2   3  -1  -2   5  -3  -1  -2  -3  -3  -3  -3  -2  -2  -3  -3   1    3   1   1   2   8   3   2  55   0   3   4   1   0   0   1   1   2   0   0  12  0.74 0.27
  195 F    -1  -1  -3  -3  -3  -2   0  -3  -1   1  -1   4  -1   5  -3  -2  -2  -2   0   0    4   2   0   1   0   0   5   1   1  12   4  33   1  27   0   1   1   0   2   4  0.43 0.23
  196 R    -2  -1   4   3  -4  -1   2  -2   0  -3  -4   1  -3  -3  -3   0   1  -4  -3  -2    2   2  28  20   0   1  16   1   2   2   0  10   0   1   0   4   8   0   0   3  0.50 0.23
  197 I    -2  -4  -3  -4  -3  -4  -4  -5   0   6   1  -4   1   0  -4  -4  -2  -4  -3   3    2   0   1   0   0   0   0   0   3  54  10   0   2   3   0   0   0   0   0  22  0.84 0.32
  198 P    -3  -2  -4  -4  -6  -1   0  -5  -5  -3  -5  -1  -5  -6   8  -3  -4  -6  -5  -2    0   2   0   0   0   3   5   0   0   2   0   3   0   0  84   0   0   0   0   3  2.28 0.57
  199 N    -3  -2   3   4  -4  -1  -1  -3   2  -3  -4  -2   0  -1  -3  -1   4  -5  -3  -3    0   2  17  30   0   2   2   0   7   0   0   0   3   4   0   1  33   0   0   0  0.68 0.30
  200 E     0   0   0   1  -3  -1   3  -2   0  -1  -2   0  -2  -2  -1   2   0  -4  -3   1    7   4   2   6   0   0  27   0   2   2   3   5   0   1   3  22   2   0   0  14  0.24 0.16
  201 F    -2  -3  -3   1  -3  -2  -3  -4  -2   0   0  -2   0   6  -1  -1  -2   3   2  -1    3   0   0  10   0   2   0   0   0   4   8   3   2  46   2   6   0   5   6   2  0.56 0.22
  202 V    -2  -1  -4  -4  -2  -3  -4  -5  -4   4   2  -3   0  -2  -4  -3  -2  -4  -3   5    0   3   0   0   0   0   0   0   0  25  14   0   1   0   0   0   0   0   0  54  0.73 0.25
  203 V    -2  -3  -4  -4  -2  -3  -4  -4  -3   2  -1  -2  -1  -2  -4  -3   0  -3   3   6    0   0   0   0   0   0   0   0   0   7   0   3   0   0   0   0   4   0  11  73  0.83 0.30
  204 G     0  -3  -2  -3  -3  -3  -3   6  -3  -1  -2  -2  -3  -3  -3   0   0  -4  -3  -1    7   0   0   0   0   0   0  64   0   4   2   0   0   0   0   6   8   0   0   6  0.80 0.21
  205 F     1  -3  -3  -4   2  -3  -1  -4  -1  -2  -1  -3  -2   4  -4  -1  -3   0   7  -2   16   0   0   0   6   0   4   0   0   0   3   0   0  14   0   3   0   0  53   1  0.90 0.27
  206 G     2  -3  -1   0   0  -2  -1   5  -3  -3  -2  -2  -3  -3  -2   0  -2  -3  -3  -3   24   0   0   6   3   0   4  50   0   0   4   0   0   0   0   7   0   0   0   0  0.60 0.17
  207 L     0  -3  -4  -4  -2  -1  -3  -4  -3   2   4  -3   2   1  -3  -3  -2  -2   0   0    7   0   0   0   0   4   0   0   0  10  60   0   4   7   0   0   0   0   3   4  0.47 0.16
  208 D    -3  -3   0   8  -5  -2   0  -3  -3  -5  -5  -2  -5  -5  -3  -2  -3  -6  -5  -5    0   0   0  96   0   0   0   0   0   0   0   0   0   0   0   0   0   0   0   0  1.84 0.38
  209 F    -3  -3  -4  -5  -4  -3  -4  -4   0  -2   0  -4  -2   4   0  -3  -3   5   7  -2    0   0   0   0   0   0   0   0   0   0   7   0   0  20   5   0   0   8  60   0  1.25 0.26
  210 G     2   1   3   3  -3   0   0   0   1  -2  -3  -1  -2  -3  -2   0  -1  -4  -3  -1   29   9  23  18   0   3   1   5   3   0   0   1   0   0   0   0   0   0   0   6  0.31 0.12
  211 E    -2  -1   0   1  -5   3   6   1  -1  -5  -4   0  -3  -5  -3  -1  -2  -4  -3  -4    0   0   3   3   0  18  65  11   0   0   0   0   0   0   0   0   0   0   0   0  0.90 0.22
  212 R     0   3   2  -1  -3   0   0  -2  -1  -1  -1   1   0   1  -2   1   0  -2   2  -2    8  20  15   0   0   0   7   0   0   3   3   6   4   6   0   9   8   0  11   0  0.16 0.07
  213 F    -3  -3  -3  -4  -4  -3  -3  -2   2  -2  -2  -3  -2   5  -4  -3   0   0   7  -2    0   0   0   0   0   0   0   3   4   0   0   0   0  30   0   0   6   0  57   0  1.15 0.23
  214 R    -3   8  -2  -3  -5   0  -2  -4  -2  -5  -4   1  -3  -4  -4  -2  -3  -4  -3  -4    0 100   0   0   0   0   0   0   0   0   0   0   0   0   0   0   0   0   0   0  1.61 0.28
  215 N    -2  -2   5   4  -4  -1   2  -2   0  -3  -4  -1  -3  -3  -3  -1  -1  -4   0  -1    0   0  45  28   0   0  12   0   2   0   0   0   0   0   0   0   0   0   4   9  0.66 0.15
  216 L    -2  -3  -4  -5  -2  -3  -4  -5  -4   2   5  -4   1   1  -4  -3  -2  -3  -2   1    0   0   0   0   0   0   0   0   0   9  83   0   0   5   0   0   0   0   0   4  0.77 0.17
  217 P    -2   1   0   1  -4  -2  -2  -2   2  -3  -1  -1  -3  -4   7  -1  -2  -4  -3  -3    0  10   6   8   0   0   0   2   7   0   7   0   0   0  58   4   0   0   0   0  1.11 0.17
  218 F    -2  -2  -1   1  -4  -2  -1   0   5  -3  -2  -2  -2   2  -4  -2  -2   0   6  -1    0   0   2  10   0   0   3   9  20   0   0   0   0   8   0   0   0   0  45   4  0.68 0.16
  219 I    -2  -4  -4  -4   1  -3  -4  -4  -4   5   1  -3   3  -1  -4  -3  -1  -4  -2   4    0   0   0   0   4   0   0   0   0  49   3   0  10   0   0   0   0   0   0  34  0.63 0.15
  220 A     1  -4  -2  -3   6  -3  -3   5  -3  -3  -3  -3  -3  -4  -3  -1  -2  -4  -4  -1    9   0   0   0  25   0   0  62   0   0   0   0   0   0   0   0   0   0   0   5  0.99 0.17
  221 V    -1  -2  -3  -2  -2  -2   1  -4  -3   2   0  -1   1  -2  -3  -2   1  -3  -2   4    0   0   0   0   0   0  13   0   0  13   4   3   3   0   0   0  12   0   0  53  0.34 0.11
  222 L    -2  -3  -4  -4  -2  -3  -4  -4  -3   2   4  -3   1   3  -4  -3  -2  -2   0   1    0   0   0   0   0   0   0   0   0  15  57   0   0  18   0   0   0   0   0  10  0.55 0.12
  223 A     0   1   2   2  -3   0   1   1  -1  -3  -3   3  -2  -4  -2   1  -1  -4  -3  -2    4   3  15  11   0   0   6  10   0   0   0  38   0   0   0   9   0   0   0   3  0.34 0.09
  224 E    -1  -1  -1   3  -4   0   4  -3  -2  -4  -4   1  -3  -4   5  -1  -2  -4  -3  -3    2   0   0  20   0   0  39   0   0   0   0   7   0   0  32   0   0   0   0   0  0.87 0.14
  225 R     0   3  -1   1  -3   1   4  -2   1  -3  -3   1  -2  -3  -2   1   0  -4  -2  -2    7  22   0   6   0   3  36   0   3   0   0   5   0   0   0  11   2   0   0   4  0.39 0.09
  226 A     1  -3  -2  -3   1  -2  -3   2  -2   1  -1  -2  -1   0  -3  -1  -1  -1   3   3   11   0   0   0   4   0   0  23   0   6   0   0   0   0   0   0   0   0  19  37  0.28 0.09
  227 Y    -2  -2  -3  -3  -3  -2  -3  -3   1  -2  -1  -2  -1   4  -3  -2  -2   1   8  -2    1   1   0   1   0   0   1   1   0   1   1   1   0  14   1   1   1   0  76   1  1.08 0.13
  228 F    -1  -1  -1   0  -2   1   4  -2   0  -1  -1   0  -1   3  -1  -1  -1  -1   1  -1    2   1   1   1   1   1  49   2   1   1   2   2   1  27   1   2   2   0   1   2  0.25 0.01
  229 P     0   0  -1  -1  -2   0   0  -1  -1  -2  -2   2  -1  -2   4   0   2  -2  -2  -1    2   1   1   1   1   1   2   2   1   1   2  26   1   1  27   2  25   0   1   2  0.38 0.01
  230 Q    -1  -1  -1  -1  -2   3   0  -2  -1  -2  -2   0  -1  -1   4  -1  -1   7   0  -2    2   1   1   1   1  27   2   2   1   1   2   2   1   1  26   2   2  24   1   2  0.61 0.01
  231 A     3  -1  -1  -1  -1  -1  -1   3  -1  -2  -2  -1  -1  -2  -1   1   0  -2  -2  -1   52   1   1   1   1   1   2  25   1   1   2   2   1   1   1   2   2   0   1   2  0.26 0.01
  232 A     2   0   0  -1  -1   0   0   0  -1  -2  -2   2  -1  -2  -1   2   0  -2  -1  -1   28   1   1   1   1   1   2   2   1   1   2  25   1   1   1  26   2   0   1   2  0.17 0.01
  233 C     0  -1  -1   0   6   0   3  -1  -1  -1  -1   0  -1  -2  -1   0  -1  -2  -1  -1    3   2   2   2  34   1  35   3   1   2   3   2   1   1   2   2   2   0   1   2  0.31 0.01
  234 G     0  -1  -1  -1  -1  -1  -1   3  -2   0   2  -1   0  -1  -1  -1  -1  -1  -1   0    3   2   2   2   1   1   2  36   1   2  35   2   1   1   2   2   2   0   1   2  0.16 0.00
  235 R    -1   3   0   0  -2   1   3  -1   0  -2  -2   1  -1  -2  -1   0  -1  -2  -1  -2    3  35   2   2   1   1  35   3   1   2   3   2   1   1   2   2   2   0   1   2  0.28 0.00
  236 R    -1   5   0  -1  -4   4   1  -2   0  -3  -2   2  -1  -3  -2  -1  -1  -3  -2  -3    0  66   0   0   0  34   0   0   0   0   0   0   0   0   0   0   0   0   0   0  0.62 0.02
  237 R    -1   5   0  -1  -4   1   0  -2   0  -3  -2   3  -2  -3  -2  -1  -1  -3  -2  -3    0  66   0   0   0   0   0   0   0   0   0  34   0   0   0   0   0   0   0   0  0.63 0.01
  238 R    -1   4   0  -1  -3   1   0  -2  -1  -3  -3   4  -2  -3  -2   0  -1  -3  -2  -3    0  33   0   0   0   0   0   0   0   0   0  67   0   0   0   0   0   0   0   0  0.55 0.01
  239 R    -2   4  -2  -3  -3   0  -1  -3  -1  -1  -1   1  -1   5  -3  -2  -2   0   2  -2    0  50   0   0   0   0   0   0   0   0   0   0   0  50   0   0   0   0   0   0  0.40 0.00
  240 L     0  -1  -1  -2  -1  -1  -1  -2  -2   0   2  -1   1  -1  -2   2   0  -2  -1   0    0   0   0   0   0   0   0   0   0   0  50   0   0   0   0  50   0   0   0   0  0.18 0.00
  241 A     3  -2  -2  -3  -1  -2  -2  -1  -2   1   0  -2   0  -2  -2   0   0  -3  -2   3   50   0   0   0   0   0   0   0   0   0   0   0   0   0   0   0   0   0   0  50  0.21 0.00
  242 P    -1  -2  -2  -2  -3  -1  -1  -2  -2  -3  -3  -1  -3  -4   8  -1  -1  -4  -3  -3    0   0   0   0   0   0   0   0   0   0   0   0   0   0 100   0   0   0   0   0  2.05 0.01
  243 C     0  -4  -3  -4   9  -3  -4  -3  -3  -1  -1  -3  -2  -3  -3  -1  -1  -3  -3  -1    0   0   0   0 100   0   0   0   0   0   0   0   0   0   0   0   0   0   0   0  1.22 0.01
  244 L    -1  -2  -1  -2  -1  -1  -2  -3  -2   1   3  -2   1  -1  -2   0   3  -2  -1   0    0   0   0   0   0   0   0   0   0   0  50   0   0   0   0   0  50   0   0   0  0.25 0.00
  245 G     1  -2   0  -1  -2  -1  -1   4  -2  -3  -3  -1  -2  -3  -2   3   0  -3  -2  -2    0   0   0   0   0   0   0  50   0   0   0   0   0   0   0  50   0   0   0   0  0.53 0.00
  246 A     3   1  -1  -1  -2   0   0  -1  -1  -2  -2   3  -1  -3  -1   1   0  -3  -2  -1   50   0   0   0   0   0   0   0   0   0   0  50   0   0   0   0   0   0   0   0  0.29 0.00
  247 P    -1  -2  -2  -2  -3  -1  -1  -2  -2  -3  -3  -1  -3  -4   8  -1  -1  -4  -3  -3    0   0   0   0   0   0   0   0   0   0   0   0   0   0 100   0   0   0   0   0  2.05 0.01
  248 C     0  -3  -3  -3   8  -3  -4  -2  -3  -1  -1  -3  -1  -2  -3  -1  -1  -2  -2  -1    0   0   0   0   0   0   0   0   0   0   0   0   0   0   0   0   0   0   0   0  0.00     0.00
  249 E    -1   0   0   1  -4   2   5  -2   0  -3  -3   1  -2  -3  -1   0  -1  -3  -2  -2    0   0   0   0   0   0   0   0   0   0   0   0   0   0   0   0   0   0   0   0  0.00     0.00
  250 T     0  -1   0  -1  -1  -1  -1  -2  -2  -1  -1  -1  -1  -2  -1   1   4  -2  -2   0    0   0   0   0   0   0   0   0   0   0   0   0   0   0   0   0   0   0   0   0  0.00     0.00
  251 E    -1   0   0   1  -4   2   5  -2   0  -3  -3   1  -2  -3  -1   0  -1  -3  -2  -2    0   0   0   0   0   0   0   0   0   0   0   0   0   0   0   0   0   0   0   0  0.00     0.00
  252 Q    -1   1   0   0  -3   5   2  -2   0  -3  -2   1   0  -3  -1   0  -1  -2  -1  -2    0   0   0   0   0   0   0   0   0   0   0   0   0   0   0   0   0   0   0   0  0.00     0.00
  253 A     4  -1  -2  -2   0  -1  -1   0  -2  -1  -1  -1  -1  -2  -1   1   0  -2  -2   0    0   0   0   0   0   0   0   0   0   0   0   0   0   0   0   0   0   0   0   0  0.00     0.00
  254 W    -2  -3  -4  -4  -2  -2  -3  -2  -2  -3  -2  -3  -1   1  -4  -3  -2  10   2  -3    0   0   0   0   0   0   0   0   0   0   0   0   0   0   0   0   0   0   0   0  0.00     0.00
  255 H    -2   0   1  -1  -3   0   0  -2   7  -3  -3  -1  -2  -1  -2  -1  -2  -2   2  -3    0   0   0   0   0   0   0   0   0   0   0   0   0   0   0   0   0   0   0   0  0.00     0.00
  256 E    -1   0   0   1  -4   2   5  -2   0  -3  -3   1  -2  -3  -1   0  -1  -3  -2  -2    0   0   0   0   0   0   0   0   0   0   0   0   0   0   0   0   0   0   0   0  0.00     0.00
  257 D    -2  -2   1   6  -3   0   1  -1  -1  -3  -4  -1  -3  -3  -1   0  -1  -4  -3  -3    0   0   0   0   0   0   0   0   0   0   0   0   0   0   0   0   0   0   0   0  0.00     0.00
  258 W    -2  -3  -4  -4  -2  -2  -3  -2  -2  -3  -2  -3  -1   1  -4  -3  -2  10   2  -3    0   0   0   0   0   0   0   0   0   0   0   0   0   0   0   0   0   0   0   0  0.00     0.00
  259 R    -1   5   0  -2  -3   1   0  -2   0  -3  -2   2  -1  -3  -2  -1  -1  -3  -2  -2    0   0   0   0   0   0   0   0   0   0   0   0   0   0   0   0   0   0   0   0  0.00     0.00
  260 E    -1   0   0   1  -4   2   5  -2   0  -3  -3   1  -2  -3  -1   0  -1  -3  -2  -2    0   0   0   0   0   0   0   0   0   0   0   0   0   0   0   0   0   0   0   0  0.00     0.00
  261 R    -1   5   0  -2  -3   1   0  -2   0  -3  -2   2  -1  -3  -2  -1  -1  -3  -2  -2    0   0   0   0   0   0   0   0   0   0   0   0   0   0   0   0   0   0   0   0  0.00     0.00
  262 I    -1  -3  -3  -3  -1  -3  -3  -4  -3   4   2  -3   1   0  -3  -2  -1  -3  -1   3    0   0   0   0   0   0   0   0   0   0   0   0   0   0   0   0   0   0   0   0  0.00     0.00
  263 E    -1   0   0   1  -4   2   5  -2   0  -3  -3   1  -2  -3  -1   0  -1  -3  -2  -2    0   0   0   0   0   0   0   0   0   0   0   0   0   0   0   0   0   0   0   0  0.00     0.00
  264 C     0  -3  -3  -3   8  -3  -4  -2  -3  -1  -1  -3  -1  -2  -3  -1  -1  -2  -2  -1    0   0   0   0   0   0   0   0   0   0   0   0   0   0   0   0   0   0   0   0  0.00     0.00
  265 W    -2  -3  -4  -4  -2  -2  -3  -2  -2  -3  -2  -3  -1   1  -4  -3  -2  10   2  -3    0   0   0   0   0   0   0   0   0   0   0   0   0   0   0   0   0   0   0   0  0.00     0.00
  266 F    -2  -3  -3  -3  -2  -3  -3  -3  -1   0   0  -3   0   6  -4  -2  -2   1   3  -1    0   0   0   0   0   0   0   0   0   0   0   0   0   0   0   0   0   0   0   0  0.00     0.00
  267 L    -1  -2  -3  -4  -1  -2  -3  -4  -3   2   4  -2   2   0  -3  -2  -1  -2  -1   1    0   0   0   0   0   0   0   0   0   0   0   0   0   0   0   0   0   0   0   0  0.00     0.00
  268 A     4  -1  -2  -2   0  -1  -1   0  -2  -1  -1  -1  -1  -2  -1   1   0  -2  -2   0    0   0   0   0   0   0   0   0   0   0   0   0   0   0   0   0   0   0   0   0  0.00     0.00
  269 T     0  -1   0  -1  -1  -1  -1  -2  -2  -1  -1  -1  -1  -2  -1   1   4  -2  -2   0    0   0   0   0   0   0   0   0   0   0   0   0   0   0   0   0   0   0   0   0  0.00     0.00
  270 P    -1  -2  -2  -1  -3  -1  -1  -2  -2  -3  -3  -1  -2  -4   7  -1  -1  -4  -3  -2    0   0   0   0   0   0   0   0   0   0   0   0   0   0   0   0   0   0   0   0  0.00     0.00
  271 H    -2   0   1  -1  -3   0   0  -2   7  -3  -3  -1  -2  -1  -2  -1  -2  -2   2  -3    0   0   0   0   0   0   0   0   0   0   0   0   0   0   0   0   0   0   0   0  0.00     0.00
  272 R    -1   5   0  -2  -3   1   0  -2   0  -3  -2   2  -1  -3  -2  -1  -1  -3  -2  -2    0   0   0   0   0   0   0   0   0   0   0   0   0   0   0   0   0   0   0   0  0.00     0.00
  273 A     4  -1  -2  -2   0  -1  -1   0  -2  -1  -1  -1  -1  -2  -1   1   0  -2  -2   0    0   0   0   0   0   0   0   0   0   0   0   0   0   0   0   0   0   0   0   0  0.00     0.00
  274 Q    -1   1   0   0  -3   5   2  -2   0  -3  -2   1   0  -3  -1   0  -1  -2  -1  -2    0   0   0   0   0   0   0   0   0   0   0   0   0   0   0   0   0   0   0   0  0.00     0.00
  275 L    -1  -2  -3  -4  -1  -2  -3  -4  -3   2   4  -2   2   0  -3  -2  -1  -2  -1   1    0   0   0   0   0   0   0   0   0   0   0   0   0   0   0   0   0   0   0   0  0.00     0.00
  276 Q    -1   1   0   0  -3   5   2  -2   0  -3  -2   1   0  -3  -1   0  -1  -2  -1  -2    0   0   0   0   0   0   0   0   0   0   0   0   0   0   0   0   0   0   0   0  0.00     0.00
  277 A     4  -1  -2  -2   0  -1  -1   0  -2  -1  -1  -1  -1  -2  -1   1   0  -2  -2   0    0   0   0   0   0   0   0   0   0   0   0   0   0   0   0   0   0   0   0   0  0.00     0.00
  278 L    -1  -2  -3  -4  -1  -2  -3  -4  -3   2   4  -2   2   0  -3  -2  -1  -2  -1   1    0   0   0   0   0   0   0   0   0   0   0   0   0   0   0   0   0   0   0   0  0.00     0.00
  279 A     4  -1  -2  -2   0  -1  -1   0  -2  -1  -1  -1  -1  -2  -1   1   0  -2  -2   0    0   0   0   0   0   0   0   0   0   0   0   0   0   0   0   0   0   0   0   0  0.00     0.00
  280 P    -1  -2  -2  -1  -3  -1  -1  -2  -2  -3  -3  -1  -2  -4   7  -1  -1  -4  -3  -2    0   0   0   0   0   0   0   0   0   0   0   0   0   0   0   0   0   0   0   0  0.00     0.00
  281 T     0  -1   0  -1  -1  -1  -1  -2  -2  -1  -1  -1  -1  -2  -1   1   4  -2  -2   0    0   0   0   0   0   0   0   0   0   0   0   0   0   0   0   0   0   0   0   0  0.00     0.00
  282 D    -2  -2   1   6  -3   0   1  -1  -1  -3  -4  -1  -3  -3  -1   0  -1  -4  -3  -3    0   0   0   0   0   0   0   0   0   0   0   0   0   0   0   0   0   0   0   0  0.00     0.00
  283 F    -2  -3  -3  -3  -2  -3  -3  -3  -1   0   0  -3   0   6  -4  -2  -2   1   3  -1    0   0   0   0   0   0   0   0   0   0   0   0   0   0   0   0   0   0   0   0  0.00     0.00
  284 S     1  -1   1   0  -1   0   0   0  -1  -2  -2   0  -1  -2  -1   4   1  -3  -2  -2    0   0   0   0   0   0   0   0   0   0   0   0   0   0   0   0   0   0   0   0  0.00     0.00
  285 Y    -2  -2  -2  -3  -2  -1  -2  -3   2  -1  -1  -2  -1   3  -3  -2  -2   2   7  -1    0   0   0   0   0   0   0   0   0   0   0   0   0   0   0   0   0   0   0   0  0.00     0.00
  286 D    -2  -2   1   6  -3   0   1  -1  -1  -3  -4  -1  -3  -3  -1   0  -1  -4  -3  -3    0   0   0   0   0   0   0   0   0   0   0   0   0   0   0   0   0   0   0   0  0.00     0.00
  287 I    -1  -3  -3  -3  -1  -3  -3  -4  -3   4   2  -3   1   0  -3  -2  -1  -3  -1   3    0   0   0   0   0   0   0   0   0   0   0   0   0   0   0   0   0   0   0   0  0.00     0.00
  288 A     4  -1  -2  -2   0  -1  -1   0  -2  -1  -1  -1  -1  -2  -1   1   0  -2  -2   0    0   0   0   0   0   0   0   0   0   0   0   0   0   0   0   0   0   0   0   0  0.00     0.00
  289 I    -1  -3  -3  -3  -1  -3  -3  -4  -3   4   2  -3   1   0  -3  -2  -1  -3  -1   3    0   0   0   0   0   0   0   0   0   0   0   0   0   0   0   0   0   0   0   0  0.00     0.00
  290 F    -2  -3  -3  -3  -2  -3  -3  -3  -1   0   0  -3   0   6  -4  -2  -2   1   3  -1    0   0   0   0   0   0   0   0   0   0   0   0   0   0   0   0   0   0   0   0  0.00     0.00
  291 S     1  -1   1   0  -1   0   0   0  -1  -2  -2   0  -1  -2  -1   4   1  -3  -2  -2    0   0   0   0   0   0   0   0   0   0   0   0   0   0   0   0   0   0   0   0  0.00     0.00
  292 S     1  -1   1   0  -1   0   0   0  -1  -2  -2   0  -1  -2  -1   4   1  -3  -2  -2    0   0   0   0   0   0   0   0   0   0   0   0   0   0   0   0   0   0   0   0  0.00     0.00
  293 S     1  -1   1   0  -1   0   0   0  -1  -2  -2   0  -1  -2  -1   4   1  -3  -2  -2    0   0   0   0   0   0   0   0   0   0   0   0   0   0   0   0   0   0   0   0  0.00     0.00
  294 F    -2  -3  -3  -3  -2  -3  -3  -3  -1   0   0  -3   0   6  -4  -2  -2   1   3  -1    0   0   0   0   0   0   0   0   0   0   0   0   0   0   0   0   0   0   0   0  0.00     0.00
  295 R    -1   5   0  -2  -3   1   0  -2   0  -3  -2   2  -1  -3  -2  -1  -1  -3  -2  -2    0   0   0   0   0   0   0   0   0   0   0   0   0   0   0   0   0   0   0   0  0.00     0.00
  296 Q    -1   1   0   0  -3   5   2  -2   0  -3  -2   1   0  -3  -1   0  -1  -2  -1  -2    0   0   0   0   0   0   0   0   0   0   0   0   0   0   0   0   0   0   0   0  0.00     0.00
  297 S     1  -1   1   0  -1   0   0   0  -1  -2  -2   0  -1  -2  -1   4   1  -3  -2  -2    0   0   0   0   0   0   0   0   0   0   0   0   0   0   0   0   0   0   0   0  0.00     0.00
  298 P    -1  -2  -2  -1  -3  -1  -1  -2  -2  -3  -3  -1  -2  -4   7  -1  -1  -4  -3  -2    0   0   0   0   0   0   0   0   0   0   0   0   0   0   0   0   0   0   0   0  0.00     0.00
  299 V     0  -2  -3  -3  -1  -2  -2  -3  -3   3   1  -2   1  -1  -2  -2   0  -3  -1   4    0   0   0   0   0   0   0   0   0   0   0   0   0   0   0   0   0   0   0   0  0.00     0.00
  300 I    -1  -3  -3  -3  -1  -3  -3  -4  -3   4   2  -3   1   0  -3  -2  -1  -3  -1   3    0   0   0   0   0   0   0   0   0   0   0   0   0   0   0   0   0   0   0   0  0.00     0.00
  301 S     1  -1   1   0  -1   0   0   0  -1  -2  -2   0  -1  -2  -1   4   1  -3  -2  -2    0   0   0   0   0   0   0   0   0   0   0   0   0   0   0   0   0   0   0   0  0.00     0.00
  302 S     1  -1   1   0  -1   0   0   0  -1  -2  -2   0  -1  -2  -1   4   1  -3  -2  -2    0   0   0   0   0   0   0   0   0   0   0   0   0   0   0   0   0   0   0   0  0.00     0.00
  303 I    -1  -3  -3  -3  -1  -3  -3  -4  -3   4   2  -3   1   0  -3  -2  -1  -3  -1   3    0   0   0   0   0   0   0   0   0   0   0   0   0   0   0   0   0   0   0   0  0.00     0.00
  304 R    -1   5   0  -2  -3   1   0  -2   0  -3  -2   2  -1  -3  -2  -1  -1  -3  -2  -2    0   0   0   0   0   0   0   0   0   0   0   0   0   0   0   0   0   0   0   0  0.00     0.00
  305 A     4  -1  -2  -2   0  -1  -1   0  -2  -1  -1  -1  -1  -2  -1   1   0  -2  -2   0    0   0   0   0   0   0   0   0   0   0   0   0   0   0   0   0   0   0   0   0  0.00     0.00
  306 R    -1   5   0  -2  -3   1   0  -2   0  -3  -2   2  -1  -3  -2  -1  -1  -3  -2  -2    0   0   0   0   0   0   0   0   0   0   0   0   0   0   0   0   0   0   0   0  0.00     0.00
  307 D    -2  -2   1   6  -3   0   1  -1  -1  -3  -4  -1  -3  -3  -1   0  -1  -4  -3  -3    0   0   0   0   0   0   0   0   0   0   0   0   0   0   0   0   0   0   0   0  0.00     0.00
  308 E    -1   0   0   1  -4   2   5  -2   0  -3  -3   1  -2  -3  -1   0  -1  -3  -2  -2    0   0   0   0   0   0   0   0   0   0   0   0   0   0   0   0   0   0   0   0  0.00     0.00
  309 L    -1  -2  -3  -4  -1  -2  -3  -4  -3   2   4  -2   2   0  -3  -2  -1  -2  -1   1    0   0   0   0   0   0   0   0   0   0   0   0   0   0   0   0   0   0   0   0  0.00     0.00
  310 K    -1   2   0  -1  -3   1   1  -2  -1  -3  -2   4  -1  -3  -1   0  -1  -3  -2  -2    0   0   0   0   0   0   0   0   0   0   0   0   0   0   0   0   0   0   0   0  0.00     0.00
  311 P    -1  -2  -2  -1  -3  -1  -1  -2  -2  -3  -3  -1  -2  -4   7  -1  -1  -4  -3  -2    0   0   0   0   0   0   0   0   0   0   0   0   0   0   0   0   0   0   0   0  0.00     0.00
  312 S     1  -1   1   0  -1   0   0   0  -1  -2  -2   0  -1  -2  -1   4   1  -3  -2  -2    0   0   0   0   0   0   0   0   0   0   0   0   0   0   0   0   0   0   0   0  0.00     0.00
  313 R    -1   5   0  -2  -3   1   0  -2   0  -3  -2   2  -1  -3  -2  -1  -1  -3  -2  -2    0   0   0   0   0   0   0   0   0   0   0   0   0   0   0   0   0   0   0   0  0.00     0.00
  314 S     1  -1   1   0  -1   0   0   0  -1  -2  -2   0  -1  -2  -1   4   1  -3  -2  -2    0   0   0   0   0   0   0   0   0   0   0   0   0   0   0   0   0   0   0   0  0.00     0.00

                      K         Lambda
Standard Ungapped    0.1371     0.3226
Standard Gapped      0.0445     0.2670
PSI Ungapped         0.1454     0.3176
PSI Gapped           0.0445     0.2670
