
Last position-specific scoring matrix computed, weighted observed percentages rounded down, information per position, and relative weight of gapless real matches to pseudocounts
            A   R   N   D   C   Q   E   G   H   I   L   K   M   F   P   S   T   W   Y   V   A   R   N   D   C   Q   E   G   H   I   L   K   M   F   P   S   T   W   Y   V
    1 M    -1  -1  -2  -3  -1   0  -2  -3  -2   1   2  -1   5   0  -2  -1  -1  -1  -1   1    0   0   0   0   0   0   0   0   0   0   0   0   0   0   0   0   0   0   0   0  0.00     0.00
    2 G     0  -2   0  -1  -2  -2  -2   5  -2  -4  -4  -2  -3  -3  -2   0  -2  -2  -3  -3    0   0   0   0   0   0   0   0   0   0   0   0   0   0   0   0   0   0   0   0  0.00     0.00
    3 Q    -1   1   0   0  -3   5   2  -2   0  -3  -2   1   0  -3  -1   0  -1  -2  -1  -2    0   0   0   0   0   0   0   0   0   0   0   0   0   0   0   0   0   0   0   0  0.00     0.00
    4 H    -2   0   1  -1  -3   0   0  -2   7  -3  -3  -1  -2  -1  -2  -1  -2  -2   2  -3    0   0   0   0   0   0   0   0   0   0   0   0   0   0   0   0   0   0   0   0  0.00     0.00
    5 G     0  -2   0  -1  -2  -2  -2   5  -2  -4  -4  -2  -3  -3  -2   0  -2  -2  -3  -3    0   0   0   0   0   0   0   0   0   0   0   0   0   0   0   0   0   0   0   0  0.00     0.00
    6 R    -1   5   0  -2  -3   1   0  -2   0  -3  -2   2  -1  -3  -2  -1  -1  -3  -2  -2    0   0   0   0   0   0   0   0   0   0   0   0   0   0   0   0   0   0   0   0  0.00     0.00
    7 S     1  -1   1   0  -1   0   0   0  -1  -2  -2   0  -1  -2  -1   4   1  -3  -2  -2    0   0   0   0   0   0   0   0   0   0   0   0   0   0   0   0   0   0   0   0  0.00     0.00
    8 S     1  -1   1   0  -1   0   0   0  -1  -2  -2   0  -1  -2  -1   4   1  -3  -2  -2    0   0   0   0   0   0   0   0   0   0   0   0   0   0   0   0   0   0   0   0  0.00     0.00
    9 S     1  -1   1   0  -1   0   0   0  -1  -2  -2   0  -1  -2  -1   4   1  -3  -2  -2    0   0   0   0   0   0   0   0   0   0   0   0   0   0   0   0   0   0   0   0  0.00     0.00
   10 E    -1   0   0   1  -4   2   5  -2   0  -3  -3   1  -2  -3  -1   0  -1  -3  -2  -2    0   0   0   0   0   0   0   0   0   0   0   0   0   0   0   0   0   0   0   0  0.00     0.00
   11 E    -1   0   0   1  -4   2   5  -2   0  -3  -3   1  -2  -3  -1   0  -1  -3  -2  -2    0   0   0   0   0   0   0   0   0   0   0   0   0   0   0   0   0   0   0   0  0.00     0.00
   12 A     4  -1  -2  -2   0  -1  -1   0  -2  -1  -1  -1  -1  -2  -1   1   0  -2  -2   0    0   0   0   0   0   0   0   0   0   0   0   0   0   0   0   0   0   0   0   0  0.00     0.00
   13 R    -1   5   0  -2  -3   1   0  -2   0  -3  -2   2  -1  -3  -2  -1  -1  -3  -2  -2    0   0   0   0   0   0   0   0   0   0   0   0   0   0   0   0   0   0   0   0  0.00     0.00
   14 H    -2   0   1  -1  -3   0   0  -2   7  -3  -3  -1  -2  -1  -2  -1  -2  -2   2  -3    0   0   0   0   0   0   0   0   0   0   0   0   0   0   0   0   0   0   0   0  0.00     0.00
   15 G     0  -2   0  -1  -2  -2  -2   5  -2  -4  -4  -2  -3  -3  -2   0  -2  -2  -3  -3    0   0   0   0   0   0   0   0   0   0   0   0   0   0   0   0   0   0   0   0  0.00     0.00
   16 R    -1   5   0  -2  -3   1   0  -2   0  -3  -2   2  -1  -3  -2  -1  -1  -3  -2  -2    0   0   0   0   0   0   0   0   0   0   0   0   0   0   0   0   0   0   0   0  0.00     0.00
   17 P    -1  -2  -2  -1  -3  -1  -1  -2  -2  -3  -3  -1  -2  -4   7  -1  -1  -4  -3  -2    0   0   0   0   0   0   0   0   0   0   0   0   0   0   0   0   0   0   0   0  0.00     0.00
   18 W    -2  -3  -4  -4  -2  -2  -3  -2  -2  -3  -2  -3  -1   1  -4  -3  -2  10   2  -3    0   0   0   0   0   0   0   0   0   0   0   0   0   0   0   0   0   0   0   0  0.00     0.00
   19 K    -1   2   0  -1  -3   1   1  -2  -1  -3  -2   4  -1  -3  -1   0  -1  -3  -2  -2    0   0   0   0   0   0   0   0   0   0   0   0   0   0   0   0   0   0   0   0  0.00     0.00
   20 S     1  -1   1   0  -1   0   0   0  -1  -2  -2   0  -1  -2  -1   4   1  -3  -2  -2    0   0   0   0   0   0   0   0   0   0   0   0   0   0   0   0   0   0   0   0  0.00     0.00
   21 I    -1  -3  -3  -3  -1  -3  -3  -4  -3   4   1  -3   1   0  -3  -2  -1  -3  -1   3    0   0   0   0   0   0   0   0   0   0   0   0   0   0   0   0   0   0   0   0  0.00     0.00
   22 R    -1   5   0  -2  -3   1   0  -2   0  -3  -2   2  -1  -3  -2  -1  -1  -3  -2  -2    0   0   0   0   0   0   0   0   0   0   0   0   0   0   0   0   0   0   0   0  0.00     0.00
   23 L    -1  -2  -3  -4  -1  -2  -3  -4  -3   1   4  -2   2   0  -3  -2  -1  -2  -1   1    0   0   0   0   0   0   0   0   0   0   0   0   0   0   0   0   0   0   0   0  0.00     0.00
   24 S     1  -1   1   0  -1   0   0   0  -1  -2  -2   0  -1  -2  -1   4   1  -3  -2  -2    0   0   0   0   0   0   0   0   0   0   0   0   0   0   0   0   0   0   0   0  0.00     0.00
   25 W    -2  -3  -4  -4  -2  -2  -3  -2  -2  -3  -2  -3  -1   1  -4  -3  -2  10   2  -3    0   0   0   0   0   0   0   0   0   0   0   0   0   0   0   0   0   0   0   0  0.00     0.00
   26 E    -1   0   0   1  -4   2   5  -2   0  -3  -3   1  -2  -3  -1   0  -1  -3  -2  -2    0   0   0   0   0   0   0   0   0   0   0   0   0   0   0   0   0   0   0   0  0.00     0.00
   27 V     0  -2  -3  -3  -1  -2  -2  -3  -3   3   1  -2   1  -1  -2  -2   0  -3  -1   4    0   0   0   0   0   0   0   0   0   0   0   0   0   0   0   0   0   0   0   0  0.00     0.00
   28 P    -1  -2  -2  -1  -3  -1  -1  -2  -2  -3  -3  -1  -2  -4   7  -1  -1  -4  -3  -2    0   0   0   0   0   0   0   0   0   0   0   0   0   0   0   0   0   0   0   0  0.00     0.00
   29 S     1  -1   1   0  -1   0   0   0  -1  -2  -2   0  -1  -2  -1   4   1  -3  -2  -2    0   0   0   0   0   0   0   0   0   0   0   0   0   0   0   0   0   0   0   0  0.00     0.00
   30 G     0  -2   0  -1  -2  -2  -2   5  -2  -4  -4  -2  -3  -3  -2   0  -2  -2  -3  -3    0   0   0   0   0   0   0   0   0   0   0   0   0   0   0   0   0   0   0   0  0.00     0.00
   31 R    -1   5   0  -2  -3   1   0  -2   0  -3  -2   2  -1  -3  -2  -1  -1  -3  -2  -2    0   0   0   0   0   0   0   0   0   0   0   0   0   0   0   0   0   0   0   0  0.00     0.00
   32 T     0  -1   0  -1  -1  -1  -1  -2  -2  -1  -1  -1  -1  -2  -1   1   4  -2  -2   0    0   0   0   0   0   0   0   0   0   0   0   0   0   0   0   0   0   0   0   0  0.00     0.00
   33 L    -1  -2  -3  -4  -1  -2  -3  -4  -3   1   4  -2   2   0  -3  -2  -1  -2  -1   1    0   0   0   0   0   0   0   0   0   0   0   0   0   0   0   0   0   0   0   0  0.00     0.00
   34 R    -1   5   0  -2  -3   1   0  -2   0  -3  -2   2  -1  -3  -2  -1  -1  -3  -2  -2    0   0   0   0   0   0   0   0   0   0   0   0   0   0   0   0   0   0   0   0  0.00     0.00
   35 A     4  -1  -2  -2   0  -1  -1   0  -2  -1  -1  -1  -1  -2  -1   1   0  -2  -2   0    0   0   0   0   0   0   0   0   0   0   0   0   0   0   0   0   0   0   0   0  0.00     0.00
   36 P    -1  -2  -2  -1  -3  -1  -1  -2  -2  -3  -3  -1  -2  -4   7  -1  -1  -4  -3  -2    0   0   0   0   0   0   0   0   0   0   0   0   0   0   0   0   0   0   0   0  0.00     0.00
   37 G     0  -2   0  -1  -2  -2  -2   5  -2  -4  -4  -2  -3  -3  -2   0  -2  -2  -3  -3    0   0   0   0   0   0   0   0   0   0   0   0   0   0   0   0   0   0   0   0  0.00     0.00
   38 G     0  -2   0  -1  -2  -2  -2   5  -2  -4  -4  -2  -3  -3  -2   0  -2  -2  -3  -3    0   0   0   0   0   0   0   0   0   0   0   0   0   0   0   0   0   0   0   0  0.00     0.00
   39 A     4  -1  -2  -2   0  -1  -1   0  -2  -1  -1  -1  -1  -2  -1   1   0  -2  -2   0    0   0   0   0   0   0   0   0   0   0   0   0   0   0   0   0   0   0   0   0  0.00     0.00
   40 R    -1   5   0  -2  -3   1   0  -2   0  -3  -2   2  -1  -3  -2  -1  -1  -3  -2  -2    0   0   0   0   0   0   0   0   0   0   0   0   0   0   0   0   0   0   0   0  0.00     0.00
   41 T     0  -1   0  -1  -1  -1  -1  -2  -2  -1  -1  -1  -1  -2  -1   1   4  -2  -2   0    0   0   0   0   0   0   0   0   0   0   0   0   0   0   0   0   0   0   0   0  0.00     0.00
   42 V     0  -2  -3  -3  -1  -2  -2  -3  -3   3   1  -2   1  -1  -2  -2   0  -3  -1   4    0   0   0   0   0   0   0   0   0   0   0   0   0   0   0   0   0   0   0   0  0.00     0.00
   43 A     4  -1  -2  -2   0  -1  -1   0  -2  -1  -1  -1  -1  -2  -1   1   0  -2  -2   0    0   0   0   0   0   0   0   0   0   0   0   0   0   0   0   0   0   0   0   0  0.00     0.00
   44 S     1  -1   1   0  -1   0   0   0  -1  -2  -2   0  -1  -2  -1   4   1  -3  -2  -2    0   0   0   0   0   0   0   0   0   0   0   0   0   0   0   0   0   0   0   0  0.00     0.00
   45 G     0  -2   0  -1  -2  -2  -2   5  -2  -4  -4  -2  -3  -3  -2   0  -2  -2  -3  -3    0   0   0   0   0   0   0   0   0   0   0   0   0   0   0   0   0   0   0   0  0.00     0.00
   46 C     0  -3  -3  -3   8  -3  -4  -2  -3  -1  -1  -3  -1  -2  -3  -1  -1  -2  -2  -1    0   0   0   0   0   0   0   0   0   0   0   0   0   0   0   0   0   0   0   0  0.00     0.00
   47 A     4  -1  -2  -2   0  -1  -1   0  -2  -1  -1  -1  -1  -2  -1   1   0  -2  -2   0    0   0   0   0   0   0   0   0   0   0   0   0   0   0   0   0   0   0   0   0  0.00     0.00
   48 L    -1  -2  -3  -4  -1  -2  -3  -4  -3   1   4  -2   4   0  -3  -2  -1  -2  -1   1    0   0   0   0   0   0   0   0   0   0  67   0  33   0   0   0   0   0   0   0  0.39 0.01
   49 S     2  -1   0   0  -1   0   1  -1  -1  -3  -3   0  -2  -3  -1   4   1  -3  -2  -2   23   0   0   0   0   0  14   0   0   0   0   0   0   0   0  63   0   0   0   0  0.39 0.04
   50 R    -1   4   2   0  -4   1   2  -2   0  -3  -3   3  -2  -3  -2   0  -1  -3  -2  -3    0  36  16   0   0   0  14   0   0   0   0  34   0   0   0   0   0   0   0   0  0.48 0.04
   51 K    -1   0  -1  -2  -3   0   1  -3  -1  -1   0   3   5  -1  -2  -1   1  -2   2  -1    0   0   0   0   0   0   9   0   0   0   0  31  38   0   0   0   9   0  12   0  0.24 0.08
   52 K     0   3   0  -1  -3   1   0  -2  -1  -3  -3   4  -2  -3  -1   1   0  -3  -2  -2    8  12   0   0   0   0   0   0   0   0   0  61   0   0   0  19   0   0   0   0  0.46 0.07
   53 P    -1  -1  -1  -1  -3   0   0   0  -2  -3  -3   1  -3  -4   6   1  -1  -4  -3  -3    0   0   0   0   0   5   5   7   0   0   0  13   0   0  57  14   0   0   0   0  1.06 0.11
   54 E     2  -1  -1   0  -2   2   3  -1  -1  -2  -1   1  -1  -3  -2   1   0  -3  -2  -2   26   0   0   0   0  13  29   0   0   0   6   6   0   0   0  14   6   0   0   0  0.29 0.08
   55 P    -1  -2  -3  -3  -2  -2  -2  -4  -3   2   2  -1   0  -1   5  -2  -1  -3  -2   2    0   0   0   0   0   0   0   0   0  20  28   6   0   0  29   0   0   0   0  16  0.49 0.09
   56 S    -1   0   1   1  -2   0   2   0  -1   0   0   1  -1  -2  -2   1   0  -3  -2   0    0   4   7   5   0   0  20   7   0   6  13  13   0   0   0  17   0   0   0   8  0.11 0.04
   57 I     0  -3  -4  -4  -2  -3  -4  -4  -4   5   1  -3   0  -1  -3  -3  -1  -3  -2   4    5   0   0   0   0   0   0   0   0  52   6   0   0   0   0   0   0   0   0  37  0.56 0.14
   58 S    -1  -2  -1  -2  -2   1   0  -2   2   0   0  -1  -1   2   1   2   0   3   0   0    0   0   0   0   0   9   5   0   7   5   9   0   0  15   6  29   3   5   0   7  0.14 0.07
   59 P     1   0  -2  -1  -3  -2  -2   0  -3  -1  -2  -1  -2  -3   6  -1  -1  -4  -3   0   13   7   0   4   0   0   0   7   0   4   0   0   0   0  53   0   0   0   0  11  0.91 0.14
   60 G    -1  -2   1   5  -3  -1   0   1  -2  -3  -3  -2  -3   1  -3   0   0   4  -1  -3    4   0   4  51   0   0   0  13   0   0   0   0   0  11   0   5   5   6   0   0  0.54 0.13
   61 H     0  -1   1  -1  -3   1   2  -2   4  -2  -2   1  -2  -1   0   1  -1  -2   2  -1    5   0   6   0   0   4  19   0  17   0   1   9   0   0   3  17   0   0  11   6  0.25 0.09
   62 K    -1   0  -1   1  -3   2   2  -1  -1  -3  -3   3  -2  -3  -2   1   0  -3   0  -3    0   0   0   7   0  14  17   5   0   0   0  35   0   0   0  13   4   0   4   0  0.37 0.13
   63 V     0  -2  -1   1  -3   0   4  -3  -2   0  -1   0  -2  -2   1   0  -1  -3   0   1    6   0   0   9   0   0  41   0   0   6   4   2   0   0   5   5   0   0   4  16  0.30 0.14
   64 E    -2  -2  -2  -1  -3   2   2  -3  -2   2   3  -2   2  -1  -3  -2  -2  -3  -2   1    1   0   0   2   0  12  20   0   0  15  35   0   4   0   0   0   0   0   0   9  0.30 0.16
   65 I    -1  -3   0  -3  -2  -1   0  -3  -3   4   1  -2   2  -2  -3  -2  -1  -3  -2   3    2   0   7   0   0   2   7   0   0  38   8   0   5   0   0   2   2   0   0  23  0.35 0.17
   66 T     0  -2  -2  -2  -2   0  -1  -2  -2   2   1  -2   0  -2  -2   1   2   2  -2   2    9   1   0   1   0   4   4   1   0  18  13   1   0   0   1  12  16   3   0  16  0.16 0.10
   67 G     1   0  -1  -2   0   0   0   1  -2   0   0   0  -1  -2  -2   0   0   0  -2   2   11   7   3   1   2   3   6  15   0   1   8   4   0   1   1   5   4   1   1  26  0.07 0.07
   68 G     1   0   1   0  -2   0   1   1  -1  -2  -2   1  -2  -2   2   0  -1   4  -2  -1   19   3   7   5   0   4  10  11   0   1   3  11   0   1  10   5   1   6   1   3  0.19 0.08
   69 A     2  -2   1   1  -2  -1  -1   0   0  -1  -1  -1   0  -2  -2   1   1  -3  -1   1   30   1   9  10   0   1   1   7   2   1   3   1   2   1   1   7   7   0   2  15  0.16 0.11
   70 F     2  -2  -2  -1  -2  -1  -1   1  -1  -1  -1  -1  -1   1   0   1  -1  -1   3  -1   26   1   1   4   0   2   4   9   0   3   5   2   0   6   5  10   1   0  18   3  0.18 0.12
   71 H     0   0   0   1  -3   1   3  -2   3  -3  -3   3  -2  -2  -2   0  -2  -3   0  -3   11   4   2   6   0   6  25   2  11   0   2  22   0   1   0   4   1   0   3   1  0.35 0.17
   72 R     1   3  -2   0  -4   3   3  -3   0  -3  -3   2  -1  -3  -1  -1  -2   1  -1  -2   12  17   0   2   0  15  24   0   2   0   0  13   1   0   1   3   0   2   2   3  0.40 0.20
   73 I     0  -4  -4  -4  -3  -3  -4  -3  -4   2   4  -3   3   0  -4  -1  -2  -3  -2   2    9   0   0   0   0   0   0   2   0  15  45   0  10   2   0   4   1   0   0  13  0.52 0.24
   74 R     4   1  -2  -3  -1  -2  -2   2  -3  -1  -1  -2  -2  -2  -3   1  -1  -4  -3  -1   47   9   0   0   1   0   0  15   0   4   6   0   0   1   0  12   2   0   0   3  0.45 0.26
   75 Q     0   1   1   1  -4   2   3   0   0  -4  -4   2  -3  -4  -2   1   0  -4  -3  -3    6   6   5   6   0   7  27   6   3   0   0  18   0   0   0   8   5   0   0   1  0.37 0.19
   76 I    -1   0  -1   0  -1  -1  -1  -3  -2   1   1   1   0   2  -3  -2  -1   0   3   1    4   5   3   5   1   1   2   0   0   8  13  12   2  12   0   0   1   1  16  12  0.17 0.14
   77 I     2  -3  -3  -4  -2  -3  -3  -1  -4   4   1  -3   0  -1  -3  -2   0  -3  -1   2   27   0   0   0   0   0   0   4   0  29  13   0   1   2   0   1   6   0   2  13  0.37 0.22
   78 E     3  -1  -2  -1  -3   1   2  -1  -2  -2  -2   1  -2  -2  -2   0  -1  -4  -1   0   39   3   1   1   0   7  16   2   0   0   3  10   0   1   0   4   1   0   2  10  0.32 0.22
   79 R     0   2   2   2  -1   1   2  -1  -2  -2  -3   1  -2  -4  -2   1   0  -4  -3  -3   10  11  10  13   2   7  18   2   0   2   0  11   0   0   0   8   6   0   0   0  0.31 0.16
   80 A     2   0  -3  -3   1  -1  -1  -3  -1   2   1   1   0   0  -3  -1   0  -1  -2   1   22   4   0   0   3   1   4   0   1  18  14  14   1   4   0   2   3   1   0   8  0.15 0.14
   81 A     1  -3  -1  -3  -1   0  -2  -3  -1   2   2  -2   1   1  -1   1  -1  -3  -2   0   18   0   4   0   1   5   0   0   1  17  22   1   4   6   2  13   1   0   0   4  0.18 0.16
   82 A     2  -1   1   0  -1   1   1  -1  -2  -1  -1   0  -1  -1   0   0   1  -3  -2  -1   24   1   9   6   1   7  13   3   0   3   4   5   1   3   3   3   9   0   1   4  0.12 0.12
   83 Q     0   1  -1   0   2   3   2  -2  -2  -1  -3   2  -2  -2  -1   0   1  -4  -1  -2    9   6   2   3   5  16  17   1   0   3   0  17   0   2   2   7   8   0   2   1  0.27 0.18
   84 A     3  -1  -2  -2  -2   1  -1  -1  -2  -1   1   0  -1   1  -2   0   0  -3   0   0   32   2   0   1   0  10   4   2   0   2  16   4   0   6   1   7   4   0   2   6  0.17 0.16
   85 I     0  -4  -4  -2   1  -4  -2  -4  -4   5   2  -3  -1  -2  -1  -3  -1  -4  -3   2    6   0   0   2   3   0   3   0   0  43  23   1   0   0   3   0   2   0   0  13  0.59 0.28
   86 K     1   2   0   0  -4   2  -1   0  -1  -4  -3   4  -3  -4  -2  -1   0  -4  -3  -3   11  10   5   6   0   8   2   5   1   0   2  39   0   0   1   2   7   0   0   0  0.46 0.25
   87 E     1   2   0   0  -4   3   4  -2   0  -4  -3   2  -3  -4   0   0   0  -4  -3  -3   10  12   3   2   0  12  29   1   2   0   2  13   0   0   4   5   4   0   0   0  0.42 0.21
   88 R    -2   4   1   0  -4   1   0  -1   3  -4  -2   4  -3  -1  -2  -1  -2  -4  -2  -3    2  26   9   5   0   4   3   5   8   0   3  27   0   2   2   1   0   0   1   2  0.46 0.23
   89 G     0  -2   0  -1  -4  -2  -1   5   0  -4  -4  -1  -4  -4   3   0  -2  -4  -4  -4    5   2   5   2   0   0   3  49   3   0   1   4   0   0  18   5   2   0   0   0  0.78 0.30
   90 N     1   1   2   1  -3   1  -1  -1   0  -1  -1   0  -2  -2   0   0   1  -3   1   0   14  11  11  11   0   7   2   2   1   5   4   4   0   0   4   2   9   0   7   5  0.11 0.11
   91 F     2  -4  -4  -4  -3  -2  -4  -3  -3   0  -1  -1  -1   6  -2   0  -1  -2  -1   0   23   0   0   0   0   2   0   1   0   5   4   4   1  43   2   5   3   0   0   6  0.65 0.33
   92 A     0  -3  -1  -3   1  -2  -3   0   1   0  -1  -1  -2  -2  -3   1   3   0   0   3    5   0   3   0   3   0   0   6   4   4   4   4   0   1   0   9  21   1   3  31  0.27 0.22
   93 M    -3  -4  -5  -5  -3  -4  -5  -4  -5   3   5  -4   1  -1  -5  -4  -3  -4  -3   2    0   0   0   0   0   0   0   1   0  17  60   0   2   2   0   0   0   0   0  16  0.95 0.38
   94 A     3  -4  -3  -4  -4  -4  -4   5  -4  -3  -1  -4  -3  -4  -4  -1  -3  -5  -4   1   27   0   0   0   0   0   0  51   0   0   8   0   0   0   0   3   0   0   0  10  0.92 0.40
   95 V     0  -4  -5  -5  -2  -4  -5  -5  -5   0   5  -4   0  -1  -5  -4   0  -4  -3   1    7   0   0   0   1   0   0   0   0   1  72   0   1   2   0   0   6   0   0  11  0.99 0.42
   96 G     3  -3  -2  -3  -3  -3  -3   1  -3  -4  -4  -3  -3  -4  -3   4   3  -4  -4  -3   29   0   0   0   0   0   0   8   0   0   0   0   0   0   0  38  21   0   0   0  0.78 0.40
   97 G    -3  -6  -4  -5  -6  -5  -6   7  -6  -7  -7  -5  -6  -7  -6  -3  -3  -6  -7  -7    0   0   0   0   0   0   0  98   0   0   0   0   0   0   0   1   1   0   0   0  2.43 0.75
   98 D    -2  -2  -2  -1  -5  -4  -4   6  -4  -6  -6  -3  -5  -6  -4   4  -2  -6  -5  -5    0   2   1   2   0   0   0  55   0   0   0   1   0   0   0  37   1   0   0   0  1.32 0.54
   99 D    -2  -4  -2   0  -4  -3  -3  -4  -4  -4  -5  -3  -4  -5  -1   5   6  -5  -5  -4    0   0   1   5   0   0   0   0   0   0   0   0   0   0   2  44  47   0   0   0  1.27 0.58
  100 L    -4  -5  -5  -5  -5  -4  -4  -3  -5  -2   1  -4   2  -5   7  -4   1  -6  -5  -4    0   0   0   0   0   0   0   2   0   1  15   0   7   0  65   0   8   0   0   0  1.76 0.61
  101 I    -2  -4  -3  -4  -3  -3  -1  -5  -4   4   3  -2   0  -2   2  -3  -1  -4  -3   2    3   0   1   0   0   0   4   0   0  31  27   3   1   0  10   1   3   0   0  14  0.51 0.27
  102 P     1   0   0   1  -3   1   0   3  -1  -4  -4   1  -3  -4   3   1   0  -4  -3  -3   13   4   3   9   0   6   6  21   1   0   0   8   0   0  13  11   5   0   0   0  0.35 0.19
  103 L     0  -3  -3  -4  -1  -3  -3  -4  -4   1   2  -2   4   2  -4  -2   2   2  -1   2    6   0   1   0   1   0   1   0   0   7  23   1  14  10   0   1  15   3   1  17  0.39 0.24
  104 L    -5  -5  -5  -6  -5  -3  -5  -6  -2  -2   2  -5  -1   3  -6  -5  -4  -2   8  -2    0   0   0   0   0   1   0   0   0   2  23   0   2   9   0   0   0   0  62   2  1.73 0.62
  105 E    -1   2  -1   0  -2   3   2  -2   0  -4  -4   3  -3   0  -2   0  -2  -1   1  -4    4  11   1   3   1  18  15   1   2   0   0  25   0   5   1   5   1   1   5   0  0.44 0.27
  106 K     0   1   1   0  -4   2   4  -3   0  -4  -3   3  -1  -3  -3  -1  -2  -4  -1  -3   10   8   7   3   0   9  28   1   2   0   2  21   2   1   0   1   1   0   2   1  0.45 0.27
  107 I    -2  -4  -3  -4  -3  -3  -3  -3  -4   2   5  -4   2   0  -4  -3  -1  -1  -3  -1    3   0   1   0   0   0   2   2   0  11  64   0   5   3   0   2   3   1   0   1  0.77 0.34
  108 G     2  -2  -2  -3   2  -3  -3  -1  -3   4   1  -3   0  -1  -3  -1  -1   0  -2   3   17   1   2   1   4   0   1   4   0  30   9   1   1   1   1   3   2   1   0  21  0.35 0.21
  109 E     1   1   0  -1  -3   1   3  -1  -1  -2  -2   2  -2  -3  -1   0   0  -3  -3  -2   11   8   5   1   0   4  26   3   1   2   4  16   0   1   2   7   6   0   0   3  0.27 0.17
  110 H     0   1   0  -1  -2   0  -1  -1   1   0   1   0   3  -1  -2   0  -1  -2  -1  -1   10   7   4   4   0   5   3   4   4   4  18   7  11   2   1  10   3   0   2   1  0.06 0.08
  111 W    -1   0   0   0  -2  -1  -1  -2   4  -2   0   0   0   0   1  -1  -1   2   4  -1    4   6   4   6   1   2   3   2  13   2  10   4   2   2   7   4   3   3  18   4  0.19 0.11
  112 G     0   0   1   1  -1   1   0   0  -1  -1   0   1  -1  -1   1   0   0  -1   0  -1   11   5   7   8   1   6   5   6   1   4  10  10   1   3   6   4   3   1   4   4  0.04 0.02
  113 Q     0   0   2   2  -1   1   1   0  -1  -1  -1   1  -1  -1  -1   0   0  -1  -1  -1    9   4  10  12   1   9   8   5   1   4   7   8   1   2   3   5   5   1   2   4  0.09 0.03
  114 Q    -1   0   1   0   0   1   1   0   0   0   0   1   0   1   0   0   0  -1   0  -1    4   3   7   4   2   6   9   6   2   6   9  13   1   8   5   4   4   1   2   4  0.03 0.02
  115 Q     1   0   0   0   0   1   0   0   0   0  -1   0   0  -1   0   1   0  -1  -1  -1   11   5   3   3   2   9   5   8   3   6   6   5   2   3   4  11   7   1   2   4  0.04 0.02
  116 Q     0   0   0   1  -1   1   0   0   0   0   0   0   0  -1   0   0   0  -1  -1   0    6   3   4  12   1   8   5  10   2   5  15   5   2   2   3   5   5   1   2   5  0.03 0.01
  117 S     0  -1   1   1   1   0   0  -1  -1  -1   0   0   0  -1   1   1   0  -1  -1  -1    8   3   6  10   3   2   5   4   1   3   9   4   3   3   8  18   3   1   2   4  0.07 0.03
  118 A     0  -1   0   0   0   0   0  -1   0   0   0   0   0   0   2   0   0  -1   0   0    9   3   5   4   2   3   4   4   3   4  10   4   2   5  11   6   8   1   3   9  0.05 0.01
  119 K     0   1   0   0  -2   1   0  -1   0  -1  -1   2  -1  -1   0   1   0  -1   2  -1    6   8   3   4   1   8   5   3   2   3   5  18   1   2   3  13   4   1   8   3  0.12 0.07
  120 V     1   1   0   0  -1   0   0  -1   0   0   0   0   0  -1  -1   0   0  -1  -1   0   17   8   5   4   1   3   7   4   2   9   6   4   1   3   2   9   3   1   2  10  0.03 0.03
  121 A     0  -1   2   1   0   0   0   3  -1  -1  -1  -1  -1  -2  -1   0   0  -2  -1  -1    5   3  12   9   3   4   8  23   1   2   5   3   1   1   3   6   3   0   2   6  0.15 0.07
  122 K     0   0   1   1  -1   1   1   0   1  -1   0   1  -1  -2  -1   1  -1  -2  -2  -1    6   4   7   7   1   7  13   6   4   4  10  13   1   1   2  10   2   0   1   3  0.09 0.06
  123 Q    -1  -2  -3  -3  -2  -1  -2  -3  -3   4   2  -2   0   0  -2  -2   0  -2  -2   3    4   1   1   1   0   3   1   2   1  26  21   1   1   4   1   2   6   0   1  20  0.31 0.15
  124 P    -1  -1   0   4  -2   0   1  -2  -2  -2  -3   0  -2  -3   1   3   0  -3  -2  -2    4   2   3  25   1   3   7   2   1   1   2   5   1   1   8  28   3   0   1   3  0.38 0.18
  125 W    -3  -3  -2  -4  -2  -3  -3  -3  -3  -3  -2  -3  -2   6  -4  -3  -2  10   0  -3    2   1   2   1   1   1   1   2   0   1   2   1   0  40   1   1   3  35   1   2  1.68 0.46
  126 D     1   1  -1   0  -3   0   0  -1   0  -3  -3   2  -2  -3  -1   3   0  -3  -3  -3   12   6   2   6   0   4   3   3   3   1   2  17   0   1   3  34   3   0   0   1  0.35 0.21
  127 K    -2   2   3   1  -4   2   0  -2   3  -4  -3   4  -3  -3  -2  -1  -2  -3  -1  -3    1  13  16   7   0   8   5   3   8   1   1  30   0   1   1   1   1   0   2   1  0.50 0.24
  128 W    -1  -3  -3  -4   0  -3  -3  -3  -3   3   0  -3  -1  -2  -3  -2  -1   7  -2   4    5   1   1   1   2   1   2   1   0  14   8   1   0   1   1   3   4  16   0  39  0.67 0.28
  129 H    -2   1  -1   0  -3   0  -1  -2   4   1  -1   0  -1  -1  -2  -1   2  -2   1   1    1  10   2   6   0   5   3   2  15   9   3   4   1   2   1   3  16   0   5  12  0.18 0.15
  130 V     0  -3  -2  -3  -2  -2  -2  -2  -3   2   0  -2  -1   2  -3   0   3  -3  -2   2    5   1   1   1   0   1   1   3   0  16   9   1   0  10   1   8  27   0   0  16  0.30 0.19
  131 F    -3  -4  -4  -4  -4  -4  -4  -1  -3  -1  -2  -4  -2   8  -4  -1   0   4   1  -1    2   1   0   1   0   0   1   6   0   2   1   1   0  65   1   4   5   5   3   3  1.35 0.47
  132 S    -1  -3   5  -2  -4  -2  -3  -3  -3  -2   2  -3   0   2  -4  -1  -1   7  -2  -3    4   1  38   1   0   1   1   1   0   2  19   1   2   7   1   2   2  17   0   1  0.84 0.37
  133 A     0  -3  -3  -4   1  -3  -3   0  -3   0   3  -3   4  -2  -3  -1  -1  -3  -3   2    9   1   0   1   4   0   1  10   0   2  32   1  15   0   1   5   2   0   0  17  0.38 0.23
  134 E    -5  -5  -2   8  -7  -4  -1  -5  -4  -6  -7  -4  -6  -7  -5  -4  -4  -7  -3  -6    0   0   0  96   0   0   2   0   0   0   0   0   0   0   0   0   0   0   1   0  2.55 0.80
  135 E    -4  -4  -4  -1  -7  -2   8  -6  -4  -7  -6  -3  -5  -7  -5  -4  -4  -6  -5  -6    0   0   0   2   0   0  97   0   0   0   0   0   0   0   0   0   0   0   0   0  2.35 0.81
  136 K    -1   5  -1  -1  -2   0  -1  -1  -1  -2  -1   1  -1  -1  -1  -1  -1  -1   2  -2    4  44   2   3   1   3   3   4   1   3   4   5   1   2   3   4   3   1   8   3  0.47 0.14
  137 C    -2  -4  -2  -5   3  -4  -5  -5  -2   1  -1  -4  -1   2  -5  -4  -4   3   8   1    3   0   2   0   6   0   0   0   0   6   6   0   2   6   0   0   0   4  56   8  1.35 0.51
  138 V    -1  -4  -5  -5   0  -4  -4  -5  -5   2   1  -3  -1  -3  -4  -4  -3  -4   1   6    3   1   0   0   2   0   0   0   0  10  14   2   0   0   0   0   0   0   5  62  0.96 0.42
  139 P     0  -3  -2   1  -5  -4  -3   5  -4  -5  -5  -3  -5  -6   6  -1  -3  -5  -5  -5    6   1   1   7   0   0   1  42   0   0   1   0   0   0  35   5   0   0   0   0  1.21 0.46
  140 R    -1  -1  -3  -4  -3  -3  -2  -4  -4   1   4   1  -1   1   2  -3  -2   1  -3  -1    5   2   1   0   0   0   2   0   0   8  51  10   0   4  10   1   2   2   0   2  0.49 0.29
  141 N     0  -2   2   3  -3   0   1  -2  -2  -3  -4  -1  -3  -4   3   2   1  -4  -4  -3    5   0   8  21   0   3   9   1   0   1   1   3   0   0  12  22  11   0   0   1  0.45 0.25
  142 D     0   0  -1   2  -3  -1   1   0   5  -3  -3   0  -3  -3   2   1  -1  -4  -2  -3   10   5   1  15   0   2   8   6  20   1   1   6   0   0  10  10   2   0   0   2  0.39 0.21
  143 R     0  -1   1   3  -3   0   3  -1  -1  -3  -3   0  -3  -3   2   1   0  -3  -3  -2    6   2   7  19   0   1  25   4   1   1   1   5   0   1   9   8   4   0   0   3  0.38 0.19
  144 D    -2  -3   3   5  -4  -1   0  -3   7  -4  -4  -3  -4  -4  -3  -2  -3  -4  -1  -4    2   1  13  40   0   2   3   1  29   1   1   1   0   0   1   2   1   0   1   1  1.16 0.42
  145 T     0  -1  -1   1  -3   0   1  -2  -2  -2  -2   0  -2  -3   5   0  -1  -3  -3  -2    9   2   2  10   0   3   9   2   1   2   3   7   1   1  34   8   4   0   1   2  0.56 0.20
  146 E    -2   0   1  -1  -3   5   4  -2  -1  -3  -3   0  -2  -1  -2  -1  -2  -3   0  -3    2   4   8   2   0  32  29   3   1   1   2   2   0   2   1   3   2   0   4   1  0.64 0.29
  147 S    -2   0  -3  -4  -4  -2  -4  -4  -2  -6  -6  -3  -5  -6  -4   7  -2  -6  -3  -5    0   6   0   0   0   1   0   0   1   0   0   0   0   0   0  91   0   0   1   0  1.86 0.76
  148 N    -5  -4   6  -3  -6  -4  -4  -5  -2  -5  -5  -4  -5  -1  -6  -4  -1  -3   8  -3    0   0  41   1   0   0   0   0   0   0   0   0   0   1   0   0   4   0  51   1  1.86 0.69
  149 W     0   2  -2  -2  -3  -1  -1  -5   6  -3  -3  -2  -2   2  -5  -3  -2   2   6  -3    7  13   1   1   1   2   3   0  24   1   1   1   0  10   0   0   2   2  30   2  0.91 0.41
  150 G    -1   0   1  -3  -4  -1  -2   2   1  -3  -2   2  -3   0  -3   1   1   2   4  -3    4   6   6   0   0   2   1  17   3   0   3  13   0   3   0  11   8   2  22   0  0.34 0.23
  151 L    -2  -3  -1  -4  -2   0  -2  -2  -2  -1   2  -2   1   5  -4  -2  -1  -2   3  -1    3   0   4   0   1   6   2   2   0   1  23   2   3  32   0   1   5   0  11   4  0.51 0.28
  152 T     1  -3  -5  -5  -1  -3  -4  -5  -4   2   1  -4   8   0  -5  -3   0  -4   0   1   14   1   0   0   1   0   0   0   0   9   8   0  44   3   0   0   4   0   3  10  0.94 0.45
  153 K    -1   3   2  -1  -4   2   0  -3   4  -4  -3   2   2  -1  -4  -2  -2   3   2  -4    4  20  12   2   0   8   4   0  10   0   1  16   8   2   0   0   1   4   7   0  0.46 0.28
  154 L    -1   2   2   3  -4   1   2  -3   2  -4  -3   2  -3  -2  -3   0   0  -4  -3  -3    5  13   9  16   0   7  18   0   5   0   3  12   0   2   0   4   5   0   0   1  0.37 0.21
  155 A     0  -1   4  -1  -4   1   1  -1   5  -3  -1  -1   0  -3  -3  -1   0  -4   0  -2   11   2  28   2   0   6   7   5  17   0   6   3   2   0   0   2   5   0   3   2  0.44 0.27
  156 W    -4  -5  -6  -6  -4  -5  -6  -6  -5   1   5  -5   0   5  -6  -5  -4   3  -1   0    0   0   0   0   0   0   0   0   0   5  55   0   1  30   0   0   0   4   1   4  1.20 0.47
  157 L    -3  -5  -6  -6  -4  -5  -5  -6  -5  -2   4  -5  -2   7  -6  -5  -1  -3  -1  -1    1   0   0   0   0   0   0   0   0   1  39   0   0  51   0   0   5   0   0   2  1.38 0.52
  158 N    -1   0   4   4  -4   2   1  -2  -2  -5  -5   1  -4  -3  -3   2  -1  -5  -4  -4    3   4  20  28   0   8   7   1   0   0   0   8   0   1   0  18   2   0   0   0  0.62 0.31
  159 R    -2   1   0  -1  -4   1  -1  -3   8  -4  -2   3  -3  -3  -2  -2  -3  -1   1  -4    3   6   4   2   0   6   2   2  43   0   3  17   0   1   2   2   1   1   4   0  0.96 0.40
  160 V    -1  -3  -2  -3  -3  -3  -3  -3  -3   4   1   1   0   0  -3  -3  -1  -3   0   3    3   1   2   1   0   0   1   2   0  30  12  10   2   4   1   1   1   0   2  28  0.44 0.23
  161 P    -1   0   2   5  -4  -1  -1  -2  -3  -3  -4  -2  -4  -4   5  -2  -3  -5  -4  -4    6   5  12  35   0   2   3   2   0   2   1   1   0   0  28   1   1   0   0   1  0.88 0.35
  162 I    -2  -3  -2  -4  -1  -3  -3  -4  -2   6   1  -2  -1   3  -3  -2  -1  -3  -1   1    2   1   2   1   1   1   2   1   1  51   8   2   1  14   1   3   4   0   2   6  0.65 0.29
  163 P     0  -1   0   2  -3   0   0  -3  -1  -2  -2   2  -2  -1   5  -1  -2  -4  -3  -1    9   2   6  11   0   4   5   1   1   2   4  18   0   3  28   1   2   0   0   4  0.46 0.22
  164 A     1   0   0   1  -3   0   1  -2   1  -2  -2   2  -2  -3   3   0  -1  -3   0  -2   16   3   4   9   0   4   9   2   3   2   4  18   0   0  16   4   1   0   3   1  0.29 0.16
  165 E     0   1   1   1  -3   1   3   1  -1  -3  -3   1  -1  -3  -2   1   0  -3   0  -3    7   6   7   7   0   5  25   9   0   1   1   7   1   0   1  13   3   0   4   1  0.27 0.17
  166 Q    -1   0   6  -1  -4   2   0  -1   2  -4  -4   0  -3   2  -2  -1  -2   0   1  -4    4   4  41   1   0  11   4   4   4   0   1   4   0   9   1   1   2   1   5   1  0.60 0.30
  167 A    -1  -3  -1  -3  -3  -3  -3  -4   0   4   1  -3  -1  -2  -3  -2   2  -4  -2   4    5   0   3   2   0   0   0   1   3  33   9   1   0   0   0   1  13   0   1  28  0.53 0.27
  168 P    -2  -2   2  -2  -3  -1  -2  -2   6  -2  -2  -2  -3   2   4  -2  -2  -3   2  -2    3   1   9   1   0   3   1   3  24   3   3   1   0  11  25   2   1   0   7   2  0.73 0.29
  169 F    -1   0   0  -1  -1   0  -1  -1   0   1   1   0   1   1  -1   0   0  -1   1   0    4   7   6   3   1   2   3   3   2  11  13   7   5   7   3   6   4   0   5   7  0.01 0.02
  170 A     0  -1   0  -2  -1  -1  -2   0  -2   0   0  -1   1  -2   5  -1  -1  -2  -2   0    9   3   4   2   2   1   2   9   1   6   9   3   4   2  29   3   2   0   1   7  0.35 0.13
  171 L     0   0   2   1  -2   0   0   0  -1   0   0   0   1  -1   0   0  -1   0   0   0    5   7  13   9   1   2   3   5   1   8   9   4   7   3   5   6   2   1   3   6  0.04 0.04
  172 G     1  -1   1   0  -2  -1  -1   3   2  -2  -2   0  -2  -1  -1   0   0  -2  -1  -2   10   3   7   6   1   2   4  29   6   2   4   8   1   4   3   3   4   1   1   3  0.21 0.08
  173 E     0  -1   0   1  -1   0   1  -1  -1   0   0   0   1  -1   0   0   0  -1  -1   0    9   3   6   9   1   2  13   4   1   6  10   5   7   3   3   5   8   1   2   5  0.04 0.03
  174 D     1  -1   1   2  -1   0   0   1   1  -1  -1   0  -1  -1   0   0   0  -2  -1  -1   16   2   8  17   1   2   3   9   4   4   5   4   1   2   3   7   5   1   1   3  0.11 0.05
  175 A     1  -1   1   1   0   0   1  -1  -1  -1   0   0   0  -1   2   0   0  -2  -1  -1   13   3   8   7   2   4  13   4   1   4   9   4   2   3   9   5   3   1   1   4  0.08 0.04
  176 L     0   0   0   1  -1   0   0   0   0   0   0   0  -1   0   1   0   0  -1   0  -1    7   6   5   9   1   5   5   9   2   6   8   5   1   4   6   5   6   1   5   4  0.03 0.01
  177 E     0  -1   1   0  -1   1   1  -1   0   0   0   0   0  -1   1   0   0  -1  -1   0    5   2  10   5   1   6   9   4   3   4  14   5   2   3   7   6   6   1   1   7  0.05 0.02
  178 L     0  -1   0  -1   1  -1   0  -1  -1   1   1  -1   0   0   0   0   0  -1   1   0    5   2   4   3   4   3   5   4   1  16  18   2   2   3   5   4   8   1   6   5  0.03 0.03
  179 A     1  -1   0  -1  -1  -1  -1   1  -1   0   1  -1   0   0   0   0   0  -1  -1   0   20   3   5   2   1   2   4   9   1   7  15   4   1   4   5   7   7   1   1   3  0.05 0.04
  180 E     0  -1   2   1   0   0   2  -1   0   0  -1   0  -1  -1   0   0   0  -2  -1  -1    6   2  11  10   3   3  17   4   2   9   6   6   1   4   3   6   4   0   1   2  0.09 0.05
  181 D    -1  -1   2   3  -2  -1   1   2   0  -1  -2  -1  -2  -2  -1   0  -1  -2  -2  -2    4   2  13  21   1   2   8  18   2   4   4   3   1   2   2   6   3   1   1   3  0.23 0.09
  182 P     0  -1   2   1  -1   0   0   0   0  -1   0   0  -1  -1   2   0   1  -1   0  -1    8   2  11   9   1   3   3   5   2   2  10   4   2   3  12   4  11   1   3   4  0.10 0.04
  183 E     1   0   0   1   0   1   1   0   0  -1  -1   0  -1  -2   0   1   1  -1  -1  -1   18   4   4   8   2   5  13   5   2   2   4   4   1   2   4   8   9   1   1   3  0.10 0.05
  184 L     1   0   0   0  -1   0   1   0  -1   0   0   0   0  -1   1   0   0  -1  -1   0   14   3   4   6   1   5  10   6   1   3  14   5   1   2   6   6   5   1   1   6  0.05 0.02
  185 C     0  -1   1   3   2  -1   0  -1  -1  -1  -1  -1  -1  -2   1   1   0  -2  -2  -1   10   2   9  25   6   2   3   3   1   2   7   2   1   2   6  10   4   1   1   4  0.20 0.09
  186 S     1  -1  -1  -1  -1  -1  -1  -1   1   1   1  -1   0   0   3   0  -1  -2   0   1   15   2   4   3   1   2   2   3   5  11  12   3   1   4  14   4   2   1   2  10  0.11 0.06
  187 Q     0   0   0   2  -2   1   3  -1   0  -1  -2   0  -2  -1   0  -1  -1  -2  -1  -1    7   5   4  16   1   7  25   3   2   3   4   6   1   3   3   3   2   0   2   4  0.22 0.11
  188 L     1  -1   0   1  -2   0   1   0  -1  -1  -1   1  -1   0  -1   0   0  -2  -1  -1   19   2   4   7   1   3  13   9   1   3   7  10   1   4   2   4   5   0   3   3  0.08 0.06
  189 G     3  -2  -1  -1   1   0   3   0  -2  -2  -2  -1  -2  -3  -1   0  -1  -3  -1  -2   31   1   3   1   4   3  26   8   1   1   2   2   1   1   3   4   3   0   2   3  0.33 0.19
  190 A     4  -4  -2  -1   7  -2  -3   0  -4   0  -2  -3  -3  -4  -3  -1  -1  -4  -4  -2   40   0   2   4  29   1   1   6   0   5   4   1   0   0   0   3   2   0   0   2  0.85 0.36
  191 E     1   1  -1   1  -3   2   3  -1   1  -2  -1   2  -2  -3  -2   0   0  -3  -3  -2   11   8   1   7   0  11  20   4   3   2   7  15   0   0   1   4   4   0   0   1  0.25 0.16
  192 H     1   3   1   2  -3   0   1  -2   4  -1  -2   1  -2  -2  -3  -1   0  -4  -2  -2   14  19   6  13   0   2   9   2  13   4   4   6   0   1   0   2   5   0   0   1  0.28 0.18
  193 F    -1  -4  -4  -5  -5  -4  -4  -5  -1  -4  -2  -2  -3   3  -5  -4  -4  -1   9  -3    5   0   0   0   0   0   1   1   1   0   4   2   0   8   0   1   0   0  74   2  1.99 0.63
  194 E    -1  -2   2   3  -5   0   6  -3  -1  -4  -4   0  -4  -5  -3  -1  -1  -4  -4  -4    4   0   8  13   0   2  57   1   1   0   1   4   0   0   0   3   2   0   0   1  0.98 0.40
  195 E     1   1   1   1  -3   3   3  -2  -2  -2  -3   1  -2   0  -2  -1  -1  -3  -2  -3   11   8   8   9   0  17  19   2   0   3   1   9   0   4   0   3   4   0   0   1  0.32 0.20
  196 Q     0   0  -1  -1   2   1   1  -2  -1   1   1   3  -1  -2   0  -1  -1  -3  -2   0    8   3   2   2   5   7  11   2   1   8  13  23   1   0   3   2   1   0   0   6  0.14 0.13
  197 L    -3  -4  -4  -4   0  -4  -4  -5  -4   6   3  -4   0  -1  -2  -4  -3  -4  -3   1    1   0   0   1   2   0   1   1   0  52  29   1   1   2   2   1   1   0   0   6  0.94 0.37
  198 R     1   3   0  -1  -3   2   1  -2  -1  -1  -1   3  -1  -3  -1   0  -1  -3   0  -1   13  16   4   2   0   8   8   1   1   3   5  22   1   1   2   5   1   0   3   3  0.23 0.15
  199 A     2   0   1  -1  -2   3   1  -2   1  -1  -2   1  -2  -3  -2   1   0  -3  -2  -2   22   3   7   2   0  15   9   1   4   4   2   8   0   1   1  14   4   0   1   1  0.25 0.16
  200 N     0   1   1  -1  -1   0   0   0   1   0   1   0   0   0  -1   0  -1  -1   1   0    7   8   9   2   1   4   5   6   5   3  17   6   3   3   2   4   2   1   7   5  0.02 0.03
  201 V     0  -1   0  -1  -1  -1  -1   1  -1   1   0  -1   0   1   0   0   0  -1   0   1    8   3   5   4   1   2   4  10   1   9   6   3   1   8   4   4   7   1   4  16  0.02 0.02
  202 P     1  -1   1   0  -1   0   1   1  -1  -1  -1   0  -1  -1   2   0   0  -1  -1  -1   14   3   9   5   1   4   8  10   1   5   5   6   1   2  12   6   3   1   2   4  0.11 0.03
  203 K     0   1   1   1   0   1   0   0   0  -1  -1   1  -1  -1   0   0   0  -1  -1  -1    5   9   6  10   2   5   6   6   1   4   8  11   1   2   4   6   5   1   2   4  0.05 0.01
  204 I     0   0   0   0  -1   0   0   0   0   0   0   0   0   0   0   0   0   0   0   0    8   4   7   7   1   4   5   7   2   9   9   4   3   3   4   7   7   1   4   5  0.01 0.00
  205 L     0   0   0   0  -1   0   0   0   0   0   1   0   0   0   0   0   0   0   0   0    6   4   3   4   1   4   8   6   2   8  18   6   2   3   4   7   4   1   5   5  0.01 0.00
  206 P     0   0   0   0  -1   0   0   0   0  -1  -1   0   0   0   2   0   0   0   0   0    7   6   5   7   1   5   7   6   2   4   7   7   2   4  10   5   6   1   2   6  0.06 0.01
  207 I     0   0   0   0  -1   0   1   0   0   0   0   0   0  -1   0   0   0   0   0   0   10   5   3   4   1   5  10   6   2   7  10   6   2   3   4   5   5   1   2   9  0.01 0.00
  208 K     0   0   0   0   0   0   0   0   1   0   0   0   0  -1   0   0   0   0   0   0   12   4   3   4   3   4   7   8   5   5   8   7   2   3   4   6   5   1   2   6  0.02 0.00
  209 G     0   0   0   0   1   0   0   1   0  -1   0   0   0  -1   1   0   0  -1   0   0    9   6   6   6   5   3   5  11   2   4   8   5   2   3   5   5   6   1   3   7  0.03 0.00
  210 P     0   0   0   0  -1   0   0   0   0   1   0   0   0  -1   1   0   0  -1   0   0    8   4   4   5   1   5   6   5   3  13   7   4   2   3   5   7   7   1   2   6  0.02 0.00
  211 D     0   0   0   1  -1   0   0   0   0   0   0   0   0  -1   0   0   0  -1   0   0    8   4   4   9   1   3   7   7   2   8   8   7   2   3   4   7   4   1   2   7  0.02 0.00
  212 T     0   0   0   0  -1   0   0   0   0   0   0   0   0   0   0   0   0   0   1   0   10   7   3   6   1   3   5   9   2   4   9   4   2   3   5   7   7   1   6   6  0.02 0.00
  213 A     1   0   0   0  -1   0   0   0   0   0   0   0   0  -1   1   0   0  -1  -1   0   15   4   5   4   1   4   8   8   2   6   7   4   2   3   5   5   6   1   2   7  0.03 0.00
  214 P     0   1   0   0  -1   0   0   0   0  -1   0   0   0   0   1   1   0   0   0   0    9   9   3   4   1   3   7   5   2   4   9   6   2   4   5  11   4   1   4   6  0.03 0.01
  215 T     0   0   0   0  -1   1   1   0   0  -1   0   1   0  -1   0   0   0  -1  -1  -1    8   4   5   6   1   7  11   5   2   4   8  10   2   3   5   5   7   1   2   5  0.05 0.01
  216 S     0   0   0   0  -1   0   0   0   0   0  -1   0   0  -1   0   1   0  -1  -1   0    9   5   4   4   1   4   4   9   3   9   6   5   2   3   5  14   4   1   2   5  0.03 0.01
  217 T     0   0   1   1  -1   0   0   0  -1  -1  -1   0  -1  -1   0   1   1  -1  -1   0    7   5   6   9   1   3   5   9   1   3   6   5   1   3   3  10  12   1   2   6  0.05 0.01
  218 W     0   0   0   0  -1   0   0   1   1  -1  -1   0  -1  -1   0   0   0   1   0  -1    8   3   3   7   1   3   5  16   4   4   9   6   1   2   5   8   5   2   2   4  0.05 0.01
  219 L     1  -1  -1  -1   0  -1  -1  -1   0   0   0  -1   0   2   0   0  -1   1   3   0   17   2   2   2   2   2   3   4   2   4  11   2   1  10   4   7   2   1  12   8  0.07 0.05
  220 P     0  -2  -1  -2  -1  -2  -2   4  -2  -3  -3  -2  -2  -3   5  -1  -2   1  -2  -2    6   2   3   2   2   1   2  34   1   2   3   2   1   1  29   4   2   2   1   2  0.68 0.21
  221 C     0   0   0  -1   1   0  -1   3  -2  -1  -2   1  -1  -2   2   0  -1  -2  -2   0    4   5   3   2   3   4   3  25   1   4   2  10   2   1  11   8   2   0   1  10  0.19 0.10
  222 F    -2  -3  -3  -3  -3  -3  -3  -3  -3   4   1  -3  -1   5  -1  -3  -2  -2  -1   1    2   1   1   1   0   1   1   2   0  35  10   1   0  30   3   2   2   0   1   6  0.64 0.25
  223 D    -4  -4   1   8  -1  -3  -1  -3   3  -6  -6  -3  -3  -6  -4  -3  -4  -6  -5  -5    0   0   4  80   1   0   1   2   7   0   0   1   1   0   0   0   0   0   0   0  1.87 0.57
  224 L    -2  -4  -5  -5  -3  -4  -3  -5  -4   3   4  -4   1   0  -4  -4  -2   1  -3   2    2   0   0   0   0   0   1   0   0  17  53   0   3   4   0   0   1   2   0  16  0.78 0.30
  225 I    -1  -3  -3  -4  -4   5  -2  -4  -1   2   0  -2   0   4  -4  -3  -3  -1  -2   2    6   0   0   0   0  38   0   0   2  10   8   0   1  17   0   0   0   1   0  14  0.65 0.34
  226 L    -3  -4  -5  -5  -3  -4  -5  -5  -5   4   4  -4   4   0  -5  -4  -2  -4  -3   2    0   0   0   0   0   0   0   0   0  29  39   0  12   2   0   0   2   0   0  15  0.85 0.32
  227 L    -4  -5  -5  -5  -4  -3  -5   2  -5  -1   6  -5   0  -2  -5  -4  -4  -4  -4  -1    0   0   0   0   0   1   0  16   0   1  78   0   1   0   0   0   0   0   0   2  1.19 0.45
  228 S    -3  -5  -3  -4  -5  -5  -5   7  -5  -7  -7  -4  -6  -6  -5   0  -4  -6  -6  -6    0   0   0   0   0   0   0  93   0   0   0   0   0   0   0   5   0   0   0   0  2.18 0.62
  229 V    -3  -5  -5  -6   2  -4  -5  -6  -5   5   1  -5   6  -3  -5  -4  -3  -5  -4   3    0   0   0   0   4   0   0   0   0  39   7   0  28   0   0   0   0   0   0  21  1.17 0.43
  230 Q    -2  -5  -4  -4  -6  -2  -5   7  -5  -7  -7  -5  -6  -6  -5  -3  -5  -6  -6  -6    2   0   0   0   0   2   0  95   0   0   0   0   0   0   0   0   0   0   0   0  2.25 0.63
  231 E     0   1   2   0  -3   0   2  -2   0  -2  -3  -1  -3  -4   4   0   1  -4  -3   0    9   9  10   4   0   3  13   1   2   2   0   1   0   0  22   5  11   0   0   7  0.39 0.20
  232 D    -5  -4   6   7  -6  -3  -1  -4  -3  -6  -7  -4  -6  -7  -5  -3  -4  -7  -6  -4    0   0  34  62   0   0   3   0   0   0   0   0   0   0   0   0   0   0   0   1  1.85 0.59
  233 G    -2  -6  -4  -5  -6  -5  -5   7  -5  -7  -7  -5  -6  -3  -5  -3  -4  -6  -6  -6    2   0   0   0   0   0   0  96   0   0   0   0   0   2   0   0   1   0   0   0  2.29 0.65
  234 S    -6  -4  -2  -5  -7  -3  -4  -6  11  -7  -7  -5  -6  -5  -6  -3  -6  -6  -2  -7    0   0   1   0   0   0   0   0  97   0   0   0   0   0   0   2   0   0   0   0  3.57 0.91
  235 V    -4  -5  -5  -5  -4  -5  -5  -6  -5   6  -1  -5   1  -1  -5  -4   4  -5  -4   1    0   0   0   0   0   0   0   0   0  60   1   0   3   3   0   0  25   0   0   8  1.24 0.47
  236 A     5  -4  -2  -4   3  -4  -4   3  -4  -4  -2  -3  -4  -5  -4   0  -2  -5  -5  -3   57   0   1   0   5   0   0  24   0   0   5   0   0   0   0   6   1   0   0   0  0.95 0.41
  237 G    -1  -3  -2  -3  -3  -2  -2  -1  -1  -3  -3  -3  -3   5  -3   5  -1  -3  -1  -3    2   1   1   1   0   1   1   4   1   1   1   1   0  24   1  56   2   0   2   1  0.89 0.37
  238 L    -2  -3   4  -2  -3  -2  -3  -3  -2   1   4  -3  -1   0  -3   0  -2  -3  -2  -1    2   1  26   1   0   1   1   1   0   7  44   1   0   3   1   8   1   0   0   2  0.52 0.25
  239 F    -1  -5  -5  -4  -5  -4   3  -4  -4  -3  -2  -4  -3   8  -6  -3  -3  -3  -1  -3    4   0   0   0   0   0  24   1   0   1   3   0   0  64   0   1   1   0   0   1  1.54 0.54
  240 P    -1  -3  -2   0  -4  -3  -3  -3  -4  -4  -4  -2  -4  -4   8   1  -2  -4  -4  -4    4   1   2   6   0   1   1   1   0   1   1   1   0   1  67   9   2   0   0   1  1.66 0.45
  241 G    -2   0   4   0  -4  -1   0   4   2  -5  -3  -2  -4  -5  -4   1  -2  -5  -3  -5    2   5  27   4   0   2   5  34   6   0   2   1   0   0   0  11   1   0   0   0  0.67 0.30
  242 H    -1   1  -1  -2  -4   0   2  -3   5  -4  -3  -1  -3   0  -3   3   3  -4  -2  -3    3   6   2   0   0   3  17   1  15   0   2   1   0   4   0  21  25   0   0   0  0.53 0.30
  243 P    -1   0  -2  -2  -4  -1  -1  -2  -2  -2  -3  -2  -4  -5   6   1   2  -5  -2  -3    3   6   1   1   0   2   4   2   1   3   2   2   0   0  45  12  15   0   1   1  0.92 0.35
  244 A     1   1   1   1  -2   1   0   1   1  -1   0   0   0  -1  -2   0   0  -3  -1  -1   17   8   6   8   0   9   3  10   4   2  11   4   2   3   0   7   4   0   2   1  0.08 0.08
  245 V    -1  -3   1  -1  -3  -2  -2  -2  -3   1   2  -1   1   1  -3   1   2  -3  -2   1    2   0   7   2   0   0   2   3   0  10  29   3   2   6   0  10  15   0   0   7  0.20 0.16
  246 A     0   0  -1   1  -1   0   0  -2  -1   0   0   1  -1  -1   0   2   1   0  -2   0    5   4   2   7   1   3   4   1   1   5  13   9   0   2   5  20   9   1   1   7  0.08 0.08
  247 D    -2   2   2   2  -4   2   2  -3  -1  -2   0   1  -2   1  -2  -1   0  -4  -2  -3    1  15   9  12   0  10  17   0   1   1  13   6   0   7   1   4   4   0   0   0  0.28 0.18
  248 E     1  -2   0   2  -3   0   4  -3   0  -2   0  -1  -2  -4  -3   1   2  -4  -3  -2   12   1   5  11   0   3  29   0   2   1  11   1   0   0   0   8  15   0   0   1  0.35 0.22
  249 T    -1   2   3  -1  -3  -1   0  -3   0  -1  -2   1   0  -4  -2   2   3  -4  -3  -1    2  13  14   1   0   1   5   0   2   4   3   9   2   0   1  14  26   0   0   3  0.33 0.21
  250 G     0   1   0   2  -3   1   2   0  -2   0  -1   1  -2  -3  -2   0   0  -4  -3   0    5   9   2  14   0   4  15   7   0   9   4   9   0   0   1   5   8   0   0   8  0.14 0.11
  251 K    -1   3   0   1  -1   0   0  -2  -2  -3  -2   3  -3  -4  -2   0   3  -4  -3  -2    3  20   5   8   1   3   5   2   1   0   3  20   0   0   1   4  21   0   0   2  0.38 0.22
  252 W    -1   2  -1  -2   1   0  -2  -3   3  -1  -1  -1   0   2  -2  -1   2   5   1  -2    4  14   2   2   3   4   1   1   7   3   5   3   3   9   1   2  21  10   5   1  0.27 0.18
  253 V    -2  -3  -1  -5  -1  -2  -4  -5  -4   3   3  -4  -1   2  -4  -3  -1  -4  -2   4    1   1   4   0   1   2   0   0   0  14  27   0   0   8   0   0   2   0   0  38  0.59 0.28
  254 H     1  -2  -1   0  -2  -1  -1  -2   0   1  -1   0  -1   0   0   0   2  -3   0   2   13   1   2   5   0   2   2   1   3   8   5   6   0   3   4   6  17   0   3  18  0.11 0.12
  255 A     0  -1   0  -1  -2  -1  -1  -1   0  -1  -1  -1   0   2   2   0   1   1   2   0   10   3   6   3   0   3   3   3   2   2   5   3   2  10  10   5  11   2  11   7  0.10 0.08
  256 L    -2  -3  -2   0   0  -2  -1  -3  -3   2   2  -3   1   3  -4  -1   0  -3  -1   2    1   1   2   6   2   1   3   2   0  14  24   0   2  16   0   5   5   0   0  16  0.26 0.17
  257 W     0  -1   1   0  -3  -1   1   1   1  -3  -3  -1  -1  -1  -1   1   3   2  -1  -3    6   2   7   6   0   2  11  10   5   1   0   2   1   3   2   9  29   3   2   0  0.28 0.20
  258 D    -2  -3   3   6  -5  -2   2  -3  -3  -5  -5   0  -4  -5  -2   0   0  -5  -4  -4    1   0  15  45   0   1  13   1   0   0   0   6   0   0   2   8   7   0   0   1  0.89 0.35
  259 A     1  -2   0  -1  -3  -2   1  -2   0   1  -2   0  -1  -2  -1   3   0  -4  -3   2   14   0   4   3   0   0   9   1   3  11   1   4   1   1   2  29   2   0   0  15  0.23 0.19
  260 P    -1  -2   2   2  -4  -1   1  -4  -2  -3  -5  -2  -4  -5   6   1   1  -5  -4  -4    4   2   9  12   0   2  11   0   1   1   0   1   0   0  39  10   9   0   0   0  0.87 0.33
  261 T    -1   1  -1   2  -4   3   2  -1   0  -3  -2   3  -2   0  -3   0  -1  -4  -2  -3    4   4   2  11   0  15  11   5   2   0   3  27   0   5   0   6   3   0   0   1  0.33 0.19
  262 G     0  -2  -2  -2   0   1  -3  -1  -4   0  -1  -3  -2  -2   3  -2  -1  -4  -3   5    7   2   1   2   2   7   0   5   0   1   4   0   0   2  14   2   3   0   0  46  0.47 0.27
  263 P    -3  -5  -4  -2  -5  -2  -2  -1  -2  -2  -5  -4  -5  -6   8  -3  -4  -6  -5  -3    2   0   0   2   0   1   3   5   1   2   1   0   0   0  80   0   0   0   0   2  2.17 0.59
  264 R    -2   2  -1  -2  -3   0  -1  -3   3  -2  -2   3  -2  -2   3   0   3  -4  -1  -2    0   9   2   1   0   4   2   0   9   3   2  22   0   2  14   7  20   0   2   1  0.39 0.22
  265 G    -2   1  -1   0  -4   3   1  -2   3  -1  -1   2   0  -1  -1   0  -1  -3   2  -3    0   6   1   4   0  16  11   2   8   3   7  18   3   2   3   7   2   0   8   0  0.24 0.16
  266 R     4   6  -4  -4  -1  -2  -3  -4  -4  -4  -4  -2  -4  -5  -4   0  -3  -5  -2  -1   44  46   0   0   2   0   0   0   0   0   0   0   0   0   0   5   0   0   1   3  1.16 0.48
  267 V    -4  -5  -6  -6  -4  -5  -5  -6  -2   6   3  -5   3  -1  -5  -5  -3  -4  -2   2    0   0   0   0   0   0   0   0   1  46  30   0   8   1   0   0   0   0   1  12  1.04 0.38
  268 T    -2  -4  -3  -4  -1  -4  -4  -4  -5  -4  -5  -4  -4  -5  -4   4   7  -6  -5  -4    1   0   0   0   1   0   0   0   0   0   0   0   0   0   0  29  68   0   0   0  1.59 0.61
  269 L    -3  -4  -5  -5  -4   0  -4  -5  -4   1   3  -2   7   3  -5  -4  -2  -4  -3   2    0   0   0   0   0   6   0   0   0   4  25   2  35  11   0   0   2   0   0  15  0.93 0.39
  270 S    -3  -4  -1  -4  -4  -4  -4   6  -5  -5  -5  -4  -5  -6  -2   0   5  -5  -5  -4    0   0   2   0   0   0   0  55   0   0   0   0   0   0   1   7  35   0   0   0  1.32 0.49
  271 L    -2  -2  -5  -5  -3  -4  -5  -4  -5   4   3  -4   0   1   0  -4  -2  -4  -2   3    2   2   0   0   0   0   0   1   0  32  33   0   0   7   5   0   0   0   1  17  0.66 0.29
  272 G     2  -2   1  -2  -4   0  -3   4  -1  -5  -5   1  -4  -5   4   0  -3  -5  -4  -4   20   1   6   1   0   3   0  32   1   0   0   9   0   0  19   6   0   0   0   0  0.66 0.29
  273 T     0  -2   0  -3  -1  -2  -3  -1  -4  -1   0  -3  -2  -1  -3   2   5  -4  -3   1    8   1   3   1   1   0   0   3   0   2   9   0   0   3   0  17  39   0   0  13  0.47 0.29
  274 I    -4  -6  -6  -6  -4  -5  -6  -7  -6   7   3  -5  -1  -3  -6  -5  -3  -5  -4   2    0   0   0   0   0   0   0   0   0  64  27   0   0   0   0   0   0   0   0   9  1.42 0.48
  275 S     0  -1   3  -2  -1   0  -1  -4  -1  -1   2  -2   6  -1  -4  -1  -1  -4  -3  -2    7   4  16   1   2   4   3   0   1   2  22   1  28   2   0   4   3   0   0   0  0.47 0.29
  276 N     0   1   2   4   0   1   1  -1   2  -4  -4   2  -3  -4  -3   1  -1  -5  -3  -4    7   9  12  23   2   7   8   4   5   0   0  13   0   0   0   9   1   0   0   0  0.42 0.21
  277 A     6  -4  -4  -4   1  -3  -3  -1  -4  -2  -4  -3  -4  -5  -4   3   0  -5  -5  -3   67   0   0   0   3   0   0   2   0   2   0   0   0   0   0  22   4   0   0   0  1.16 0.48
  278 K    -1   3  -2  -1  -5   1   1  -1   1  -5  -3   5  -3  -5  -1   0  -3  -5  -4  -4    3  19   0   3   0   4  10   4   3   0   2  44   0   0   2   6   0   0   0   0  0.71 0.33
  279 E    -1   1   1  -2  -3   0   3  -4   5  -4  -3   3  -2  -1  -3   0  -2  -4   2  -3    4   7   7   0   0   1  25   0  15   0   1  19   1   2   0   6   1   0   8   1  0.51 0.27
  280 V    -3  -2  -1  -5  -3  -3  -5  -6  -5   5   1  -1  -1  -3  -5  -4  -3  -5  -4   4    0   2   3   0   0   1   0   0   0  40  11   3   1   0   0   0   0   0   0  37  0.91 0.37
  281 W     0  -4  -4  -5   0  -4  -4  -4  -4   3   3  -4   4   0  -4  -3  -1   3   0   3    9   0   0   0   2   0   0   0   0  14  26   0  14   3   0   0   3   4   3  23  0.54 0.26
  282 L    -2  -5  -5  -6  -4  -4  -5  -6  -5   3   5  -5   3   3  -5  -4  -3  -3   0   1    2   0   0   0   0   0   0   0   0  18  53   0   7  12   0   0   0   0   2   6  0.89 0.34
  283 V    -1  -4  -5  -5  -3  -4  -3  -5   0   2   4  -4   2   1  -4  -2  -3  -3   0   2    6   0   0   0   0   0   1   0   2  13  46   0   6   5   0   2   0   0   3  16  0.60 0.27
  284 A     4  -4  -4  -5  -1  -4  -4  -3  -5   3  -1  -4   0  -2  -4  -2  -2  -5  -4   4   44   0   0   0   1   0   0   0   0  15   4   0   2   2   0   1   1   0   0  31  0.76 0.36
  285 A    -1   0   1  -3   3   0   0  -3  -3  -2  -2  -2   1   1  -3   1   4   0   1  -2    4   5   6   0   6   5   5   0   0   1   2   0   5   8   0  13  32   1   5   1  0.34 0.24
  286 G    -3  -5  -3  -2  -6  -5  -5   7  -5  -7  -7  -5  -6  -6  -5  -2  -5  -6  -6  -6    0   0   0   2   0   0   0  95   0   0   0   0   0   0   0   2   0   0   0   0  2.24 0.63
  287 E     1   1  -1  -1  -4   0   4  -3   3  -3  -3   2  -3  -4  -1   0  -1  -4  -2  -2   14   5   1   1   0   3  30   0   9   1   1  17   0   0   3   7   3   0   1   3  0.42 0.24
  288 N     1  -1   4   2  -4   1   1   1   0  -4  -4   0  -2  -4  -3   1   0  -5  -3  -3   11   1  25   9   0   6  11  12   2   0   0   4   1   0   0  13   4   0   0   1  0.41 0.22
  289 K    -4  -1  -4  -4  -7   0  -3  -5  -4  -6  -6   8  -5  -7  -5  -4  -4  -7  -5  -6    0   0   0   0   0   2   0   0   0   0   0  98   0   0   0   0   0   0   0   0  2.33 0.73
  290 E     5   1  -4  -4  -2   1  -2  -2  -4  -3  -1   2  -1  -5  -3  -1  -3  -5  -4  -3   63   8   0   0   0   6   2   1   0   1   5  11   1   0   0   2   0   0   0   0  0.82 0.40
  291 Q     0   0   0   3  -1   2   3  -2  -1  -3  -1   1  -3  -1   0  -1  -2  -4  -3  -3   11   4   4  22   2  12  20   2   1   0   6   7   0   3   5   0   1   0   0   0  0.36 0.21
  292 V     5  -3  -4  -5  -3  -4  -4  -3  -4   2  -1  -3   0  -4  -4  -1  -1  -5  -4   2   62   1   0   0   0   0   0   0   0  10   5   0   3   0   0   1   3   0   0  15  0.88 0.40
  293 V    -3  -4  -5  -5  -1  -4  -5  -5  -5   4   3  -3   1   0  -5  -4  -1   2  -3   4    0   0   0   0   1   0   0   0   0  22  36   1   2   3   0   0   3   3   0  28  0.76 0.31
  294 G     1   1   0   1  -3   2   1  -1   3  -3  -3   3  -2  -2  -2   0   0  -3   1  -3   14   5   3   7   0  10  10   3   8   0   2  24   0   1   1   3   4   0   5   0  0.29 0.18
  295 D     2   0   0   0  -3   1   2   1   1  -2  -2   2  -1  -3  -2   0  -1  -3  -2  -2   19   3   4   5   0   8  13   9   4   1   4  17   2   1   0   3   3   0   1   2  0.19 0.13
  296 A     4  -3  -3  -2   1  -3  -3  -2  -3   1   1  -3   4  -1  -3  -1   0  -3  -3   1   37   0   0   2   2   0   0   2   0   7  11   0  14   2   0   2   7   0   0  11  0.40 0.23
  297 F    -1  -3  -3  -3  -1  -3  -1  -4  -3   3   2  -3   2   2  -3  -2  -1  -3  -1   3    2   1   0   1   1   0   5   1   0  16  24   1   5   9   1   3   2   0   1  27  0.37 0.18
  298 A     1   0   1   1  -3   1   3  -1   1  -1  -2   1  -2  -2  -2   1  -1  -3  -1  -1   12   3   8   5   0   5  27   3   3   5   1   6   0   1   1  11   1   0   2   4  0.23 0.14
  299 G    -1  -3  -2   1  -2   0   1   5  -3  -3  -3  -2  -1  -3   1   0  -2  -3  -3  -1    3   1   1   9   1   3  10  48   0   1   2   1   2   1   6   7   1   0   1   5  0.58 0.23
  300 L     1  -1   0  -1   1   0   0   1  -1  -1   0   1  -1  -1   2   0   0  -2  -1  -1   10   2   6   1   3   4   5  13   1   2  11  12   1   2  13   6   4   0   1   3  0.12 0.06
  301 N     0   0   2   1  -1   0   1   0   1   0  -1   0  -1  -2   1   0   0  -3  -2   0    5   3  15   7   1   2   8   6   4  10   6   7   0   1   8   5   4   0   1   8  0.09 0.06
  302 P    -1  -1   1   2  -2  -1   1  -2   1   0  -1  -1  -2  -2   3   0   1  -3  -1   1    1   2   8  11   0   1   8   2   4   6   4   1   0   1  15   8  11   0   2  13  0.19 0.12
  303 T     1  -2   1  -1  -2  -1  -2  -2   1   0  -2  -1   1  -3   0   1   4  -3  -2   0   12   1   7   3   0   2   1   2   5   5   2   3   4   0   3  11  30   0   0   7  0.25 0.17
  304 A     1  -1   0  -1  -2   0   2  -2   0  -2  -1   0   2   0   1   0   0   0  -2   0   14   2   4   1   0   2  18   2   3   1   6   7   8   5   8   8   3   1   0   7  0.12 0.11
  305 Q    -1   0   2   3   0   1   2  -2   0  -1  -2   0  -1  -2   0   0  -1   2  -2  -1    5   4  11  18   2   5  17   1   3   3   2   6   2   1   4   7   2   4   0   3  0.23 0.13
  306 R    -1   0  -2  -4   4  -2  -3  -1  -2   1   1  -3   1   0   0  -2   0   5   1   2    2   6   1   0  10   1   0   6   1   7  16   0   3   3   5   0   5   9   4  18  0.26 0.16
  307 P     0  -4  -4  -4  -2  -4  -2  -4  -5  -2  -5  -3  -5  -5   8  -2  -1   0  -5  -4    6   0   0   0   1   0   3   0   0   3   0   1   0   0  75   2   4   2   0   1  2.00 0.57
  308 E     4  -1  -2  -2  -1  -1   0  -1  -3   0  -1  -2  -2  -3  -2   2   0  -4   0   0   45   3   0   2   1   2   6   3   0   7   5   0   0   0   1  13   3   0   3   5  0.36 0.23
  309 F     2   0  -2  -2  -1  -2  -2  -1  -3  -1  -2  -2  -2   0   1   4   2  -4  -3   0   14   5   0   0   1   0   0   3   0   2   2   0   1   4   6  39  11   0   0   9  0.37 0.24
  310 A     2  -2  -2  -1  -1  -1  -2   0  -1   1   1  -2   0   0  -1   0   0   1  -1   1   24   2   0   4   1   2   1   9   2  12  13   0   3   3   2   4   4   2   2  11  0.09 0.09
  311 T     1  -2  -3  -1  -2   1  -2  -3  -3   0   4  -2   0  -2  -2   0   0  -3  -3   0   17   2   0   4   0   7   1   1   0   2  47   1   0   0   1   5   6   0   0   5  0.36 0.22
  312 K    -1  -1  -1  -2   2   5   0  -2   2  -1   0   1   0  -3  -1  -1   0  -3  -3   0    3   1   1   2   6  35   2   2   6   3  10   9   2   0   3   4   4   0   0   6  0.37 0.23
  313 A     1   0   0   0  -2   1   0  -1   2  -1   0   0   0  -1   2   0   0  -3  -1  -1   14   5   4   6   0   6   5   5   8   3  15   7   2   2   9   4   3   0   0   2  0.09 0.07
  314 L     0   1   0  -3  -4  -1  -1  -2   8  -2   2  -2  -2  -2  -3  -2  -3  -3   1  -3    8   7   4   1   0   2   3   2  39   1  24   1   0   0   1   1   1   0   3   1  0.77 0.32
  315 P    -1  -2  -3   1  -2   0  -1  -3   1  -3  -4  -1  -3  -4   7   0  -2  -4  -3  -2    3   2   1   7   1   4   3   1   3   2   1   4   0   1  55   7   1   0   0   3  1.14 0.34
  316 V     1  -1   3   1  -2  -1  -1  -1   2   0  -2   0  -2  -2  -2   1   0  -3  -2   1   14   3  20   8   0   1   3   3   7   5   2   5   0   1   1   8   5   0   1  13  0.17 0.11
  317 T     0   1  -1  -2  -1  -1   0  -2  -2   0   1   0  -1  -1  -2   0   1  -2  -1   2    9   8   1   1   1   1   6   2   1   4  12   4   1   1   1   9  12   0   2  23  0.10 0.09
  318 L     0  -1  -1  -2  -2   1  -1  -2  -2   2   1  -1   2   0  -2  -1   2  -2  -1   1    5   1   2   1   0   8   4   2   1  14  14   3   8   5   1   3  15   0   1  11  0.11 0.08
  319 I    -1  -2  -2  -3  -2  -1  -2  -3  -3   3   1  -1   2   0  -2  -2  -1  -3  -2   4    2   1   2   1   0   3   1   2   0  19  10   5   5   3   1   1   1   0   1  40  0.39 0.18
  320 E     0   0   1   1  -1   1   1   0   4  -1  -1   0  -1  -1  -1   0   0  -1   0  -1    7   4   9   7   1   8   7   6  16   4   6   3   1   2   3   5   4   1   2   5  0.11 0.05
  321 G     0   0   0   1  -1   0   0   3  -1  -1  -1   0  -1  -1   0   0   0  -1  -1   0    7   4   4   7   1   2   6  26   1   3   5   6   1   2   4   5   6   1   2   8  0.12 0.04
  322 T    -1   1   1   2  -2   1   1  -1   1  -1  -1   1  -1  -2  -1   0   0  -2  -1  -1    5   8  10  12   1   6  11   3   3   2   4  11   1   2   2   3   6   1   1   6  0.12 0.04
  323 P     0  -1  -1  -1   1  -1  -1  -1  -1   0   1  -1   0  -1   0   0   1  -1  -1   2   10   2   4   2   4   2   3   3   1   2  20   2   1   2   5   3  13   1   2  18  0.06 0.05
  324 Q     0   0  -1  -1   1   1   0  -1  -1   1   0  -1   0  -1  -1   0   2  -1  -1   1    3   4   2   2   4   7   6   3   1  10   7   2   1   2   2   8  17   1   1  16  0.07 0.05
  325 W    -2  -2  -2  -2  -2  -2  -2  -2  -2   1   0  -2   0   1  -2  -2  -2   9   1   0    3   2   2   2   1   2   2   3   1   8  10   2   2   5   2   3   2  36   4   9  0.88 0.19
  326 L    -3  -4  -4  -4  -3  -3  -4  -4  -3   4   1  -4  -1   4  -4  -3  -2  -2   3   2    1   0   0   0   0   0   1   1   0  33  13   1   0  21   0   1   1   0  12  14  0.63 0.24
  327 V     0  -4  -4  -5   4  -3  -4  -4  -4   3   3  -3   2  -2  -4  -3  -1  -4  -3   3    6   0   0   0  10   0   0   0   0  16  34   1   4   0   0   0   2   0   0  26  0.58 0.24
  328 D    -5  -5  -1   8  -6  -3  -1  -2  -4  -6  -7  -4  -6  -7  -4  -1  -4  -7  -6  -6    0   0   1  94   0   0   0   2   0   0   0   0   0   0   0   3   0   0   0   0  2.27 0.64
  329 V    -1   0   0   2  -5   2   4  -3  -2  -3  -4   3  -2  -4  -2   0  -2  -4   0  -2    4   3   2  11   0   9  36   1   0   1   0  21   1   0   1   5   1   0   3   2  0.58 0.27
  330 F     3  -2  -1   3  -4   0   3  -2  -3  -4  -4  -1  -3  -2   1  -1  -2  -5  -4  -3   36   1   1  22   0   3  25   1   0   0   0   1   0   2   7   1   0   0   0   1  0.63 0.31
  331 A     7  -4  -4  -5   0  -4  -4  -3  -4  -4  -4  -3  -4  -5  -4   0  -3  -5  -5  -3   94   0   0   0   2   0   0   0   0   0   0   0   0   0   0   4   0   0   0   0  1.64 0.56
  332 I     5  -3  -3  -4  -1  -3  -3   1  -4  -1   0  -3  -2  -2  -3   0   1  -4  -3  -1   59   0   0   0   1   0   0   9   0   3  11   0   0   2   0   2  10   0   0   4  0.63 0.31
  333 A     2   0  -2  -2  -3   1  -1  -2  -1  -4  -2   1   0  -4  -2   5   0  -4  -3  -3   19   5   0   1   0   5   1   2   1   0   3   7   3   0   1  50   3   0   0   0  0.57 0.31
  334 Q    -2   0  -1   1  -2   1   2  -4  -2  -2   2   3   0  -1  -3  -1  -2  -4  -3  -2    1   3   3   7   1   6  18   0   0   0  29  26   2   2   0   2   0   0   0   1  0.35 0.22
  335 L    -4  -3  -5  -3  -3  -4  -5  -6  -5   2   6  -5   0  -2  -5  -5  -3  -4  -3   1    0   1   0   1   0   0   0   0   0  12  79   0   0   0   0   0   0   0   0   7  1.15 0.40
  336 P    -1  -1   0   2  -4   1   2  -3  -2  -4  -3   2  -3  -2   5   0  -2  -4  -3  -3    3   2   2  15   0   5  18   0   0   0   2  15   0   2  29   6   0   0   0   0  0.61 0.19
  337 A     2  -2  -1   1  -2  -1   2  -2  -2   0  -2  -1  -1  -3  -1   1   0  -4  -2   3   18   0   2  10   0   0  16   0   0   0   0   2   0   0   2   8   6   0   0  33  0.21 0.13
  338 N    -1   1   2   0  -3   0   2  -2  -1  -2  -2   3  -2  -3   0   0   1  -3  -3  -2    3   5  13   3   0   0  18   2   0   3   4  31   0   0   3   4  10   0   0   0  0.29 0.12
  339 A     1  -1   1  -2   5  -1  -2  -1  -2  -2  -2   1  -2  -3  -2   1   4  -3   1  -2   15   0   6   0  14   0   0   3   0   0   0  13   0   0   0   5  37   0   6   0  0.38 0.16
  340 Q    -1   1   0   1   1   2   0  -3  -1  -1   0   3  -1  -2  -2  -1  -1  -2   1   1    0   7   3  11   3  13   0   0   0   0   8  27   0   0   0   0   0   0   7  19  0.17 0.10
  341 R    -2   3   2   0  -4   1   1  -2   1  -4  -3   4  -2  -4  -2  -1  -1  -4  -2  -3    0  17  15   5   0   4   4   0   5   0   0  48   0   0   0   0   0   0   0   0  0.55 0.14
  342 A     2  -3  -3  -1  -2  -2  -2  -2   0  -2  -2  -2  -2   1  -3  -1  -2   0   7   0   31   0   0   4   0   0   0   0   0   0   0   0   0   0   0   0   0   0  58   6  0.74 0.17
  343 D    -1  -2  -1   2  -2  -1  -1  -2  -1  -1  -1   0  -1   5  -2  -1   0   0   3  -1    7   1   1  16   0   1   1   1   0   1   1   7   0  41   1   1   7   0  13   1  0.31 0.07
  344 G     0   0   1   0  -2   0   1   2  -1  -2  -2   2  -2  -2  -1   1   1  -2   0  -2    8   4  10   1   0   1  10  17   0   1   1  18   0   1   1  11  10   0   6   1  0.17 0.03
  345 K    -1   2  -1   1  -4   4   3  -2  -1  -1  -3   3  -2  -3  -2  -1  -1  -3  -2  -2    0   6   0   6   0  25  21   0   0   6   0  34   0   0   0   0   0   0   0   0  0.45 0.09
  346 L    -2  -2  -3  -4  -2  -2  -3  -4   4   1   3  -3   1   4  -4  -3  -2  -1   1   0    0   0   0   0   0   0   0   0  16   7  45   0   0  29   0   0   0   0   0   4  0.40 0.08
  347 R    -1   3  -1  -1  -3   0   1  -2   2  -1  -1   1  -1   1  -2  -1  -1  -1   2  -1    1  29   1   1   0   1  13   1   7   7   2  11   0   8   1   1   1   0  12   1  0.20 0.04
  348 D     0  -1   0   4  -3   2   4  -2  -1  -3  -3   1  -2  -3  -1   1  -1  -3  -3  -3    5   0   0  31   0   8  36   0   0   0   0   8   0   0   0  10   0   0   0   0  0.51 0.06
  349 G     1  -1   3   2  -2   0   0   3  -1  -2  -3  -1  -2  -3  -2   0  -1  -3  -3  -2   19   0  26  14   0   5   5  25   0   5   0   0   0   0   0   0   0   0   0   0  0.31 0.04
  350 E    -1  -1  -1   1  -3   2   5  -3   0  -3  -1   0  -2  -2  -2   0  -1  -2   1  -2    0   0   0   0   0   5  70   0   0   0   9   0   0   0   0   6   0   0   9   0  0.52 0.07
  351 H    -2  -1   6   1  -3   0  -1  -1   4  -4  -4  -1  -2  -3  -2   1   0  -4  -1  -3    0   0  73   0   0   0   0   0  17   0   0   0   0   0   0  10   0   0   0   0  0.73 0.08
  352 I    -2  -3  -3  -4  -2  -2  -3  -4  -3   4   2  -3   4   0  -3  -3  -1  -3  -2   2    0   0   0   0   0   0   0   0   0  69  10   0  21   0   0   0   0   0   0   0  0.44 0.06
  353 A     3   0  -1   1  -2   0   0  -1  -2  -2  -2   2  -1  -3  -1   1   1  -3  -2  -1   42   0   0  12   0   0   0   0   0   0   0  30   0   0   0   0  17   0   0   0  0.25 0.04
  354 Q    -1   2   1   2  -3   3   2   0   0  -3  -3   3  -2  -4  -2   0  -1  -3  -2  -3    0   8   7  16   0  19  17   7   0   0   0  26   0   0   0   0   0   0   0   0  0.38 0.03
  355 L    -2  -2  -4  -4  -2  -2  -3  -4  -3   1   4  -3   2   0  -3  -3  -1  -2  -1   1    0   0   0   0   0   0   0   0   0   0 100   0   0   0   0   0   0   0   0   0  0.54 0.04
  356 P    -1  -3  -3  -2  -2  -2  -2  -3  -3   2  -1  -2  -1  -2   7  -1  -1  -4  -3   0    0   0   0   0   0   0   0   0   0  32   0   0   0   0  68   0   0   0   0   0  1.16 0.02
  357 A     3  -1  -1   0  -2   1   4  -1  -1  -2  -2   0  -2  -3  -1   1   0  -3  -2  -1   50   0   0   0   0   0  50   0   0   0   0   0   0   0   0   0   0   0   0   0  0.36 0.00
  358 N    -2   0   6   1  -3   0   0   0   1  -3  -4   0  -2  -3  -2   1   0  -4  -2  -3    0   0 100   0   0   0   0   0   0   0   0   0   0   0   0   0   0   0   0   0  0.73 0.01
  359 V    -1  -3  -3  -4  -1  -2  -3  -4  -3   2   3  -3   2   0  -3  -2  -1  -2  -1   3    0   0   0   0   0   0   0   0   0   0  50   0   0   0   0   0   0   0   0  50  0.32 0.00
  360 F    -2  -2  -3  -4  -3  -2  -3  -3   1  -1   0  -3   0   5  -4  -2  -2   2   6  -1    0   0   0   0   0   0   0   0   0   0   0   0   0  50   0   0   0   0  50   0  0.69 0.00
  361 S     1  -1   1   0  -1   0   0   0  -1  -2  -2   0  -1  -2  -1   4   1  -3  -2  -2    0   0   0   0   0   0   0   0   0   0   0   0   0   0   0   0   0   0   0   0  0.00     0.00
  362 P    -1  -2  -2  -1  -3  -1  -1  -2  -2  -3  -3  -1  -2  -4   7  -1  -1  -4  -3  -2    0   0   0   0   0   0   0   0   0   0   0   0   0   0   0   0   0   0   0   0  0.00     0.00
  363 R    -1   5   0  -2  -3   1   0  -2   0  -3  -2   2  -1  -3  -2  -1  -1  -3  -2  -2    0   0   0   0   0   0   0   0   0   0   0   0   0   0   0   0   0   0   0   0  0.00     0.00
  364 S     1  -1   1   0  -1   0   0   0  -1  -2  -2   0  -1  -2  -1   4   1  -3  -2  -2    0   0   0   0   0   0   0   0   0   0   0   0   0   0   0   0   0   0   0   0  0.00     0.00
  365 G     0  -2   0  -1  -2  -2  -2   5  -2  -4  -4  -2  -3  -3  -2   0  -2  -2  -3  -3    0   0   0   0   0   0   0   0   0   0   0   0   0   0   0   0   0   0   0   0  0.00     0.00
  366 W    -2  -3  -4  -4  -2  -2  -3  -2  -2  -3  -2  -3  -1   1  -4  -3  -2  10   2  -3    0   0   0   0   0   0   0   0   0   0   0   0   0   0   0   0   0   0   0   0  0.00     0.00
  367 S     1  -1   1   0  -1   0   0   0  -1  -2  -2   0  -1  -2  -1   4   1  -3  -2  -2    0   0   0   0   0   0   0   0   0   0   0   0   0   0   0   0   0   0   0   0  0.00     0.00
  368 T     0  -1   0  -1  -1  -1  -1  -2  -2  -1  -1  -1  -1  -2  -1   1   4  -2  -2   0    0   0   0   0   0   0   0   0   0   0   0   0   0   0   0   0   0   0   0   0  0.00     0.00
  369 C     0  -3  -3  -3   8  -3  -4  -2  -3  -1  -1  -3  -1  -2  -3  -1  -1  -2  -2  -1    0   0   0   0   0   0   0   0   0   0   0   0   0   0   0   0   0   0   0   0  0.00     0.00
  370 S     1  -1   1   0  -1   0   0   0  -1  -2  -2   0  -1  -2  -1   4   1  -3  -2  -2    0   0   0   0   0   0   0   0   0   0   0   0   0   0   0   0   0   0   0   0  0.00     0.00
  371 P    -1  -2  -2  -1  -3  -1  -1  -2  -2  -3  -3  -1  -2  -4   7  -1  -1  -4  -3  -2    0   0   0   0   0   0   0   0   0   0   0   0   0   0   0   0   0   0   0   0  0.00     0.00
  372 S     1  -1   1   0  -1   0   0   0  -1  -2  -2   0  -1  -2  -1   4   1  -3  -2  -2    0   0   0   0   0   0   0   0   0   0   0   0   0   0   0   0   0   0   0   0  0.00     0.00
  373 R    -1   5   0  -2  -3   1   0  -2   0  -3  -2   2  -1  -3  -2  -1  -1  -3  -2  -2    0   0   0   0   0   0   0   0   0   0   0   0   0   0   0   0   0   0   0   0  0.00     0.00
  374 S     1  -1   1   0  -1   0   0   0  -1  -2  -2   0  -1  -2  -1   4   1  -3  -2  -2    0   0   0   0   0   0   0   0   0   0   0   0   0   0   0   0   0   0   0   0  0.00     0.00
  375 F    -2  -3  -3  -3  -2  -3  -3  -3  -1   0   0  -3   0   6  -4  -2  -2   1   3  -1    0   0   0   0   0   0   0   0   0   0   0   0   0   0   0   0   0   0   0   0  0.00     0.00
  376 P    -1  -2  -2  -1  -3  -1  -1  -2  -2  -3  -3  -1  -2  -4   7  -1  -1  -4  -3  -2    0   0   0   0   0   0   0   0   0   0   0   0   0   0   0   0   0   0   0   0  0.00     0.00
  377 P    -1  -2  -2  -1  -3  -1  -1  -2  -2  -3  -3  -1  -2  -4   7  -1  -1  -4  -3  -2    0   0   0   0   0   0   0   0   0   0   0   0   0   0   0   0   0   0   0   0  0.00     0.00

                      K         Lambda
Standard Ungapped    0.1328     0.3156
Standard Gapped      0.0366     0.2670
PSI Ungapped         0.1195     0.3179
PSI Gapped           0.0366     0.2670
