
Last position-specific scoring matrix computed, weighted observed percentages rounded down, information per position, and relative weight of gapless real matches to pseudocounts
            A   R   N   D   C   Q   E   G   H   I   L   K   M   F   P   S   T   W   Y   V   A   R   N   D   C   Q   E   G   H   I   L   K   M   F   P   S   T   W   Y   V
    1 M    -3  -3  -4  -5  -3  -2  -4  -5  -4   0   0  -3  10  -2  -5  -3  -3  -3  -3  -1    0   0   0   0   0   0   0   0   0   3   0   0  97   0   0   0   0   0   0   0  1.94 0.40
    2 G    -1  -4  -2  -3  -4  -3  -4   7  -4  -6  -5  -3  -4  -5  -4  -2  -3  -4  -5  -5    0   0   0   0   0   0   0 100   0   0   0   0   0   0   0   0   0   0   0   0  1.83 0.31
    3 R    -1   7  -1  -3  -5  -1  -2  -4  -2  -5  -4   1  -3  -5  -4  -2  -3  -4  -3  -4    7  89   2   0   0   0   0   0   0   0   0   2   0   0   0   0   0   0   0   0  1.46 0.32
    4 S     3  -1  -1  -2  -2   2  -1   0  -2  -1  -3   3  -2  -4  -2   1  -1  -4  -3  -2   39   0   1   0   0  13   0   3   0   5   0  27   0   0   0  11   0   0   0   0  0.39 0.16
    5 F    -4  -5  -5  -2  -4  -4  -5  -5  -1   0  -2  -5  -3   6  -3  -4  -4  10   3  -3    0   0   0   3   0   0   0   0   2   5   0   0   0  37   2   0   0  44   7   0  1.89 0.39
    6 A     4  -2   0  -1  -3   1   2  -2  -2  -3  -3   1  -3  -4  -2   0  -2  -4  -3  -2   55   0   5   1   0   6  18   0   0   0   0  12   0   0   0   3   0   0   0   0  0.58 0.24
    7 N    -2  -1   6  -1  -4  -1  -2  -2  -1  -2  -3   0  -3  -2  -4   0   1  -4   1   0    1   1  60   0   0   2   0   1   0   1   1   5   0   2   0   3   7   0   6  10  0.79 0.28
    8 R    -2   4  -3  -2  -4   0  -2  -4  -3   4  -1   3  -1  -3  -3  -2   0  -4  -3   0    0  25   0   1   0   2   1   0   0  39   0  21   0   0   0   0   6   0   0   4  0.53 0.24
    9 E     0   1  -2  -2  -4   2   1  -1   3  -3  -3   5   2  -4  -3  -1  -1  -4  -3  -3    6   2   0   0   0   7   8   3  10   0   0  50   7   0   0   1   2   0   0   1  0.58 0.24
   10 K     1   3   0  -1  -4  -1   1  -2   6  -4  -3   2  -3  -3  -3  -1  -2  -4  -1  -3   16  19   3   2   0   0   7   2  29   0   2  17   0   0   0   1   0   0   0   0  0.59 0.22
   11 K    -1   4  -2  -2  -4   2   0  -2  -2  -4  -3   5  -1  -4  -3   1  -1  -4  -3  -3    4  25   0   0   0   7   4   1   0   0   1  43   1   0   0  12   2   0   0   0  0.68 0.25
   12 M     0   1   0   0  -4  -1  -1  -2  -1  -3  -3   5   4  -1  -3  -1  -1   2  -3  -3    7   4   3   5   0   0   0   3   1   0   0  54  15   2   0   1   3   3   0   0  0.60 0.27
   13 A     5  -3  -3  -2  -3   1  -1   2  -3  -3  -2  -1   0  -2  -3   0  -1  -4  -3  -2   60   0   0   2   0   6   4  16   0   0   2   3   2   1   0   2   2   0   0   0  0.59 0.25
   14 K     1   3  -1  -2  -4   2  -1  -3  -2  -4  -4   5  -3  -4  -3  -1  -2  -4  -3  -2   12  14   1   0   0  11   0   0   0   0   0  54   0   0   0   3   0   0   0   3  0.76 0.27
   15 T    -1   2   0   2  -3   3   0  -3  -2  -1  -2   1   1  -3  -2  -1   2  -4  -3   0    5  10   4  14   0  16   3   0   0   2   1  11   4   0   0   1  19   0   0   8  0.25 0.14
   16 A     3  -3  -1   5  -3  -1  -1   0  -3  -4  -4  -2  -4  -3  -3   1  -2   4  -3  -3   34   0   0  43   0   1   0   6   0   0   0   0   0   0   0   8   0   6   0   0  0.78 0.29
   17 L     3   0   0   0  -2   0  -1   1  -2  -1  -1   1  -1  -3  -2   0  -1  -3  -2  -1   38   4   6   5   0   2   2  10   0   4   6  12   1   1   1   3   2   0   0   2  0.19 0.11
   18 A     2   0   0  -1  -3   1  -1  -2  -1   0  -1   3   0  -3  -2  -1  -1  -4  -3   0   24   3   4   4   0   8   0   1   1   7   5  30   2   0   0   1   2   0   0   6  0.22 0.14
   19 Y    -2   5  -1   0  -4  -1  -1  -3  -2  -3  -2   3   2   2  -3  -1  -1  -3   0  -2    1  35   2   5   0   0   0   0   0   0   1  26   7  10   0   2   4   0   3   1  0.51 0.21
   20 S     2  -2  -2  -2  -3  -2  -2   3  -3  -2  -4  -1  -3  -4  -1   3   1  -4  -3  -3   20   1   0   0   0   0   0  28   0   3   0   2   0   0   2  33   9   0   0   0  0.55 0.23
   21 K    -2   3  -2  -3  -5   1  -1  -4  -3  -5  -3   7  -3  -5  -3  -2  -3  -5  -4  -4    2  12   0   0   0   4   0   0   0   0   2  78   0   0   0   1   0   0   0   0  1.33 0.40
   22 K    -1  -1  -2  -2  -2   0  -1  -1  -1   2   1   0   2  -1  -2  -1   0  -3  -2   2    4   3   2   0   0   5   3   4   1  20  15   8   6   0   0   2   5   0   0  20  0.13 0.09
   23 A    -1  -3  -2  -4  -3  -3  -4  -2  -2   0  -1  -2  -1   7  -4  -3  -3   2   4  -2    7   0   2   0   0   1   1   3   0   4   3   2   1  55   0   1   1   2  15   1  0.94 0.27
   24 A     2  -1  -1  -2  -2   0  -1   0  -2  -2  -2   0  -1  -3   0   2   3  -3  -3  -1   22   1   2   1   0   4   1   7   0   2   1   4   1   0   3  20  27   0   0   1  0.32 0.16
   25 Y    -2   3  -2  -3  -4   0  -1  -3  -2  -4  -2   6  -2  -1  -3  -2  -2   0   0  -3    1  16   0   0   0   2   0   1   0   0   3  64   1   3   0   2   0   1   3   2  0.88 0.29
   26 I    -2  -4  -5  -5  -3  -4  -4  -5  -2   3   4  -4   0   2  -4  -4  -3  -2   2   0    1   0   0   0   0   0   0   0   1  23  52   0   0  10   0   0   0   0   8   3  0.74 0.26
   27 G     2  -2  -2  -3  -3  -2  -3   3  -3   2  -2  -2  -2  -3  -3   2   0  -4  -3   0   19   2   0   0   0   0   0  26   0  20   1   0   0   0   0  23   3   0   0   3  0.39 0.20
   28 K    -3   6  -3  -4  -6   0  -2  -4  -2  -4  -5   6  -4  -5  -4  -3  -3  -5  -4  -3    0  43   0   0   0   2   0   0   1   0   0  52   0   0   0   0   0   0   0   2  1.42 0.45
   29 K    -1  -1   1   1  -6   0   7  -3  -3  -4  -4  -1  -3  -6  -4  -2  -3  -5  -4  -5    6   2   6   5   0   2  73   1   0   1   1   2   0   0   0   0   1   0   0   0  1.24 0.44
   30 V    -4  -6  -6  -6  -4  -5  -6  -7  -6   8   1  -5  -1  -3  -6  -5  -3  -5  -4   1    0   0   0   0   0   0   0   0   0  87  10   0   0   0   0   0   0   0   0   2  1.76 0.52
   31 V     0   0  -2  -3  -3  -1   0  -3  -2   1  -1  -1   2   0  -3   0   3  -2   3   1    5   4   0   0   0   2   7   1   0  11   1   2   6   2   0   4  29   0  15  10  0.30 0.21
   32 I     0  -4  -4  -5  -3  -3  -4  -5  -5   3   1  -3   3  -2  -4  -2   0  -4  -3   5    6   0   0   0   0   1   0   0   0  15   7   1   8   1   0   3   5   0   0  52  0.71 0.30
   33 A     6  -4  -4  -4   2  -3  -4  -3  -4  -4  -4  -3  -4  -5  -4   1  -2  -5  -5  -2   87   0   0   0   4   0   0   0   0   0   0   0   0   0   0   7   1   0   0   2  1.45 0.51
   34 V     6  -4  -4  -4   0  -4  -4  -3  -4  -2  -3  -3  -3  -4  -4  -1   0  -5  -4   3   75   0   0   0   2   0   0   0   0   0   0   0   0   0   0   1   4   0   0  19  1.17 0.45
   35 K    -3   5  -3  -4  -6  -1  -2  -4  -3  -5  -4   6  -4  -6  -4  -2  -3  -6  -4  -4    1  32   0   0   0   1   0   1   0   0   2  62   0   0   0   1   1   0   0   1  1.41 0.47
   36 A     1  -1   1  -1  -3   2   2  -2  -1  -1   1   0   3  -3  -2   1   0  -3  -3  -1   11   0   6   1   0  13  15   2   1   3  13   6  12   0   1   9   6   0   0   2  0.18 0.15
   37 G    -2  -5  -2  -4  -5  -5  -3   7  -5  -7  -7  -4  -6  -6  -5  -3  -4  -5  -4  -6    0   0   2   0   0   0   2  95   0   0   0   0   0   0   0   1   0   0   1   0  2.12 0.56
   38 G    -1  -4  -2  -1  -5  -4  -1   6  -4  -4  -2  -4  -3  -3  -4  -1  -2  -5  -5  -4    4   0   1   3   0   0   4  75   0   1   5   0   1   1   0   3   2   0   0   1  1.29 0.41
   39 D     0  -4  -2   1  -3  -3  -3   3  -4  -2  -4  -3  -4  -4   6   0   0  -5  -4  -2    9   0   1   8   0   0   0  27   0   2   1   0   0   0  37   7   6   0   0   2  0.84 0.30
   40 D    -4  -3   3   7  -5  -2   0  -3  -3  -5  -5  -3  -5  -5  -3  -2  -2  -6  -5  -4    1   1  16  71   0   1   3   0   0   0   0   0   0   0   1   2   1   0   0   1  1.54 0.45
   41 P    -2  -5  -5  -5  -5  -3  -4  -5  -5   0  -2  -4  -3  -5   8  -4  -3  -6  -6  -1    3   0   0   0   0   1   0   0   0   6   3   0   0   0  80   0   1   0   0   5  2.16 0.57
   42 T     1  -1   2   4  -4   0   4  -1  -2  -4  -4  -1  -4  -5  -3   1  -1  -5  -3  -3   14   2   9  23   0   2  31   3   0   0   0   2   0   0   0   9   3   0   0   1  0.56 0.25
   43 I     1  -2   2  -2  -3  -2  -2   2  -1  -2  -1  -1   3  -1  -3   2   1  -3  -1  -2   14   0  10   1   0   0   0  18   2   1   6   2  13   3   0  18   9   0   1   1  0.26 0.19
   44 N    -5  -2   9  -2  -6  -3  -4  -4  -3  -7  -7  -3  -6  -6  -5  -2  -3  -7  -5  -6    0   2  98   0   0   0   0   0   0   0   0   0   0   0   0   0   0   0   0   0  2.58 0.71
   45 I     0  -4  -3  -4  -4  -1  -3  -4  -1  -2  -1  -3  -1   1   7   1  -2  -5  -2  -2    9   0   1   0   0   3   0   0   1   2   7   0   1   6  51  13   2   0   1   2  1.06 0.36
   46 A     1   6  -1  -3  -4   1  -2  -3   0  -4  -4   1  -3  -5  -3   1   0  -5  -4  -4   15  49   2   0   0   7   0   1   2   0   0   6   0   0   0  11   7   0   0   0  0.79 0.33
   47 L    -4  -5  -6  -7  -4  -5  -6  -7  -6  -1   6  -5  -1  -2  -6  -5  -4  -5  -4  -1    0   0   0   0   0   0   0   0   0   0  98   0   0   0   0   0   0   0   0   2  1.74 0.54
   48 A     1   7  -3  -3  -5  -1  -2  -4  -3  -5  -5   3  -4  -4  -4  -2  -3  -5  -1  -4   11  68   0   1   0   1   1   0   0   0   0  14   0   0   0   1   0   0   2   1  1.38 0.46
   49 G     1  -1   1   1  -2  -1  -2  -1   0   0   2  -1   1  -1  -3   0   1  -3  -2   0   16   4   6   8   0   2   0   2   2   2  25   1   3   2   0   7  12   0   0   6  0.11 0.12
   50 V     5  -4  -4  -4  -2  -3  -3  -3  -4   1   0  -3  -1  -3  -3  -1  -2  -5  -4   2   62   0   0   0   0   0   0   0   0   9   8   0   1   0   0   2   0   0   0  16  0.80 0.35
   51 M    -3  -5  -5  -5  -3  -4  -5  -6  -5   6   2  -5   2  -2  -5  -4  -3  -2  -3   3    0   0   0   0   0   0   0   0   0  56  17   0   5   0   0   0   0   0   0  21  1.09 0.37
   52 R     1  -2   0   4  -4   2   4  -3  -2  -2  -2  -1  -3  -3  -3   0   0  -4  -3  -3   13   1   4  24   0  11  27   0   0   2   3   2   0   1   0   6   4   0   0   1  0.49 0.23
   53 E     1   2   1  -2  -4   0  -1  -3  -2  -4  -2   5  -3  -4  -3  -1   0  -4  -4  -2   12  11   8   1   0   2   2   1   0   0   4  49   0   0   0   2   4   0   0   3  0.62 0.29
   54 A     7  -4  -5  -5   3  -4  -4  -2  -5  -4  -4  -4  -4  -5  -4  -2  -3  -6  -5  -3   94   0   0   0   5   0   0   1   0   0   0   0   0   0   0   0   0   0   0   0  1.71 0.57
   55 A    -3   4  -1  -3  -5  -1  -2  -4  -2  -4   0   6  -2  -2  -4  -3  -3  -5  -3  -4    1  21   2   0   0   0   0   0   0   0  12  60   1   1   0   0   1   0   0   0  1.07 0.41
   56 A     4  -1  -1   0  -3   0   0  -1  -2  -3  -3   3  -2  -3  -3   2   0  -4  -3  -2   38   2   2   6   0   3   5   3   0   0   1  20   0   1   0  14   4   0   0   1  0.40 0.23
   57 L     2  -2   2   1  -3   1   2  -2  -1  -2  -2   1  -2  -2  -3   0  -1  -3   0   0   25   0  14   7   0   8  12   0   1   2   2   8   0   2   0   4   2   0   5   8  0.22 0.16
   58 N    -3  -2   7   0  -5   2  -2   0   0  -6  -6  -2  -4  -5  -4   3  -2  -6  -4  -5    0   1  58   2   0   9   0   6   2   0   0   0   0   0   0  22   0   0   0   0  1.23 0.45
   59 V    -4  -5  -5  -6  -3  -4  -5  -6  -5   1   2  -5   9  -3  -5  -4  -3  -5  -4   3    0   0   0   0   0   0   0   0   0   4  13   0  60   0   0   0   0   0   0  22  1.63 0.53
   60 P    -3  -4  -5  -4  -6  -4  -4  -5  -5  -6  -6  -2  -5  -7   8   0   0  -7  -6  -5    1   1   0   0   0   0   0   0   0   0   0   2   0   0  84   6   6   0   0   0  2.43 0.62
   61 K     0   2   3  -3  -5  -1  -2  -3  -3  -4  -4   6   1  -5  -3  -1  -2  -4  -4  -4   10  10  16   0   0   1   0   1   0   0   0  53   4   0   0   4   1   0   0   0  0.85 0.36
   62 D    -2  -3   0   7  -5  -2   2  -3   3  -5  -5  -1  -5  -5  -4   0  -3  -6  -4  -4    2   0   2  62   0   0  14   1   9   0   0   2   0   0   0   7   1   0   0   1  1.26 0.41
   63 V    -2   0   6  -2  -4  -2  -2  -2  -2   0  -3   0  -3  -4  -4   0   3  -5  -4   1    1   5  46   0   0   0   0   1   0   5   1   5   0   0   0   4  19   0   0  12  0.72 0.32
   64 I    -3  -5  -5  -5  -4  -5  -5  -6  -5   8   0  -5   0  -3  -5  -5  -3  -2  -4   1    1   0   0   0   0   0   0   0   0  86   4   0   1   0   0   0   0   0   0   6  1.66 0.49
   65 D    -3  -2   1   4  -5   2   6  -4  -2  -5  -5   1  -2  -5  -3  -2  -2  -5  -4  -4    1   0   5  24   0   7  52   0   0   0   1   6   1   0   0   1   1   0   0   0  1.04 0.37
   66 R     0   7   1  -3  -5  -1  -2  -3  -3  -5  -4   3  -4  -5  -4  -1  -1  -5  -2  -4    7  61   6   0   0   1   0   1   0   0   0  16   0   0   0   5   3   0   1   0  1.14 0.40
   67 N     6  -4   2  -4  -3  -3  -4  -2  -4  -4  -4  -3  -4  -4  -4  -1  -3  -5  -5  -3   85   0  12   0   0   0   0   0   0   0   1   0   0   1   0   2   0   0   0   0  1.42 0.52
   68 I    -4  -2  -6  -6  -4  -5  -6  -6  -6   7   1  -5  -1  -3  -6  -5  -3  -5  -4   2    0   3   0   0   0   0   0   0   0  82   9   0   0   0   0   0   0   0   0   7  1.59 0.49
   69 K     1   0   1   2  -5   2   0  -3  -1  -5  -4   6  -2  -5  -3  -1  -3  -5  -3  -4   10   3   6  10   0   7   5   0   1   0   0  55   1   0   0   2   0   0   1   0  0.81 0.34
   70 R    -3   5  -1  -3  -5  -1  -2  -1  -1  -5  -5   6  -4  -5  -4  -1  -2  -5  -4  -5    0  38   2   0   0   1   0   4   1   0   0  48   0   0   0   5   2   0   0   0  1.15 0.41
   71 A     4  -4  -2  -3  -3  -3  -2   5  -4  -4  -4  -3  -4  -5  -4   0  -3  -5  -4  -3   46   0   1   0   0   0   3  43   0   0   1   0   0   0   0   5   0   0   0   0  1.04 0.38
   72 M     1  -2   0  -2  -1   0  -1  -1  -2   0   0   1   1  -3  -3   2   3  -4  -3   0   12   0   4   0   1   4   1   2   0   5   9  13   3   0   0  20  20   0   0   6  0.21 0.16
   73 D    -2  -4   1   3  -5  -2   1   6  -3  -5  -5  -2  -2  -5  -4   0  -2  -5  -5  -4    1   0   6  16   0   0   8  58   0   0   0   1   1   0   0   5   2   0   0   0  1.00 0.34
   74 P     0  -1   1   0  -4   0   2   3  -2  -4  -2   3  -3  -3  -1   0  -1  -4  -3  -3   10   1   6   5   0   3  18  23   0   0   3  21   0   1   2   5   3   0   0   0  0.34 0.18
   75 V     0  -3   0   3  -3  -1   0   2  -2   0   1  -2  -1  -2  -3   0   0  -2  -2   0    9   0   4  20   0   1   7  18   0   4  17   0   1   0   0   8   5   0   1   5  0.18 0.13
   76 T     1  -2   0   2  -3   1   2   2  -1  -2  -3   0  -2  -3  -2   1   1  -4  -3  -2   13   0   4  11   0   4  19  20   1   3   0   5   0   0   1   8   8   0   0   2  0.29 0.15
   77 A     2  -2   0   0  -2  -1   2   2  -2  -2  -3  -1  -1  -3  -2   1   0  -2   0   0   19   0   4   5   0   1  21  18   0   2   0   2   1   0   0   9   3   0   4   9  0.24 0.15
   78 D    -1  -2   5   4  -3   1   1  -2   0  -3  -4  -1  -3  -4  -3   0   1  -5  -3  -3    4   0  30  27   0   5  10   1   2   2   1   2   0   0   0   5   7   0   0   2  0.62 0.25
   79 Y    -3  -4  -4  -5  -4  -2  -4  -3  -1   0   0  -4   0   4  -5  -4  -3   3   8  -2    1   0   1   0   0   2   0   2   0   5   8   0   3  15   0   0   1   3  55   2  1.27 0.41
   80 K    -1  -1  -1   1  -4   1   5  -3   0  -1  -3   1  -1  -2  -3   0   0  -4  -3  -1    3   1   0   8   0   6  42   0   2   3   2   9   1   2   0   8   6   0   0   6  0.47 0.23
   81 E    -2  -1  -1   0  -5   0   6  -3   0  -3  -4  -1  -4  -4  -1  -1   1  -5  -4  -3    2   2   3   4   0   2  64   1   1   1   1   2   0   0   3   3   9   0   0   1  0.95 0.36
   82 M     0  -4  -3  -4  -1  -3  -4  -3  -4   5   2  -3   2   0  -4  -3  -1  -4  -1   3    8   0   1   0   1   0   0   2   0  39  14   1   7   2   0   0   2   0   2  20  0.55 0.24
   83 T    -2   4  -2  -3   0  -1  -1  -4  -1   1   0  -1   2  -2  -4  -1   3  -4  -3   0    0  32   1   0   2   1   3   0   1  10   9   1   5   1   0   2  23   0   0   8  0.41 0.24
   84 Y    -5  -5  -6  -7  -6  -5  -6  -7  -2  -5  -4  -5  -4   2  -7  -5  -5  -1  10  -5    0   0   0   0   0   0   0   0   0   0   1   0   0   5   0   0   0   0  95   0  2.92 0.75
   85 E    -3  -3  -2  -1  -7  -1   7  -5  -3  -6  -6  -2  -2  -6  -4  -2  -4  -6  -5  -6    1   0   2   1   0   0  92   0   0   0   0   0   1   0   0   2   0   0   0   0  1.97 0.62
   86 A     0  -5  -3  -4  -1  -4  -5   7  -5  -3  -4  -4  -5  -5  -5  -3  -4  -2  -5  -3    8   0   0   0   1   0   0  84   0   2   2   0   0   0   0   0   0   1   0   2  1.69 0.49
   87 Y    -3   0  -4  -6  -4  -4  -5  -6  -1  -2  -3  -1   0   4  -6  -4  -1  -1   8  -3    1   5   0   0   0   0   0   0   0   1   0   3   3  13   0   1   4   0  67   1  1.68 0.52
   88 G     2  -5  -3  -4  -4  -4  -4   7  -2  -3  -4  -4  -4  -5  -4  -2  -4  -5  -5  -4   17   0   0   0   0   0   0  76   1   2   2   0   0   0   0   2   0   0   0   1  1.48 0.45
   89 A    -2  -5  -4  -4  -5  -4  -4  -5  -1  -1  -3  -4  -3  -2   8  -1  -4  -6  -3  -4    3   0   0   0   0   0   0   0   1   4   2   0   1   2  80   4   0   0   1   1  2.13 0.57
   90 G     0  -3   2  -1  -4  -2  -2   6   3  -5  -5  -2  -4  -3  -4   0  -3  -5  -1  -5    6   1  12   2   0   1   1  57   8   0   0   1   0   1   0   8   0   0   2   0  0.95 0.34
   91 G    -3  -4   0  -4  -5  -2  -5   7  -5  -7  -7  -4  -6  -6  -5  -2  -4  -5  -4  -6    0   1   4   0   0   1   0  92   0   0   0   0   0   0   0   1   0   0   1   0  2.00 0.55
   92 T     1  -4  -4  -4   1  -4  -4  -4  -4   2  -1  -4   0  -3  -4   1   1  -5  -3   5    9   0   0   0   3   0   0   0   0  12   2   0   2   0   0  10  10   0   0  51  0.65 0.30
   93 G     5  -3  -3  -4  -3  -1  -3   1  -4  -3  -2  -3   3  -4  -1   1  -2  -5  -4  -2   65   1   0   0   0   2   0   8   0   1   2   0   8   0   2   9   1   0   0   1  0.86 0.38
   94 L    -3  -5  -5  -5  -3  -4  -5  -6  -5   5   2  -5   1   0  -5  -4  -3  -4  -3   4    0   0   0   0   0   0   0   0   0  37  18   0   3   4   0   0   0   0   0  38  0.95 0.34
   95 I    -3  -5  -5  -6  -3  -4  -5  -6  -5   5   3  -5   4   0  -5  -4  -3  -4  -1   1    0   0   0   0   0   0   0   0   0  46  30   0  14   4   0   0   0   0   1   5  1.00 0.36
   96 I    -3  -5  -6  -6  -2  -5  -5  -6  -6   4  -1  -5  -1  -3  -5  -4  -3  -5  -4   6    1   0   0   0   1   0   0   0   0  24   1   0   1   0   0   0   0   0   0  73  1.44 0.47
   97 N    -3  -1   0   4  -5  -1   6  -4   0  -2  -4  -1  -4  -1  -4  -1  -2  -5  -3  -3    1   2   3  21   0   1  57   0   2   2   1   2   0   3   0   2   2   0   1   1  0.98 0.38
   98 C     4  -4  -4  -5   8  -4  -4  -1  -5  -2  -3  -4  -3  -4  -4  -2   2  -5  -4   1   33   0   0   0  36   0   0   3   0   2   0   0   0   0   0   1  15   0   0  10  1.12 0.40
   99 L     0  -4  -3  -5  -3  -3  -3  -5  -5  -1   5  -4   5  -2  -5  -3  -1  -4  -3   0    8   0   1   0   0   1   1   0   0   0  66   0  14   0   0   0   4   0   0   4  0.91 0.36
  100 S    -3  -4  -3  -4  -4  -4  -4  -4  -5  -4  -4  -4  -4  -5  -4   3   7  -6  -5  -3    0   0   0   0   0   0   0   0   0   0   0   0   0   0   0  17  83   0   0   0  1.76 0.60
  101 D    -5  -4   2   8  -6  -3  -1  -4  -4  -6  -7  -4  -6  -7  -5  -2  -4  -7  -6  -6    0   0   9  87   0   0   1   0   0   0   0   0   0   0   0   2   0   0   0   0  2.13 0.59
  102 N    -5  -4   9  -2  -6  -3  -3  -4  -3  -7  -7  -2  -5  -6  -5   0  -3  -7  -5  -6    0   0  94   0   0   0   0   0   0   0   0   2   0   0   0   4   0   0   0   0  2.40 0.68
  103 S    -2   5   0  -2  -4  -1  -2  -1  -2  -1  -2   3  -3  -2   1  -1  -1  -4  -3   0    1  38   3   1   0   0   1   5   0   4   2  23   0   1   7   4   3   0   0   8  0.52 0.26
  104 N    -3  -3   8  -2  -5  -2  -3  -3   0  -5  -5  -2  -5  -6  -1  -2   1  -7  -5  -3    1   0  80   0   0   1   0   0   2   0   0   1   0   0   3   1   8   0   0   2  1.75 0.56
  105 R    -5   8  -4  -5  -7  -2  -3  -6  -3  -6  -5   1  -5  -6  -5  -4  -4  -6  -5  -6    0  95   0   0   0   0   0   0   0   0   0   5   0   0   0   0   0   0   0   0  2.38 0.66
  106 V     1  -4  -3  -4   2  -3  -4  -4  -4  -3  -2  -3  -3  -5  -4   0   7  -5  -4  -2   14   0   0   0   5   0   0   0   0   1   3   0   0   0   0   3  74   0   0   2  1.32 0.50
  107 T     4  -3  -3  -4  -3  -2  -3  -3   0   2  -1  -3  -2   0  -3  -1   0  -2  -2   3   44   1   0   0   0   2   0   0   3   9   1   0   0   4   0   3   4   0   1  28  0.54 0.29
  108 A     4  -3  -2  -3  -3  -1  -3   1  -3  -4  -2  -2  -2  -4  -1   4   0  -5  -4  -3   39   0   0   0   0   3   0  10   0   0   3   1   1   0   3  37   3   0   0   0  0.68 0.33
  109 Y    -1  -3   4   5  -5  -1   4  -3  -2  -5  -4  -2  -3  -5  -4   0  -2  -5  -3  -4    4   0  21  31   0   1  34   1   0   0   1   0   1   0   0   5   1   0   1   0  0.92 0.35
  110 V    -3  -5  -5  -6  -3  -5  -5  -6  -5   4   1  -5   2  -3  -5  -4  -3  -5  -3   6    0   0   0   0   0   0   0   0   0  28  11   0   4   0   0   0   0   0   0  56  1.13 0.39
  111 N    -4   8  -1  -4  -6  -1  -3  -5  -3  -6  -5   2  -4  -6  -5  -4  -3  -6  -5  -5    0  84   3   0   0   1   0   0   0   0   0  11   0   0   0   0   1   0   0   0  1.96 0.58
  112 D     1  -2   0  -2  -3   0  -2  -1   7  -2  -2  -2  -1  -3  -2   2   0  -4   1   0   11   0   5   1   0   3   1   4  31   2   3   1   1   0   1  19   6   0   5   6  0.51 0.26
  113 I     4  -4  -4  -4   2  -3  -3  -3  -2   3   0  -3   0  -2  -3  -1  -1  -3   2   1   41   0   0   0   5   0   0   0   1  23   6   0   1   0   0   3   3   0  10   6  0.48 0.26
  114 V    -5  -5  -6  -6  -5  -6  -6  -6  -4   0   1  -6   2   8  -6  -5  -4  -2   0  -1    0   0   0   0   0   0   0   0   0   3  14   0   5  73   0   0   1   0   1   4  1.71 0.50
  115 N    -1  -1   4  -1  -3  -2  -2   0  -3  -4  -3  -1  -2  -4  -3   4   4  -5  -4  -2    3   4  20   2   0   0   0   5   0   0   1   2   0   0   0  34  25   0   0   3  0.62 0.31
  116 K    -3   3  -1  -2  -6  -1  -2  -4  -1  -6  -5   7  -4  -6  -4  -2  -3  -6  -5  -5    0  12   1   2   0   0   0   0   1   0   0  83   0   0   0   1   0   0   0   0  1.68 0.54
  117 A    -1  -1   5  -2   2  -1  -2   0   5  -3  -2  -1  -2   0  -4   0   0  -1   2  -3    6   3  32   0   5   2   0   5  15   1   5   1   1   4   0   7   6   1   7   1  0.43 0.23
  118 G    -2  -4   2  -2  -5  -2  -3   7  -1  -6  -6   0  -5  -5  -4  -2  -4  -5  -4  -5    0   0  10   2   0   1   0  77   2   0   0   6   0   0   0   1   0   0   0   0  1.49 0.44
  119 L     0  -4  -3  -4  -1  -4  -4   7  -4  -5  -3  -4  -4  -5  -4  -2  -3  -5  -5  -5    7   0   0   0   1   0   0  84   0   0   3   0   0   0   0   1   1   0   0   0  1.66 0.46
  120 K    -1  -2   6  -1  -4   1   0  -3  -1  -4  -4   2   0  -4  -3   2   0  -5  -4  -2    3   0  42   0   0   7   3   0   1   0   0  12   3   0   0  20   5   0   0   3  0.70 0.31
  121 M    -3  -4  -5  -5  -3  -4  -5  -4  -5   2   5  -4   6  -1  -4  -4  -3  -4  -3   0    0   0   0   0   0   0   0   1   0  10  57   0  27   1   1   0   0   0   0   2  1.11 0.39
  122 A     2  -4  -2  -4  -4  -4  -4   6  -4  -5  -3  -4  -4  -5  -4  -2  -2  -5  -5  -1   21   0   1   0   0   0   0  69   0   0   3   0   0   0   0   1   1   0   0   4  1.29 0.41
  123 S     0  -1  -1   1  -3   0   4  -2  -2  -3  -3   1  -3  -4  -1   0   3  -4  -3  -1    9   1   2   6   0   2  29   2   0   0   0  10   0   0   2   6  24   0   0   6  0.41 0.23
  124 Q     0  -2   1   1  -3   1   0   0  -2  -3  -3  -1  -1  -4   3   2   3  -4  -2  -3    8   0   5   9   0   6   6   5   0   0   1   1   1   0  15  21  19   0   1   0  0.37 0.20
  125 G    -1  -5   1  -4  -5  -4  -4   7  -4  -6  -6  -4  -5  -6  -5  -2  -3  -5  -6  -6    4   0   7   0   0   0   0  85   0   0   0   0   0   0   0   1   1   0   0   0  1.79 0.50
  126 S     0   0  -1  -1   6  -2  -3  -3  -4  -4  -5  -2  -4  -5  -2   6   0  -5  -4  -3    6   4   1   2  16   1   0   0   0   0   0   1   0   0   1  63   5   0   0   0  1.06 0.43
  127 V    -2  -5  -5  -5  -3  -5  -5  -6   0   2   0  -5  -2  -3  -5  -4  -2  -5  -4   7    2   0   0   0   0   0   0   0   3   6   5   0   0   0   0   1   1   0   0  82  1.38 0.47
  128 L     3  -2   0  -2  -3  -2  -1   0  -3  -3  -2   0  -1  -1   0   4  -1  -4  -3  -3   31   0   3   0   0   0   2   5   0   0   5   4   1   3   4  38   2   0   0   0  0.48 0.27
  129 F    -5  -3  -4  -6  -5  -4  -5  -6   4  -2  -3  -5  -2   6  -6  -5  -5   8   6  -4    0   1   1   0   0   0   0   0   9   2   0   0   1  35   0   0   0  19  32   0  1.69 0.49
  130 N    -3  -4   1  -1  -4   1  -3  -4  -4   0   3  -3   8  -1  -5  -2  -3  -4  -3  -1    0   0   9   5   0   6   0   1   0   3  27   1  43   1   0   3   0   0   0   2  0.89 0.38
  131 F    -5  -6  -6  -7  -6  -6  -6  -6  -4  -3  -3  -2  -3   9  -7  -6  -5  -1   1  -4    0   0   0   0   0   0   0   0   0   0   0   3   0  96   0   0   0   0   1   0  2.63 0.68
  132 N    -1  -1   2   5  -4   1   3  -3   0  -3  -4   1  -3  -5  -3   1   0  -5  -3  -3    3   1   8  32   0   7  19   0   2   1   1  10   0   0   0   8   7   0   0   0  0.58 0.25
  133 R    -2   5  -1  -2  -5   2   0  -2   6  -5  -4   3  -3  -4  -3  -2  -2  -3  -1  -5    2  33   2   1   0   8   6   3  21   0   0  20   0   0   1   2   1   0   2   0  0.83 0.33
  134 K    -2   1  -3  -3   3   1  -1  -3  -3  -2  -2   5  -1  -2  -3  -2   0  -4  -3   1    1   6   0   0   6   7   1   1   0   1   4  52   1   1   0   0   5   0   0  14  0.68 0.33
  135 G     1  -3  -3  -4  -1  -4  -4   7  -5  -5  -6  -4  -5  -6  -5  -1  -4  -5  -5  -2   12   1   0   0   2   0   0  79   0   0   0   0   0   0   0   4   0   0   0   3  1.57 0.47
  136 R    -1  -1  -3  -3  -2   2   0  -4  -2   2   1  -2   1  -1  -3  -1  -1  -3   1   4    2   3   1   0   0  12   7   0   0  13   9   1   3   1   0   3   1   0   5  37  0.34 0.21
  137 L    -3  -5  -5  -5   0  -5  -5  -6  -5   5   1  -5   0   4  -5  -4  -3  -3  -2   3    1   0   0   0   2   0   0   0   0  47  12   0   2  19   0   0   0   0   0  17  0.93 0.34
  138 A     0  -1  -1  -1  -2   0   1   0  -1   1   0  -1   0  -1  -2   1   1  -3  -1   2    6   3   2   1   0   5  14   6   1   6   7   2   1   2   0  11   9   0   2  22  0.09 0.11
  139 L    -2  -4  -5  -5  -1  -4  -5  -4  -3   4   1  -4   0   5  -5  -4  -2  -2   3   3    2   0   0   0   1   0   0   1   0  24  13   0   2  25   0   0   1   0  12  19  0.70 0.28
  140 Q     2  -1   1   2  -3   0   3  -2  -2  -3  -3   1  -2  -4   3   0  -1  -4  -3  -2   18   1   6  10   0   2  22   1   0   1   2  11   0   0  13   7   2   0   0   2  0.36 0.18
  141 K     1   1  -1  -1  -4  -1  -1   1  -1  -3  -2   4  -1  -4   2   0   0  -4  -3  -3   12   5   2   3   0   1   1  12   1   1   3  36   1   0  11   4   4   0   1   1  0.39 0.22
  142 E     0  -1   1   2  -3   0   3   1  -1  -3  -3   1  -3  -3  -1   1  -1  -4  -3  -2    9   1   8  14   0   2  23  11   1   1   2  10   0   1   2   9   2   0   0   2  0.30 0.16
  143 I     1  -2  -1  -1  -1  -1  -1  -1  -2   1   1  -1   0  -1  -2   0   1  -2   0   2   15   1   3   3   1   1   3   4   0  12  13   3   2   2   1   6  10   0   3  17  0.07 0.07
  144 S     0  -2   2   4  -3  -2  -1   0  -2  -3  -3  -1  -2  -3   0   2   1  -4  -2  -2    9   1   9  29   0   0   1   6   1   1   2   2   1   1   4  20  11   0   1   1  0.41 0.23
  145 E    -1  -2  -1   2  -5   0   6  -3  -1  -4  -2  -1  -2   0  -1  -1  -1  -5  -4  -3    5   1   2  13   0   1  55   1   1   1   5   3   1   4   3   2   2   0   0   1  0.77 0.34
  146 D    -1  -4  -1   7  -6  -2   4  -4  -4  -4  -4  -3  -3  -6  -2  -2  -4  -6  -5  -5    4   0   2  63   0   1  24   0   0   1   1   0   0   0   1   1   0   0   0   0  1.44 0.49
  147 E     1   0  -1   3  -4   2   4  -3  -1  -4  -3   2  -2  -4  -2   0   0  -5  -4  -2   13   5   0  18   0   8  29   0   1   0   1  11   1   0   1   4   6   0   0   2  0.48 0.24
  148 M     0  -2  -3  -2  -3  -3  -1  -4  -4   2   3  -3   3  -1  -2  -3  -2  -1  -3   3    7   2   1   2   0   0   4   0   0  14  36   0   7   2   2   1   0   1   0  21  0.42 0.22
  149 L    -3  -4  -4  -2  -4  -2  -1  -5  -4   0   4  -4   7   2  -4  -3  -1  -3  -2  -1    1   0   0   2   0   1   4   0   0   4  38   0  31  10   1   1   3   0   0   2  0.81 0.35
  150 E    -3  -3  -1   2  -5  -1   6  -4  -3  -3   0  -2   3  -4  -3  -1  -2  -5  -4  -3    1   0   3   9   0   1  58   1   0   1   9   1  10   0   1   3   2   0   0   1  0.91 0.40
  151 L     3  -3  -2  -1  -2  -1  -1  -3  -1   1   2  -2   1  -1  -2  -1  -1  -3  -2   1   30   0   1   3   0   2   3   0   2  10  24   2   4   2   1   2   2   0   1  12  0.25 0.18
  152 A     5  -3  -3  -2  -3  -3  -2  -2  -4  -1   1  -2   0  -3  -3  -1  -2  -4  -3   1   54   0   0   2   0   0   2   2   0   2  17   1   2   0   0   3   1   0   0  12  0.59 0.32
  153 I    -3  -4  -5  -4  -3  -4  -3  -5  -5   4   4  -4   4  -1  -5  -4  -2  -4  -3   1    1   0   0   1   0   0   2   0   0  31  45   0  11   1   0   0   1   0   0   5  0.88 0.34
  154 E    -2  -3  -2   4  -5  -1   6  -3  -3  -4  -3  -2   1  -5  -3  -2  -3  -5  -4  -4    3   0   1  20   0   1  61   1   0   1   2   1   4   0   0   2   0   0   0   1  1.14 0.42
  155 A     5  -3  -1  -2  -2  -1  -1  -1  -2  -1  -1  -2  -2  -3  -3   0  -2  -4  -2  -1   65   1   3   2   1   3   3   2   1   3   5   1   0   1   1   3   1   0   1   4  0.70 0.32
  156 E     0  -2   0   2  -2   0   1   4  -1  -2  -2  -1  -2  -2  -2  -1  -1  -2  -2  -1    5   2   3  16   1   3  10  36   1   3   5   2   1   2   2   3   2   0   1   4  0.35 0.12
  157 L     3  -2  -2  -1  -1  -1  -1  -1  -2   1   1  -1   0  -1  -2  -1  -1  -2  -1   1   35   1   1   3   1   2   4   3   1   9  16   2   1   2   1   2   2   0   2  12  0.19 0.12
  158 D    -1  -2   0   6  -3  -1   3  -1  -2  -2  -2  -1  -2  -3  -2  -1  -2  -3  -2  -3    3   1   3  44   0   2  23   5   1   2   3   1   1   1   1   2   2   0   1   2  0.71 0.23
  159 G     1  -1   0   2  -2  -1   1   3  -1  -1  -1  -1  -1  -1  -1   0   0  -2   0  -1   10   2   4  15   1   1   8  23   1   3   5   2   1   2   2   5   6   0   3   6  0.15 0.07
  160 D     2  -1  -1   4  -2  -1   0   1  -2  -1  -2  -1  -1  -2  -2  -1  -1  -3  -2   1   18   4   2  26   0   1   4  14   1   3   3   2   1   1   1   2   2   0   1  13  0.23 0.13
  161 C     1  -1  -1   1   2   0   1  -1  -1   1   0   0  -1  -1  -1   0   0  -2  -1   1   13   2   3   7   5   5  12   3   1  11   6   4   1   2   1   3   4   0   2  15  0.05 0.06
  162 E    -1  -1  -1   3  -3   1   5  -1  -2  -1  -2  -1  -2  -2  -2  -1  -1  -3  -2  -1    3   1   2  19   0   4  41   4   0   3   3   2   1   2   1   4   3   0   1   6  0.50 0.20
  163 L     0  -1  -1   0   0  -1  -1  -1  -1   1   1  -1   0   1  -1  -1   0  -1   0   1    8   2   3   6   2   1   4   3   1  11  17   2   2   6   2   4   5   0   3  16  0.04 0.04
  164 E    -1  -1  -1   1  -2   1   4  -1  -1  -1  -1   0  -1  -1  -1  -1  -1  -2  -1   0    4   2   2   8   1   5  39   5   1   5   4   3   1   3   2   3   3   0   3   6  0.30 0.13
  165 P     0  -1   0   1   0   0   1  -1  -1  -1  -1   0  -1  -1   2   0   1   0  -1   0   10   3   4   7   2   3  13   4   1   4   5   3   1   3   9   7  10   1   2   7  0.07 0.02
  166 P     0  -1   0   1  -1   0   1   0   0   0  -1   0   0  -1   1   1   1  -1  -1  -1    5   3   5   7   1   3  11   7   2   5   7   3   2   2   8   9  10   1   2   4  0.07 0.02
  167 D    -1   0   1   4  -2   0   1  -1  -1  -1  -2  -1  -1  -2  -1   0   0  -2  -1  -1    5   4   5  34   1   3   9   5   1   4   4   3   1   2   3   5   5   1   2   5  0.28 0.08
  168 P     0  -1   0   1  -1   0   2   0   0   0   0   0  -1  -1   1   0   0  -1   0   0    7   3   3   9   1   4  17   6   2   5   9   4   1   2   7   5   4   1   3   9  0.06 0.03
  169 D    -1  -1   1   5  -2   0   2  -1  -1  -1  -2   0  -1  -2  -1   0  -1  -2  -1  -2    5   2   5  37   1   3  11   3   1   3   4   5   1   2   2   4   3   1   2   3  0.39 0.13
  170 G    -1  -1   0   1  -2  -1   0   3  -1   0  -1  -1  -1   0  -1   0   0  -2  -1   0    3   2   3   9   1   2   8  31   1   5   6   2   1   4   2   5   4   1   1   8  0.19 0.08
  171 R     0   0   1   1  -1   1   1  -1   1  -1  -1   0   0  -1  -1   0   0  -1   0   0    9   5   7   6   1   5  11   4   4   4   6   6   2   3   2   8   5   1   5   6  0.05 0.02
  172 G     0  -1   0   1  -1   0   1   2  -1   0  -1  -1  -1  -1  -1   0   0  -1  -1  -1    8   2   4   7   1   3  11  20   1   9   4   3   1   3   3   8   7   1   2   3  0.09 0.04
  173 D    -1  -1   0   5  -2   0   3   0   0  -2  -2  -1  -2  -2  -1   0   0  -2  -1  -2    4   2   2  33   1   2  20   6   2   2   4   2   1   2   2   4   5   1   2   3  0.40 0.14
  174 N     0  -1   2   2  -2   0   2   0   1  -1  -1   0  -1   0  -1   1   0  -1   0  -1    5   2  12  10   1   4  15   7   3   4   4   3   1   4   2   9   5   1   3   6  0.10 0.05
  175 E    -1  -1  -1   2  -2   0   4  -1   0  -2  -2  -1  -2   1  -1  -1  -1   2   0  -2    4   2   3  11   1   2  36   5   2   3   4   3   1   8   2   4   2   3   4   3  0.31 0.14
  176 K    -1   0   0   1  -1   1   3   0   0  -1  -2   1  -1  -2  -1   0   0  -2  -1  -1    4   5   3   8   2   4  23   7   1   3   4  10   1   2   2   8   5   1   2   4  0.15 0.07
  177 V     0  -1   0   0  -1  -1   0   0  -1   1   0  -1   0   1  -1   0   0  -1   1   1    5   2   5   4   1   2   7  10   1  10   6   3   1   9   3   5   5   1   4  15  0.02 0.03
  178 K     0   0   0   0  -1   0   1   0   1   0   0   0  -1   0  -1   0   0  -1   1   0    7   3   3   4   1   4  14   7   4   6   7   6   1   3   2   7   7   1   5   7  0.03 0.02
  179 S     0  -1  -1  -1  -1  -1   1  -1   0   1   0  -1   0   1  -1   0   1   1   1   0    6   3   2   3   1   2  10   3   3  10   6   3   1   7   2   9  13   2   7   8  0.04 0.04
  180 V    -1  -1  -2  -1   0  -1   0  -2  -1   2   0   0   0   0  -1  -1   0  -1   0   2    4   2   1   2   2   1   9   3   1  15   8   6   2   4   2   3   8   1   3  22  0.08 0.07
  181 L    -2  -3  -3  -3  -1  -2  -2  -4  -3   4   1  -3  -1   2  -3  -3  -1  -3   0   4    3   1   1   1   1   1   3   1   0  28  11   1   0  10   1   1   3   0   4  29  0.47 0.21
  182 I    -1  -2  -3  -3  -1  -3  -3  -4  -2   4   1  -2   0   2  -2  -2   1  -1   4   1    3   2   1   1   1   0   1   1   1  28  10   2   1   7   1   3  10   1  18   9  0.39 0.22
  183 T     1  -4  -3  -1   5  -3  -3  -1  -3  -2  -4  -2  -3  -4   0   1   6  -3  -4  -2    9   0   0   3  13   0   1   5   1   2   0   2   0   0   4   8  50   0   0   2  0.87 0.41
  184 E     2  -2   0   3  -3   0   3  -2  -1  -3  -3  -1  -3  -4   1   1   0  -4  -3  -2   17   1   3  19   0   2  23   2   1   1   2   2   0   0   7  11   4   0   0   3  0.37 0.22
  185 W     0  -2  -2  -3  -3  -2  -2  -4  -1  -2  -2  -3  -1   2   6  -2  -1   3   2  -1    7   2   2   1   0   2   2   1   1   2   2   1   1  11  44   2   3   4   7   5  0.88 0.35
  186 N     0  -1   2   1  -4   0   3   0   0  -4  -4   1  -3  -4  -2   2   2  -4  -3  -2    6   1  10   9   0   2  23   5   2   0   0   6   0   0   1  16  15   0   1   2  0.37 0.23
  187 E     0  -3   1   5  -4   1   2  -2  -1  -4  -4  -1  -2  -2  -3   1  -1  -5  -1  -4    9   0   7  36   0   7  14   1   1   0   0   2   1   2   0  13   2   0   3   1  0.62 0.31
  188 L    -3  -4  -4  -5  -4  -5  -5  -6  -3   0   3  -5   1   6  -4  -4  -4  -2   3  -1    2   1   1   0   0   0   0   0   1   3  34   0   3  42   1   1   0   0   8   4  1.06 0.42
  189 G     1  -2   1   1  -3   0   1   2   3  -2  -3  -1  -1  -1  -2   1  -1  -3   1  -1   11   1   6   6   0   3  12  16   9   1   0   3   2   3   1  12   3   0   6   4  0.19 0.15
  190 A     3  -1   0   0  -3   2   2  -1  -1  -3  -2   1  -3  -4  -2   1   2  -4  -3  -1   29   2   5   5   0  10  12   2   1   1   2   9   0   0   1   7  12   0   0   3  0.30 0.21
  191 M    -1  -3  -4  -5  -1  -3  -4  -4  -5   2   1  -2   0  -1  -5  -4  -2  -5  -3   6    4   1   0   0   1   1   1   1   0   9  12   2   1   2   0   0   2   0   0  62  0.94 0.41
  192 Q    -1   4   0  -2  -1   3   0  -3  -1  -2  -1   4  -1  -4  -3   0  -1  -4  -4  -3    5  27   3   1   2  15   3   1   1   2   6  24   1   0   0   7   2   0   0   1  0.53 0.29
  193 A     1  -1   1   3  -4   1   3  -2   1  -4  -3   3  -2  -3  -2   0   0  -2  -3  -2   10   1   5  17   0   6  19   1   3   0   3  18   0   1   1   5   6   0   0   2  0.35 0.22
  194 A     5  -3  -2  -3  -3  -1   0   0   0  -2  -1   1  -2  -2  -3  -1  -1  -4  -2  -1   53   0   1   1   0   2   5   6   2   1   7   8   0   1   0   2   3   0   1   4  0.52 0.32
  195 V    -3  -4  -4  -5  -4  -4  -3  -6  -4   1   5  -4   0   1  -5  -5  -2  -4  -3   1    2   0   1   1   0   0   2   0   0   7  70   1   1   6   0   0   1   0   0   7  1.04 0.43
  196 Q    -1   1   0   2  -5   2   5  -3  -2  -3  -3   2  -3  -5  -1  -1  -1  -5  -3  -3    3   6   4  11   0  11  37   1   0   2   2  12   0   0   2   2   4   0   1   1  0.57 0.30
  197 A     3  -2   0   2  -3   0   3  -1  -1  -3  -4   2  -3  -3  -3   1   0  -4  -3  -2   30   0   4  10   0   4  19   4   1   0   0  12   0   1   0   8   5   0   0   2  0.39 0.25
  198 A     4  -1   0  -2  -2   1   0  -2  -2  -3   0   1  -1   0  -2   0  -1  -4  -2  -2   38   3   4   1   1   5   5   2   1   0  12  12   1   4   1   6   2   0   1   1  0.28 0.23
  199 G    -2  -3   0   0  -5  -4  -2   7  -3  -4  -4  -2  -4  -1  -5  -2  -4  -5  -3  -5    2   1   4   4   0   0   2  73   1   1   1   3   0   3   0   2   0   0   1   0  1.37 0.50
  200 I    -2  -4  -4  -3  -3  -3   0  -4  -3   4   2  -3   0   3  -2  -3  -1  -1   2   2    3   0   0   1   0   0   8   1   0  25  21   1   1  14   2   0   3   1   8  11  0.39 0.22
  201 E     0  -1   0   1  -4   0   4  -3  -3  -3  -4   2  -2  -3   2   0   1  -4  -4  -3    8   2   4   8   0   2  30   1   0   1   1  13   1   1  10   4  11   0   0   1  0.45 0.26
  202 F     0  -2  -3  -2   0  -2   0  -3  -2   2   1  -3   0   4  -1  -2  -1   0   2   2    6   2   0   2   2   1   8   1   0  10  12   1   1  21   3   2   2   1   9  16  0.25 0.17
  203 S     0  -1   1   1  -3   1   2  -2  -1  -3  -3   1  -2  -3  -2   3   1  -4  -3  -3    6   2   5   8   0   6  15   2   1   1   2   9   1   1   1  29  10   0   0   1  0.36 0.24
  204 S     5  -2  -2  -1   2  -2   0  -2  -3  -3  -4  -1  -2  -4  -1   3   0  -5  -3  -1   48   1   1   4   5   1   5   2   0   1   1   2   1   0   2  19   5   0   0   3  0.62 0.35
  205 Q     0   0  -1   1  -5   1   6  -2  -2  -5  -4   1  -3  -5  -4   0  -2  -5  -2  -4    7   4   2   7   0   5  54   2   1   0   1   8   1   0   0   5   1   0   1   1  0.88 0.42
  206 L    -1  -4  -4  -2  -3  -3  -2  -5  -4   4   3  -3   1   1  -4  -2  -1   0  -3   3    4   0   1   2   0   0   2   0   0  25  33   1   2   4   0   2   3   2   0  18  0.55 0.27
  207 V     0   0  -2  -1  -3   1   1   0  -3   1  -2  -1  -1  -3  -3   1   3  -4  -3   1    9   5   1   2   0   6  12   6   0   9   1   3   1   1   0   9  24   0   0  11  0.22 0.19
  208 H    -3   0  -4  -3  -5  -1  -1  -4   0  -3   0  -2   7   3  -5  -3  -3   7   4  -3    1   5   0   1   0   3   5   1   3   0   6   2  29  14   0   1   1  14  14   0  0.96 0.43
  209 V    -2   0  -4  -5  -4   0  -3  -5  -2   5   1   1   0  -1  -4  -3  -2  -4  -2   3    1   5   0   0   0   4   1   0   1  38  12   9   1   3   0   1   1   0   1  23  0.60 0.31
  210 P     1  -6  -5  -5  -6  -5  -5  -5  -6  -5  -6  -4  -4  -7   8  -4  -2   0  -5  -5   10   0   0   0   0   0   0   0   0   1   0   1   0   0  82   0   2   1   0   1  2.47 0.79
  211 M    -2  -1   2   0  -4   5   0  -3   1  -1   0   1   1  -3  -3   1   1  -2  -3  -2    2   2  10   4   0  29   6   0   3   3   8   8   4   0   0  10   8   0   0   1  0.40 0.29
  212 A    -1  -1   5   1  -4  -2  -3  -4  -3  -2  -3  -2   0  -4  -2   1   4  -5  -4  -1    6   3  33   6   0   1   1   0   0   1   2   1   3   0   1   9  29   0   0   5  0.70 0.39
  213 S    -1  -1  -1  -1  -4   0   1  -3  -1  -2  -1   1   0  -2   0   1   4  -1   3  -2    4   2   2   2   0   3  10   0   1   1   6   8   3   1   5   9  30   1  10   1  0.32 0.26
  214 V     0  -4  -3  -3  -4  -3  -4  -5  -3   3  -1  -1   0  -4  -5  -2   2  -5  -3   5    6   0   1   1   0   1   0   0   0  17   2   3   2   0   0   2  15   0   0  49  0.80 0.40
  215 E     0  -1  -1   2  -5   2   4  -4  -3  -3  -4   0  -3  -5   2   0   1  -5  -3  -2    8   2   2  13   0   7  33   0   0   2   1   5   0   0   9   8   8   0   1   2  0.51 0.30
  216 V    -3  -5  -5  -6   0  -5  -5  -6  -5   3   4  -5   0   0  -3  -5  -2  -5  -3   4    0   0   0   0   2   0   0   0   0  15  45   0   1   4   1   0   1   0   0  30  0.94 0.41
  217 S     0  -3   1   4  -4  -1   1  -3  -2  -4  -5  -1  -3  -5   1   2   2  -5  -4  -3    9   0   7  30   0   1  10   1   1   1   0   2   0   0   6  16  15   0   0   1  0.58 0.33
  218 A     1  -3  -1   3  -4  -1   2   2  -3  -1  -1   0  -2  -4   1  -1  -2  -4  -4  -1   15   0   1  17   0   2  17  18   0   3   7   6   1   0   6   2   1   0   0   4  0.29 0.21
  219 E    -2  -3  -1   4  -6   0   6  -4  -2  -5  -5   0  -5  -5   1  -2  -3  -6  -5  -4    3   0   2  19   0   2  55   1   0   0   1   6   0   1   7   2   0   0   0   1  1.13 0.51
  220 D    -1  -2   0   5  -5   3   1  -1  -3  -4  -4   1  -3  -5  -3  -1   2  -6  -5  -3    4   1   4  36   0  13   9   5   0   0   1  10   0   0   1   2  13   0   0   1  0.68 0.36
  221 E     4  -1  -2  -2  -3   1  -1   0  -1  -1   0  -1   1  -3  -2  -1  -1  -4  -2   0   42   3   1   2   0   6   4   6   1   2  10   3   5   0   1   2   3   0   2   6  0.31 0.25
  222 E     1   2  -2   0  -5   2   5  -2  -3  -2  -3   1  -3  -4   0  -1  -1  -5  -4  -2   15  10   1   3   0  11  37   2   0   2   1   7   0   1   4   2   2   0   0   3  0.54 0.32
  223 N     0   1   0   0  -5   2   0  -3  -3  -4  -4   5  -2  -5  -4   0   1  -5  -4  -3    7   4   3   5   0  10   5   1   0   1   1  45   1   0   0   6   9   0   0   1  0.67 0.37
  224 N     0  -2   0  -4  -2  -2  -3  -4  -3   2   2   0   3   2  -4  -2  -1  -3  -1   2    7   2   6   0   0   2   0   0   0  11  20   6  11  12   0   2   2   0   1  19  0.31 0.21
  225 F    -2  -2  -3  -2  -4   2   2  -5  -3   1   3  -2   4   2  -4  -3  -3  -4  -1  -1    3   2   1   1   0  10  15   0   0   6  33   1  13  10   0   0   0   0   1   3  0.49 0.31
  226 A     1   3  -1  -2  -5  -1   0  -2   1  -3  -3   5  -1  -5  -4  -1  -1  -5  -4  -3   10  18   3   2   0   1   5   2   4   1   1  45   1   0   0   2   4   0   0   1  0.73 0.38
  227 A    -2  -3  -6  -6  -4  -3  -5  -5  -5   0   5  -1   3   3  -5  -4  -4  -1  -3  -2    4   1   0   0   0   1   0   0   0   3  68   4   7  10   0   0   0   1   0   0  1.08 0.47
  228 I    -4  -5  -6  -6  -4  -5  -6  -6  -6   6   3  -5   4  -2  -6  -5  -2  -5  -2   2    0   0   0   0   0   0   0   0   0  48  27   0   9   1   0   0   1   0   1  12  1.17 0.47
  229 D    -3  -4   0   7  -7   0   4  -4  -4  -6  -7  -3  -6  -7  -5  -2  -4  -7  -6  -5    2   0   2  59   0   4  29   1   0   0   0   0   0   0   0   2   0   0   0   1  1.63 0.62
  230 K     4   0  -2  -2  -3  -1  -1  -2  -1  -2  -1   2   4  -3  -3  -1   0   1  -3   0   37   5   2   1   0   1   3   1   1   1   5  13  12   0   0   2   6   2   0   7  0.38 0.29
  231 L    -5  -6  -7  -7   0  -6  -6  -7  -6   1   6  -6  -1  -1  -6  -6  -5  -5  -4  -2    0   0   0   0   2   0   0   0   0   5  89   0   1   2   0   0   0   0   0   1  1.73 0.63
  232 E    -4  -4   1   2  -7  -2   7  -5  -4  -7  -5  -2  -5  -6  -5  -2  -4  -6  -3  -6    0   0   7  12   0   0  75   0   0   0   1   1   0   0   0   2   0   0   1   0  1.71 0.67
  233 E    -3  -4   3   7  -6  -1   3  -3  -3  -6  -7  -3  -6  -7  -5  -1  -4  -7  -6  -6    1   0  11  59   0   1  21   2   0   0   0   1   0   0   0   3   0   0   0   0  1.51 0.58
  234 L    -3  -4   3   3   4  -2  -2  -3   4  -1   3  -4  -1  -2  -5   0  -3  -5  -1  -3    0   0  14  18   8   1   1   1  11   2  32   0   1   1   0   7   0   0   2   0  0.56 0.34
  235 D    -6  -4  -3   8  -8  -4   3  -5  -5  -7  -8  -4  -7  -8  -5  -4  -5  -8  -7  -7    0   1   0  84   0   0  15   0   0   0   0   0   0   0   0   0   0   0   0   0  2.37 0.80
  236 D    -6  -6  -3   9  -8  -4  -2  -6  -3  -7  -8  -5  -7  -8  -6  -4  -5  -9  -7  -8    0   0   0  99   0   0   1   0   0   0   0   0   0   0   0   0   0   0   0   0  2.88 0.91
  237 V    -3  -6  -7  -7  -5  -6  -6  -7  -7   1  -3  -6  -3  -5  -6  -4  -2  -7  -5   8    1   0   0   0   0   0   0   0   0   4   0   0   0   0   0   1   1   0   0  94  2.15 0.77
  238 V    -4  -2  -3  -2  -4   9  -2  -6  -3  -2  -5  -1   0  -7  -5  -2  -3  -6  -5  -4    1   1   1   2   0  83   0   0   0   3   1   2   2   0   0   2   1   0   0   1  2.14 0.82
  239 N     0  -1   6   1  -5   1   3  -2   2  -5  -5   0  -4  -3  -4   0  -1  -5  -2  -4    6   2  37   7   0   5  17   1   6   0   0   6   0   1   0   6   3   0   1   0  0.70 0.36
  240 V    -3  -6  -7  -7  -5  -6  -6  -7  -7   2  -2  -6  -2  -4  -6  -5  -3  -7  -5   7    0   0   0   0   0   0   0   0   0   8   1   0   0   0   0   0   0   0   0  90  2.05 0.73
  241 E    -4  -5  -5  -3  -6  -5  -3  -6   1  -3  -4  -5  -4   4  -6  -2   0   2   9  -2    1   0   0   2   0   0   1   0   3   1   0   0   0  12   0   2   5   2  68   2  1.99 0.69
  242 H     2  -4  -3  -1  -4  -3  -3  -1   8  -5  -5  -4  -4  -3  -4   3   3  -5  -2  -3   16   0   0   3   0   0   0   3  36   0   0   0   0   1   0  19  20   0   0   1  1.08 0.50
  243 N    -6  -5   9  -2  -7  -4  -4  -5  -3  -7  -8  -4  -6  -7  -6  -3  -2  -8  -6  -7    0   0  97   1   0   0   0   0   0   0   0   0   0   0   0   0   2   0   0   0  2.87 0.91
  244 M     2  -4  -4  -4  -3  -4  -4  -2  -4   2   1  -4   4   5  -4  -3  -3  -2   1   2   19   0   0   1   0   0   0   3   0  10  12   0  11  26   0   1   0   0   5  14  0.55 0.29
  245 Q    -2  -3   0   5  -6   0   5  -4  -3  -6  -6   0  -5  -6  -4  -2  -2  -6  -5  -4    2   0   3  35   0   2  47   0   0   0   0   6   0   0   0   1   2   0   0   1  1.22 0.48
  246 L    -4  -5  -5  -6  -4  -5  -4  -6  -5   5   3  -5   2   3  -5  -5  -3  -4  -2   2    0   0   0   0   0   0   1   0   0  44  28   0   5  13   0   0   0   0   0  10  0.96 0.36
  247 H     0  -2   0   1  -3   1   1  -1   1  -3  -3   0   0  -3   4   3  -1  -3   0  -3    3   0   3   7   0   8   8   3   4   0   0   3   3   0  21  34   0   0   4   0  0.43 0.13
  248 G    -1  -2   1   5  -4  -1   3   2  -2  -4  -4   0  -4  -4  -2  -1  -2  -4  -4  -4    5   0   3  47   0   0  21  21   0   0   0   3   0   0   0   0   0   0   0   0  0.73 0.16
  249 G    -1  -2   1   3  -4   0   4   3  -1  -4  -4  -1  -3  -4  -2   0  -1  -4  -3  -4    0   0   8  23   0   0  38  26   0   0   0   0   0   0   0   3   3   0   0   0  0.59 0.12
  250 A     2  -3  -3  -4  -1  -3  -3  -3  -4   3   0  -3   0  -2  -3  -2  -1  -3  -2   4   20   0   0   0   0   0   0   0   0  12   4   0   0   0   0   0   0   0   0  65  0.45 0.11
  251 A     4  -2  -2  -3  -1   1  -1  -1  -2   0   1  -1   1  -1  -2   0  -1  -2   1   0   58   0   0   0   0   9   0   0   0   6  14   0   7   0   0   0   0   0   6   0  0.28 0.09
  252 A     5  -2  -2  -2  -1  -1   0  -1  -2  -2  -2  -1  -2  -3  -2   1  -1  -4  -3  -1   91   0   0   0   0   0   4   0   0   0   0   0   0   0   0   4   0   0   0   0  0.72 0.15
  253 A     5  -2  -2  -2  -1  -1  -1   0  -2  -2  -2  -1  -1  -3  -1   2   0  -3  -2  -1   91   0   0   0   0   0   0   0   0   0   0   0   0   0   0   9   0   0   0   0  0.54 0.07
  254 E    -1   0   0   1  -4   2   5  -2   0  -3  -3   1  -2  -3  -1   0  -1  -3  -2  -2    0   0   0   0   0   0   0   0   0   0   0   0   0   0   0   0   0   0   0   0  0.00     0.00
  255 C     0  -3  -3  -3   9  -3  -4  -2  -3  -1  -1  -3  -1  -2  -3  -1  -1  -2  -2  -1    0   0   0   0   0   0   0   0   0   0   0   0   0   0   0   0   0   0   0   0  0.00     0.00
  256 R    -1   5   0  -2  -3   1   0  -2   0  -3  -2   2  -1  -3  -2  -1  -1  -3  -2  -2    0   0   0   0   0   0   0   0   0   0   0   0   0   0   0   0   0   0   0   0  0.00     0.00
  257 R    -1   5   0  -2  -3   1   0  -2   0  -3  -2   2  -1  -3  -2  -1  -1  -3  -2  -2    0   0   0   0   0   0   0   0   0   0   0   0   0   0   0   0   0   0   0   0  0.00     0.00
  258 R    -1   5   0  -2  -3   1   0  -2   0  -3  -2   2  -1  -3  -2  -1  -1  -3  -2  -2    0   0   0   0   0   0   0   0   0   0   0   0   0   0   0   0   0   0   0   0  0.00     0.00
  259 R    -1   5   0  -2  -3   1   0  -2   0  -3  -2   2  -1  -3  -2  -1  -1  -3  -2  -2    0   0   0   0   0   0   0   0   0   0   0   0   0   0   0   0   0   0   0   0  0.00     0.00
  260 R    -1   5   0  -2  -3   1   0  -2   0  -3  -2   2  -1  -3  -2  -1  -1  -3  -2  -2    0   0   0   0   0   0   0   0   0   0   0   0   0   0   0   0   0   0   0   0  0.00     0.00
  261 I    -1  -3  -3  -3  -1  -3  -3  -4  -3   4   2  -3   1   0  -3  -2  -1  -3  -1   3    0   0   0   0   0   0   0   0   0   0   0   0   0   0   0   0   0   0   0   0  0.00     0.00
  262 L    -1  -2  -3  -4  -1  -2  -3  -4  -3   2   4  -2   2   0  -3  -2  -1  -2  -1   1    0   0   0   0   0   0   0   0   0   0   0   0   0   0   0   0   0   0   0   0  0.00     0.00
  263 R    -1   5   0  -2  -3   1   0  -2   0  -3  -2   2  -1  -3  -2  -1  -1  -3  -2  -2    0   0   0   0   0   0   0   0   0   0   0   0   0   0   0   0   0   0   0   0  0.00     0.00
  264 E    -1   0   0   1  -4   2   5  -2   0  -3  -3   1  -2  -3  -1   0  -1  -3  -2  -2    0   0   0   0   0   0   0   0   0   0   0   0   0   0   0   0   0   0   0   0  0.00     0.00
  265 E    -1   0   0   1  -4   2   5  -2   0  -3  -3   1  -2  -3  -1   0  -1  -3  -2  -2    0   0   0   0   0   0   0   0   0   0   0   0   0   0   0   0   0   0   0   0  0.00     0.00
  266 V     0  -2  -3  -3  -1  -2  -2  -3  -3   3   1  -2   1  -1  -2  -2   0  -3  -1   4    0   0   0   0   0   0   0   0   0   0   0   0   0   0   0   0   0   0   0   0  0.00     0.00
  267 R    -1   5   0  -2  -3   1   0  -2   0  -3  -2   2  -1  -3  -2  -1  -1  -3  -2  -2    0   0   0   0   0   0   0   0   0   0   0   0   0   0   0   0   0   0   0   0  0.00     0.00
  268 G     0  -2   0  -1  -2  -2  -2   6  -2  -4  -4  -2  -3  -3  -2   0  -2  -2  -3  -3    0   0   0   0   0   0   0   0   0   0   0   0   0   0   0   0   0   0   0   0  0.00     0.00
  269 L    -1  -2  -3  -4  -1  -2  -3  -4  -3   2   4  -2   2   0  -3  -2  -1  -2  -1   1    0   0   0   0   0   0   0   0   0   0   0   0   0   0   0   0   0   0   0   0  0.00     0.00
  270 G     0  -2   0  -1  -2  -2  -2   6  -2  -4  -4  -2  -3  -3  -2   0  -2  -2  -3  -3    0   0   0   0   0   0   0   0   0   0   0   0   0   0   0   0   0   0   0   0  0.00     0.00
  271 E    -1   0   0   1  -4   2   5  -2   0  -3  -3   1  -2  -3  -1   0  -1  -3  -2  -2    0   0   0   0   0   0   0   0   0   0   0   0   0   0   0   0   0   0   0   0  0.00     0.00
  272 S     1  -1   1   0  -1   0   0   0  -1  -2  -2   0  -1  -2  -1   4   1  -3  -2  -2    0   0   0   0   0   0   0   0   0   0   0   0   0   0   0   0   0   0   0   0  0.00     0.00
  273 S     1  -1   1   0  -1   0   0   0  -1  -2  -2   0  -1  -2  -1   4   1  -3  -2  -2    0   0   0   0   0   0   0   0   0   0   0   0   0   0   0   0   0   0   0   0  0.00     0.00
  274 Q    -1   1   0   0  -3   5   2  -2   0  -3  -2   1   0  -3  -1   0  -1  -2  -1  -2    0   0   0   0   0   0   0   0   0   0   0   0   0   0   0   0   0   0   0   0  0.00     0.00
  275 M    -1  -1  -2  -3  -1   0  -2  -3  -2   1   2  -1   5   0  -2  -1  -1  -1  -1   1    0   0   0   0   0   0   0   0   0   0   0   0   0   0   0   0   0   0   0   0  0.00     0.00
  276 A     4  -1  -2  -2   0  -1  -1   0  -2  -1  -1  -1  -1  -2  -1   1   0  -3  -2   0    0   0   0   0   0   0   0   0   0   0   0   0   0   0   0   0   0   0   0   0  0.00     0.00
  277 L    -1  -2  -3  -4  -1  -2  -3  -4  -3   2   4  -2   2   0  -3  -2  -1  -2  -1   1    0   0   0   0   0   0   0   0   0   0   0   0   0   0   0   0   0   0   0   0  0.00     0.00
  278 R    -1   5   0  -2  -3   1   0  -2   0  -3  -2   2  -1  -3  -2  -1  -1  -3  -2  -2    0   0   0   0   0   0   0   0   0   0   0   0   0   0   0   0   0   0   0   0  0.00     0.00
  279 N    -2   0   6   1  -3   0   0   0   1  -3  -3   0  -2  -3  -2   1   0  -4  -2  -3    0   0   0   0   0   0   0   0   0   0   0   0   0   0   0   0   0   0   0   0  0.00     0.00
  280 E    -1   0   0   1  -4   2   5  -2   0  -3  -3   1  -2  -3  -1   0  -1  -3  -2  -2    0   0   0   0   0   0   0   0   0   0   0   0   0   0   0   0   0   0   0   0  0.00     0.00
  281 E    -1   0   0   1  -4   2   5  -2   0  -3  -3   1  -2  -3  -1   0  -1  -3  -2  -2    0   0   0   0   0   0   0   0   0   0   0   0   0   0   0   0   0   0   0   0  0.00     0.00
  282 D    -2  -2   1   6  -3   0   1  -1  -1  -3  -4  -1  -3  -3  -1   0  -1  -4  -3  -3    0   0   0   0   0   0   0   0   0   0   0   0   0   0   0   0   0   0   0   0  0.00     0.00
  283 W    -3  -3  -4  -4  -2  -2  -3  -2  -2  -3  -2  -3  -1   1  -4  -3  -2  10   2  -3    0   0   0   0   0   0   0   0   0   0   0   0   0   0   0   0   0   0   0   0  0.00     0.00
  284 G     0  -2   0  -1  -2  -2  -2   6  -2  -4  -4  -2  -3  -3  -2   0  -2  -2  -3  -3    0   0   0   0   0   0   0   0   0   0   0   0   0   0   0   0   0   0   0   0  0.00     0.00
  285 R    -1   5   0  -2  -3   1   0  -2   0  -3  -2   2  -1  -3  -2  -1  -1  -3  -2  -2    0   0   0   0   0   0   0   0   0   0   0   0   0   0   0   0   0   0   0   0  0.00     0.00
  286 E    -1   0   0   1  -4   2   5  -2   0  -3  -3   1  -2  -3  -1   0  -1  -3  -2  -2    0   0   0   0   0   0   0   0   0   0   0   0   0   0   0   0   0   0   0   0  0.00     0.00
  287 W    -3  -3  -4  -4  -2  -2  -3  -2  -2  -3  -2  -3  -1   1  -4  -3  -2  10   2  -3    0   0   0   0   0   0   0   0   0   0   0   0   0   0   0   0   0   0   0   0  0.00     0.00
  288 S     1  -1   1   0  -1   0   0   0  -1  -2  -2   0  -1  -2  -1   4   1  -3  -2  -2    0   0   0   0   0   0   0   0   0   0   0   0   0   0   0   0   0   0   0   0  0.00     0.00
  289 A     4  -1  -2  -2   0  -1  -1   0  -2  -1  -1  -1  -1  -2  -1   1   0  -3  -2   0    0   0   0   0   0   0   0   0   0   0   0   0   0   0   0   0   0   0   0   0  0.00     0.00
  290 R    -1   5   0  -2  -3   1   0  -2   0  -3  -2   2  -1  -3  -2  -1  -1  -3  -2  -2    0   0   0   0   0   0   0   0   0   0   0   0   0   0   0   0   0   0   0   0  0.00     0.00
  291 I    -1  -3  -3  -3  -1  -3  -3  -4  -3   4   2  -3   1   0  -3  -2  -1  -3  -1   3    0   0   0   0   0   0   0   0   0   0   0   0   0   0   0   0   0   0   0   0  0.00     0.00
  292 S     1  -1   1   0  -1   0   0   0  -1  -2  -2   0  -1  -2  -1   4   1  -3  -2  -2    0   0   0   0   0   0   0   0   0   0   0   0   0   0   0   0   0   0   0   0  0.00     0.00
  293 C     0  -3  -3  -3   9  -3  -4  -2  -3  -1  -1  -3  -1  -2  -3  -1  -1  -2  -2  -1    0   0   0   0   0   0   0   0   0   0   0   0   0   0   0   0   0   0   0   0  0.00     0.00
  294 W    -3  -3  -4  -4  -2  -2  -3  -2  -2  -3  -2  -3  -1   1  -4  -3  -2  10   2  -3    0   0   0   0   0   0   0   0   0   0   0   0   0   0   0   0   0   0   0   0  0.00     0.00
  295 F    -2  -3  -3  -3  -2  -3  -3  -3  -1   0   0  -3   0   6  -4  -2  -2   1   3  -1    0   0   0   0   0   0   0   0   0   0   0   0   0   0   0   0   0   0   0   0  0.00     0.00
  296 A     4  -1  -2  -2   0  -1  -1   0  -2  -1  -1  -1  -1  -2  -1   1   0  -3  -2   0    0   0   0   0   0   0   0   0   0   0   0   0   0   0   0   0   0   0   0   0  0.00     0.00
  297 E    -1   0   0   1  -4   2   5  -2   0  -3  -3   1  -2  -3  -1   0  -1  -3  -2  -2    0   0   0   0   0   0   0   0   0   0   0   0   0   0   0   0   0   0   0   0  0.00     0.00
  298 T     0  -1   0  -1  -1  -1  -1  -2  -2  -1  -1  -1  -1  -2  -1   1   5  -2  -2   0    0   0   0   0   0   0   0   0   0   0   0   0   0   0   0   0   0   0   0   0  0.00     0.00
  299 P    -1  -2  -2  -1  -3  -1  -1  -2  -2  -3  -3  -1  -2  -4   7  -1  -1  -4  -3  -2    0   0   0   0   0   0   0   0   0   0   0   0   0   0   0   0   0   0   0   0  0.00     0.00
  300 L    -1  -2  -3  -4  -1  -2  -3  -4  -3   2   4  -2   2   0  -3  -2  -1  -2  -1   1    0   0   0   0   0   0   0   0   0   0   0   0   0   0   0   0   0   0   0   0  0.00     0.00
  301 R    -1   5   0  -2  -3   1   0  -2   0  -3  -2   2  -1  -3  -2  -1  -1  -3  -2  -2    0   0   0   0   0   0   0   0   0   0   0   0   0   0   0   0   0   0   0   0  0.00     0.00
  302 A     4  -1  -2  -2   0  -1  -1   0  -2  -1  -1  -1  -1  -2  -1   1   0  -3  -2   0    0   0   0   0   0   0   0   0   0   0   0   0   0   0   0   0   0   0   0   0  0.00     0.00
  303 Q    -1   1   0   0  -3   5   2  -2   0  -3  -2   1   0  -3  -1   0  -1  -2  -1  -2    0   0   0   0   0   0   0   0   0   0   0   0   0   0   0   0   0   0   0   0  0.00     0.00
  304 I    -1  -3  -3  -3  -1  -3  -3  -4  -3   4   2  -3   1   0  -3  -2  -1  -3  -1   3    0   0   0   0   0   0   0   0   0   0   0   0   0   0   0   0   0   0   0   0  0.00     0.00
  305 D    -2  -2   1   6  -3   0   1  -1  -1  -3  -4  -1  -3  -3  -1   0  -1  -4  -3  -3    0   0   0   0   0   0   0   0   0   0   0   0   0   0   0   0   0   0   0   0  0.00     0.00
  306 K    -1   2   0  -1  -3   1   1  -2  -1  -3  -2   4  -1  -3  -1   0  -1  -3  -2  -2    0   0   0   0   0   0   0   0   0   0   0   0   0   0   0   0   0   0   0   0  0.00     0.00
  307 C     0  -3  -3  -3   9  -3  -4  -2  -3  -1  -1  -3  -1  -2  -3  -1  -1  -2  -2  -1    0   0   0   0   0   0   0   0   0   0   0   0   0   0   0   0   0   0   0   0  0.00     0.00
  308 S     1  -1   1   0  -1   0   0   0  -1  -2  -2   0  -1  -2  -1   4   1  -3  -2  -2    0   0   0   0   0   0   0   0   0   0   0   0   0   0   0   0   0   0   0   0  0.00     0.00
  309 A     4  -1  -2  -2   0  -1  -1   0  -2  -1  -1  -1  -1  -2  -1   1   0  -3  -2   0    0   0   0   0   0   0   0   0   0   0   0   0   0   0   0   0   0   0   0   0  0.00     0.00
  310 A     4  -1  -2  -2   0  -1  -1   0  -2  -1  -1  -1  -1  -2  -1   1   0  -3  -2   0    0   0   0   0   0   0   0   0   0   0   0   0   0   0   0   0   0   0   0   0  0.00     0.00
  311 F    -2  -3  -3  -3  -2  -3  -3  -3  -1   0   0  -3   0   6  -4  -2  -2   1   3  -1    0   0   0   0   0   0   0   0   0   0   0   0   0   0   0   0   0   0   0   0  0.00     0.00
  312 S     1  -1   1   0  -1   0   0   0  -1  -2  -2   0  -1  -2  -1   4   1  -3  -2  -2    0   0   0   0   0   0   0   0   0   0   0   0   0   0   0   0   0   0   0   0  0.00     0.00
  313 Q    -1   1   0   0  -3   5   2  -2   0  -3  -2   1   0  -3  -1   0  -1  -2  -1  -2    0   0   0   0   0   0   0   0   0   0   0   0   0   0   0   0   0   0   0   0  0.00     0.00
  314 H    -2   0   1  -1  -3   0   0  -2   7  -3  -3  -1  -2  -1  -2  -1  -2  -2   2  -3    0   0   0   0   0   0   0   0   0   0   0   0   0   0   0   0   0   0   0   0  0.00     0.00
  315 L    -1  -2  -3  -4  -1  -2  -3  -4  -3   2   4  -2   2   0  -3  -2  -1  -2  -1   1    0   0   0   0   0   0   0   0   0   0   0   0   0   0   0   0   0   0   0   0  0.00     0.00
  316 A     4  -1  -2  -2   0  -1  -1   0  -2  -1  -1  -1  -1  -2  -1   1   0  -3  -2   0    0   0   0   0   0   0   0   0   0   0   0   0   0   0   0   0   0   0   0   0  0.00     0.00
  317 A     4  -1  -2  -2   0  -1  -1   0  -2  -1  -1  -1  -1  -2  -1   1   0  -3  -2   0    0   0   0   0   0   0   0   0   0   0   0   0   0   0   0   0   0   0   0   0  0.00     0.00
  318 K    -1   2   0  -1  -3   1   1  -2  -1  -3  -2   4  -1  -3  -1   0  -1  -3  -2  -2    0   0   0   0   0   0   0   0   0   0   0   0   0   0   0   0   0   0   0   0  0.00     0.00
  319 F    -2  -3  -3  -3  -2  -3  -3  -3  -1   0   0  -3   0   6  -4  -2  -2   1   3  -1    0   0   0   0   0   0   0   0   0   0   0   0   0   0   0   0   0   0   0   0  0.00     0.00
  320 T     0  -1   0  -1  -1  -1  -1  -2  -2  -1  -1  -1  -1  -2  -1   1   5  -2  -2   0    0   0   0   0   0   0   0   0   0   0   0   0   0   0   0   0   0   0   0   0  0.00     0.00
  321 E    -1   0   0   1  -4   2   5  -2   0  -3  -3   1  -2  -3  -1   0  -1  -3  -2  -2    0   0   0   0   0   0   0   0   0   0   0   0   0   0   0   0   0   0   0   0  0.00     0.00
  322 A     4  -1  -2  -2   0  -1  -1   0  -2  -1  -1  -1  -1  -2  -1   1   0  -3  -2   0    0   0   0   0   0   0   0   0   0   0   0   0   0   0   0   0   0   0   0   0  0.00     0.00
  323 L    -1  -2  -3  -4  -1  -2  -3  -4  -3   2   4  -2   2   0  -3  -2  -1  -2  -1   1    0   0   0   0   0   0   0   0   0   0   0   0   0   0   0   0   0   0   0   0  0.00     0.00
  324 R    -1   5   0  -2  -3   1   0  -2   0  -3  -2   2  -1  -3  -2  -1  -1  -3  -2  -2    0   0   0   0   0   0   0   0   0   0   0   0   0   0   0   0   0   0   0   0  0.00     0.00
  325 S     1  -1   1   0  -1   0   0   0  -1  -2  -2   0  -1  -2  -1   4   1  -3  -2  -2    0   0   0   0   0   0   0   0   0   0   0   0   0   0   0   0   0   0   0   0  0.00     0.00
  326 R    -1   5   0  -2  -3   1   0  -2   0  -3  -2   2  -1  -3  -2  -1  -1  -3  -2  -2    0   0   0   0   0   0   0   0   0   0   0   0   0   0   0   0   0   0   0   0  0.00     0.00
  327 L    -1  -2  -3  -4  -1  -2  -3  -4  -3   2   4  -2   2   0  -3  -2  -1  -2  -1   1    0   0   0   0   0   0   0   0   0   0   0   0   0   0   0   0   0   0   0   0  0.00     0.00
  328 G     0  -2   0  -1  -2  -2  -2   6  -2  -4  -4  -2  -3  -3  -2   0  -2  -2  -3  -3    0   0   0   0   0   0   0   0   0   0   0   0   0   0   0   0   0   0   0   0  0.00     0.00
  329 A     4  -1  -2  -2   0  -1  -1   0  -2  -1  -1  -1  -1  -2  -1   1   0  -3  -2   0    0   0   0   0   0   0   0   0   0   0   0   0   0   0   0   0   0   0   0   0  0.00     0.00
  330 A     4  -1  -2  -2   0  -1  -1   0  -2  -1  -1  -1  -1  -2  -1   1   0  -3  -2   0    0   0   0   0   0   0   0   0   0   0   0   0   0   0   0   0   0   0   0   0  0.00     0.00
  331 F    -2  -3  -3  -3  -2  -3  -3  -3  -1   0   0  -3   0   6  -4  -2  -2   1   3  -1    0   0   0   0   0   0   0   0   0   0   0   0   0   0   0   0   0   0   0   0  0.00     0.00
  332 A     4  -1  -2  -2   0  -1  -1   0  -2  -1  -1  -1  -1  -2  -1   1   0  -3  -2   0    0   0   0   0   0   0   0   0   0   0   0   0   0   0   0   0   0   0   0   0  0.00     0.00
  333 P    -1  -2  -2  -1  -3  -1  -1  -2  -2  -3  -3  -1  -2  -4   7  -1  -1  -4  -3  -2    0   0   0   0   0   0   0   0   0   0   0   0   0   0   0   0   0   0   0   0  0.00     0.00
  334 Q    -1   1   0   0  -3   5   2  -2   0  -3  -2   1   0  -3  -1   0  -1  -2  -1  -2    0   0   0   0   0   0   0   0   0   0   0   0   0   0   0   0   0   0   0   0  0.00     0.00
  335 P    -1  -2  -2  -1  -3  -1  -1  -2  -2  -3  -3  -1  -2  -4   7  -1  -1  -4  -3  -2    0   0   0   0   0   0   0   0   0   0   0   0   0   0   0   0   0   0   0   0  0.00     0.00
  336 M    -1  -1  -2  -3  -1   0  -2  -3  -2   1   2  -1   5   0  -2  -1  -1  -1  -1   1    0   0   0   0   0   0   0   0   0   0   0   0   0   0   0   0   0   0   0   0  0.00     0.00
  337 M    -1  -1  -2  -3  -1   0  -2  -3  -2   1   2  -1   5   0  -2  -1  -1  -1  -1   1    0   0   0   0   0   0   0   0   0   0   0   0   0   0   0   0   0   0   0   0  0.00     0.00
  338 P    -1  -2  -2  -1  -3  -1  -1  -2  -2  -3  -3  -1  -2  -4   7  -1  -1  -4  -3  -2    0   0   0   0   0   0   0   0   0   0   0   0   0   0   0   0   0   0   0   0  0.00     0.00
  339 S     1  -1   1   0  -1   0   0   0  -1  -2  -2   0  -1  -2  -1   4   1  -3  -2  -2    0   0   0   0   0   0   0   0   0   0   0   0   0   0   0   0   0   0   0   0  0.00     0.00
  340 T     0  -1   0  -1  -1  -1  -1  -2  -2  -1  -1  -1  -1  -2  -1   1   5  -2  -2   0    0   0   0   0   0   0   0   0   0   0   0   0   0   0   0   0   0   0   0   0  0.00     0.00
  341 V     0  -2  -3  -3  -1  -2  -2  -3  -3   3   1  -2   1  -1  -2  -2   0  -3  -1   4    0   0   0   0   0   0   0   0   0   0   0   0   0   0   0   0   0   0   0   0  0.00     0.00
  342 A     4  -1  -2  -2   0  -1  -1   0  -2  -1  -1  -1  -1  -2  -1   1   0  -3  -2   0    0   0   0   0   0   0   0   0   0   0   0   0   0   0   0   0   0   0   0   0  0.00     0.00
  343 E    -1   0   0   1  -4   2   5  -2   0  -3  -3   1  -2  -3  -1   0  -1  -3  -2  -2    0   0   0   0   0   0   0   0   0   0   0   0   0   0   0   0   0   0   0   0  0.00     0.00
  344 S     1  -1   1   0  -1   0   0   0  -1  -2  -2   0  -1  -2  -1   4   1  -3  -2  -2    0   0   0   0   0   0   0   0   0   0   0   0   0   0   0   0   0   0   0   0  0.00     0.00
  345 G     0  -2   0  -1  -2  -2  -2   6  -2  -4  -4  -2  -3  -3  -2   0  -2  -2  -3  -3    0   0   0   0   0   0   0   0   0   0   0   0   0   0   0   0   0   0   0   0  0.00     0.00
  346 C     0  -3  -3  -3   9  -3  -4  -2  -3  -1  -1  -3  -1  -2  -3  -1  -1  -2  -2  -1    0   0   0   0   0   0   0   0   0   0   0   0   0   0   0   0   0   0   0   0  0.00     0.00
  347 E    -1   0   0   1  -4   2   5  -2   0  -3  -3   1  -2  -3  -1   0  -1  -3  -2  -2    0   0   0   0   0   0   0   0   0   0   0   0   0   0   0   0   0   0   0   0  0.00     0.00
  348 W    -3  -3  -4  -4  -2  -2  -3  -2  -2  -3  -2  -3  -1   1  -4  -3  -2  10   2  -3    0   0   0   0   0   0   0   0   0   0   0   0   0   0   0   0   0   0   0   0  0.00     0.00
  349 V     0  -2  -3  -3  -1  -2  -2  -3  -3   3   1  -2   1  -1  -2  -2   0  -3  -1   4    0   0   0   0   0   0   0   0   0   0   0   0   0   0   0   0   0   0   0   0  0.00     0.00
  350 A     4  -1  -2  -2   0  -1  -1   0  -2  -1  -1  -1  -1  -2  -1   1   0  -3  -2   0    0   0   0   0   0   0   0   0   0   0   0   0   0   0   0   0   0   0   0   0  0.00     0.00
  351 Q    -1   1   0   0  -3   5   2  -2   0  -3  -2   1   0  -3  -1   0  -1  -2  -1  -2    0   0   0   0   0   0   0   0   0   0   0   0   0   0   0   0   0   0   0   0  0.00     0.00
  352 G     0  -2   0  -1  -2  -2  -2   6  -2  -4  -4  -2  -3  -3  -2   0  -2  -2  -3  -3    0   0   0   0   0   0   0   0   0   0   0   0   0   0   0   0   0   0   0   0  0.00     0.00
  353 S     1  -1   1   0  -1   0   0   0  -1  -2  -2   0  -1  -2  -1   4   1  -3  -2  -2    0   0   0   0   0   0   0   0   0   0   0   0   0   0   0   0   0   0   0   0  0.00     0.00
  354 F    -2  -3  -3  -3  -2  -3  -3  -3  -1   0   0  -3   0   6  -4  -2  -2   1   3  -1    0   0   0   0   0   0   0   0   0   0   0   0   0   0   0   0   0   0   0   0  0.00     0.00
  355 A     4  -1  -2  -2   0  -1  -1   0  -2  -1  -1  -1  -1  -2  -1   1   0  -3  -2   0    0   0   0   0   0   0   0   0   0   0   0   0   0   0   0   0   0   0   0   0  0.00     0.00
  356 L    -1  -2  -3  -4  -1  -2  -3  -4  -3   2   4  -2   2   0  -3  -2  -1  -2  -1   1    0   0   0   0   0   0   0   0   0   0   0   0   0   0   0   0   0   0   0   0  0.00     0.00
  357 P    -1  -2  -2  -1  -3  -1  -1  -2  -2  -3  -3  -1  -2  -4   7  -1  -1  -4  -3  -2    0   0   0   0   0   0   0   0   0   0   0   0   0   0   0   0   0   0   0   0  0.00     0.00
  358 D    -2  -2   1   6  -3   0   1  -1  -1  -3  -4  -1  -3  -3  -1   0  -1  -4  -3  -3    0   0   0   0   0   0   0   0   0   0   0   0   0   0   0   0   0   0   0   0  0.00     0.00
  359 F    -2  -3  -3  -3  -2  -3  -3  -3  -1   0   0  -3   0   6  -4  -2  -2   1   3  -1    0   0   0   0   0   0   0   0   0   0   0   0   0   0   0   0   0   0   0   0  0.00     0.00
  360 P    -1  -2  -2  -1  -3  -1  -1  -2  -2  -3  -3  -1  -2  -4   7  -1  -1  -4  -3  -2    0   0   0   0   0   0   0   0   0   0   0   0   0   0   0   0   0   0   0   0  0.00     0.00
  361 E    -1   0   0   1  -4   2   5  -2   0  -3  -3   1  -2  -3  -1   0  -1  -3  -2  -2    0   0   0   0   0   0   0   0   0   0   0   0   0   0   0   0   0   0   0   0  0.00     0.00
  362 F    -2  -3  -3  -3  -2  -3  -3  -3  -1   0   0  -3   0   6  -4  -2  -2   1   3  -1    0   0   0   0   0   0   0   0   0   0   0   0   0   0   0   0   0   0   0   0  0.00     0.00
  363 S     1  -1   1   0  -1   0   0   0  -1  -2  -2   0  -1  -2  -1   4   1  -3  -2  -2    0   0   0   0   0   0   0   0   0   0   0   0   0   0   0   0   0   0   0   0  0.00     0.00
  364 G     0  -2   0  -1  -2  -2  -2   6  -2  -4  -4  -2  -3  -3  -2   0  -2  -2  -3  -3    0   0   0   0   0   0   0   0   0   0   0   0   0   0   0   0   0   0   0   0  0.00     0.00
  365 F    -2  -3  -3  -3  -2  -3  -3  -3  -1   0   0  -3   0   6  -4  -2  -2   1   3  -1    0   0   0   0   0   0   0   0   0   0   0   0   0   0   0   0   0   0   0   0  0.00     0.00
  366 V     0  -2  -3  -3  -1  -2  -2  -3  -3   3   1  -2   1  -1  -2  -2   0  -3  -1   4    0   0   0   0   0   0   0   0   0   0   0   0   0   0   0   0   0   0   0   0  0.00     0.00
  367 P    -1  -2  -2  -1  -3  -1  -1  -2  -2  -3  -3  -1  -2  -4   7  -1  -1  -4  -3  -2    0   0   0   0   0   0   0   0   0   0   0   0   0   0   0   0   0   0   0   0  0.00     0.00
  368 K    -1   2   0  -1  -3   1   1  -2  -1  -3  -2   4  -1  -3  -1   0  -1  -3  -2  -2    0   0   0   0   0   0   0   0   0   0   0   0   0   0   0   0   0   0   0   0  0.00     0.00
  369 L    -1  -2  -3  -4  -1  -2  -3  -4  -3   2   4  -2   2   0  -3  -2  -1  -2  -1   1    0   0   0   0   0   0   0   0   0   0   0   0   0   0   0   0   0   0   0   0  0.00     0.00
  370 P    -1  -2  -2  -1  -3  -1  -1  -2  -2  -3  -3  -1  -2  -4   7  -1  -1  -4  -3  -2    0   0   0   0   0   0   0   0   0   0   0   0   0   0   0   0   0   0   0   0  0.00     0.00
  371 D    -2  -2   1   6  -3   0   1  -1  -1  -3  -4  -1  -3  -3  -1   0  -1  -4  -3  -3    0   0   0   0   0   0   0   0   0   0   0   0   0   0   0   0   0   0   0   0  0.00     0.00
  372 M    -1  -1  -2  -3  -1   0  -2  -3  -2   1   2  -1   5   0  -2  -1  -1  -1  -1   1    0   0   0   0   0   0   0   0   0   0   0   0   0   0   0   0   0   0   0   0  0.00     0.00
  373 P    -1  -2  -2  -1  -3  -1  -1  -2  -2  -3  -3  -1  -2  -4   7  -1  -1  -4  -3  -2    0   0   0   0   0   0   0   0   0   0   0   0   0   0   0   0   0   0   0   0  0.00     0.00
  374 S     1  -1   1   0  -1   0   0   0  -1  -2  -2   0  -1  -2  -1   4   1  -3  -2  -2    0   0   0   0   0   0   0   0   0   0   0   0   0   0   0   0   0   0   0   0  0.00     0.00
  375 L    -1  -2  -3  -4  -1  -2  -3  -4  -3   2   4  -2   2   0  -3  -2  -1  -2  -1   1    0   0   0   0   0   0   0   0   0   0   0   0   0   0   0   0   0   0   0   0  0.00     0.00
  376 L    -1  -2  -3  -4  -1  -2  -3  -4  -3   2   4  -2   2   0  -3  -2  -1  -2  -1   1    0   0   0   0   0   0   0   0   0   0   0   0   0   0   0   0   0   0   0   0  0.00     0.00
  377 P    -1  -2  -2  -1  -3  -1  -1  -2  -2  -3  -3  -1  -2  -4   7  -1  -1  -4  -3  -2    0   0   0   0   0   0   0   0   0   0   0   0   0   0   0   0   0   0   0   0  0.00     0.00
  378 W    -3  -3  -4  -4  -2  -2  -3  -2  -2  -3  -2  -3  -1   1  -4  -3  -2  10   2  -3    0   0   0   0   0   0   0   0   0   0   0   0   0   0   0   0   0   0   0   0  0.00     0.00
  379 G     0  -2   0  -1  -2  -2  -2   6  -2  -4  -4  -2  -3  -3  -2   0  -2  -2  -3  -3    0   0   0   0   0   0   0   0   0   0   0   0   0   0   0   0   0   0   0   0  0.00     0.00
  380 V     0  -2  -3  -3  -1  -2  -2  -3  -3   3   1  -2   1  -1  -2  -2   0  -3  -1   4    0   0   0   0   0   0   0   0   0   0   0   0   0   0   0   0   0   0   0   0  0.00     0.00
  381 Q    -1   1   0   0  -3   5   2  -2   0  -3  -2   1   0  -3  -1   0  -1  -2  -1  -2    0   0   0   0   0   0   0   0   0   0   0   0   0   0   0   0   0   0   0   0  0.00     0.00
  382 K    -1   2   0  -1  -3   1   1  -2  -1  -3  -2   4  -1  -3  -1   0  -1  -3  -2  -2    0   0   0   0   0   0   0   0   0   0   0   0   0   0   0   0   0   0   0   0  0.00     0.00
  383 W    -3  -3  -4  -4  -2  -2  -3  -2  -2  -3  -2  -3  -1   1  -4  -3  -2  10   2  -3    0   0   0   0   0   0   0   0   0   0   0   0   0   0   0   0   0   0   0   0  0.00     0.00
  384 N    -2   0   6   1  -3   0   0   0   1  -3  -3   0  -2  -3  -2   1   0  -4  -2  -3    0   0   0   0   0   0   0   0   0   0   0   0   0   0   0   0   0   0   0   0  0.00     0.00
  385 E    -1   0   0   1  -4   2   5  -2   0  -3  -3   1  -2  -3  -1   0  -1  -3  -2  -2    0   0   0   0   0   0   0   0   0   0   0   0   0   0   0   0   0   0   0   0  0.00     0.00
  386 L    -1  -2  -3  -4  -1  -2  -3  -4  -3   2   4  -2   2   0  -3  -2  -1  -2  -1   1    0   0   0   0   0   0   0   0   0   0   0   0   0   0   0   0   0   0   0   0  0.00     0.00
  387 G     0  -2   0  -1  -2  -2  -2   6  -2  -4  -4  -2  -3  -3  -2   0  -2  -2  -3  -3    0   0   0   0   0   0   0   0   0   0   0   0   0   0   0   0   0   0   0   0  0.00     0.00
  388 K    -1   2   0  -1  -3   1   1  -2  -1  -3  -2   4  -1  -3  -1   0  -1  -3  -2  -2    0   0   0   0   0   0   0   0   0   0   0   0   0   0   0   0   0   0   0   0  0.00     0.00
  389 Q    -1   1   0   0  -3   5   2  -2   0  -3  -2   1   0  -3  -1   0  -1  -2  -1  -2    0   0   0   0   0   0   0   0   0   0   0   0   0   0   0   0   0   0   0   0  0.00     0.00
  390 Q    -1   1   0   0  -3   5   2  -2   0  -3  -2   1   0  -3  -1   0  -1  -2  -1  -2    0   0   0   0   0   0   0   0   0   0   0   0   0   0   0   0   0   0   0   0  0.00     0.00
  391 E    -1   0   0   1  -4   2   5  -2   0  -3  -3   1  -2  -3  -1   0  -1  -3  -2  -2    0   0   0   0   0   0   0   0   0   0   0   0   0   0   0   0   0   0   0   0  0.00     0.00
  392 L    -1  -2  -3  -4  -1  -2  -3  -4  -3   2   4  -2   2   0  -3  -2  -1  -2  -1   1    0   0   0   0   0   0   0   0   0   0   0   0   0   0   0   0   0   0   0   0  0.00     0.00
  393 S     1  -1   1   0  -1   0   0   0  -1  -2  -2   0  -1  -2  -1   4   1  -3  -2  -2    0   0   0   0   0   0   0   0   0   0   0   0   0   0   0   0   0   0   0   0  0.00     0.00
  394 A     4  -1  -2  -2   0  -1  -1   0  -2  -1  -1  -1  -1  -2  -1   1   0  -3  -2   0    0   0   0   0   0   0   0   0   0   0   0   0   0   0   0   0   0   0   0   0  0.00     0.00
  395 T     0  -1   0  -1  -1  -1  -1  -2  -2  -1  -1  -1  -1  -2  -1   1   5  -2  -2   0    0   0   0   0   0   0   0   0   0   0   0   0   0   0   0   0   0   0   0   0  0.00     0.00
  396 P    -1  -2  -2  -1  -3  -1  -1  -2  -2  -3  -3  -1  -2  -4   7  -1  -1  -4  -3  -2    0   0   0   0   0   0   0   0   0   0   0   0   0   0   0   0   0   0   0   0  0.00     0.00
  397 A     4  -1  -2  -2   0  -1  -1   0  -2  -1  -1  -1  -1  -2  -1   1   0  -3  -2   0    0   0   0   0   0   0   0   0   0   0   0   0   0   0   0   0   0   0   0   0  0.00     0.00
  398 T     0  -1   0  -1  -1  -1  -1  -2  -2  -1  -1  -1  -1  -2  -1   1   5  -2  -2   0    0   0   0   0   0   0   0   0   0   0   0   0   0   0   0   0   0   0   0   0  0.00     0.00
  399 T     0  -1   0  -1  -1  -1  -1  -2  -2  -1  -1  -1  -1  -2  -1   1   5  -2  -2   0    0   0   0   0   0   0   0   0   0   0   0   0   0   0   0   0   0   0   0   0  0.00     0.00
  400 Q    -1   1   0   0  -3   5   2  -2   0  -3  -2   1   0  -3  -1   0  -1  -2  -1  -2    0   0   0   0   0   0   0   0   0   0   0   0   0   0   0   0   0   0   0   0  0.00     0.00
  401 Q    -1   1   0   0  -3   5   2  -2   0  -3  -2   1   0  -3  -1   0  -1  -2  -1  -2    0   0   0   0   0   0   0   0   0   0   0   0   0   0   0   0   0   0   0   0  0.00     0.00
  402 A     4  -1  -2  -2   0  -1  -1   0  -2  -1  -1  -1  -1  -2  -1   1   0  -3  -2   0    0   0   0   0   0   0   0   0   0   0   0   0   0   0   0   0   0   0   0   0  0.00     0.00
  403 G     0  -2   0  -1  -2  -2  -2   6  -2  -4  -4  -2  -3  -3  -2   0  -2  -2  -3  -3    0   0   0   0   0   0   0   0   0   0   0   0   0   0   0   0   0   0   0   0  0.00     0.00
  404 G     0  -2   0  -1  -2  -2  -2   6  -2  -4  -4  -2  -3  -3  -2   0  -2  -2  -3  -3    0   0   0   0   0   0   0   0   0   0   0   0   0   0   0   0   0   0   0   0  0.00     0.00
  405 R    -1   5   0  -2  -3   1   0  -2   0  -3  -2   2  -1  -3  -2  -1  -1  -3  -2  -2    0   0   0   0   0   0   0   0   0   0   0   0   0   0   0   0   0   0   0   0  0.00     0.00
  406 G     0  -2   0  -1  -2  -2  -2   6  -2  -4  -4  -2  -3  -3  -2   0  -2  -2  -3  -3    0   0   0   0   0   0   0   0   0   0   0   0   0   0   0   0   0   0   0   0  0.00     0.00
  407 T     0  -1   0  -1  -1  -1  -1  -2  -2  -1  -1  -1  -1  -2  -1   1   5  -2  -2   0    0   0   0   0   0   0   0   0   0   0   0   0   0   0   0   0   0   0   0   0  0.00     0.00
  408 T     0  -1   0  -1  -1  -1  -1  -2  -2  -1  -1  -1  -1  -2  -1   1   5  -2  -2   0    0   0   0   0   0   0   0   0   0   0   0   0   0   0   0   0   0   0   0   0  0.00     0.00
  409 A     4  -1  -2  -2   0  -1  -1   0  -2  -1  -1  -1  -1  -2  -1   1   0  -3  -2   0    0   0   0   0   0   0   0   0   0   0   0   0   0   0   0   0   0   0   0   0  0.00     0.00
  410 A     4  -1  -2  -2   0  -1  -1   0  -2  -1  -1  -1  -1  -2  -1   1   0  -3  -2   0    0   0   0   0   0   0   0   0   0   0   0   0   0   0   0   0   0   0   0   0  0.00     0.00
  411 F    -2  -3  -3  -3  -2  -3  -3  -3  -1   0   0  -3   0   6  -4  -2  -2   1   3  -1    0   0   0   0   0   0   0   0   0   0   0   0   0   0   0   0   0   0   0   0  0.00     0.00
  412 G     0  -2   0  -1  -2  -2  -2   6  -2  -4  -4  -2  -3  -3  -2   0  -2  -2  -3  -3    0   0   0   0   0   0   0   0   0   0   0   0   0   0   0   0   0   0   0   0  0.00     0.00
  413 V     0  -2  -3  -3  -1  -2  -2  -3  -3   3   1  -2   1  -1  -2  -2   0  -3  -1   4    0   0   0   0   0   0   0   0   0   0   0   0   0   0   0   0   0   0   0   0  0.00     0.00
  414 G     0  -2   0  -1  -2  -2  -2   6  -2  -4  -4  -2  -3  -3  -2   0  -2  -2  -3  -3    0   0   0   0   0   0   0   0   0   0   0   0   0   0   0   0   0   0   0   0  0.00     0.00
  415 A     4  -1  -2  -2   0  -1  -1   0  -2  -1  -1  -1  -1  -2  -1   1   0  -3  -2   0    0   0   0   0   0   0   0   0   0   0   0   0   0   0   0   0   0   0   0   0  0.00     0.00
  416 L    -1  -2  -3  -4  -1  -2  -3  -4  -3   2   4  -2   2   0  -3  -2  -1  -2  -1   1    0   0   0   0   0   0   0   0   0   0   0   0   0   0   0   0   0   0   0   0  0.00     0.00
  417 S     1  -1   1   0  -1   0   0   0  -1  -2  -2   0  -1  -2  -1   4   1  -3  -2  -2    0   0   0   0   0   0   0   0   0   0   0   0   0   0   0   0   0   0   0   0  0.00     0.00
  418 G     0  -2   0  -1  -2  -2  -2   6  -2  -4  -4  -2  -3  -3  -2   0  -2  -2  -3  -3    0   0   0   0   0   0   0   0   0   0   0   0   0   0   0   0   0   0   0   0  0.00     0.00
  419 L    -1  -2  -3  -4  -1  -2  -3  -4  -3   2   4  -2   2   0  -3  -2  -1  -2  -1   1    0   0   0   0   0   0   0   0   0   0   0   0   0   0   0   0   0   0   0   0  0.00     0.00
  420 L    -1  -2  -3  -4  -1  -2  -3  -4  -3   2   4  -2   2   0  -3  -2  -1  -2  -1   1    0   0   0   0   0   0   0   0   0   0   0   0   0   0   0   0   0   0   0   0  0.00     0.00
  421 V     0  -2  -3  -3  -1  -2  -2  -3  -3   3   1  -2   1  -1  -2  -2   0  -3  -1   4    0   0   0   0   0   0   0   0   0   0   0   0   0   0   0   0   0   0   0   0  0.00     0.00
  422 G     0  -2   0  -1  -2  -2  -2   6  -2  -4  -4  -2  -3  -3  -2   0  -2  -2  -3  -3    0   0   0   0   0   0   0   0   0   0   0   0   0   0   0   0   0   0   0   0  0.00     0.00
  423 V     0  -2  -3  -3  -1  -2  -2  -3  -3   3   1  -2   1  -1  -2  -2   0  -3  -1   4    0   0   0   0   0   0   0   0   0   0   0   0   0   0   0   0   0   0   0   0  0.00     0.00
  424 L    -1  -2  -3  -4  -1  -2  -3  -4  -3   2   4  -2   2   0  -3  -2  -1  -2  -1   1    0   0   0   0   0   0   0   0   0   0   0   0   0   0   0   0   0   0   0   0  0.00     0.00
  425 F    -2  -3  -3  -3  -2  -3  -3  -3  -1   0   0  -3   0   6  -4  -2  -2   1   3  -1    0   0   0   0   0   0   0   0   0   0   0   0   0   0   0   0   0   0   0   0  0.00     0.00
  426 A     4  -1  -2  -2   0  -1  -1   0  -2  -1  -1  -1  -1  -2  -1   1   0  -3  -2   0    0   0   0   0   0   0   0   0   0   0   0   0   0   0   0   0   0   0   0   0  0.00     0.00
  427 F    -2  -3  -3  -3  -2  -3  -3  -3  -1   0   0  -3   0   6  -4  -2  -2   1   3  -1    0   0   0   0   0   0   0   0   0   0   0   0   0   0   0   0   0   0   0   0  0.00     0.00
  428 G     0  -2   0  -1  -2  -2  -2   6  -2  -4  -4  -2  -3  -3  -2   0  -2  -2  -3  -3    0   0   0   0   0   0   0   0   0   0   0   0   0   0   0   0   0   0   0   0  0.00     0.00
  429 V     0  -2  -3  -3  -1  -2  -2  -3  -3   3   1  -2   1  -1  -2  -2   0  -3  -1   4    0   0   0   0   0   0   0   0   0   0   0   0   0   0   0   0   0   0   0   0  0.00     0.00
  430 R    -1   5   0  -2  -3   1   0  -2   0  -3  -2   2  -1  -3  -2  -1  -1  -3  -2  -2    0   0   0   0   0   0   0   0   0   0   0   0   0   0   0   0   0   0   0   0  0.00     0.00
  431 S     1  -1   1   0  -1   0   0   0  -1  -2  -2   0  -1  -2  -1   4   1  -3  -2  -2    0   0   0   0   0   0   0   0   0   0   0   0   0   0   0   0   0   0   0   0  0.00     0.00
  432 V     0  -2  -3  -3  -1  -2  -2  -3  -3   3   1  -2   1  -1  -2  -2   0  -3  -1   4    0   0   0   0   0   0   0   0   0   0   0   0   0   0   0   0   0   0   0   0  0.00     0.00
  433 R    -1   5   0  -2  -3   1   0  -2   0  -3  -2   2  -1  -3  -2  -1  -1  -3  -2  -2    0   0   0   0   0   0   0   0   0   0   0   0   0   0   0   0   0   0   0   0  0.00     0.00
  434 S     1  -1   1   0  -1   0   0   0  -1  -2  -2   0  -1  -2  -1   4   1  -3  -2  -2    0   0   0   0   0   0   0   0   0   0   0   0   0   0   0   0   0   0   0   0  0.00     0.00
  435 E    -1   0   0   1  -4   2   5  -2   0  -3  -3   1  -2  -3  -1   0  -1  -3  -2  -2    0   0   0   0   0   0   0   0   0   0   0   0   0   0   0   0   0   0   0   0  0.00     0.00
  436 R    -1   5   0  -2  -3   1   0  -2   0  -3  -2   2  -1  -3  -2  -1  -1  -3  -2  -2    0   0   0   0   0   0   0   0   0   0   0   0   0   0   0   0   0   0   0   0  0.00     0.00
  437 K    -1   2   0  -1  -3   1   1  -2  -1  -3  -2   4  -1  -3  -1   0  -1  -3  -2  -2    0   0   0   0   0   0   0   0   0   0   0   0   0   0   0   0   0   0   0   0  0.00     0.00
  438 G     0  -2   0  -1  -2  -2  -2   6  -2  -4  -4  -2  -3  -3  -2   0  -2  -2  -3  -3    0   0   0   0   0   0   0   0   0   0   0   0   0   0   0   0   0   0   0   0  0.00     0.00
  439 S     1  -1   1   0  -1   0   0   0  -1  -2  -2   0  -1  -2  -1   4   1  -3  -2  -2    0   0   0   0   0   0   0   0   0   0   0   0   0   0   0   0   0   0   0   0  0.00     0.00
  440 R    -1   5   0  -2  -3   1   0  -2   0  -3  -2   2  -1  -3  -2  -1  -1  -3  -2  -2    0   0   0   0   0   0   0   0   0   0   0   0   0   0   0   0   0   0   0   0  0.00     0.00
  441 A     4  -1  -2  -2   0  -1  -1   0  -2  -1  -1  -1  -1  -2  -1   1   0  -3  -2   0    0   0   0   0   0   0   0   0   0   0   0   0   0   0   0   0   0   0   0   0  0.00     0.00
  442 T     0  -1   0  -1  -1  -1  -1  -2  -2  -1  -1  -1  -1  -2  -1   1   5  -2  -2   0    0   0   0   0   0   0   0   0   0   0   0   0   0   0   0   0   0   0   0   0  0.00     0.00
  443 A     4  -1  -2  -2   0  -1  -1   0  -2  -1  -1  -1  -1  -2  -1   1   0  -3  -2   0    0   0   0   0   0   0   0   0   0   0   0   0   0   0   0   0   0   0   0   0  0.00     0.00
  444 S     1  -1   1   0  -1   0   0   0  -1  -2  -2   0  -1  -2  -1   4   1  -3  -2  -2    0   0   0   0   0   0   0   0   0   0   0   0   0   0   0   0   0   0   0   0  0.00     0.00
  445 H    -2   0   1  -1  -3   0   0  -2   7  -3  -3  -1  -2  -1  -2  -1  -2  -2   2  -3    0   0   0   0   0   0   0   0   0   0   0   0   0   0   0   0   0   0   0   0  0.00     0.00
  446 T     0  -1   0  -1  -1  -1  -1  -2  -2  -1  -1  -1  -1  -2  -1   1   5  -2  -2   0    0   0   0   0   0   0   0   0   0   0   0   0   0   0   0   0   0   0   0   0  0.00     0.00
  447 K    -1   2   0  -1  -3   1   1  -2  -1  -3  -2   4  -1  -3  -1   0  -1  -3  -2  -2    0   0   0   0   0   0   0   0   0   0   0   0   0   0   0   0   0   0   0   0  0.00     0.00
  448 G     0  -2   0  -1  -2  -2  -2   6  -2  -4  -4  -2  -3  -3  -2   0  -2  -2  -3  -3    0   0   0   0   0   0   0   0   0   0   0   0   0   0   0   0   0   0   0   0  0.00     0.00
  449 T     0  -1   0  -1  -1  -1  -1  -2  -2  -1  -1  -1  -1  -2  -1   1   5  -2  -2   0    0   0   0   0   0   0   0   0   0   0   0   0   0   0   0   0   0   0   0   0  0.00     0.00
  450 A     4  -1  -2  -2   0  -1  -1   0  -2  -1  -1  -1  -1  -2  -1   1   0  -3  -2   0    0   0   0   0   0   0   0   0   0   0   0   0   0   0   0   0   0   0   0   0  0.00     0.00
  451 L    -1  -2  -3  -4  -1  -2  -3  -4  -3   2   4  -2   2   0  -3  -2  -1  -2  -1   1    0   0   0   0   0   0   0   0   0   0   0   0   0   0   0   0   0   0   0   0  0.00     0.00
  452 E    -1   0   0   1  -4   2   5  -2   0  -3  -3   1  -2  -3  -1   0  -1  -3  -2  -2    0   0   0   0   0   0   0   0   0   0   0   0   0   0   0   0   0   0   0   0  0.00     0.00
  453 S     1  -1   1   0  -1   0   0   0  -1  -2  -2   0  -1  -2  -1   4   1  -3  -2  -2    0   0   0   0   0   0   0   0   0   0   0   0   0   0   0   0   0   0   0   0  0.00     0.00
  454 H    -2   0   1  -1  -3   0   0  -2   7  -3  -3  -1  -2  -1  -2  -1  -2  -2   2  -3    0   0   0   0   0   0   0   0   0   0   0   0   0   0   0   0   0   0   0   0  0.00     0.00
  455 T     0  -1   0  -1  -1  -1  -1  -2  -2  -1  -1  -1  -1  -2  -1   1   5  -2  -2   0    0   0   0   0   0   0   0   0   0   0   0   0   0   0   0   0   0   0   0   0  0.00     0.00
  456 S     1  -1   1   0  -1   0   0   0  -1  -2  -2   0  -1  -2  -1   4   1  -3  -2  -2    0   0   0   0   0   0   0   0   0   0   0   0   0   0   0   0   0   0   0   0  0.00     0.00
  457 A     4  -1  -2  -2   0  -1  -1   0  -2  -1  -1  -1  -1  -2  -1   1   0  -3  -2   0    0   0   0   0   0   0   0   0   0   0   0   0   0   0   0   0   0   0   0   0  0.00     0.00
  458 G     0  -2   0  -1  -2  -2  -2   6  -2  -4  -4  -2  -3  -3  -2   0  -2  -2  -3  -3    0   0   0   0   0   0   0   0   0   0   0   0   0   0   0   0   0   0   0   0  0.00     0.00
  459 S     1  -1   1   0  -1   0   0   0  -1  -2  -2   0  -1  -2  -1   4   1  -3  -2  -2    0   0   0   0   0   0   0   0   0   0   0   0   0   0   0   0   0   0   0   0  0.00     0.00
  460 S     1  -1   1   0  -1   0   0   0  -1  -2  -2   0  -1  -2  -1   4   1  -3  -2  -2    0   0   0   0   0   0   0   0   0   0   0   0   0   0   0   0   0   0   0   0  0.00     0.00
  461 A     4  -1  -2  -2   0  -1  -1   0  -2  -1  -1  -1  -1  -2  -1   1   0  -3  -2   0    0   0   0   0   0   0   0   0   0   0   0   0   0   0   0   0   0   0   0   0  0.00     0.00
  462 S     1  -1   1   0  -1   0   0   0  -1  -2  -2   0  -1  -2  -1   4   1  -3  -2  -2    0   0   0   0   0   0   0   0   0   0   0   0   0   0   0   0   0   0   0   0  0.00     0.00
  463 V     0  -2  -3  -3  -1  -2  -2  -3  -3   3   1  -2   1  -1  -2  -2   0  -3  -1   4    0   0   0   0   0   0   0   0   0   0   0   0   0   0   0   0   0   0   0   0  0.00     0.00
  464 A     4  -1  -2  -2   0  -1  -1   0  -2  -1  -1  -1  -1  -2  -1   1   0  -3  -2   0    0   0   0   0   0   0   0   0   0   0   0   0   0   0   0   0   0   0   0   0  0.00     0.00
  465 A     4  -1  -2  -2   0  -1  -1   0  -2  -1  -1  -1  -1  -2  -1   1   0  -3  -2   0    0   0   0   0   0   0   0   0   0   0   0   0   0   0   0   0   0   0   0   0  0.00     0.00
  466 W    -3  -3  -4  -4  -2  -2  -3  -2  -2  -3  -2  -3  -1   1  -4  -3  -2  10   2  -3    0   0   0   0   0   0   0   0   0   0   0   0   0   0   0   0   0   0   0   0  0.00     0.00
  467 P    -1  -2  -2  -1  -3  -1  -1  -2  -2  -3  -3  -1  -2  -4   7  -1  -1  -4  -3  -2    0   0   0   0   0   0   0   0   0   0   0   0   0   0   0   0   0   0   0   0  0.00     0.00
  468 Q    -1   1   0   0  -3   5   2  -2   0  -3  -2   1   0  -3  -1   0  -1  -2  -1  -2    0   0   0   0   0   0   0   0   0   0   0   0   0   0   0   0   0   0   0   0  0.00     0.00
  469 S     1  -1   1   0  -1   0   0   0  -1  -2  -2   0  -1  -2  -1   4   1  -3  -2  -2    0   0   0   0   0   0   0   0   0   0   0   0   0   0   0   0   0   0   0   0  0.00     0.00
  470 I    -1  -3  -3  -3  -1  -3  -3  -4  -3   4   2  -3   1   0  -3  -2  -1  -3  -1   3    0   0   0   0   0   0   0   0   0   0   0   0   0   0   0   0   0   0   0   0  0.00     0.00
  471 T     0  -1   0  -1  -1  -1  -1  -2  -2  -1  -1  -1  -1  -2  -1   1   5  -2  -2   0    0   0   0   0   0   0   0   0   0   0   0   0   0   0   0   0   0   0   0   0  0.00     0.00
  472 S     1  -1   1   0  -1   0   0   0  -1  -2  -2   0  -1  -2  -1   4   1  -3  -2  -2    0   0   0   0   0   0   0   0   0   0   0   0   0   0   0   0   0   0   0   0  0.00     0.00
  473 H    -2   0   1  -1  -3   0   0  -2   7  -3  -3  -1  -2  -1  -2  -1  -2  -2   2  -3    0   0   0   0   0   0   0   0   0   0   0   0   0   0   0   0   0   0   0   0  0.00     0.00
  474 A     4  -1  -2  -2   0  -1  -1   0  -2  -1  -1  -1  -1  -2  -1   1   0  -3  -2   0    0   0   0   0   0   0   0   0   0   0   0   0   0   0   0   0   0   0   0   0  0.00     0.00
  475 E    -1   0   0   1  -4   2   5  -2   0  -3  -3   1  -2  -3  -1   0  -1  -3  -2  -2    0   0   0   0   0   0   0   0   0   0   0   0   0   0   0   0   0   0   0   0  0.00     0.00
  476 S     1  -1   1   0  -1   0   0   0  -1  -2  -2   0  -1  -2  -1   4   1  -3  -2  -2    0   0   0   0   0   0   0   0   0   0   0   0   0   0   0   0   0   0   0   0  0.00     0.00
  477 F    -2  -3  -3  -3  -2  -3  -3  -3  -1   0   0  -3   0   6  -4  -2  -2   1   3  -1    0   0   0   0   0   0   0   0   0   0   0   0   0   0   0   0   0   0   0   0  0.00     0.00

                      K         Lambda
Standard Ungapped    0.1288     0.3144
Standard Gapped      0.0410     0.2670
PSI Ungapped         0.1288     0.3144
PSI Gapped           0.0410     0.2670
