
Last position-specific scoring matrix computed, weighted observed percentages rounded down, information per position, and relative weight of gapless real matches to pseudocounts
            A   R   N   D   C   Q   E   G   H   I   L   K   M   F   P   S   T   W   Y   V   A   R   N   D   C   Q   E   G   H   I   L   K   M   F   P   S   T   W   Y   V
    1 N    -2   0   6   1  -3   0   0   0   1  -3  -3   0  -2  -3  -2   1   0  -4  -2  -3    0   0   0   0   0   0   0   0   0   0   0   0   0   0   0   0   0   0   0   0  0.00     0.00
    2 P    -1  -2  -2  -1  -3  -1  -1  -2  -2  -3  -3  -1  -2  -4   7  -1  -1  -4  -3  -2    0   0   0   0   0   0   0   0   0   0   0   0   0   0   0   0   0   0   0   0  0.00     0.00
    3 Y    -2  -2  -2  -3  -2  -1  -2  -3   2  -1  -1  -2  -1   3  -3  -2  -2   2   7  -1    0   0   0   0   0   0   0   0   0   0   0   0   0   0   0   0   0   0   0   0  0.00     0.00
    4 C     0  -3  -3  -3   8  -3  -4  -2  -3  -1  -1  -3  -1  -2  -3  -1  -1  -2  -2  -1    0   0   0   0   0   0   0   0   0   0   0   0   0   0   0   0   0   0   0   0  0.00     0.00
    5 S     1  -1   1   0  -1   0   0   0  -1  -2  -2   0  -1  -2  -1   4   1  -3  -2  -2    0   0   0   0   0   0   0   0   0   0   0   0   0   0   0   0   0   0   0   0  0.00     0.00
    6 L    -1  -2  -3  -4  -1  -2  -3  -4  -3   2   4  -2   2   0  -3  -2  -1  -2  -1   1    0   0   0   0   0   0   0   0   0   0   0   0   0   0   0   0   0   0   0   0  0.00     0.00
    7 L    -1  -2  -3  -4  -1  -2  -3  -4  -3   2   4  -2   2   0  -3  -2  -1  -2  -1   1    0   0   0   0   0   0   0   0   0   0   0   0   0   0   0   0   0   0   0   0  0.00     0.00
    8 M    -1  -1  -2  -3  -1   0  -2  -3  -2   1   2  -1   5   0  -2  -1  -1  -1  -1   1    0   0   0   0   0   0   0   0   0   0   0   0   0   0   0   0   0   0   0   0  0.00     0.00
    9 K    -1   2   0  -1  -3   1   1  -2  -1  -3  -2   4  -1  -3  -1   0  -1  -3  -2  -2    0   0   0   0   0   0   0   0   0   0   0   0   0   0   0   0   0   0   0   0  0.00     0.00
   10 L    -1  -2  -3  -4  -1  -2  -3  -4  -3   2   4  -2   2   0  -3  -2  -1  -2  -1   1    0   0   0   0   0   0   0   0   0   0   0   0   0   0   0   0   0   0   0   0  0.00     0.00
   11 G     0  -2   0  -1  -2  -2  -2   5  -2  -4  -4  -2  -3  -3  -2   0  -2  -2  -3  -3    0   0   0   0   0   0   0   0   0   0   0   0   0   0   0   0   0   0   0   0  0.00     0.00
   12 L    -1  -2  -3  -4  -1  -2  -3  -4  -3   2   4  -2   2   0  -3  -2  -1  -2  -1   1    0   0   0   0   0   0   0   0   0   0   0   0   0   0   0   0   0   0   0   0  0.00     0.00
   13 L    -1  -2  -3  -4  -1  -2  -3  -4  -3   2   4  -2   2   0  -3  -2  -1  -2  -1   1    0   0   0   0   0   0   0   0   0   0   0   0   0   0   0   0   0   0   0   0  0.00     0.00
   14 A     4  -1  -2  -2   0  -1  -1   0  -2  -1  -1  -1  -1  -2  -1   1   0  -2  -2   0    0   0   0   0   0   0   0   0   0   0   0   0   0   0   0   0   0   0   0   0  0.00     0.00
   15 L    -1  -2  -3  -4  -1  -2  -3  -4  -3   2   4  -2   2   0  -3  -2  -1  -2  -1   1    0   0   0   0   0   0   0   0   0   0   0   0   0   0   0   0   0   0   0   0  0.00     0.00
   16 L    -1  -2  -3  -4  -1  -2  -3  -4  -3   2   4  -2   2   0  -3  -2  -1  -2  -1   1    0   0   0   0   0   0   0   0   0   0   0   0   0   0   0   0   0   0   0   0  0.00     0.00
   17 A     4  -1  -2  -2   0  -1  -1   0  -2  -1  -1  -1  -1  -2  -1   1   0  -2  -2   0    0   0   0   0   0   0   0   0   0   0   0   0   0   0   0   0   0   0   0   0  0.00     0.00
   18 F    -2  -3  -3  -3  -2  -3  -3  -3  -1   0   0  -3   0   6  -4  -2  -2   1   3  -1    0   0   0   0   0   0   0   0   0   0   0   0   0   0   0   0   0   0   0   0  0.00     0.00
   19 L    -1  -2  -3  -4  -1  -2  -3  -4  -3   2   4  -2   2   0  -3  -2  -1  -2  -1   1    0   0   0   0   0   0   0   0   0   0   0   0   0   0   0   0   0   0   0   0  0.00     0.00
   20 S     1  -1   1   0  -1   0   0   0  -1  -2  -2   0  -1  -2  -1   4   1  -3  -2  -2    0   0   0   0   0   0   0   0   0   0   0   0   0   0   0   0   0   0   0   0  0.00     0.00
   21 S     1  -1   1   0  -1   0   0   0  -1  -2  -2   0  -1  -2  -1   4   1  -3  -2  -2    0   0   0   0   0   0   0   0   0   0   0   0   0   0   0   0   0   0   0   0  0.00     0.00
   22 P    -1  -2  -2  -1  -3  -1  -1  -2  -2  -3  -3  -1  -2  -4   7  -1  -1  -4  -3  -2    0   0   0   0   0   0   0   0   0   0   0   0   0   0   0   0   0   0   0   0  0.00     0.00
   23 I    -1  -3  -3  -3  -1  -3  -3  -4  -3   4   2  -3   1   0  -3  -2  -1  -3  -1   3    0   0   0   0   0   0   0   0   0   0   0   0   0   0   0   0   0   0   0   0  0.00     0.00
   24 D    -2  -2   1   6  -3   0   1  -1  -1  -3  -4  -1  -3  -3  -1   0  -1  -4  -3  -3    0   0   0   0   0   0   0   0   0   0   0   0   0   0   0   0   0   0   0   0  0.00     0.00
   25 A     4  -1  -2  -2   0  -1  -1   0  -2  -1  -1  -1  -1  -2  -1   1   0  -2  -2   0    0   0   0   0   0   0   0   0   0   0   0   0   0   0   0   0   0   0   0   0  0.00     0.00
   26 E    -1   0   0   1  -4   2   5  -2   0  -3  -3   1  -2  -3  -1   0  -1  -3  -2  -2    0   0   0   0   0   0   0   0   0   0   0   0   0   0   0   0   0   0   0   0  0.00     0.00
   27 G     0  -2   0  -1  -2  -2  -2   5  -2  -4  -4  -2  -3  -3  -2   0  -2  -2  -3  -3    0   0   0   0   0   0   0   0   0   0   0   0   0   0   0   0   0   0   0   0  0.00     0.00
   28 V     0  -2  -3  -3  -1  -2  -2  -3  -3   3   1  -2   1  -1  -2  -2   0  -3  -1   4    0   0   0   0   0   0   0   0   0   0   0   0   0   0   0   0   0   0   0   0  0.00     0.00
   29 E    -1   0   0   1  -4   2   5  -2   0  -3  -3   1  -2  -3  -1   0  -1  -3  -2  -2    0   0   0   0   0   0   0   0   0   0   0   0   0   0   0   0   0   0   0   0  0.00     0.00
   30 R    -1   5   0  -2  -3   1   0  -2   0  -3  -2   2  -1  -3  -2  -1  -1  -3  -2  -2    0   0   0   0   0   0   0   0   0   0   0   0   0   0   0   0   0   0   0   0  0.00     0.00
   31 R    -2   6  -1  -2  -4   1   0  -3   0  -3  -2   2  -2  -3  -2  -1  -1  -3  -2  -3    0 100   0   0   0   0   0   0   0   0   0   0   0   0   0   0   0   0   0   0  0.76 0.01
   32 L    -2  -2  -4  -4  -1  -2  -3  -4  -3   2   4  -3   2   0  -3  -3  -1  -2  -1   1    0   0   0   0   0   0   0   0   0   0 100   0   0   0   0   0   0   0   0   0  0.46 0.01
   33 S     0  -2  -1  -2  -1  -1  -2  -2  -2   1   3  -1   1   0  -2   2   0  -2  -1   0    0   0   0   0   0   0   0   0   0   0  61   0   0   0   0  39   0   0   0   0  0.19 0.00
   34 E    -1   2   0   0  -4   2   3  -2  -1  -3  -3   4  -2  -3  -1   0  -1  -3  -2  -3    0   0   0   0   0   0  39   0   0   0   0  61   0   0   0   0   0   0   0   0  0.49 0.00
   35 A     4  -2  -2  -2   0  -1  -1   0  -2  -1  -2  -1  -1  -2  -1   1   0  -3  -2   0  100   0   0   0   0   0   0   0   0   0   0   0   0   0   0   0   0   0   0   0  0.41 0.01
   36 D    -2  -2   1   6  -4   0   2  -1  -1  -3  -4  -1  -3  -4  -2   0  -1  -5  -3  -3    0   0   0 100   0   0   0   0   0   0   0   0   0   0   0   0   0   0   0   0  0.94 0.01
   37 A     2  -1   0  -1  -2   0   0  -1   7  -3  -2  -1  -1  -2  -2   0  -1  -3   1  -2   39   0   0   0   0   0   0   0  61   0   0   0   0   0   0   0   0   0   0   0  0.46 0.01
   38 D    -2  -1   1   4  -3   0   1  -2   7  -3  -3  -1  -2  -2  -2  -1  -2  -3   1  -3    0   0   0  39   0   0   0   0  61   0   0   0   0   0   0   0   0   0   0   0  0.64 0.01
   39 V     3  -2  -2  -2  -1  -1  -2  -1  -2   1   0  -1   0  -2  -1   0   0  -3  -2   2   61   0   0   0   0   0   0   0   0   0   0   0   0   0   0   0   0   0   0  39  0.23 0.00
   40 I    -1  -2  -1  -2  -1  -1  -2  -2  -2   2   0  -1   0  -1  -2   0   4  -3  -2   1    0   0   0   0   0   0   0   0   0  39   0   0   0   0   0   0  61   0   0   0  0.26 0.01
   41 Y    -2  -1   5   0  -3  -1  -1  -1   1  -3  -2  -1  -2   1  -3   0  -1   0   4  -2    0   0  61   0   0   0   0   0   0   0   0   0   0   0   0   0   0   0  39   0  0.47 0.01
   42 Q    -1   0   0   0  -3   4   2   3   0  -4  -3   0  -2  -3  -2   0  -1  -3  -2  -3    0   0   0   0   0  45  20  36   0   0   0   0   0   0   0   0   0   0   0   0  0.49 0.02
   43 R     0   2  -1  -2  -2  -1  -2   2  -2   0  -1   0  -1  -2  -2   0   1  -3  -2   2    0  22   0   0   0   0   0  22   0   0   0   0   0   0   0   0  20   0   0  36  0.15 0.01
   44 L    -1  -2  -2  -3  -1  -1  -2  -3  -3   2   2  -2   4  -1  -2  -1   1  -2  -1   2    0   0   0   0   0   0   0   0   0   0  20   0  30   0   0   0  17   0   0  32  0.24 0.02
   45 E     1  -1   0   0  -2   1   3  -2   5  -3  -3   0  -2  -2  -2   1  -1  -3   0  -2   15   0   0   0   0   0  38   0  32   0   0   0   0   0   0  16   0   0   0   0  0.40 0.03
   46 D    -1   0   0   2  -3   3   1  -2  -1  -1   1   2   0  -2  -2  -1  -1  -3  -2  -1    0   0   0  20   0  30   0   0   0   0  32  17   0   0   0   0   0   0   0   0  0.21 0.02
   47 D    -1  -2   0   4  -3   0   3  -2  -1   1  -2  -1  -2  -3  -2   0  -1  -4  -3  -1    0   0   0  45   0   0  22   0   0  22   0   0   0   0   0  11   0   0   0   0  0.40 0.05
   48 P     0   1  -1   2  -3  -1   0  -2  -2  -3  -3  -1  -3  -4   6  -1  -1  -4  -3  -3   11  12   0  22   0   0   0   0   0   0   0   0   0   0  56   0   0   0   0   0  1.04 0.07
   49 S     0  -1  -1  -2  -1  -1  -1  -2  -2   2   0   1   0  -2  -2   1   2  -3  -2   3    0   0   0   0   0   0   0   0   0  12   0  19   0   0   0  12  20   0   0  38  0.17 0.05
   50 F     1  -3  -3  -3  -1  -2  -3  -3  -3   2   2  -2   1   3  -3  -1  -1  -2   0   2   18   0   0   0   0   0   0   0   0  12  20   0   0  22   0   0   0   0   0  28  0.23 0.04
   51 T     0  -2   0   1  -2   0   2  -2  -2   1  -1  -1  -1  -2  -2   1   3  -3  -2   1    0   0   0  11   0   0  18   0   0  17   0   0   0   0   0  18  28   0   0   8  0.19 0.05
   52 S     2  -1   0  -1  -2   2   0   1  -1  -3  -3   0  -2  -3  -1   3   2  -3  -2  -2   16   0   0   0   0  18   0   9   0   0   0   0   0   0   0  46  11   0   0   0  0.35 0.07
   53 A     2  -2   2  -1  -1  -1  -1  -1  -2   0  -2  -1  -1  -2  -2   1   3  -3  -2   0   36   0  18   0   0   0   0   0   0   9   0   0   0   0   0   0  37   0   0   0  0.28 0.07
   54 P     0  -2   1  -1  -2  -1  -2   0  -2   1  -1  -1  -1  -2   5   1   0  -3  -2   1    8   0   9   0   0   0   0   9   0  11   0   0   0   0  31  16   0   0   0  16  0.41 0.05
   55 T    -1  -1   2  -1  -2   1   1   1  -1  -2  -2  -1  -2  -3  -2   1   4  -3  -2  -1    0   0  16   0   0   8   9  12   0   0   0   0   0   0   0   0  55   0   0   0  0.37 0.08
   56 G    -1  -1   4   3  -3   3   1   1   0  -3  -3   0  -2  -3  -2   0  -1  -3  -2  -3    1   0  33  21   0  28   1  11   0   0   1   1   0   0   0   1   1   0   0   1  0.44 0.07
   57 G     0  -2   2  -1  -2  -1  -1   1  -1  -2  -2  -1  -2   1   4   2   2  -3  -1  -2    0   0  17   0   0   0   0  11   0   0   0   0   0  10  22  24  17   0   0   0  0.37 0.05
   58 A     1  -1  -2  -2  -2  -1   0  -3  -2   3   2   0   2  -1  -2  -1  -1  -3  -2   1   17   0   0   0   0   0   7   0   0  39  19  11   7   0   0   0   0   0   0   0  0.16 0.06
   59 M    -2   1  -1  -2  -3   4   0  -3  -1  -1   1   1   5  -2  -2  -1  -1  -2  -2  -1    0   5   0   0   0  42   0   0   0   0  14   6  32   0   0   0   0   0   0   0  0.41 0.11
   60 S     0  -1   2   1  -2   2   0  -1  -1  -2  -3  -1  -2  -3  -2   3   3  -3  -2  -2    0   0  16   7   0  13   0   0   0   0   0   0   0   0   0  28  35   0   0   0  0.40 0.10
   61 I    -2  -3  -3  -3  -2  -3  -3  -4  -3   4   1  -3   3   3  -3  -2   1  -2   0   2    0   0   0   0   0   0   0   0   0  45   9   0  14  16   0   0  12   0   0   5  0.33 0.09
   62 I    -1  -2  -2  -3  -2  -2  -2   0  -3   2   2   0   1  -1  -3  -2   0  -3  -2   2    0   0   0   0   0   0   0  10   0  21  34   8   0   0   0   0   9   0   0  18  0.19 0.06
   63 E    -1  -1  -1   1  -4   3   5  -3  -1  -3  -3   0  -2  -4  -2   0   2  -3  -3  -3    0   0   0   5   0  22  53   0   0   0   0   0   0   0   0   0  19   0   0   0  0.65 0.14
   64 T     1  -1   0  -2  -1  -1  -1  -2  -2   3   0   0   0  -1  -2   0   1  -3  -2   2   13   1   8   1   0   1   1   1   0  34   1   8   0   1   1   7   8   0   0  14  0.11 0.05
   65 A     4  -1  -1  -1  -1   0   3  -1  -1  -2  -2  -1  -2  -3  -1   0  -1  -3  -2  -1   61   1   1   1   0   1  27   1   0   1   1   1   0   1   1   1   1   0   0   1  0.41 0.11
   66 E     0  -1   0   3  -2   0   2  -1  -1  -1   0  -1  -1  -2  -1   1   0  -2  -2   0   10   1   1  28   0   1  16   2   1   1  13   1   1   1   1  11   1   0   1   8  0.17 0.04
   67 A     1  -1   2   1  -1   0   0   1  -1  -2  -2  -1  -1  -2  -1   2   2  -2  -2  -1    9   1  16   8   0   1   1   9   1   1   2   1   1   1   1  20  23   0   1   2  0.21 0.04
   68 G     0  -1  -1   1  -2  -1   1   3   2  -2  -2  -1  -2  -2   4  -1  -1  -2  -2  -1    7   1   1   8   0   1  10  27   8   1   2   1   0   1  22   1   1   0   1   7  0.35 0.05
   69 G     1   2   0  -1  -2   1  -1   2  -1  -1   0   1  -1  -2  -1   0  -1  -2  -2  -1   14  14   7   1   0   7   2  23   1   1  10   7   1   1   1   2   2   0   1   6  0.12 0.02
   70 L    -2  -2   1  -3  -2  -2  -3  -3  -1   0   2  -2   0   4  -3  -2  -2   0   5  -1    0   0  10   0   0   0   0   0   0   0  33   0   0  26   0   0   0   0  26   0  0.44 0.11
   71 N    -1   1   3   0  -3   0   3   0  -1  -3  -3   1  -2  -3  -2   2   1  -4  -2  -3    0   7  17   0   0   0  27   6   0   0   0   7   0   0   0  25  11   0   0   0  0.35 0.10
   72 M    -1   2  -1  -2  -3   0  -1  -1  -2   0  -1   3   1   0   1  -1   1  -3  -1  -1    0  14   0   0   0   0   0   5   0   6   0  35   7   7   6   0  16   0   0   0  0.20 0.08
   73 F    -3  -3  -3  -4  -3  -1  -3  -4  -2  -1   2  -3   0   6  -4  -3  -2   0   3  -1    0   0   0   0   0   6   0   0   0   0  21   0   0  63   0   0   0   0   7   0  0.73 0.15
   74 L    -1   4  -1  -1  -2   1   1  -2  -1  -1   0   0  -1  -2  -2   2  -1  -2   1  -1    0  32   0   0   0   7   8   0   0   0  13   0   0   0   0  24   0   0   7   6  0.22 0.09
   75 A     1   1   1  -1  -2   0   0  -1  -1  -1  -2   1  -1  -3  -1   2   2  -3  -2   0   19   9   6   0   0   0   7   0   0   0   0   8   0   0   0  18  24   0   0   7  0.21 0.07
   76 A     1  -2  -3  -3  -2  -2  -3   0  -3   2   3  -2   1  -1  -2  -1  -1  -2  -2   1   19   0   0   0   0   0   0   9   0  15  47   0   0   0   0   0   0   0   0   7  0.24 0.08
   77 L    -1  -3  -4  -4  -2  -3  -3  -4  -3   3   3  -3   1  -1  -3  -3  -1  -3  -2   3    0   0   0   0   0   0   0   0   0  14  49   0   0   0   0   0   0   0   0  33  0.44 0.11
   78 S     1  -1  -1   2  -3   1   3  -2  -1  -2  -2   0   1  -3   1   1   0  -3  -2  -2   21   0   0  12   0   7  35   0   0   0   0   0   7   0   5   7   6   0   0   0  0.34 0.09
   79 A     4  -2   1   3  -2  -1   1  -1  -2  -3  -3   0  -2  -3  -2   0   0  -4  -3  -2   56   0   8  19   0   0   6   0   0   0   0   6   0   0   0   0   5   0   0   0  0.38 0.12
   80 A     1  -2   1  -2   3  -1  -2   0  -2   0  -1  -2  -1  -2  -2   2   2  -3  -2   1   13   0   7   0   8   0   0   7   0   0   5   0   0   0   0  19  21   0   0  21  0.18 0.07
   81 K    -1  -1   3   1  -3   0  -1   4  -1  -4  -4   2  -3  -4  -2   0   0  -4  -3  -3    0   0  22   6   0   5   0  40   0   0   0  20   0   0   0   0   6   0   0   0  0.50 0.11
   82 L     1  -2  -2  -3  -1  -2  -2  -2  -2   1   4  -2   1   0  -2  -1  -1  -2  -1   1   17   1   1   1   0   1   1   1   0   1  61   1   0   1   1   1   1   0   1   7  0.28 0.08
   83 T     1  -1   1  -1  -2  -1  -1   2  -1  -1  -1   0  -1  -2   2   1   1  -3  -2  -1   17   1  12   1   0   1   1  19   0   1   8   7   0   0   9  10   7   0   0   6  0.16 0.04
   84 S     0  -1   1   3  -2   1   1   0   2  -3  -3  -1  -2  -3  -2   2   1  -3  -2  -2    7   0   6  23   0   6   9   5   6   0   0   0   0   0   0  22  12   0   0   0  0.29 0.07
   85 L     1  -2  -2  -3  -1  -2  -2  -2  -2   2   2  -2   1   1  -2   0   0  -2  -1   2   12   0   0   0   0   0   0   0   0   8  33   0   4   7   0   9   5   0   0  18  0.17 0.05
   86 F    -2  -3  -4  -4  -2  -3  -3  -4  -3   3   3  -3   1   1  -3  -3  -1  -2  -1   2    0   0   0   0   0   0   0   0   0  23  50   0   0   7   0   0   0   0   0  16  0.41 0.09
   87 E    -1  -1   2   4  -3   0   3  -2   0  -3  -3   0  -2  -2  -1   0  -1  -2   1  -2    1   1  13  28   0   1  35   1   0   1   2   1   0   1   1   1   1   0   9   1  0.43 0.09
   88 S     0  -1   0   2  -2   1   1   2  -1  -2  -2   0  -2  -3  -1   1   1  -3  -2  -1    6   1   1  16   0   7   7  22   0   1   1   6   0   0   1  11  13   0   0   7  0.20 0.04
   89 T    -1  -1   0   3  -2  -1   0   0  -2   1   1  -1   0  -1  -1   0   1  -2  -2   0    2   1   5  23   0   1   2   7   1  15  18   1   1   1   1   2  17   0   1   2  0.10 0.04
   90 G     0  -1   2  -1  -2   1  -1   3  -1  -2  -2  -1  -2  -2  -1   1   1  -2  -2  -2    6   1  16   1   0   7   1  31   0   1   2   1   0   1   1  13  14   0   1   1  0.30 0.06
   91 P     1  -1  -1  -1  -2   2   1   0  -1   1  -1   0  -1  -2   1   1   0  -2  -2   0   15   1   1   1   0  18   8   6   0  14   2   1   0   1   8  14   1   0   1   8  0.12 0.04
   92 L    -1  -1  -1   0  -2   0   1   0   4  -1   0  -1   1  -2   4   0  -1  -2  -1  -1    1   1   1   6   0   1  11   8  16   1  15   1   7   1  21   6   1   0   1   1  0.26 0.06
   93 G     0  -2  -1  -1  -2  -1   0   5  -2  -2  -2   0  -2  -3  -2   0   1  -3  -3   0    1   1   1   1   0   0   6  54   0   1   1   8   0   0   1   1  14   0   0  10  0.47 0.10
   94 P    -1  -2  -1   3  -3   1   2  -2  -2  -3  -3  -1  -2  -3   6   0  -1  -3  -3  -3    1   1   1  19   0   6  12   1   0   1   1   1   0   0  45  10   1   0   0   1  0.86 0.11
   95 Y    -2  -3  -3  -4  -3   1  -2  -4  -1  -1   0  -3  -1   5  -4  -3  -2   4   5   1    0   0   0   0   0   9   0   0   0   0   7   0   0  32   0   0   0   6  33  14  0.61 0.14
   96 T    -1  -2  -1  -2  -2  -2  -2  -3  -3  -2  -2  -2  -2  -3  -2   0   7  -4  -3  -1    0   0   0   0   0   0   0   0   0   0   0   0   0   0   0   0 100   0   0   0  1.10 0.26
   97 V    -1  -3  -4  -4  -2  -3  -3  -4  -4   4   2  -3   1  -1  -3  -3  -1  -3  -2   4    0   0   0   0   0   0   0   0   0  27  24   0   0   0   0   0   0   0   0  48  0.52 0.13
   98 F    -3  -4  -4  -5  -3  -4  -4  -4  -2  -1   2  -4   0   7  -5  -3  -3   0   2  -1    0   0   0   0   0   0   0   0   0   0  18   0   0  82   0   0   0   0   0   0  1.14 0.22
   99 A     5  -2  -3  -3  -1  -2  -2  -1  -3  -1  -2  -2  -2  -3  -2   0  -1   4  -2   1   81   0   0   0   0   0   0   0   0   0   0   0   0   0   0   0   0   7   0  12  0.64 0.18
  100 P    -2  -3  -3  -3  -4  -3  -2  -3  -3  -4  -4  -2  -4  -5   8  -2  -2  -5  -4  -4    0   0   0   0   0   0   0   0   0   0   0   0   0   0 100   0   0   0   0   0  2.51 0.29
  101 S     0  -2   2  -1  -2  -1  -1  -2  -2  -2  -3  -1  -2  -3  -2   3   5  -4  -3  -2    0   0  11   0   0   0   0   0   0   0   0   0   0   0   0  34  55   0   0   0  0.62 0.17
  102 D    -3  -2   7   4  -4  -1  -1  -2  -1  -4  -5  -1  -3  -4  -3   0  -1  -5  -3  -4    0   0  75  25   0   0   0   0   0   0   0   0   0   0   0   0   0   0   0   0  1.12 0.22
  103 A     2  -1  -1   2  -3   0   4  -2  -1  -3  -3   1  -2  -4  -2   0   0  -4  -3  -2   33   0   0  16   0   0  38   0   0   0   0   7   0   0   0   0   6   0   0   0  0.43 0.12
  104 A     6  -2  -3  -3  -1  -2  -2  -1  -3  -2  -3  -2  -2  -3  -2   0  -1  -4  -3  -1  100   0   0   0   0   0   0   0   0   0   0   0   0   0   0   0   0   0   0   0  0.89 0.22
  105 F    -3  -3  -4  -4  -3  -3  -4  -4  -3   0   2  -2   0   6  -4  -3  -2   6   2   0    0   0   0   0   0   0   0   0   0   0  19   4   0  56   0   0   0  13   0   8  0.78 0.16
  106 G     1  -1   2   3  -2   0   2   0  -1  -3  -3   0  -2  -3  -1   1  -1  -3  -2  -2   16   0  13  22   0   0  19   7   0   0   1   6   0   0   0  11   0   0   0   0  0.31 0.07
  107 A     1   2   2  -1  -2   0   0   0  -1  -2  -2   3  -2  -3  -1   1  -1  -3  -2  -2   20  10  12   1   0   1   1   7   0   1   1  34   0   1   1   9   1   0   0   1  0.25 0.07
  108 L    -2  -2  -3  -3  -2  -2  -3  -3  -3   2   4  -2   4   0  -3  -2  -1  -2  -1   1    1   1   1   1   0   1   1   1   0  12  58   1  18   1   1   1   1   0   0   1  0.43 0.10
  109 G    -1   1  -1  -2  -3  -1  -1   2  -2  -3  -3   0  -2  -3   6   0   1  -3  -3  -2    1   8   0   0   0   0   0  16   0   0   1   7   0   0  45   7  12   0   0   0  0.80 0.11
  110 D     1  -1   0   3  -2  -1   1   0  -2  -3  -3   1  -2  -3   3   1   0  -4  -3  -2   20   0   0  21   0   0   7   5   0   0   0   9   0   0  18  16   4   0   0   0  0.39 0.08
  111 D     0  -2  -1   1  -3   0   2   3  -2  -3  -3  -1  -2  -3  -2   1   2  -3  -3  -2    5   0   0   7   0   0  25  31   0   0   0   0   0   0   0  12  21   0   0   0  0.39 0.10
  112 V     0   1   1  -1  -2   1   0  -2  -2  -1  -2  -1  -1  -3  -2   0   4  -3  -2   1    9   8   7   0   0   7   6   0   0   0   0   0   0   0   0   0  46   0   0  17  0.29 0.11
  113 K     0   0  -2  -2  -2   0   0  -3  -2   2   2   0   1  -1  -3  -1   0  -3  -2   1    7   6   0   0   0   7   5   0   0  28  31   7   0   0   0   0   9   0   0   0  0.15 0.07
  114 Q    -2  -1   3   4  -3   2   1  -2  -1  -1  -3   1  -2  -3  -2   0   0  -4  -3  -2    0   0  25  30   0  12   6   0   0   8   0   9   0   0   0   5   6   0   0   0  0.40 0.10
  115 A    -1   1   2  -2  -3   0   0  -2   0  -1   0  -1  -1   3  -3  -1   1  -1   4  -1    7  11  13   0   0   5   5   0   0   0  11   0   0  16   0   0  11   0  20   0  0.18 0.08
  116 L    -2  -3  -4  -4  -2  -3  -4  -5  -4   2   5  -3   1   0  -4  -3  -2  -3  -2   1    0   0   0   0   0   0   0   0   0  11  82   0   0   0   0   0   0   0   0   7  0.68 0.15
  117 F    -2  -2  -3  -4  -2  -2  -3  -4  -3   1   3  -1   1   4  -3  -3  -2  -1   0   1    0   0   0   0   0   0   0   0   0   6  42   5   0  31   0   0   0   0   0  11  0.38 0.10
  118 S     0   1   1  -1  -2   0  -1   2  -1  -3  -3   0  -2  -3   3   1   2  -3  -2  -2    0   7   8   0   0   5   0  18   0   0   1   6   0   0  17  16  20   0   0   0  0.33 0.07
  119 D     0  -1   1   5  -4   1   2  -2   3  -4  -4  -1  -3  -4  -2  -1   0  -4  -2  -3    8   0   5  50   0   6  17   0   9   0   0   0   0   0   0   0   5   0   0   0  0.62 0.13
  120 P     0   0   3  -1  -3  -1  -1   3  -1  -3  -3  -1  -2  -3   4   0  -1  -3  -3  -3    6   8  24   1   0   1   1  30   0   1   1   1   0   0  24   1   1   0   0   1  0.52 0.09
  121 E    -1   2  -1  -1  -3   0   2  -2  -1  -1  -1   3  -1  -3  -2   1  -1  -3  -2  -2    0  16   0   0   0   0  18   0   0   6   8  30   0   0   0  18   0   0   0   0  0.26 0.08
  122 G    -1   1   2   2  -2   0   0   0  -1  -2  -2   0  -2  -2   4   1   0  -2  -2  -2    2  13  14  13   0   1   1   8   1   1   2   1   1   1  21  15   1   0   1   2  0.33 0.05
  123 A     2   0  -1  -2  -3   2   0  -2  -1  -2   0   4  -1  -2  -2  -1  -1  -2   1  -2   24   0   0   0   0  11   0   0   0   0  10  45   0   0   0   0   0   0   9   0  0.31 0.12
  124 L    -2  -3  -4  -5  -2  -3  -4  -5  -3   1   5  -3   3   2  -4  -3  -2  -2  -1   0    0   0   0   0   0   0   0   0   0   0  87   0   7   7   0   0   0   0   0   0  0.73 0.17
  125 T     0   4  -1  -2  -2   2   0  -2  -1  -1   0   1  -1  -3  -2   0   1  -3  -2  -1   11  34   0   0   0  14   0   0   0   0  12   7   0   0   0   5  12   0   0   5  0.26 0.09
  126 D     0   1   1   3  -3   1   3  -2  -1  -3  -3   1  -2  -4  -2   1  -1  -4  -3  -3    9  11   6  18   0   7  27   0   0   0   0   5   0   0   0  18   0   0   0   0  0.38 0.08
  127 L    -2  -3  -4  -4  -2  -3  -4  -5  -3   4   3  -3   1   0  -4  -3  -2  -2   1   1    0   0   0   0   0   0   0   0   0  46  47   0   0   0   0   0   0   0   7   0  0.55 0.14
  128 L    -2  -3  -4  -4  -2  -3  -4  -4  -4   2   4  -3   1   0  -4  -3  -2  -3  -2   2    0   0   0   0   0   0   0   0   0   6  74   0   0   0   0   0   0   0   0  20  0.61 0.14
  129 L    -1   3   3  -1  -3   0  -1  -2  -1  -2   0   2  -1  -3  -2   0   3  -3  -2  -2    0  20  25   0   0   0   0   0   0   0  13  16   0   0   0   0  26   0   0   0  0.32 0.11
  130 R    -3   0   1  -3  -3  -2  -3  -4   0  -2   0  -2   1   3  -4  -2  -2   1   7  -2    0   7  11   0   0   0   0   0   0   0   7   0   7   7   0   0   0   0  61   0  0.77 0.18
  131 H    -3  -2  -1  -2  -4  -1  -1  -3  10  -5  -4  -2  -3  -3  -4  -2  -3  -4   1  -5    0   0   0   0   0   0   0   0 100   0   0   0   0   0   0   0   0   0   0   0  2.00 0.32
  132 V    -1  -4  -4  -4  -2  -3  -4  -4  -4   4   1  -3   0  -1  -3  -3  -1  -3  -2   4    0   0   0   0   0   0   0   0   0  45   6   0   0   0   0   0   0   0   0  49  0.62 0.15
  133 I     0  -3  -3  -3  -2  -2  -3  -3  -3   3   1  -3   0   0  -3  -2  -1  -2   1   4    5   0   0   0   0   0   0   0   0  26  12   0   0   0   0   0   0   0   8  44  0.34 0.10
  134 V     3   1   1  -1  -1  -1  -1  -1  -1  -1  -1   1  -1  -2   1   0   0  -2  -2   0   45   8   9   1   0   1   1   2   0   1   2   8   0   1   7   2   1   0   1   8  0.19 0.06
  135 R    -1   1   1   2  -2   0   1   1   2  -2  -2   0  -1   1  -1   0  -1  -1   0  -2    3   8  10  16   1   1   9  14   9   2   3   2   1  13   2   2   2   0   1   2  0.12 0.03
  136 K    -1   2   0  -1  -2   0   0   1  -1  -2  -2   4  -1  -2  -1   1   1  -2  -2  -2    2  13   1   1   0   1   1  10   0   1   2  41   0   1   1   9  13   0   1   1  0.27 0.07
  137 T     0   0  -1  -1  -2   2   0  -1  -1  -1   0   1   0   1  -1   1   2  -1  -1  -1    2   1   1   1   1  21   2   2   1   1  16   9   1   7   1  13  17   0   1   2  0.11 0.05
  138 M     1  -1   1  -1  -1  -1  -1  -1  -1   0   1  -1   1  -1  -1   1   1  -1  -1   0   21   2   8   2   1   1   2   3   1   2  24   2   7   1   2   9   8   0   1   2  0.07 0.03
  139 S     0  -1  -1  -1  -1   1   1  -1  -1   0   1   0   2   1  -1   0   0  -1   0   0    3   2   2   2   1   8  14   3   1   2  11   2  12  10   2  10   2   1   1   9  0.04 0.02
  140 M     1  -1  -1  -1   4  -1  -1  -1  -1   0   0  -1   1  -1  -1   1   0  -1  -1   1   17   2   2   3  12   2   3   4   1   2   4   3   8   2   2  12   3   1   2  15  0.07 0.02
  141 A     2  -1   0   2  -1   0   0   0  -1  -1  -1   0  -1  -1   0   1   0  -1  -1  -1   34   2   2  18   1   2   3   4   1   2   4   3   1   2   2  11   3   1   2   3  0.14 0.03
  142 D     0  -1   0   2  -1   0   1  -1  -1  -1   0   0  -1  -1   0   1   1  -1  -1  -1    4   2   2  17   1   2  14   4   1   2  10   3   1   2   2  12  15   1   2   3  0.11 0.02
  143 V     1  -1  -1  -1   2  -1  -1  -1  -1   0   1  -1   0   0  -1   0   0   0   2   0   15   2   2   3   7   2   3   4   1   2  23   3   1   2   2   3   3   1  10  10  0.04 0.02
  144 V    -1   0  -1  -1  -1  -1  -1  -1  -1   2   0  -1   0  -1   2  -1   0   4   0   1    4   9   2   3   1   2   3   4   1  20   4   3   1   2  10   3   3   9   2  15  0.11 0.02
  145 D     0   1   0   1  -1   0   0  -1  -1   0   0   0   0  -1   2   1   0  -1  -1   0    4  10   2   9   1   2   3   4   1   2  10   3   1   2  11  15   3   1   2  14  0.08 0.01
  146 A     2   0   0   0  -1   0   0   0   2  -1  -1   0  -1  -1   0   1   1  -1   0  -1   22   3   2   3   1   2   3   4  10   3   5   3   1   2   3  17   9   1   2   3  0.10 0.02
  147 A     1  -1   0   0  -1   0   0   2  -1  -1  -1   0  -1  -1   2   0   1  -1  -1  -1   19   3   3   3   1   3   4  17   1   3   5   3   1   2   9   4  10   1   2   4  0.11 0.01
  148 T     0   0   0   0  -1   0   0   1   2   0  -1   0   0  -1   0   0   1  -1   0   0    5   3   3   4   1   3   4  14   8   3   6   4   1   3   3   5  17   1   2  10  0.04 0.01
  149 P     1  -1   0   1  -1   0   0   0  -1   0  -1   0   0  -1   3   0   0  -1  -1   0   14   3   3  10   1   3   4   5   1  10   6   4   1   3  16   5   4   1   2   4  0.12 0.01
  150 D     0   1   0   1  -1   0   0   1   0  -1  -1   1  -1  -1   0   1   0  -1  -1  -1    5  10   3  10   1   3   4  11   1   3   6  13   1   3   3  11   4   1   2   4  0.06 0.00
  151 V     0  -1  -1  -1  -1   0   0  -1  -1   1   1   0   0   0   0   0   0  -1   0   1    5   3   3   4   1   3   4   5   1   3  15   4   1   3   3  11   4   1   2  23  0.02 0.01
  152 H     0   0   0   0  -1   0   1  -1   2   0   0   0   2   0   0   0   0   0   1   0    5   3   3   4   1   3  10   5   8   3   6   4  17   3   3   5   4   1   8   4  0.04 0.01
  153 A     1   0   0   1  -1   0   0   1   0  -1  -1   0  -1  -1   0   0   0  -1  -1  -1   19   4   3  13   1   3   5  11   2   4   6   4   2   3   4   5   4   1   2   5  0.05 0.00
  154 P     0   0   1   0  -1   0   0   0   0  -1   0   0   0  -1   3   0   0  -1  -1  -1    5   3   9   4   1   3   4   5   1   3  15   4   2   3  15  11   4   1   2   4  0.10 0.01
  155 G     0   0   0   0  -1   1   0   2  -1  -1  -1   0  -1  -1   2   1   0  -1  -1  -1    5   3   3   3   1   9   4  23   1   3   5   3   1   2   9  13   3   1   2   4  0.14 0.01
  156 A     0  -1  -1  -1  -1  -1  -1  -1  -1   1   2   0   1   0  -1  -1   0  -1  -1   0   10   2   2   3   1   2   3   3   1   9  40   7   1   2   2   3   3   1   2   3  0.07 0.02
  157 S     1  -1   0  -1  -1  -1  -1  -1  -1   1   0  -1   0  -1  -1   1   2  -1  -1   0   10   2   2   3   1   2   3   3   1  22   4   3   1   2   2  17  16   1   2   3  0.06 0.02
  158 V     0  -1  -1  -1  -1   1   0  -1  -1   1   0   0   1  -1   2   0   0  -1  -1   1    4   2   2   3   1   8   3   3   1   9   4   8   5   2  11   3   8   1   2  21  0.08 0.02
  159 G     0  -1   1   2  -1   0   2   1   0  -1  -1   0  -1   0  -1   0   0  -1  -1  -1    8   2  11  14   1   2  18  10   1   2   4   3   1   8   2   3   3   1   2   3  0.11 0.02
  160 H     0   0   1   2   2   0   0  -1   2  -1  -1   2  -1  -2  -1   0   1  -2  -1  -1    8   2   8  14   7   2   3   3   8   2   4  19   1   2   2   3  10   1   1   3  0.10 0.02
  161 T    -1   0   0   1  -1   1   0  -1  -1   0   1   0   0  -1  -1   0   2  -1  -1   0    3   2   2  11   1   7   3   3   1   2  24   9   1   2   2   3  22   1   1   3  0.07 0.03
  162 I    -1  -1  -1  -1  -1  -1   1  -2  -2   3   0  -1   0  -1  -1   0   1  -2  -1   1    2   1   1   1   1   1  15   2   1  41   2   2   1   1   1  11   8   0   1   7  0.12 0.05
  163 G     0   1   0   1  -2   1   1   3   2  -3  -3   0  -2  -2  -1   1  -1  -2  -2  -2    5   7   1   7   0   6   8  34   9   1   2   6   0   1   1   9   1   0   1   1  0.28 0.05
  164 T    -1   0   1  -1  -2   3   0  -1  -1  -2  -1   2  -1  -2  -1   1   2  -2  -1  -1    2   1   7   1   0  27   1   2   1   1   7  15   1   1   1  13  15   0   1   1  0.21 0.06
  165 S     0  -1  -1  -1  -2  -1  -1   3  -1   0  -1   0  -1   1  -1   1   1  -2  -1  -1    7   1   1   1   0   1   1  32   1   8   2   8   1  10   1   8  14   0   1   1  0.17 0.04
  166 P     0   1   1   1  -2   1   1  -1  -1  -1  -1   0  -1   0   1   1   0  -1  -1   0    3  10   8  11   1   8   7   3   1   2   3   2   1   7   9  13   2   0   1   9  0.10 0.02
  167 A     1  -1  -1  -1  -1   0   1  -1  -1   1   0  -1   0  -1   2   0   0  -2  -1   1   16   2   2   2   1   1  15   3   1  12  12   2   1   1  12   3   2   0   1  11  0.10 0.02
  168 K     0   0   1  -1  -1   1   0  -1  -1  -1   0   0   0  -1   3   0   0  -2  -1  -1    8   2   8   2   1   8   2   3   1   2  18   9   1   1  17   8   7   0   1   2  0.15 0.02
  169 G     0   0   2  -1  -1   0  -1   1  -1  -1   0   0  -1  -1  -1   1   2  -2  -1  -1    9   7  14   2   1   1   2  15   1   2  10   2   1   1   2   7  19   0   1   2  0.10 0.02
  170 I    -1  -1   0  -1  -1  -1  -1  -2  -2   2   1  -1   2  -1  -1  -1   0  -2  -1   2    3   2   8   2   1   1   2   3   1  25  12   2   9   1   2   3   2   0   1  21  0.10 0.03
  171 K     1   0   0   2  -1   0   1  -1   2  -1  -1   1  -1  -2  -1   0   1  -2  -1   0   17   2   1  13   1   1   7   2   9   2   3  15   1   1   2   2  13   0   1   7  0.11 0.03
  172 Q    -1  -1   3   0  -2   3   0   2  -1  -1  -1   0   0  -2  -1   0  -1  -2  -2   0    2   1  24   1   0  21   2  17   1   1   8   1   5   1   1   2   1   0   1   8  0.18 0.06
  173 S     0  -1   1  -1  -1   1   0  -1   1   0  -1  -1  -1  -2  -1   2   1  -2  -1   1    7   1   9   1   0   9   6   1   6   7   1   1   0   1   1  24  11   0   0  14  0.12 0.05
  174 I    -1   0  -2  -2  -2  -1  -2  -3   1   1   1  -1   2  -1   3  -2  -1   4  -1   1    1   6   1   1   0   1   1   1   5  13  16   1  11   1  19   1   1   7   0  14  0.26 0.06
  175 Q     0   1  -1  -1  -2   2   1  -2  -1   0   0   2  -1  -2  -1   0   2  -2  -2  -1    6   6   1   1   0  18  11   1   0   6   9  14   0   1   1   1  23   0   0   1  0.17 0.06
  176 A     1  -1  -1  -1  -1   1   0  -1  -1  -1  -1  -1   1  -2   1   1   3  -2  -2   0   12   1   1   1   0   9   7   1   0   1   1   1   7   1   6  11  33   0   0   7  0.20 0.07
  177 V     0  -2   0  -2  -1  -2  -2  -2  -2   2   2  -2   2  -1  -2  -1   0  -2  -1   2    8   1   7   1   0   1   1   1   0  12  28   1   6   1   1   1   7   0   0  24  0.15 0.05
  178 G     0   0   3   1  -2   3   1   1   0  -2  -2   0  -1  -3  -1   0  -1  -2  -2  -2   12   1  20   8   0  25  10  12   0   1   2   1   0   1   1   1   1   0   1   1  0.27 0.06
  179 G     0   0   2  -1  -2  -1  -1   4  -1  -1  -2  -1  -2  -2  -2   1  -1  -2  -2  -2    2   8  13   1   0   1   1  46   0   9   2   1   0   1   1  10   1   0   1   1  0.36 0.07
  180 S     1   1   0  -1  -2   1   1  -1  -1  -2  -2   1  -1  -2  -1   2   1  -2  -2  -1   12  10   1   1   0   6  11   1   0   1   2   8   0   1   1  29  12   0   1   1  0.21 0.05
  181 L     0   0   1   1  -2   0   2  -1  -1   0   0   1  -1   1  -1   0   0  -1  -1  -1    8   2   8   7   1   1  17   3   1   7  10  11   1   8   2   8   2   0   1   2  0.06 0.02
  182 G    -1  -1  -1  -1  -1  -1  -1   1  -2   2   2  -1   1   0  -1  -1  -1  -1  -1   1    3   2   2   2   1   1   6  13   1  16  34   2   1   1   2   2   2   0   1   8  0.08 0.03
  183 V     0  -1   0  -1  -1  -1  -1   1   2  -1  -1  -1  -1   0  -1   1   2  -1   3   0    2   2   1   2   1   1   2  10  10   2   3   2   1   1   2   9  27   0  14   9  0.13 0.04
  184 M    -1   1  -1  -2  -2  -1  -1  -2  -1   0   0   1   1   3  -2  -1  -1  -1   0   1    2   9   1   1   0   1   2   2   1   1   6  16   7  25   1   2   1   0   1  19  0.11 0.05
  185 V    -1   1   2   0  -2   0   0  -1  -1   1  -1   1   0  -1  -1   0   0  -2  -1   1    2   9  20   2   1   1   6   2   1  21   3  15   1   1   2   2   2   0   1   9  0.09 0.04
  186 V    -1  -2  -2  -2   3  -2  -2  -2  -2   1   1  -2   0   0  -2  -1  -1   5   1   2    2   1   1   1   8   1   2   2   1   7  18   2   1   1   1   2   2   9   7  31  0.18 0.05
  187 G     0   1  -1  -1  -2   0   0   2   2  -1   0   0   0  -1  -1   0  -1  -2  -1   0    2   8   1   1   1   1   9  20   9   1  17   6   1   1   1   8   2   0   1   9  0.07 0.02
  188 A     0  -1   0   0   1   0   0   0   2   0   0   0   0  -1  -1   0   1  -1  -1   0   10   2   2   7   5   2   2   9   8   2  12   8   1   1   2   8   9   0   1  10  0.02 0.01
  189 G     0  -1   1   0  -2  -1   0   4  -1  -2  -2   0  -2  -2  -1   0  -1  -2  -2  -2    2   2  10   2   1   1   8  47   1   2   3   7   1   1   2   6   2   0   1   2  0.37 0.05
  190 G     0  -1  -1  -1   3  -1  -1   3  -2  -1  -1  -1  -1  -2   1   0   0  -2  -2   1    8   2   1   2   8   1   2  29   1   2   3   2   1   1   9   9   2   0   1  17  0.18 0.04
  191 P     0   0   1   2  -1   0   0  -1  -1  -1   0   0  -1  -1   2   1   0  -2  -1  -1   10   7   8  13   1   2   2   3   1   2  12   2   1   1  13  17   2   0   1   2  0.14 0.02
  192 G     0   0   0   2  -2   0   1   3  -1  -2  -2   1  -2  -2  -1   0  -1  -2  -2  -2    3   2   2  14   1   2   8  35   1   2   3  15   1   1   2   3   2   0   1   2  0.25 0.04
  193 D    -1  -1   1   3  -2   0   1  -1  -1  -1  -1   0  -1  -2  -1   0   1  -2  -1  -1    3   2   9  30   1   2  10   3   1   2   8   2   1   2   2   3  15   1   1   3  0.20 0.03
  194 L    -1   0  -1  -1  -1   1  -1  -2  -1   0   2   0   2  -1  -1  -1   1  -1  -1   1    3   2   2   2   1  10   2   3   1   2  28   9   8   1   2   3  11   0   1   9  0.07 0.03
  195 V    -1  -1  -1  -2  -1  -1  -1   0  -2   1   1  -1   1   1  -1  -1   0  -1   0   1    3   2   2   2   1   2   2   8   1  12  17   2   6   9   2   3   9   0   1  18  0.05 0.02
  196 I     0  -1   0  -1  -1   0  -1  -1  -1   1   1  -1   0  -1  -1   0   1  -1  -1   1    3   2   6   2   1   7   3   3   1   9  11   3   1   2   2   3  17   1   1  21  0.04 0.02
  197 G     1  -1   2   0  -1  -1  -1   2  -1   0  -1  -1  -1  -1  -1   0   1  -2  -1   0   12   2  20   2   1   2   2  19   1   9   3   2   1   1   2   3   9   0   1   9  0.10 0.03
  198 S    -1  -1   3   1  -2   0   3  -1   0  -1  -2   0  -1  -2  -1   1   0  -2  -1   0    3   2  19   7   1   1  31   3   1   2   3   2   1   1   2   9   2   0   1   9  0.21 0.04
  199 S     0   0   0   1  -2   2   1   3  -1  -2  -1   0  -1  -2  -1   1   0  -2  -2  -2    2   2   1   7   1  14   9  25   1   2   9   6   1   1   2  14   2   0   1   2  0.17 0.03
  200 R    -1   1  -1  -1  -2   0  -1   1  -1   0   0   2   1   1  -1  -1  -1  -1  -1   0    2   8   1   1   0   1   1  15   1   7   7  24   8  12   1   2   1   0   1   6  0.07 0.04
  201 S     0  -1   0  -1   2   0   1   2  -1  -2  -1   1  -1  -2  -1   2   0  -2  -2  -1    2   1   1   1   8   1  13  19   1   1   8  12   1   1   1  24   2   0   1   2  0.15 0.04
  202 Y     0   1  -1  -2  -1  -1  -1   0   2   0  -1   0  -1  -1   0  -1  -1  -1   1   2    8   9   1   1   1   1   2   9   9   1   2   8   1   1   5   2   2   0   8  30  0.06 0.04
  203 K    -1   0   2   1  -2   0   1   0  -1  -1  -2   2  -1   0  -1   0  -1  -2  -1  -1    2   1  18  10   1   1  12   7   1   1   2  19   1   8   1   2   2   0   1   9  0.12 0.04
  204 G     0  -1   4   0  -2   0  -1   2  -1  -1  -2   1  -1  -2  -1   1   0  -2  -2  -1    2   1  30   1   0   1   2  17   1   9   2  10   1   1   1  17   1   0   1   2  0.21 0.05
  205 A     4  -2  -2  -2  -1  -1  -1  -1   2   1  -1  -1  -1  -2  -1   0  -1  -3  -1   1   59   1   1   1   0   1   1   1   8  13   1   1   0   0   1   1   1   0   0  10  0.29 0.10
  206 K     0   1  -1   0  -2  -1  -1   0  -2   0  -1   0  -1  -2   3   0   3  -3  -2   0    7   8   1   6   0   1   1   6   0   8   1   7   0   0  18   1  30   0   0   5  0.24 0.06
  207 I    -1  -3  -3  -3  -1  -2  -3   0  -3   3   1  -2   0  -1  -2  -2  -1  -3  -2   4    1   1   1   1   0   1   1   8   0  26  10   1   0   0   1   1   1   0   0  47  0.30 0.09
  208 T     0   0  -1   0  -1   0  -1  -2  -2   2   1  -1   0  -1  -2   1   1  -2  -2   2    1   5   1   6   0   5   1   1   0  18  13   1   0   0   1  21   7   0   0  18  0.09 0.05
  209 T     0   1   1  -1   3   2   0  -2  -1   0   0   0   1  -2  -2   0   0  -2  -2  -1    6   9  12   1  11  14   6   1   0   7   8   1   9   0   1   6   7   0   0   1  0.10 0.04
  210 P     1  -1  -2  -2  -2  -1  -1   1  -2  -1  -2   1  -1   0   5   0   0  -2  -1   0   17   1   1   1   0   1   1  11   0   1   1  12   0   8  29   1   6   0   0   9  0.38 0.07
  211 D    -2  -2   2   6  -4  -1   2   1  -2  -4  -5  -1  -4  -4  -2  -1  -2  -5  -4  -4    0   0   7  71   0   0  12  10   0   0   0   0   0   0   0   0   0   0   0   0  0.97 0.18
  212 I    -1  -4  -4  -4  -2  -3  -4  -4  -4   5   1  -3   0  -1  -3  -3  -1  -4  -2   4    0   0   0   0   0   0   0   0   0  45   0   0   0   0   0   0   0   0   0  55  0.68 0.16
  213 A     2  -1  -1   0  -2  -1   1  -2   1   0   0  -1   2  -2   0   0   0  -3  -2   0   26   0   0   5   0   0  12   1   5   9  12   0  10   0   4   6   7   0   0   0  0.09 0.05
  214 C     4  -2  -2  -2   3   0  -1  -1  -2  -1   0  -1  -1  -2  -2   0   2  -3  -2  -1   55   0   0   0   7   7   0   1   0   0   9   0   0   0   0   1  17   0   0   0  0.31 0.11
  215 T     1  -1  -1   1  -2  -1  -1  -1  -2  -1  -1   1   1  -2  -1   1   3  -3  -2  -1   19   0   0  12   0   0   0   1   0   0   1  12   9   0   0   5  38   0   0   0  0.25 0.09
  216 N    -2  -1   7   2  -3  -1  -1  -1   0  -4  -4  -1  -3  -4  -3   0  -1  -4  -3  -4    1   0  84   9   0   0   0   1   0   0   1   0   0   0   0   1   0   0   0   0  1.09 0.21
  217 G     1  -3  -1  -2  -3  -3  -3   6  -3  -4  -4  -2  -3  -4  -3  -1  -2  -4  -4  -4   10   0   0   0   0   0   0  90   0   0   0   0   0   0   0   0   0   0   0   0  1.28 0.20
  218 V    -1   1  -3  -3  -2  -2  -3  -4  -2   2   0  -2   2  -1  -3  -2   1  -3   1   4    0  12   0   0   0   0   0   0   0  11   0   0   7   0   0   0  10   0   7  53  0.31 0.12
  219 V     0  -3  -4  -4  -2  -3  -3  -4  -4   5   1  -3   2  -1  -3  -2  -1  -3  -2   3    7   0   0   0   0   0   0   0   0  53   0   0   9   0   0   0   0   0   0  31  0.52 0.14
  220 H    -3  -2  -1  -3  -4  -1  -2  -4   9  -4  -3  -2  -3   0  -4  -2  -3  -1   5  -4    0   0   0   0   0   0   0   0  70   0   0   0   0   0   0   0   0   0  30   0  1.45 0.26
  221 I    -1  -3  -3  -3  -2  -2  -3   0  -2   2   0  -3   3   3  -3  -2   1  -2   1   2    0   0   0   0   0   0   0   7   0  20   0   0  19  17   0   0  12   0   4  22  0.24 0.09
  222 I    -2  -4  -4  -4  -2  -4  -4  -5  -4   5   2  -4   1  -1  -4  -3  -2  -3  -2   2    0   0   0   0   0   0   0   0   0  74  20   0   0   0   0   0   0   0   0   6  0.69 0.17
  223 D    -2  -2   2   6  -4  -1   1  -2  -2  -4  -4  -1  -4  -4  -2  -1   1  -5  -4  -4    0   0   7  77   0   0   4   0   0   0   0   0   0   0   0   0  12   0   0   0  1.05 0.19
  224 K    -1   0   2  -1   2   1   1   2   2  -3  -3   2  -2  -3  -2   1   0  -3  -2  -3    0   0  11   0   7   5  11  20   7   0   0  20   0   0   0  14   5   0   0   0  0.26 0.07
  225 V    -1  -3  -4  -4  -2  -3  -3  -4  -4   3   2  -3   1  -1  -3  -3  -1  -3  -2   4    0   0   0   0   0   0   0   0   0  24  25   0   0   0   0   0   0   0   0  52  0.52 0.13
  226 L    -2  -3  -4  -4  -2  -3  -4  -5  -4   3   5  -3   1   0  -4  -3  -2  -3  -2   1    0   0   0   0   0   0   0   0   0  16  84   0   0   0   0   0   0   0   0   0  0.73 0.16
  227 I    -2  -3  -3  -4  -2  -2  -3  -1  -3   3   3  -3   4   0  -3  -3  -1  -2   1   1    0   0   0   0   0   0   0   7   0  30  33   0  18   0   0   0   0   0   6   7  0.35 0.10
  228 A     0  -3   1  -2  -3  -2  -2  -3  -3  -3  -3  -2  -3  -4   7  -1  -2  -5  -4  -1    8   0   8   0   0   0   0   0   0   0   0   0   0   0  77   0   0   0   0   7  1.61 0.18
  229 P    -2  -3  -2   3  -4  -2  -1  -3  -2  -4  -4  -2  -3  -3   7  -2  -2  -4   1  -3    0   0   0  20   0   0   0   0   0   0   0   0   0   0  73   0   0   0   7   0  1.60 0.19
  230 P     2  -2  -1  -2  -1  -1  -1  -1  -1  -2  -2  -1  -2  -2   2   3   3  -2   1  -1   23   0   0   0   0   0   0   0   0   0   0   0   0   0   8  35  26   0   8   0  0.36 0.09
  231 A     3   0  -1  -1  -1   0   0  -1  -1  -1  -1   1  -1  -2  -1   1   2  -2  -1  -1   42   1   1   1   0   1   2   2   1   1   2  15   1   1   1   2  23   0   1   2  0.19 0.04
  232 T     0  -1   0  -1  -1   0  -1  -1  -1   0  -1   1  -1  -2  -1   2   3  -2  -1   1    2   1   1   1   0   1   2   2   1   1   2  12   1   1   1  15  42   0   1  12  0.20 0.04
  233 A     0  -1  -1  -1  -1   1   1  -2  -1   0   2  -1   0  -1  -1  -1  -1  -2  -1   1   13   1   1   1   0  11  15   2   1   1  32   1   1   1   1   2   1   0   1  13  0.08 0.02
  234 S     0   0   0  -1  -2   2   0   1  -1  -1   0   1   0   0  -1   1   0  -2  -1   0    2   1   1   1   0  14   2  13   1   1   9  12   1   7   1  19   1   0   1  12  0.06 0.02
  235 S    -1   2   0   0  -2   1   3  -1  -1   0  -1   1  -1  -2  -1   1   0  -2  -1  -1    2  15   1   1   0   1  31   2   1  12   2  12   1   1   1  13   1   0   1   2  0.19 0.03
  236 S    -1  -1  -2  -2  -2  -1   1  -3  -2   0   3   1   1  -1  -2   0  -1  -2  -2   0    0   0   0   0   0   0  12   0   0   0  61  15   0   0   0  12   0   0   0   0  0.20 0.05
  237 T     1  -2  -1  -1  -2  -1   1   3  -2  -1   0  -1  -1  -2  -2   0   2  -3  -2  -1   21   0   0   0   0   0  13  27   0   0  12   0   0   0   0   0  27   0   0   0  0.22 0.04
  238 S     2  -2   0  -1  -1  -1  -1   4  -2  -3  -3  -1  -2  -3  -2   3   0  -3  -2  -2   26   0   0   0   0   0   0  34   0   0   0   0   0   0   0  40   0   0   0   0  0.46 0.06
  239 S    -1   3   0   2  -3   0   2   2  -1  -3  -3   1  -2  -3  -2   1  -1  -3  -2  -3    0  31   0  16   0   0  16  22   0   0   0   0   0   0   0  15   0   0   0   0  0.35 0.03
  240 S     0  -1  -1  -2   6  -1  -1  -2  -2  -2  -2   1  -2  -3   3   2   0  -3  -2  -2    0   0   0   0  31   0   0   0   0   0   0  14   0   0  16  39   0   0   0   0  0.49 0.05
  241 D    -2  -1   1   6  -3   2   1  -2  -1  -2  -2  -1   2  -3  -2  -1  -1  -4  -3  -2    0   0   0  70   0  14   0   0   0   0   0   0  16   0   0   0   0   0   0   0  0.64 0.06
  242 S     0  -1  -1  -2  -1   1  -1  -2  -2   0   0  -1   2  -2  -2   1   3  -3  -2   2    0   0   0   0   0  14   0   0   0   0   0   0  16   0   0  15  31   0   0  24  0.18 0.04
  243 S     0  -2   0  -1  -2  -1  -1  -1  -1  -2  -1  -1  -1   4  -2   3   2  -1   0  -1    0   0   0   0   0   0   0   0   0   0   0   0   0  31   0  55  14   0   0   0  0.31 0.05
  244 A     1  -2   0   2  -1  -1  -1  -2  -2  -1  -2  -1  -1  -3  -1   1   4  -3  -2  -1   15   0   0  16   0   0   0   0   0   0   0   0   0   0   0   0  69   0   0   0  0.41 0.06
  245 F     2  -2  -1  -2  -1  -2  -2  -2  -2  -1  -1  -1  -1   3  -2   0   3  -1   0  -1   24   0   0   0   0   0   0   0   0   0   0   0   0  29   0   0  47   0   0   0  0.28 0.05
  246 V    -1  -3  -3  -3  -2  -2  -3  -3  -1   2   0  -3   0   4  -3  -2   1   0   3   2    0   0   0   0   0   0   0   0   0  24   0   0   0  31   0   0  14   0  16  15  0.30 0.03
  247 A     0  -1   1   5  -3   0   1  -1  -1  -3  -3   1  -3  -4  -2   0  -1  -4  -3  -3   15   0   0  69   0   0   0   0   0   0   0  16   0   0   0   0   0   0   0   0  0.64 0.06
  248 A     2  -2  -3  -3  -1  -2  -2  -2  -3   2   2  -2   3  -1  -2  -1  -1  -2  -2   1   31   0   0   0   0   0   0   0   0  23  29   0  16   0   0   0   0   0   0   0  0.21 0.03
  249 G     0  -2  -1  -2  -2  -2  -2   3  -2  -1   0  -2  -1   2   3   1  -1  -2  -1   0    0   0   0   0   0   0   0  31   0   0   8   0   0  15  15  16   0   0   0  14  0.24 0.02
  250 A     2   1  -1  -2  -2   0  -1   4  -2  -3  -3   2  -2  -3  -2   0  -1  -3  -3  -2   29   8   0   0   0   0   0  39   0   0   0  24   0   0   0   0   0   0   0   0  0.39 0.03
  251 L    -1   0  -1   0  -3   4   3  -3   0  -2   0   0   0   2  -2  -1  -1  -2   0  -2    0   0   0   0   0  38  31   0   0   0  15   0   0  16   0   0   0   0   0   0  0.32 0.05
  252 A     3  -2  -2  -2   6  -2  -2  -1  -2  -1   0  -2  -1  -2  -2   1   0  -3  -2  -1   39   0   0   0  31   0   0   0   0   0  14   0   0   0   0  16   0   0   0   0  0.37 0.04
  253 G     0  -2  -1  -2  -3  -2  -2   6   3  -4  -4  -2  -3  -3  -3  -1  -2  -3  -2  -4    0   0   0   0   0   0   0  84  16   0   0   0   0   0   0   0   0   0   0   0  0.94 0.06
  254 M    -2  -2  -3  -4  -2  -2  -3  -4  -2   1   3  -3   3   3  -3  -2  -1  -1   0   0    0   0   0   0   0   0   0   0   0   0  56   0  21  23   0   0   0   0   0   0  0.37 0.02
  255 G     1  -2   3   2  -2  -1  -1   4  -1  -3  -3  -1  -2  -3  -2   0  -1  -3  -3  -2   21   0  23  13   0   0   0  44   0   0   0   0   0   0   0   0   0   0   0   0  0.46 0.02
  256 T     0  -1   2   3  -2  -1   0  -1  -1  -2  -2  -1  -2  -3  -1   2   3  -3  -2  -1    0   0  11  23   0   0   0   0   0   0   0   0   0   0   0  21  45   0   0   0  0.36 0.02
  257 G     0   0   0  -1  -3   3   0   2   5  -3  -3   0  -2  -2  -2   1  -1  -3   0  -3    0   0   0   0   0  23   0  21  35   0   0   0   0   0   0  21   0   0   0   0  0.39 0.02
  258 L    -2  -2  -4  -4  -2  -2  -3  -4  -3   2   4  -3   2   0  -3  -3  -1  -2  -1   1    0   0   0   0   0   0   0   0   0   0 100   0   0   0   0   0   0   0   0   0  0.52 0.03
  259 I    -1  -3  -3  -3  -1  -3  -3  -4  -3   4   2  -3   1   0  -3  -2  -1  -3  -1   3    0   0   0   0   0   0   0   0   0   0   0   0   0   0   0   0   0   0   0   0  0.00     0.00
  260 F    -2  -3  -3  -3  -2  -3  -3  -3  -1   0   0  -3   0   6  -4  -2  -2   1   3  -1    0   0   0   0   0   0   0   0   0   0   0   0   0   0   0   0   0   0   0   0  0.00     0.00
  261 L    -1  -2  -3  -4  -1  -2  -3  -4  -3   2   4  -2   2   0  -3  -2  -1  -2  -1   1    0   0   0   0   0   0   0   0   0   0   0   0   0   0   0   0   0   0   0   0  0.00     0.00
  262 V     0  -2  -3  -3  -1  -2  -2  -3  -3   3   1  -2   1  -1  -2  -2   0  -3  -1   4    0   0   0   0   0   0   0   0   0   0   0   0   0   0   0   0   0   0   0   0  0.00     0.00
  263 G     0  -2   0  -1  -2  -2  -2   5  -2  -4  -4  -2  -3  -3  -2   0  -2  -2  -3  -3    0   0   0   0   0   0   0   0   0   0   0   0   0   0   0   0   0   0   0   0  0.00     0.00
  264 A     4  -1  -2  -2   0  -1  -1   0  -2  -1  -1  -1  -1  -2  -1   1   0  -2  -2   0    0   0   0   0   0   0   0   0   0   0   0   0   0   0   0   0   0   0   0   0  0.00     0.00
  265 H    -2   0   1  -1  -3   0   0  -2   7  -3  -3  -1  -2  -1  -2  -1  -2  -2   2  -3    0   0   0   0   0   0   0   0   0   0   0   0   0   0   0   0   0   0   0   0  0.00     0.00
  266 S     1  -1   1   0  -1   0   0   0  -1  -2  -2   0  -1  -2  -1   4   1  -3  -2  -2    0   0   0   0   0   0   0   0   0   0   0   0   0   0   0   0   0   0   0   0  0.00     0.00
  267 Y    -2  -2  -2  -3  -2  -1  -2  -3   2  -1  -1  -2  -1   3  -3  -2  -2   2   7  -1    0   0   0   0   0   0   0   0   0   0   0   0   0   0   0   0   0   0   0   0  0.00     0.00
  268 M    -1  -1  -2  -3  -1   0  -2  -3  -2   1   2  -1   5   0  -2  -1  -1  -1  -1   1    0   0   0   0   0   0   0   0   0   0   0   0   0   0   0   0   0   0   0   0  0.00     0.00
  269 Q    -1   1   0   0  -3   5   2  -2   0  -3  -2   1   0  -3  -1   0  -1  -2  -1  -2    0   0   0   0   0   0   0   0   0   0   0   0   0   0   0   0   0   0   0   0  0.00     0.00
  270 H    -2   0   1  -1  -3   0   0  -2   7  -3  -3  -1  -2  -1  -2  -1  -2  -2   2  -3    0   0   0   0   0   0   0   0   0   0   0   0   0   0   0   0   0   0   0   0  0.00     0.00
  271 R    -1   5   0  -2  -3   1   0  -2   0  -3  -2   2  -1  -3  -2  -1  -1  -3  -2  -2    0   0   0   0   0   0   0   0   0   0   0   0   0   0   0   0   0   0   0   0  0.00     0.00
  272 R    -1   5   0  -2  -3   1   0  -2   0  -3  -2   2  -1  -3  -2  -1  -1  -3  -2  -2    0   0   0   0   0   0   0   0   0   0   0   0   0   0   0   0   0   0   0   0  0.00     0.00
  273 A     4  -1  -2  -2   0  -1  -1   0  -2  -1  -1  -1  -1  -2  -1   1   0  -2  -2   0    0   0   0   0   0   0   0   0   0   0   0   0   0   0   0   0   0   0   0   0  0.00     0.00
  274 R    -1   5   0  -2  -3   1   0  -2   0  -3  -2   2  -1  -3  -2  -1  -1  -3  -2  -2    0   0   0   0   0   0   0   0   0   0   0   0   0   0   0   0   0   0   0   0  0.00     0.00
  275 Q    -1   1   0   0  -3   5   2  -2   0  -3  -2   1   0  -3  -1   0  -1  -2  -1  -2    0   0   0   0   0   0   0   0   0   0   0   0   0   0   0   0   0   0   0   0  0.00     0.00
  276 Y    -2  -2  -2  -3  -2  -1  -2  -3   2  -1  -1  -2  -1   3  -3  -2  -2   2   7  -1    0   0   0   0   0   0   0   0   0   0   0   0   0   0   0   0   0   0   0   0  0.00     0.00
  277 G     0  -2   0  -1  -2  -2  -2   5  -2  -4  -4  -2  -3  -3  -2   0  -2  -2  -3  -3    0   0   0   0   0   0   0   0   0   0   0   0   0   0   0   0   0   0   0   0  0.00     0.00
  278 Q    -1   1   0   0  -3   5   2  -2   0  -3  -2   1   0  -3  -1   0  -1  -2  -1  -2    0   0   0   0   0   0   0   0   0   0   0   0   0   0   0   0   0   0   0   0  0.00     0.00

                      K         Lambda
Standard Ungapped    0.1323     0.3161
Standard Gapped      0.0345     0.2670
PSI Ungapped         0.1127     0.3155
PSI Gapped           0.0345     0.2670
