
Last position-specific scoring matrix computed, weighted observed percentages rounded down, information per position, and relative weight of gapless real matches to pseudocounts
            A   R   N   D   C   Q   E   G   H   I   L   K   M   F   P   S   T   W   Y   V   A   R   N   D   C   Q   E   G   H   I   L   K   M   F   P   S   T   W   Y   V
    1 T     0  -1   0  -1  -1  -1  -1  -2  -2  -1  -1  -1  -1  -2  -1   1   4  -2  -2   0    0   0   0   0   0   0   0   0   0   0   0   0   0   0   0   0   0   0   0   0  0.00     0.00
    2 L    -1  -2  -3  -4  -1  -2  -3  -4  -3   1   4  -2   2   0  -3  -2  -1  -2  -1   1    0   0   0   0   0   0   0   0   0   0   0   0   0   0   0   0   0   0   0   0  0.00     0.00
    3 T     0  -1   0  -1  -1  -1  -1  -2  -2  -1  -1  -1  -1  -2  -1   1   4  -2  -2   0    0   0   0   0   0   0   0   0   0   0   0   0   0   0   0   0   0   0   0   0  0.00     0.00
    4 S     1  -1   1   0  -1   0   0   0  -1  -2  -2   0  -1  -2  -1   4   1  -3  -2  -2    0   0   0   0   0   0   0   0   0   0   0   0   0   0   0   0   0   0   0   0  0.00     0.00
    5 S     1  -1   1   0  -1   0   0   0  -1  -2  -2   0  -1  -2  -1   4   1  -3  -2  -2    0   0   0   0   0   0   0   0   0   0   0   0   0   0   0   0   0   0   0   0  0.00     0.00
    6 V     0  -2  -3  -3  -1  -2  -2  -3  -3   2   1  -2   1  -1  -2  -2   0  -3  -1   4    0   0   0   0   0   0   0   0   0   0   0   0   0   0   0   0   0   0   0   0  0.00     0.00
    7 P    -1  -2  -2  -1  -3  -1  -1  -2  -2  -3  -3  -1  -2  -3   7  -1  -1  -4  -3  -2    0   0   0   0   0   0   0   0   0   0   0   0   0   0   0   0   0   0   0   0  0.00     0.00
    8 T     0  -1   0  -1  -1  -1  -1  -2  -2  -1  -1  -1  -1  -2  -1   1   4  -2  -2   0    0   0   0   0   0   0   0   0   0   0   0   0   0   0   0   0   0   0   0   0  0.00     0.00
    9 T     0  -1   0  -1  -1  -1  -1  -2  -2  -1  -1  -1  -1  -2  -1   1   4  -2  -2   0    0   0   0   0   0   0   0   0   0   0   0   0   0   0   0   0   0   0   0   0  0.00     0.00
   10 S     1  -1   1   0  -1   0   0   0  -1  -2  -2   0  -1  -2  -1   4   1  -3  -2  -2    0   0   0   0   0   0   0   0   0   0   0   0   0   0   0   0   0   0   0   0  0.00     0.00
   11 G     0  -2   0  -1  -2  -2  -2   5  -2  -4  -4  -1  -3  -3  -2   0  -2  -2  -3  -3    0   0   0   0   0   0   0   0   0   0   0   0   0   0   0   0   0   0   0   0  0.00     0.00
   12 R    -1   5   0  -2  -3   1   0  -2   0  -3  -2   2  -1  -3  -2  -1  -1  -3  -2  -2    0   0   0   0   0   0   0   0   0   0   0   0   0   0   0   0   0   0   0   0  0.00     0.00
   13 A     4  -1  -1  -2   0  -1  -1   0  -2  -1  -1  -1  -1  -2  -1   1   0  -2  -2   0    0   0   0   0   0   0   0   0   0   0   0   0   0   0   0   0   0   0   0   0  0.00     0.00
   14 M    -1  -1  -2  -3  -1   0  -2  -3  -2   1   2  -1   5   0  -2  -1  -1  -1  -1   1    0   0   0   0   0   0   0   0   0   0   0   0   0   0   0   0   0   0   0   0  0.00     0.00
   15 S     1  -1   1   0  -1   0   0   0  -1  -2  -2   0  -1  -2  -1   4   1  -3  -2  -2    0   0   0   0   0   0   0   0   0   0   0   0   0   0   0   0   0   0   0   0  0.00     0.00
   16 A     4  -1  -1  -2   0  -1  -1   0  -2  -1  -1  -1  -1  -2  -1   1   0  -2  -2   0    0   0   0   0   0   0   0   0   0   0   0   0   0   0   0   0   0   0   0   0  0.00     0.00
   17 K    -1   2   0  -1  -3   1   1  -1  -1  -3  -2   4  -1  -3  -1   0  -1  -3  -2  -2    0   0   0   0   0   0   0   0   0   0   0   0   0   0   0   0   0   0   0   0  0.00     0.00
   18 R    -1   5   0  -2  -3   1   0  -2   0  -3  -2   2  -1  -3  -2  -1  -1  -3  -2  -2    0   0   0   0   0   0   0   0   0   0   0   0   0   0   0   0   0   0   0   0  0.00     0.00
   19 H    -2   0   1  -1  -3   0   0  -2   7  -3  -3  -1  -2  -1  -2  -1  -2  -2   2  -3    0   0   0   0   0   0   0   0   0   0   0   0   0   0   0   0   0   0   0   0  0.00     0.00
   20 A     4  -1  -1  -2   0  -1  -1   0  -2  -1  -1  -1  -1  -2  -1   1   0  -2  -2   0    0   0   0   0   0   0   0   0   0   0   0   0   0   0   0   0   0   0   0   0  0.00     0.00
   21 R    -1   5   0  -2  -3   1   0  -2   0  -3  -2   2  -1  -3  -2  -1  -1  -3  -2  -2    0   0   0   0   0   0   0   0   0   0   0   0   0   0   0   0   0   0   0   0  0.00     0.00
   22 Q    -1   1   0   0  -3   5   2  -2   0  -3  -2   1   0  -3  -1   0  -1  -2  -1  -2    0   0   0   0   0   0   0   0   0   0   0   0   0   0   0   0   0   0   0   0  0.00     0.00
   23 H    -2   0   1  -1  -3   0   0  -2   7  -3  -3  -1  -2  -1  -2  -1  -2  -2   2  -3    0   0   0   0   0   0   0   0   0   0   0   0   0   0   0   0   0   0   0   0  0.00     0.00
   24 E    -1   0   0   1  -4   2   5  -2   0  -3  -3   1  -2  -3  -1   0  -1  -3  -2  -2    0   0   0   0   0   0   0   0   0   0   0   0   0   0   0   0   0   0   0   0  0.00     0.00
   25 Q    -1   1   0   0  -3   5   2  -2   0  -3  -2   1   0  -3  -1   0  -1  -2  -1  -2    0   0   0   0   0   0   0   0   0   0   0   0   0   0   0   0   0   0   0   0  0.00     0.00
   26 R    -1   5   0  -2  -3   1   0  -2   0  -3  -2   2  -1  -3  -2  -1  -1  -3  -2  -2    0   0   0   0   0   0   0   0   0   0   0   0   0   0   0   0   0   0   0   0  0.00     0.00
   27 G     0  -2   0  -1  -2  -2  -2   5  -2  -4  -4  -1  -3  -3  -2   0  -2  -2  -3  -3    0   0   0   0   0   0   0   0   0   0   0   0   0   0   0   0   0   0   0   0  0.00     0.00
   28 P    -1  -2  -2  -1  -3  -1  -1  -2  -2  -3  -3  -1  -2  -3   7  -1  -1  -4  -3  -2    0   0   0   0   0   0   0   0   0   0   0   0   0   0   0   0   0   0   0   0  0.00     0.00
   29 R    -1   5   0  -2  -3   1   0  -2   0  -3  -2   2  -1  -3  -2  -1  -1  -3  -2  -2    0   0   0   0   0   0   0   0   0   0   0   0   0   0   0   0   0   0   0   0  0.00     0.00
   30 Q    -1   1   0   0  -3   5   2  -2   0  -3  -2   1   0  -3  -1   0  -1  -2  -1  -2    0   0   0   0   0   0   0   0   0   0   0   0   0   0   0   0   0   0   0   0  0.00     0.00
   31 C     0  -3  -3  -3   8  -3  -4  -2  -3  -1  -1  -3  -1  -2  -3  -1  -1  -2  -2  -1    0   0   0   0   0   0   0   0   0   0   0   0   0   0   0   0   0   0   0   0  0.00     0.00
   32 L    -1  -2  -3  -4  -1  -2  -3  -4  -3   1   4  -2   2   0  -3  -2  -1  -2  -1   1    0   0   0   0   0   0   0   0   0   0   0   0   0   0   0   0   0   0   0   0  0.00     0.00
   33 L    -1  -2  -3  -4  -1  -2  -3  -4  -3   1   4  -2   2   0  -3  -2  -1  -2  -1   1    0   0   0   0   0   0   0   0   0   0   0   0   0   0   0   0   0   0   0   0  0.00     0.00
   34 L    -1  -2  -3  -4  -1  -2  -3  -4  -3   1   4  -2   2   0  -3  -2  -1  -2  -1   1    0   0   0   0   0   0   0   0   0   0   0   0   0   0   0   0   0   0   0   0  0.00     0.00
   35 S     1  -1   1   0  -1   0   0   0  -1  -2  -2   0  -1  -2  -1   4   1  -3  -2  -2    0   0   0   0   0   0   0   0   0   0   0   0   0   0   0   0   0   0   0   0  0.00     0.00
   36 S     1  -1   1   0  -1   0   0   0  -1  -2  -2   0  -1  -2  -1   4   1  -3  -2  -2    0   0   0   0   0   0   0   0   0   0   0   0   0   0   0   0   0   0   0   0  0.00     0.00
   37 Y    -2  -2  -2  -3  -2  -1  -2  -3   2  -1  -1  -2  -1   3  -3  -2  -2   2   6  -1    0   0   0   0   0   0   0   0   0   0   0   0   0   0   0   0   0   0   0   0  0.00     0.00
   38 P    -1  -2  -2  -1  -3  -1  -1  -2  -2  -3  -3  -1  -2  -3   7  -1  -1  -4  -3  -2    0   0   0   0   0   0   0   0   0   0   0   0   0   0   0   0   0   0   0   0  0.00     0.00
   39 D    -2  -2   1   6  -3   0   1  -1  -1  -3  -4  -1  -3  -3  -1   0  -1  -4  -3  -3    0   0   0   0   0   0   0   0   0   0   0   0   0   0   0   0   0   0   0   0  0.00     0.00
   40 E    -1   0   0   1  -4   2   5  -2   0  -3  -3   1  -2  -3  -1   0  -1  -3  -2  -2    0   0   0   0   0   0   0   0   0   0   0   0   0   0   0   0   0   0   0   0  0.00     0.00
   41 Y    -2  -2  -2  -3  -2  -1  -2  -3   2  -1  -1  -2  -1   3  -3  -2  -2   2   6  -1    0   0   0   0   0   0   0   0   0   0   0   0   0   0   0   0   0   0   0   0  0.00     0.00
   42 D    -2  -2   1   6  -3   0   1  -1  -1  -3  -4  -1  -3  -3  -1   0  -1  -4  -3  -3    0   0   0   0   0   0   0   0   0   0   0   0   0   0   0   0   0   0   0   0  0.00     0.00
   43 H    -2   0   1  -1  -3   0   0  -2   7  -3  -3  -1  -2  -1  -2  -1  -2  -2   2  -3    0   0   0   0   0   0   0   0   0   0   0   0   0   0   0   0   0   0   0   0  0.00     0.00
   44 L    -1  -2  -3  -4  -1  -2  -3  -4  -3   1   4  -2   2   0  -3  -2  -1  -2  -1   1    0   0   0   0   0   0   0   0   0   0   0   0   0   0   0   0   0   0   0   0  0.00     0.00
   45 H    -2   0   1  -1  -3   0   0  -2   7  -3  -3  -1  -2  -1  -2  -1  -2  -2   2  -3    0   0   0   0   0   0   0   0   0   0   0   0   0   0   0   0   0   0   0   0  0.00     0.00
   46 K    -1   2   0  -1  -3   1   1  -1  -1  -3  -2   4  -1  -3  -1   0  -1  -3  -2  -2    0   0   0   0   0   0   0   0   0   0   0   0   0   0   0   0   0   0   0   0  0.00     0.00
   47 H    -2   0   1  -1  -3   0   0  -2   7  -3  -3  -1  -2  -1  -2  -1  -2  -2   2  -3    0   0   0   0   0   0   0   0   0   0   0   0   0   0   0   0   0   0   0   0  0.00     0.00
   48 A     4  -1  -1  -2   0  -1  -1   0  -2  -1  -1  -1  -1  -2  -1   1   0  -2  -2   0    0   0   0   0   0   0   0   0   0   0   0   0   0   0   0   0   0   0   0   0  0.00     0.00
   49 A     4  -1  -1  -2   0  -1  -1   0  -2  -1  -1  -1  -1  -2  -1   1   0  -2  -2   0    0   0   0   0   0   0   0   0   0   0   0   0   0   0   0   0   0   0   0   0  0.00     0.00
   50 T     0  -1   0  -1  -1  -1  -1  -2  -2  -1  -1  -1  -1  -2  -1   1   4  -2  -2   0    0   0   0   0   0   0   0   0   0   0   0   0   0   0   0   0   0   0   0   0  0.00     0.00
   51 N    -1   0   6   1  -3   0   0   0   1  -3  -3   0  -2  -3  -2   1   0  -4  -2  -3    0   0   0   0   0   0   0   0   0   0   0   0   0   0   0   0   0   0   0   0  0.00     0.00
   52 F    -2  -3  -3  -3  -2  -3  -3  -3  -1   0   0  -3   0   6  -3  -2  -2   1   3  -1    0   0   0   0   0   0   0   0   0   0   0   0   0   0   0   0   0   0   0   0  0.00     0.00
   53 W    -2  -3  -4  -4  -2  -2  -3  -2  -2  -3  -2  -3  -1   1  -4  -3  -2  10   2  -3    0   0   0   0   0   0   0   0   0   0   0   0   0   0   0   0   0   0   0   0  0.00     0.00
   54 H    -2   0   1  -1  -3   0   0  -2   7  -3  -3  -1  -2  -1  -2  -1  -2  -2   2  -3    0   0   0   0   0   0   0   0   0   0   0   0   0   0   0   0   0   0   0   0  0.00     0.00
   55 T     0  -1   0  -1  -1  -1  -1  -2  -2  -1  -1  -1  -1  -2  -1   1   4  -2  -2   0    0   0   0   0   0   0   0   0   0   0   0   0   0   0   0   0   0   0   0   0  0.00     0.00
   56 F    -2  -3  -3  -3  -2  -3  -3  -3  -1   0   0  -3   0   6  -3  -2  -2   1   3  -1    0   0   0   0   0   0   0   0   0   0   0   0   0   0   0   0   0   0   0   0  0.00     0.00
   57 M    -1  -1  -2  -3  -1   0  -2  -3  -2   1   2  -1   5   0  -2  -1  -1  -1  -1   1    0   0   0   0   0   0   0   0   0   0   0   0   0   0   0   0   0   0   0   0  0.00     0.00
   58 A     4  -1  -1  -2   0  -1  -1   0  -2  -1  -1  -1  -1  -2  -1   1   0  -2  -2   0    0   0   0   0   0   0   0   0   0   0   0   0   0   0   0   0   0   0   0   0  0.00     0.00
   59 V     0  -2  -3  -3  -1  -2  -2  -3  -3   2   1  -2   1  -1  -2  -2   0  -3  -1   4    0   0   0   0   0   0   0   0   0   0   0   0   0   0   0   0   0   0   0   0  0.00     0.00
   60 T     0  -1   0  -1  -1  -1  -1  -2  -2  -1  -1  -1  -1  -2  -1   1   4  -2  -2   0    0   0   0   0   0   0   0   0   0   0   0   0   0   0   0   0   0   0   0   0  0.00     0.00
   61 V     0  -2  -3  -3  -1  -2  -2  -3  -3   2   1  -2   1  -1  -2  -2   0  -3  -1   4    0   0   0   0   0   0   0   0   0   0   0   0   0   0   0   0   0   0   0   0  0.00     0.00
   62 P    -1  -2  -2  -1  -3  -1  -1  -2  -2  -3  -3  -1  -2  -3   7  -1  -1  -4  -3  -2    0   0   0   0   0   0   0   0   0   0   0   0   0   0   0   0   0   0   0   0  0.00     0.00
   63 I    -1  -3  -3  -3  -1  -3  -3  -4  -3   4   1  -3   1   0  -3  -2  -1  -3  -1   2    0   0   0   0   0   0   0   0   0   0   0   0   0   0   0   0   0   0   0   0  0.00     0.00
   64 A     4  -1  -1  -2   0  -1  -1   0  -2  -1  -1  -1  -1  -2  -1   1   0  -2  -2   0    0   0   0   0   0   0   0   0   0   0   0   0   0   0   0   0   0   0   0   0  0.00     0.00
   65 V     0  -2  -3  -3  -1  -2  -2  -3  -3   2   1  -2   1  -1  -2  -2   0  -3  -1   4    0   0   0   0   0   0   0   0   0   0   0   0   0   0   0   0   0   0   0   0  0.00     0.00
   66 A     4  -1  -1  -2   0  -1  -1   0  -2  -1  -1  -1  -1  -2  -1   1   0  -2  -2   0    0   0   0   0   0   0   0   0   0   0   0   0   0   0   0   0   0   0   0   0  0.00     0.00
   67 M    -1  -1  -2  -3  -1   0  -2  -3  -2   1   2  -1   5   0  -2  -1  -1  -1  -1   1    0   0   0   0   0   0   0   0   0   0   0   0   0   0   0   0   0   0   0   0  0.00     0.00
   68 Q    -1   1   0   0  -3   5   2  -2   0  -3  -2   1   0  -3  -1   0  -1  -2  -1  -2    0   0   0   0   0   0   0   0   0   0   0   0   0   0   0   0   0   0   0   0  0.00     0.00
   69 T     0  -1   0  -1  -1  -1  -1  -2  -2  -1  -1  -1  -1  -2  -1   1   4  -2  -2   0    0   0   0   0   0   0   0   0   0   0   0   0   0   0   0   0   0   0   0   0  0.00     0.00
   70 S     1  -1   1   0  -1   0   0   0  -1  -2  -2   0  -1  -2  -1   4   1  -3  -2  -2    0   0   0   0   0   0   0   0   0   0   0   0   0   0   0   0   0   0   0   0  0.00     0.00
   71 G     0  -2   0  -1  -2  -2  -2   5  -2  -4  -4  -1  -3  -3  -2   0  -2  -2  -3  -3    0   0   0   0   0   0   0   0   0   0   0   0   0   0   0   0   0   0   0   0  0.00     0.00
   72 T     0  -1   0  -1  -1  -1  -1  -2  -2  -1  -1  -1  -1  -2  -1   1   4  -2  -2   0    0   0   0   0   0   0   0   0   0   0   0   0   0   0   0   0   0   0   0   0  0.00     0.00
   73 C     0  -3  -3  -3   8  -3  -4  -2  -3  -1  -1  -3  -1  -2  -3  -1  -1  -2  -2  -1    0   0   0   0   0   0   0   0   0   0   0   0   0   0   0   0   0   0   0   0  0.00     0.00
   74 R    -1   5   0  -2  -3   1   0  -2   0  -3  -2   2  -1  -3  -2  -1  -1  -3  -2  -2    0   0   0   0   0   0   0   0   0   0   0   0   0   0   0   0   0   0   0   0  0.00     0.00
   75 C     0  -3  -3  -3   8  -3  -4  -2  -3  -1  -1  -3  -1  -2  -3  -1  -1  -2  -2  -1    0   0   0   0   0   0   0   0   0   0   0   0   0   0   0   0   0   0   0   0  0.00     0.00
   76 Q    -1   1   0   0  -3   5   2  -2   0  -3  -2   1   0  -3  -1   0  -1  -2  -1  -2    0   0   0   0   0   0   0   0   0   0   0   0   0   0   0   0   0   0   0   0  0.00     0.00
   77 P    -1  -2  -2  -1  -3  -1  -1  -2  -2  -3  -3  -1  -2  -3   7  -1  -1  -4  -3  -2    0   0   0   0   0   0   0   0   0   0   0   0   0   0   0   0   0   0   0   0  0.00     0.00
   78 L    -1  -2  -3  -4  -1  -2  -3  -4  -3   1   4  -2   2   0  -3  -2  -1  -2  -1   1    0   0   0   0   0   0   0   0   0   0   0   0   0   0   0   0   0   0   0   0  0.00     0.00
   79 S     1  -1   1   0  -1   0   0   0  -1  -2  -2   0  -1  -2  -1   4   1  -3  -2  -2    0   0   0   0   0   0   0   0   0   0   0   0   0   0   0   0   0   0   0   0  0.00     0.00
   80 H    -2   0   1  -1  -3   0   0  -2   7  -3  -3  -1  -2  -1  -2  -1  -2  -2   2  -3    0   0   0   0   0   0   0   0   0   0   0   0   0   0   0   0   0   0   0   0  0.00     0.00
   81 S     1  -1   1   0  -1   0   0   0  -1  -2  -2   0  -1  -2  -1   4   1  -3  -2  -2    0   0   0   0   0   0   0   0   0   0   0   0   0   0   0   0   0   0   0   0  0.00     0.00
   82 R    -1   5   0  -2  -3   1   0  -2   0  -3  -2   2  -1  -3  -2  -1  -1  -3  -2  -2    0   0   0   0   0   0   0   0   0   0   0   0   0   0   0   0   0   0   0   0  0.00     0.00
   83 S     1  -1   1   0  -1   0   0   0  -1  -2  -2   0  -1  -2  -1   4   1  -3  -2  -2    0   0   0   0   0   0   0   0   0   0   0   0   0   0   0   0   0   0   0   0  0.00     0.00
   84 C     0  -3  -3  -3   8  -3  -4  -2  -3  -1  -1  -3  -1  -2  -3  -1  -1  -2  -2  -1    0   0   0   0   0   0   0   0   0   0   0   0   0   0   0   0   0   0   0   0  0.00     0.00
   85 N    -1   0   6   1  -3   0   0   0   1  -3  -3   0  -2  -3  -2   1   0  -4  -2  -3    0   0   0   0   0   0   0   0   0   0   0   0   0   0   0   0   0   0   0   0  0.00     0.00
   86 N    -1   0   6   1  -3   0   0   0   1  -3  -3   0  -2  -3  -2   1   0  -4  -2  -3    0   0   0   0   0   0   0   0   0   0   0   0   0   0   0   0   0   0   0   0  0.00     0.00
   87 G     0  -2   0  -1  -2  -2  -2   5  -2  -4  -4  -1  -3  -3  -2   0  -2  -2  -3  -3    0   0   0   0   0   0   0   0   0   0   0   0   0   0   0   0   0   0   0   0  0.00     0.00
   88 S     1  -1   1   0  -1   0   0   0  -1  -2  -2   0  -1  -2  -1   4   1  -3  -2  -2    0   0   0   0   0   0   0   0   0   0   0   0   0   0   0   0   0   0   0   0  0.00     0.00
   89 A     4  -1  -1  -2   0  -1  -1   0  -2  -1  -1  -1  -1  -2  -1   1   0  -2  -2   0    0   0   0   0   0   0   0   0   0   0   0   0   0   0   0   0   0   0   0   0  0.00     0.00
   90 A     4  -1  -1  -2   0  -1  -1   0  -2  -1  -1  -1  -1  -2  -1   1   0  -2  -2   0    0   0   0   0   0   0   0   0   0   0   0   0   0   0   0   0   0   0   0   0  0.00     0.00
   91 G     0  -2   0  -1  -2  -2  -2   5  -2  -4  -4  -1  -3  -3  -2   0  -2  -2  -3  -3    0   0   0   0   0   0   0   0   0   0   0   0   0   0   0   0   0   0   0   0  0.00     0.00
   92 P    -1  -2  -2  -1  -3  -1  -1  -2  -2  -3  -3  -1  -2  -3   7  -1  -1  -4  -3  -2    0   0   0   0   0   0   0   0   0   0   0   0   0   0   0   0   0   0   0   0  0.00     0.00
   93 R    -1   5   0  -2  -3   1   0  -2   0  -3  -2   2  -1  -3  -2  -1  -1  -3  -2  -2    0   0   0   0   0   0   0   0   0   0   0   0   0   0   0   0   0   0   0   0  0.00     0.00
   94 I    -1  -3  -3  -3  -1  -3  -3  -4  -3   4   1  -3   1   0  -3  -2  -1  -3  -1   2    0   0   0   0   0   0   0   0   0   0   0   0   0   0   0   0   0   0   0   0  0.00     0.00
   95 L    -1  -2  -3  -4  -1  -2  -3  -4  -3   1   4  -2   2   0  -3  -2  -1  -2  -1   1    0   0   0   0   0   0   0   0   0   0   0   0   0   0   0   0   0   0   0   0  0.00     0.00
   96 V     0  -2  -3  -3  -1  -2  -2  -3  -3   2   1  -2   1  -1  -2  -2   0  -3  -1   4    0   0   0   0   0   0   0   0   0   0   0   0   0   0   0   0   0   0   0   0  0.00     0.00
   97 D    -2  -2   1   6  -3   0   1  -1  -1  -3  -4  -1  -3  -3  -1   0  -1  -4  -3  -3    0   0   0   0   0   0   0   0   0   0   0   0   0   0   0   0   0   0   0   0  0.00     0.00
   98 G     0  -2   0  -1  -2  -2  -2   5  -2  -4  -4  -1  -3  -3  -2   0  -2  -2  -3  -3    0   0   0   0   0   0   0   0   0   0   0   0   0   0   0   0   0   0   0   0  0.00     0.00
   99 V     0  -2  -3  -3  -1  -2  -2  -3  -3   2   1  -2   1  -1  -2  -2   0  -3  -1   4    0   0   0   0   0   0   0   0   0   0   0   0   0   0   0   0   0   0   0   0  0.00     0.00
  100 P    -1  -2  -2  -1  -3  -1  -1  -2  -2  -3  -3  -1  -2  -3   7  -1  -1  -4  -3  -2    0   0   0   0   0   0   0   0   0   0   0   0   0   0   0   0   0   0   0   0  0.00     0.00
  101 N    -1   0   6   1  -3   0   0   0   1  -3  -3   0  -2  -3  -2   1   0  -4  -2  -3    0   0   0   0   0   0   0   0   0   0   0   0   0   0   0   0   0   0   0   0  0.00     0.00
  102 A     4  -1  -1  -2   0  -1  -1   0  -2  -1  -1  -1  -1  -2  -1   1   0  -2  -2   0    0   0   0   0   0   0   0   0   0   0   0   0   0   0   0   0   0   0   0   0  0.00     0.00
  103 S     1  -1   1   0  -1   0   0   0  -1  -2  -2   0  -1  -2  -1   4   1  -3  -2  -2    0   0   0   0   0   0   0   0   0   0   0   0   0   0   0   0   0   0   0   0  0.00     0.00
  104 S     1  -1   1   0  -1   0   0   0  -1  -2  -2   0  -1  -2  -1   4   1  -3  -2  -2    0   0   0   0   0   0   0   0   0   0   0   0   0   0   0   0   0   0   0   0  0.00     0.00
  105 S     1  -1   1   0  -1   0   0   0  -1  -2  -2   0  -1  -2  -1   4   1  -3  -2  -2    0   0   0   0   0   0   0   0   0   0   0   0   0   0   0   0   0   0   0   0  0.00     0.00
  106 C     0  -3  -3  -3   8  -3  -4  -2  -3  -1  -1  -3  -1  -2  -3  -1  -1  -2  -2  -1    0   0   0   0   0   0   0   0   0   0   0   0   0   0   0   0   0   0   0   0  0.00     0.00
  107 D    -2  -2   1   6  -3   0   1  -1  -1  -3  -4  -1  -3  -3  -1   0  -1  -4  -3  -3    0   0   0   0   0   0   0   0   0   0   0   0   0   0   0   0   0   0   0   0  0.00     0.00
  108 C     0  -3  -3  -3   8  -3  -4  -2  -3  -1  -1  -3  -1  -2  -3  -1  -1  -2  -2  -1    0   0   0   0   0   0   0   0   0   0   0   0   0   0   0   0   0   0   0   0  0.00     0.00
  109 G     0  -2   0  -1  -2  -2  -2   5  -2  -4  -4  -1  -3  -3  -2   0  -2  -2  -3  -3    0   0   0   0   0   0   0   0   0   0   0   0   0   0   0   0   0   0   0   0  0.00     0.00
  110 C     0  -3  -3  -3   8  -3  -4  -2  -3  -1  -1  -3  -1  -2  -3  -1  -1  -2  -2  -1    0   0   0   0   0   0   0   0   0   0   0   0   0   0   0   0   0   0   0   0  0.00     0.00
  111 V     0  -2  -3  -3  -1  -2  -2  -3  -3   2   1  -2   1  -1  -2  -2   0  -3  -1   4    0   0   0   0   0   0   0   0   0   0   0   0   0   0   0   0   0   0   0   0  0.00     0.00
  112 E    -1   0   0   1  -4   2   5  -2   0  -3  -3   1  -2  -3  -1   0  -1  -3  -2  -2    0   0   0   0   0   0   0   0   0   0   0   0   0   0   0   0   0   0   0   0  0.00     0.00
  113 L    -1  -2  -3  -4  -1  -2  -3  -4  -3   1   4  -2   2   0  -3  -2  -1  -2  -1   1    0   0   0   0   0   0   0   0   0   0   0   0   0   0   0   0   0   0   0   0  0.00     0.00
  114 V     0  -2  -3  -3  -1  -2  -2  -3  -3   2   1  -2   1  -1  -2  -2   0  -3  -1   4    0   0   0   0   0   0   0   0   0   0   0   0   0   0   0   0   0   0   0   0  0.00     0.00
  115 M    -1  -1  -2  -3  -1   0  -2  -3  -2   1   2  -1   5   0  -2  -1  -1  -1  -1   1    0   0   0   0   0   0   0   0   0   0   0   0   0   0   0   0   0   0   0   0  0.00     0.00
  116 P    -1  -2  -2  -1  -3  -1  -1  -2  -2  -3  -3  -1  -2  -3   7  -1  -1  -4  -3  -2    0   0   0   0   0   0   0   0   0   0   0   0   0   0   0   0   0   0   0   0  0.00     0.00
  117 P    -1  -2  -2  -1  -3  -1  -1  -2  -2  -3  -3  -1  -2  -3   7  -1  -1  -4  -3  -2    0   0   0   0   0   0   0   0   0   0   0   0   0   0   0   0   0   0   0   0  0.00     0.00
  118 V     0  -2  -3  -3  -1  -2  -2  -3  -3   2   1  -2   1  -1  -2  -2   0  -3  -1   4    0   0   0   0   0   0   0   0   0   0   0   0   0   0   0   0   0   0   0   0  0.00     0.00
  119 S     1  -1   1   0  -1   0   0   0  -1  -2  -2   0  -1  -2  -1   4   1  -3  -2  -2    0   0   0   0   0   0   0   0   0   0   0   0   0   0   0   0   0   0   0   0  0.00     0.00
  120 L    -1  -2  -3  -4  -1  -2  -3  -4  -3   1   4  -2   2   0  -3  -2  -1  -2  -1   1    0   0   0   0   0   0   0   0   0   0   0   0   0   0   0   0   0   0   0   0  0.00     0.00
  121 T     0  -1   0  -1  -1  -1  -1  -2  -2  -1  -1  -1  -1  -2  -1   1   4  -2  -2   0    0   0   0   0   0   0   0   0   0   0   0   0   0   0   0   0   0   0   0   0  0.00     0.00
  122 F    -2  -3  -3  -3  -2  -3  -3  -3  -1   0   0  -3   0   6  -3  -2  -2   1   3  -1    0   0   0   0   0   0   0   0   0   0   0   0   0   0   0   0   0   0   0   0  0.00     0.00
  123 L    -1  -2  -3  -4  -1  -2  -3  -4  -3   1   4  -2   2   0  -3  -2  -1  -2  -1   1    0   0   0   0   0   0   0   0   0   0   0   0   0   0   0   0   0   0   0   0  0.00     0.00
  124 Q    -1   1   0   0  -3   5   2  -2   0  -3  -2   1   0  -3  -1   0  -1  -2  -1  -2    0   0   0   0   0   0   0   0   0   0   0   0   0   0   0   0   0   0   0   0  0.00     0.00
  125 L    -1  -2  -3  -4  -1  -2  -3  -4  -3   1   4  -2   2   0  -3  -2  -1  -2  -1   1    0   0   0   0   0   0   0   0   0   0   0   0   0   0   0   0   0   0   0   0  0.00     0.00
  126 Q    -1   1   0   0  -3   5   2  -2   0  -3  -2   1   0  -3  -1   0  -1  -2  -1  -2    0   0   0   0   0   0   0   0   0   0   0   0   0   0   0   0   0   0   0   0  0.00     0.00
  127 L    -1  -2  -3  -4  -1  -2  -3  -4  -3   1   4  -2   2   0  -3  -2  -1  -2  -1   1    0   0   0   0   0   0   0   0   0   0   0   0   0   0   0   0   0   0   0   0  0.00     0.00
  128 A     4  -1  -1  -2   0  -1  -1   0  -2  -1  -1  -1  -1  -2  -1   1   0  -2  -2   0    0   0   0   0   0   0   0   0   0   0   0   0   0   0   0   0   0   0   0   0  0.00     0.00
  129 P    -1  -2  -2  -1  -3  -1  -1  -2  -2  -3  -3  -1  -2  -3   7  -1  -1  -4  -3  -2    0   0   0   0   0   0   0   0   0   0   0   0   0   0   0   0   0   0   0   0  0.00     0.00
  130 I    -1  -3  -3  -3  -1  -3  -3  -4  -3   4   1  -3   1   0  -3  -2  -1  -3  -1   2    0   0   0   0   0   0   0   0   0   0   0   0   0   0   0   0   0   0   0   0  0.00     0.00
  131 S     1  -1   1   0  -1   0   0   0  -1  -2  -2   0  -1  -2  -1   4   1  -3  -2  -2    0   0   0   0   0   0   0   0   0   0   0   0   0   0   0   0   0   0   0   0  0.00     0.00
  132 D    -2  -2   1   6  -3   0   1  -1  -1  -3  -4  -1  -3  -3  -1   0  -1  -4  -3  -3    0   0   0   0   0   0   0   0   0   0   0   0   0   0   0   0   0   0   0   0  0.00     0.00
  133 V     0  -2  -3  -3  -1  -2  -2  -3  -3   2   1  -2   1  -1  -2  -2   0  -3  -1   4    0   0   0   0   0   0   0   0   0   0   0   0   0   0   0   0   0   0   0   0  0.00     0.00
  134 I    -1  -3  -3  -3  -1  -3  -3  -4  -3   4   1  -3   1   0  -3  -2  -1  -3  -1   2    0   0   0   0   0   0   0   0   0   0   0   0   0   0   0   0   0   0   0   0  0.00     0.00
  135 R    -1   5   0  -2  -3   1   0  -2   0  -3  -2   2  -1  -3  -2  -1  -1  -3  -2  -2    0   0   0   0   0   0   0   0   0   0   0   0   0   0   0   0   0   0   0   0  0.00     0.00
  136 I    -1  -3  -3  -3  -1  -3  -3  -4  -3   4   1  -3   1   0  -3  -2  -1  -3  -1   2    0   0   0   0   0   0   0   0   0   0   0   0   0   0   0   0   0   0   0   0  0.00     0.00
  137 V     0  -2  -3  -3  -1  -2  -2  -3  -3   2   1  -2   1  -1  -2  -2   0  -3  -1   4    0   0   0   0   0   0   0   0   0   0   0   0   0   0   0   0   0   0   0   0  0.00     0.00
  138 S     1  -1   1   0  -1   0   0   0  -1  -2  -2   0  -1  -2  -1   4   1  -3  -2  -2    0   0   0   0   0   0   0   0   0   0   0   0   0   0   0   0   0   0   0   0  0.00     0.00
  139 N    -1   0   6   1  -3   0   0   0   1  -3  -3   0  -2  -3  -2   1   0  -4  -2  -3    0   0   0   0   0   0   0   0   0   0   0   0   0   0   0   0   0   0   0   0  0.00     0.00
  140 E    -1   0   0   1  -4   2   5  -2   0  -3  -3   1  -2  -3  -1   0  -1  -3  -2  -2    0   0   0   0   0   0   0   0   0   0   0   0   0   0   0   0   0   0   0   0  0.00     0.00
  141 S     1  -1   1   0  -1   0   0   0  -1  -2  -2   0  -1  -2  -1   4   1  -3  -2  -2    0   0   0   0   0   0   0   0   0   0   0   0   0   0   0   0   0   0   0   0  0.00     0.00
  142 A     4  -1  -1  -2   0  -1  -1   0  -2  -1  -1  -1  -1  -2  -1   1   0  -2  -2   0    0   0   0   0   0   0   0   0   0   0   0   0   0   0   0   0   0   0   0   0  0.00     0.00
  143 H    -2   0   1  -1  -3   0   0  -2   7  -3  -3  -1  -2  -1  -2  -1  -2  -2   2  -3    0   0   0   0   0   0   0   0   0   0   0   0   0   0   0   0   0   0   0   0  0.00     0.00
  144 M    -1  -1  -2  -3  -1   0  -2  -3  -2   1   2  -1   5   0  -2  -1  -1  -1  -1   1    0   0   0   0   0   0   0   0   0   0   0   0   0   0   0   0   0   0   0   0  0.00     0.00
  145 A     4  -1  -1  -2   0  -1  -1   0  -2  -1  -1  -1  -1  -2  -1   1   0  -2  -2   0    0   0   0   0   0   0   0   0   0   0   0   0   0   0   0   0   0   0   0   0  0.00     0.00
  146 S     1  -1   1   0  -1   0   0   0  -1  -2  -2   0  -1  -2  -1   4   1  -3  -2  -2    0   0   0   0   0   0   0   0   0   0   0   0   0   0   0   0   0   0   0   0  0.00     0.00
  147 P    -1  -2  -2  -1  -3  -1  -1  -2  -2  -3  -3  -1  -2  -3   7  -1  -1  -4  -3  -2    0   0   0   0   0   0   0   0   0   0   0   0   0   0   0   0   0   0   0   0  0.00     0.00
  148 P    -1  -2  -2  -1  -3  -1  -1  -2  -2  -3  -3  -1  -2  -3   7  -1  -1  -4  -3  -2    0   0   0   0   0   0   0   0   0   0   0   0   0   0   0   0   0   0   0   0  0.00     0.00
  149 G     0  -2   0  -1  -2  -2  -2   5  -2  -4  -4  -1  -3  -3  -2   0  -2  -2  -3  -3    0   0   0   0   0   0   0   0   0   0   0   0   0   0   0   0   0   0   0   0  0.00     0.00
  150 G     0  -2   0  -1  -2  -2  -2   5  -2  -4  -4  -1  -3  -3  -2   0  -2  -2  -3  -3    0   0   0   0   0   0   0   0   0   0   0   0   0   0   0   0   0   0   0   0  0.00     0.00
  151 N    -1   0   6   1  -3   0   0   0   1  -3  -3   0  -2  -3  -2   1   0  -4  -2  -3    0   0   0   0   0   0   0   0   0   0   0   0   0   0   0   0   0   0   0   0  0.00     0.00
  152 E    -1   0   0   1  -4   2   5  -2   0  -3  -3   1  -2  -3  -1   0  -1  -3  -2  -2    0   0   0   0   0   0   0   0   0   0   0   0   0   0   0   0   0   0   0   0  0.00     0.00
  153 S     1  -1   1   0  -1   0   0   0  -1  -2  -2   0  -1  -2  -1   4   1  -3  -2  -2    0   0   0   0   0   0   0   0   0   0   0   0   0   0   0   0   0   0   0   0  0.00     0.00
  154 G     0  -2   0  -1  -2  -2  -2   5  -2  -4  -4  -1  -3  -3  -2   0  -2  -2  -3  -3    0   0   0   0   0   0   0   0   0   0   0   0   0   0   0   0   0   0   0   0  0.00     0.00
  155 I    -1  -3  -3  -3  -1  -3  -3  -4  -3   4   1  -3   1   0  -3  -2  -1  -3  -1   2    0   0   0   0   0   0   0   0   0   0   0   0   0   0   0   0   0   0   0   0  0.00     0.00
  156 V     0  -2  -3  -3  -1  -2  -2  -3  -3   2   1  -2   1  -1  -2  -2   0  -3  -1   4    0   0   0   0   0   0   0   0   0   0   0   0   0   0   0   0   0   0   0   0  0.00     0.00
  157 S     1  -1   1   0  -1   0   0   0  -1  -2  -2   0  -1  -2  -1   4   1  -3  -2  -2    0   0   0   0   0   0   0   0   0   0   0   0   0   0   0   0   0   0   0   0  0.00     0.00
  158 N    -1   0   6   1  -3   0   0   0   1  -3  -3   0  -2  -3  -2   1   0  -4  -2  -3    0   0   0   0   0   0   0   0   0   0   0   0   0   0   0   0   0   0   0   0  0.00     0.00
  159 E    -1   0   0   1  -4   2   5  -2   0  -3  -3   1  -2  -3  -1   0  -1  -3  -2  -2    0   0   0   0   0   0   0   0   0   0   0   0   0   0   0   0   0   0   0   0  0.00     0.00
  160 G     0  -2   0  -1  -2  -2  -2   5  -2  -4  -4  -1  -3  -3  -2   0  -2  -2  -3  -3    0   0   0   0   0   0   0   0   0   0   0   0   0   0   0   0   0   0   0   0  0.00     0.00
  161 M    -1  -1  -2  -3  -1   0  -2  -3  -2   1   2  -1   5   0  -2  -1  -1  -1  -1   1    0   0   0   0   0   0   0   0   0   0   0   0   0   0   0   0   0   0   0   0  0.00     0.00
  162 R    -1   5   0  -2  -3   1   0  -2   0  -3  -2   2  -1  -3  -2  -1  -1  -3  -2  -2    0   0   0   0   0   0   0   0   0   0   0   0   0   0   0   0   0   0   0   0  0.00     0.00
  163 I    -1  -3  -3  -3  -1  -3  -3  -4  -3   4   1  -3   1   0  -3  -2  -1  -3  -1   2    0   0   0   0   0   0   0   0   0   0   0   0   0   0   0   0   0   0   0   0  0.00     0.00
  164 A     4  -1  -1  -2   0  -1  -1   0  -2  -1  -1  -1  -1  -2  -1   1   0  -2  -2   0    0   0   0   0   0   0   0   0   0   0   0   0   0   0   0   0   0   0   0   0  0.00     0.00
  165 S     1  -1   1   0  -1   0   0   0  -1  -2  -2   0  -1  -2  -1   4   1  -3  -2  -2    0   0   0   0   0   0   0   0   0   0   0   0   0   0   0   0   0   0   0   0  0.00     0.00
  166 P    -1  -2  -2  -1  -3  -1  -1  -2  -2  -3  -3  -1  -2  -3   7  -1  -1  -4  -3  -2    0   0   0   0   0   0   0   0   0   0   0   0   0   0   0   0   0   0   0   0  0.00     0.00
  167 P    -1  -2  -2  -1  -3  -1  -1  -2  -2  -3  -3  -1  -2  -3   7  -1  -1  -4  -3  -2    0   0   0   0   0   0   0   0   0   0   0   0   0   0   0   0   0   0   0   0  0.00     0.00
  168 G     0  -2   0  -1  -2  -2  -2   5  -2  -4  -4  -1  -3  -3  -2   0  -2  -2  -3  -3    0   0   0   0   0   0   0   0   0   0   0   0   0   0   0   0   0   0   0   0  0.00     0.00
  169 G     0  -2   0  -1  -2  -2  -2   5  -2  -4  -4  -1  -3  -3  -2   0  -2  -2  -3  -3    0   0   0   0   0   0   0   0   0   0   0   0   0   0   0   0   0   0   0   0  0.00     0.00
  170 N    -1   0   6   1  -3   0   0   0   1  -3  -3   0  -2  -3  -2   1   0  -4  -2  -3    0   0   0   0   0   0   0   0   0   0   0   0   0   0   0   0   0   0   0   0  0.00     0.00
  171 E    -1   0   0   1  -4   2   5  -2   0  -3  -3   1  -2  -3  -1   0  -1  -3  -2  -2    0   0   0   0   0   0   0   0   0   0   0   0   0   0   0   0   0   0   0   0  0.00     0.00
  172 S     1  -1   1   0  -1   0   0   0  -1  -2  -2   0  -1  -2  -1   4   1  -3  -2  -2    0   0   0   0   0   0   0   0   0   0   0   0   0   0   0   0   0   0   0   0  0.00     0.00
  173 V     0  -2  -3  -3  -1  -2  -2  -3  -3   2   1  -2   1  -1  -2  -2   0  -3  -1   4    0   0   0   0   0   0   0   0   0   0   0   0   0   0   0   0   0   0   0   0  0.00     0.00
  174 H    -2   0   1  -1  -3   0   0  -2   7  -3  -3  -1  -2  -1  -2  -1  -2  -2   2  -3    0   0   0   0   0   0   0   0   0   0   0   0   0   0   0   0   0   0   0   0  0.00     0.00
  175 N    -1   0   6   1  -3   0   0   0   1  -3  -3   0  -2  -3  -2   1   0  -4  -2  -3    0   0   0   0   0   0   0   0   0   0   0   0   0   0   0   0   0   0   0   0  0.00     0.00
  176 A     4  -1  -1  -2   0  -1  -1   0  -2  -1  -1  -1  -1  -2  -1   1   0  -2  -2   0    0   0   0   0   0   0   0   0   0   0   0   0   0   0   0   0   0   0   0   0  0.00     0.00
  177 F    -2  -3  -3  -3  -2  -3  -3  -3  -1   0   0  -3   0   6  -3  -2  -2   1   3  -1    0   0   0   0   0   0   0   0   0   0   0   0   0   0   0   0   0   0   0   0  0.00     0.00
  178 H    -2   0   1  -1  -3   0   0  -2   7  -3  -3  -1  -2  -1  -2  -1  -2  -2   2  -3    0   0   0   0   0   0   0   0   0   0   0   0   0   0   0   0   0   0   0   0  0.00     0.00
  179 P    -1  -2  -2  -1  -3  -1  -1  -2  -2  -3  -3  -1  -2  -3   7  -1  -1  -4  -3  -2    0   0   0   0   0   0   0   0   0   0   0   0   0   0   0   0   0   0   0   0  0.00     0.00
  180 I    -1  -3  -3  -3  -1  -3  -3  -4  -3   4   1  -3   1   0  -3  -2  -1  -3  -1   2    0   0   0   0   0   0   0   0   0   0   0   0   0   0   0   0   0   0   0   0  0.00     0.00
  181 G     0  -2   0  -1  -2  -2  -2   5  -2  -4  -4  -1  -3  -3  -2   0  -2  -2  -3  -3    0   0   0   0   0   0   0   0   0   0   0   0   0   0   0   0   0   0   0   0  0.00     0.00
  182 V     0  -2  -3  -3  -1  -2  -2  -3  -3   2   1  -2   1  -1  -2  -2   0  -3  -1   4    0   0   0   0   0   0   0   0   0   0   0   0   0   0   0   0   0   0   0   0  0.00     0.00
  183 R    -1   5   0  -2  -3   1   0  -2   0  -3  -2   2  -1  -3  -2  -1  -1  -3  -2  -2    0   0   0   0   0   0   0   0   0   0   0   0   0   0   0   0   0   0   0   0  0.00     0.00
  184 R    -1   5   0  -2  -3   1   0  -2   0  -3  -2   2  -1  -3  -2  -1  -1  -3  -2  -2    0   0   0   0   0   0   0   0   0   0   0   0   0   0   0   0   0   0   0   0  0.00     0.00
  185 R    -1   5   0  -2  -3   1   0  -2   0  -3  -2   2  -1  -3  -2  -1  -1  -3  -2  -2    0   0   0   0   0   0   0   0   0   0   0   0   0   0   0   0   0   0   0   0  0.00     0.00
  186 I    -1  -3  -3  -3  -1  -3  -3  -4  -3   4   1  -3   1   0  -3  -2  -1  -3  -1   2    0   0   0   0   0   0   0   0   0   0   0   0   0   0   0   0   0   0   0   0  0.00     0.00
  187 S     1  -1   1   0  -1   0   0   0  -1  -2  -2   0  -1  -2  -1   4   1  -3  -2  -2    0   0   0   0   0   0   0   0   0   0   0   0   0   0   0   0   0   0   0   0  0.00     0.00
  188 Y    -2  -2  -2  -3  -2  -1  -2  -3   2  -1  -1  -2  -1   3  -3  -2  -2   2   6  -1    0   0   0   0   0   0   0   0   0   0   0   0   0   0   0   0   0   0   0   0  0.00     0.00
  189 L    -1  -2  -3  -4  -1  -2  -3  -4  -3   1   4  -2   2   0  -3  -2  -1  -2  -1   1    0   0   0   0   0   0   0   0   0   0   0   0   0   0   0   0   0   0   0   0  0.00     0.00
  190 E    -1   0   0   1  -4   2   5  -2   0  -3  -3   1  -2  -3  -1   0  -1  -3  -2  -2    0   0   0   0   0   0   0   0   0   0   0   0   0   0   0   0   0   0   0   0  0.00     0.00
  191 R    -1   5   0  -2  -3   1   0  -2   0  -3  -2   2  -1  -3  -2  -1  -1  -3  -2  -2    0   0   0   0   0   0   0   0   0   0   0   0   0   0   0   0   0   0   0   0  0.00     0.00
  192 C     0  -3  -3  -3   8  -3  -4  -2  -3  -1  -1  -3  -1  -2  -3  -1  -1  -2  -2  -1    0   0   0   0   0   0   0   0   0   0   0   0   0   0   0   0   0   0   0   0  0.00     0.00
  193 D    -2  -2   1   6  -3   0   1  -1  -1  -3  -4  -1  -3  -3  -1   0  -1  -4  -3  -3    0   0   0   0   0   0   0   0   0   0   0   0   0   0   0   0   0   0   0   0  0.00     0.00
  194 I    -1  -3  -3  -3  -1  -3  -3  -4  -3   4   1  -3   1   0  -3  -2  -1  -3  -1   2    0   0   0   0   0   0   0   0   0   0   0   0   0   0   0   0   0   0   0   0  0.00     0.00
  195 V     0  -2  -3  -3  -1  -2  -2  -3  -3   2   1  -2   1  -1  -2  -2   0  -3  -1   4    0   0   0   0   0   0   0   0   0   0   0   0   0   0   0   0   0   0   0   0  0.00     0.00
  196 M    -1  -1  -2  -3  -1   0  -2  -3  -2   1   2  -1   5   0  -2  -1  -1  -1  -1   1    0   0   0   0   0   0   0   0   0   0   0   0   0   0   0   0   0   0   0   0  0.00     0.00
  197 I    -1  -3  -3  -3  -1  -3  -3  -4  -3   4   1  -3   1   0  -3  -2  -1  -3  -1   2    0   0   0   0   0   0   0   0   0   0   0   0   0   0   0   0   0   0   0   0  0.00     0.00
  198 G     0  -2   0  -1  -2  -2  -2   5  -2  -4  -4  -1  -3  -3  -2   0  -2  -2  -3  -3    0   0   0   0   0   0   0   0   0   0   0   0   0   0   0   0   0   0   0   0  0.00     0.00
  199 R    -1   5   0  -2  -3   1   0  -2   0  -3  -2   2  -1  -3  -2  -1  -1  -3  -2  -2    0   0   0   0   0   0   0   0   0   0   0   0   0   0   0   0   0   0   0   0  0.00     0.00
  200 A     4  -1  -1  -2   0  -1  -1   0  -2  -1  -1  -1  -1  -2  -1   1   0  -2  -2   0    0   0   0   0   0   0   0   0   0   0   0   0   0   0   0   0   0   0   0   0  0.00     0.00
  201 A     4  -1  -1  -2   0  -1  -1   0  -2  -1  -1  -1  -1  -2  -1   1   0  -2  -2   0    0   0   0   0   0   0   0   0   0   0   0   0   0   0   0   0   0   0   0   0  0.00     0.00
  202 H    -2   0   1  -1  -3   0   0  -2   7  -3  -3  -1  -2  -1  -2  -1  -2  -2   2  -3    0   0   0   0   0   0   0   0   0   0   0   0   0   0   0   0   0   0   0   0  0.00     0.00
  203 A     4  -1  -1  -2   0  -1  -1   0  -2  -1  -1  -1  -1  -2  -1   1   0  -2  -2   0    0   0   0   0   0   0   0   0   0   0   0   0   0   0   0   0   0   0   0   0  0.00     0.00
  204 A     4  -1  -1  -2   0  -1  -1   0  -2  -1  -1  -1  -1  -2  -1   1   0  -2  -2   0    0   0   0   0   0   0   0   0   0   0   0   0   0   0   0   0   0   0   0   0  0.00     0.00
  205 E    -1   0   0   1  -4   2   5  -2   0  -3  -3   1  -2  -3  -1   0  -1  -3  -2  -2    0   0   0   0   0   0   0   0   0   0   0   0   0   0   0   0   0   0   0   0  0.00     0.00
  206 R    -1   5   0  -2  -3   1   0  -2   0  -3  -2   2  -1  -3  -2  -1  -1  -3  -2  -2    0   0   0   0   0   0   0   0   0   0   0   0   0   0   0   0   0   0   0   0  0.00     0.00
  207 K    -1   2   0  -1  -3   1   1  -1  -1  -3  -2   4  -1  -3  -1   0  -1  -3  -2  -2    0   0   0   0   0   0   0   0   0   0   0   0   0   0   0   0   0   0   0   0  0.00     0.00
  208 A     4  -1  -1  -2   0  -1  -1   0  -2  -1  -1  -1  -1  -2  -1   1   0  -2  -2   0    0   0   0   0   0   0   0   0   0   0   0   0   0   0   0   0   0   0   0   0  0.00     0.00
  209 R    -1   5   0  -2  -3   1   0  -2   0  -3  -2   2  -1  -3  -2  -1  -1  -3  -2  -2    0   0   0   0   0   0   0   0   0   0   0   0   0   0   0   0   0   0   0   0  0.00     0.00
  210 S     1  -1   1   0  -1   0   0   0  -1  -2  -2   0  -1  -2  -1   4   1  -3  -2  -2    0   0   0   0   0   0   0   0   0   0   0   0   0   0   0   0   0   0   0   0  0.00     0.00
  211 Y    -2  -2  -2  -3  -2  -1  -2  -3   2  -1  -1  -2  -1   3  -3  -2  -2   2   6  -1    0   0   0   0   0   0   0   0   0   0   0   0   0   0   0   0   0   0   0   0  0.00     0.00
  212 L    -1  -2  -3  -4  -1  -2  -3  -4  -3   1   4  -2   2   0  -3  -2  -1  -2  -1   1    0   0   0   0   0   0   0   0   0   0   0   0   0   0   0   0   0   0   0   0  0.00     0.00
  213 D    -2  -2   1   6  -3   0   1  -1  -1  -3  -4  -1  -3  -3  -1   0  -1  -4  -3  -3    0   0   0   0   0   0   0   0   0   0   0   0   0   0   0   0   0   0   0   0  0.00     0.00
  214 A     4  -1  -1  -2   0  -1  -1   0  -2  -1  -1  -1  -1  -2  -1   1   0  -2  -2   0    0   0   0   0   0   0   0   0   0   0   0   0   0   0   0   0   0   0   0   0  0.00     0.00
  215 C     0  -3  -3  -3   8  -3  -4  -2  -3  -1  -1  -3  -1  -2  -3  -1  -1  -2  -2  -1    0   0   0   0   0   0   0   0   0   0   0   0   0   0   0   0   0   0   0   0  0.00     0.00
  216 G     0  -2   0  -1  -2  -2  -2   5  -2  -4  -4  -1  -3  -3  -2   0  -2  -2  -3  -3    0   0   0   0   0   0   0   0   0   0   0   0   0   0   0   0   0   0   0   0  0.00     0.00
  217 R    -1   5   0  -2  -3   1   0  -2   0  -3  -2   2  -1  -3  -2  -1  -1  -3  -2  -2    0   0   0   0   0   0   0   0   0   0   0   0   0   0   0   0   0   0   0   0  0.00     0.00
  218 E    -1   0   0   1  -4   2   5  -2   0  -3  -3   1  -2  -3  -1   0  -1  -3  -2  -2    0   0   0   0   0   0   0   0   0   0   0   0   0   0   0   0   0   0   0   0  0.00     0.00
  219 K    -1   2   0  -1  -3   1   1  -1  -1  -3  -2   4  -1  -3  -1   0  -1  -3  -2  -2    0   0   0   0   0   0   0   0   0   0   0   0   0   0   0   0   0   0   0   0  0.00     0.00
  220 Q    -1   1   0   0  -3   5   2  -2   0  -3  -2   1   0  -3  -1   0  -1  -2  -1  -2    0   0   0   0   0   0   0   0   0   0   0   0   0   0   0   0   0   0   0   0  0.00     0.00
  221 W    -2  -3  -4  -4  -2  -2  -3  -2  -2  -3  -2  -3  -1   1  -4  -3  -2  10   2  -3    0   0   0   0   0   0   0   0   0   0   0   0   0   0   0   0   0   0   0   0  0.00     0.00
  222 L    -1  -2  -3  -4  -1  -2  -3  -4  -3   1   4  -2   2   0  -3  -2  -1  -2  -1   1    0   0   0   0   0   0   0   0   0   0   0   0   0   0   0   0   0   0   0   0  0.00     0.00
  223 K    -1   2   0  -1  -3   1   1  -1  -1  -3  -2   4  -1  -3  -1   0  -1  -3  -2  -2    0   0   0   0   0   0   0   0   0   0   0   0   0   0   0   0   0   0   0   0  0.00     0.00
  224 V     0  -2  -3  -3  -1  -2  -2  -3  -3   2   1  -2   1  -1  -2  -2   0  -3  -1   4    0   0   0   0   0   0   0   0   0   0   0   0   0   0   0   0   0   0   0   0  0.00     0.00
  225 R    -1   5   0  -2  -3   1   0  -2   0  -3  -2   2  -1  -3  -2  -1  -1  -3  -2  -2    0   0   0   0   0   0   0   0   0   0   0   0   0   0   0   0   0   0   0   0  0.00     0.00
  226 E    -1   0   0   1  -4   2   5  -2   0  -3  -3   1  -2  -3  -1   0  -1  -3  -2  -2    0   0   0   0   0   0   0   0   0   0   0   0   0   0   0   0   0   0   0   0  0.00     0.00
  227 L    -1  -2  -3  -4  -1  -2  -3  -4  -3   1   4  -2   2   0  -3  -2  -1  -2  -1   1    0   0   0   0   0   0   0   0   0   0   0   0   0   0   0   0   0   0   0   0  0.00     0.00
  228 F    -2  -3  -3  -3  -2  -3  -3  -3  -1   0   0  -3   0   6  -3  -2  -2   1   3  -1    0   0   0   0   0   0   0   0   0   0   0   0   0   0   0   0   0   0   0   0  0.00     0.00
  229 G     0  -2   0  -1  -2  -2  -2   5  -2  -4  -4  -1  -3  -3  -2   0  -2  -2  -3  -3    0   0   0   0   0   0   0   0   0   0   0   0   0   0   0   0   0   0   0   0  0.00     0.00
  230 A     4  -1  -1  -2   0  -1  -1   0  -2  -1  -1  -1  -1  -2  -1   1   0  -2  -2   0    0   0   0   0   0   0   0   0   0   0   0   0   0   0   0   0   0   0   0   0  0.00     0.00
  231 F    -2  -3  -3  -3  -2  -3  -3  -3  -1   0   0  -3   0   6  -3  -2  -2   1   3  -1    0   0   0   0   0   0   0   0   0   0   0   0   0   0   0   0   0   0   0   0  0.00     0.00
  232 A     4  -1  -1  -2   0  -1  -1   0  -2  -1  -1  -1  -1  -2  -1   1   0  -2  -2   0    0   0   0   0   0   0   0   0   0   0   0   0   0   0   0   0   0   0   0   0  0.00     0.00
  233 G     0  -2   0  -1  -2  -2  -2   5  -2  -4  -4  -1  -3  -3  -2   0  -2  -2  -3  -3    0   0   0   0   0   0   0   0   0   0   0   0   0   0   0   0   0   0   0   0  0.00     0.00
  234 I    -1  -3  -3  -3  -1  -3  -3  -4  -3   4   1  -3   1   0  -3  -2  -1  -3  -1   2    0   0   0   0   0   0   0   0   0   0   0   0   0   0   0   0   0   0   0   0  0.00     0.00
  235 N    -1   0   6   1  -3   0   0   0   1  -3  -3   0  -2  -3  -2   1   0  -4  -2  -3    0   0   0   0   0   0   0   0   0   0   0   0   0   0   0   0   0   0   0   0  0.00     0.00
  236 F    -2  -3  -3  -3  -2  -3  -3  -3  -1   0   0  -3   0   6  -3  -2  -2   1   3  -1    0   0   0   0   0   0   0   0   0   0   0   0   0   0   0   0   0   0   0   0  0.00     0.00
  237 E    -1   0   0   1  -4   2   5  -2   0  -3  -3   1  -2  -3  -1   0  -1  -3  -2  -2    0   0   0   0   0   0   0   0   0   0   0   0   0   0   0   0   0   0   0   0  0.00     0.00
  238 C     0  -3  -3  -3   8  -3  -4  -2  -3  -1  -1  -3  -1  -2  -3  -1  -1  -2  -2  -1    0   0   0   0   0   0   0   0   0   0   0   0   0   0   0   0   0   0   0   0  0.00     0.00
  239 G     0  -2   0  -1  -2  -2  -2   5  -2  -4  -4  -1  -3  -3  -2   0  -2  -2  -3  -3    0   0   0   0   0   0   0   0   0   0   0   0   0   0   0   0   0   0   0   0  0.00     0.00
  240 Q    -1   1   0   0  -3   5   2  -2   0  -3  -2   1   0  -3  -1   0  -1  -2  -1  -2    0   0   0   0   0   0   0   0   0   0   0   0   0   0   0   0   0   0   0   0  0.00     0.00
  241 V     0  -2  -3  -3  -1  -2  -2  -3  -3   2   1  -2   1  -1  -2  -2   0  -3  -1   4    0   0   0   0   0   0   0   0   0   0   0   0   0   0   0   0   0   0   0   0  0.00     0.00
  242 L    -1  -2  -3  -4  -1  -2  -3  -4  -3   1   4  -2   2   0  -3  -2  -1  -2  -1   1    0   0   0   0   0   0   0   0   0   0   0   0   0   0   0   0   0   0   0   0  0.00     0.00
  243 G     0  -2   0  -1  -3  -2  -2   6  -2  -4  -4  -2  -3  -3  -2   0  -2  -3  -3  -3    0   0   0   0   0   0   0 100   0   0   0   0   0   0   0   0   0   0   0   0  1.04 0.00
  244 P    -1  -2  -2  -2  -3  -1  -1  -2  -2  -3  -3  -1  -3  -4   8  -1  -1  -4  -3  -3    0   0   0   0   0   0   0   0   0   0   0   0   0   0 100   0   0   0   0   0  2.05 0.01
  245 G     0  -2   0  -1  -3  -2  -2   6  -2  -4  -4  -2  -3  -3  -2   0  -2  -3  -3  -3    0   0   0   0   0   0   0 100   0   0   0   0   0   0   0   0   0   0   0   0  1.04 0.00
  246 Q     0   0   0  -1  -2   4   1  -2   0  -2  -2   0  -1  -3  -1   1   3  -2  -2  -1    0   0   0   0   0  50   0   0   0   0   0   0   0   0   0   0  50   0   0   0  0.38 0.00
  247 A     3  -1   0  -1  -1   0  -1   0  -1  -2  -2   0  -1  -2  -1   3   1  -3  -2  -1   50   0   0   0   0   0   0   0   0   0   0   0   0   0   0  50   0   0   0   0  0.35 0.00
  248 L    -2  -2  -4  -4  -1  -2  -3  -4  -3   2   4  -3   2   0  -3  -3  -1  -2  -1   1    0   0   0   0   0   0   0   0   0   0 100   0   0   0   0   0   0   0   0   0  0.46 0.00
  249 F    -2  -3  -3  -4  -2  -3  -3  -4  -2   1   3  -3   1   5  -3  -3  -2   0   2   0    0   0   0   0   0   0   0   0   0   0  50   0   0  50   0   0   0   0   0   0  0.43 0.00
  250 I     3  -2  -2  -3  -1  -2  -2  -1  -2   3   0  -2   0  -1  -2   0   0  -3  -2   2   50   0   0   0   0   0   0   0   0  50   0   0   0   0   0   0   0   0   0   0  0.19 0.00
  251 T     0  -1   0  -1  -1  -1  -1  -2  -2  -1  -1  -1  -1  -2  -1   1   5  -3  -2   0    0   0   0   0   0   0   0   0   0   0   0   0   0   0   0   0 100   0   0   0  0.48 0.01
  252 R    -1   4  -1  -2  -3   0  -1  -2  -1  -3  -3   1  -2  -3   6  -1  -1  -3  -2  -3    0  50   0   0   0   0   0   0   0   0   0   0   0   0  50   0   0   0   0   0  0.98 0.00
  253 E     0   0   0   1  -2   1   4  -1  -1  -3  -3   0  -2  -3  -1   3   0  -3  -2  -2    0   0   0   0   0   0  50   0   0   0   0   0   0   0   0  50   0   0   0   0  0.43 0.00
  254 H    -1   0   0   1  -4   1   4  -2   6  -3  -3   0  -2  -2  -2  -1  -1  -3   0  -3    0   0   0   0   0   0  50   0  50   0   0   0   0   0   0   0   0   0   0   0  0.58 0.00
  255 C     0  -3  -1  -2   7  -2  -3   4  -3  -2  -2  -2  -2  -3  -3  -1  -1  -3  -3  -2    0   0   0   0  50   0   0  50   0   0   0   0   0   0   0   0   0   0   0   0  0.75 0.00
  256 V    -1  -2  -3  -4  -1  -2  -3  -4  -3   2   3  -3   1   0  -3  -2  -1  -2  -1   3    0   0   0   0   0   0   0   0   0   0  50   0   0   0   0   0   0   0   0  50  0.32 0.00
  257 K     0   1   0  -1  -2   1   0  -1  -1  -3  -3   3  -2  -3  -1   3   1  -3  -2  -2    0   0   0   0   0   0   0   0   0   0   0  50   0   0   0  50   0   0   0   0  0.34 0.00
  258 T     0  -1   0  -1  -1  -1  -1  -2  -2  -1  -1  -1  -1  -2  -1   1   5  -3  -2   0    0   0   0   0   0   0   0   0   0   0   0   0   0   0   0   0 100   0   0   0  0.48 0.01
  259 R     0   4   0  -1  -2   1   0  -1  -1  -3  -2   1  -2  -3  -1   3   0  -3  -2  -2    0  50   0   0   0   0   0   0   0   0   0   0   0   0   0  50   0   0   0   0  0.40 0.00
  260 T     0  -2  -1  -1  -2  -1  -1  -2  -2  -2  -2  -1  -2  -3   6   1   3  -3  -2  -1    0   0   0   0   0   0   0   0   0   0   0   0   0   0  50   0  50   0   0   0  0.90 0.00
  261 H    -1  -1   0  -1  -3   0  -1  -2   6  -3  -3  -1  -2  -2   6  -1  -1  -3   0  -3    0   0   0   0   0   0   0   0  50   0   0   0   0   0  50   0   0   0   0   0  1.03 0.00
  262 Q     0   0   0  -1  -2   4   1  -2   0  -2  -2   0  -1  -3  -1   1   3  -2  -2  -1    0   0   0   0   0  50   0   0   0   0   0   0   0   0   0   0  50   0   0   0  0.38 0.00
  263 I    -1  -3  -3  -3  -1  -3  -3  -4  -3   4   2  -3   1   0  -3  -3  -1  -3  -1   3    0   0   0   0   0   0   0   0   0 100   0   0   0   0   0   0   0   0   0   0  0.39 0.00
  264 H     0  -1   1  -1  -2   0   0  -1   7  -3  -3  -1  -2  -2  -2   2   0  -3   1  -3    0   0   0   0   0   0   0   0  66   0   0   0   0   0   0  34   0   0   0   0  0.58 0.02
  265 H    -1   1   0  -1  -3   1   0  -2   7  -3  -3   2  -2  -2  -2  -1  -1  -3   1  -3    0   0   0   0   0   0   0   0  66   0   0  34   0   0   0   0   0   0   0   0  0.61 0.02
  266 A     3  -2  -1  -2  -1  -1  -1   3  -2  -2  -2  -1  -2  -3  -1   1  -1  -3  -2  -1   66   0   0   0   0   0   0  34   0   0   0   0   0   0   0   0   0   0   0   0  0.44 0.01
  267 I    -2  -3  -3  -4  -2  -3  -3  -4  -2   2   2  -3   1   4  -3  -3  -1  -1   1   1    0   0   0   0   0   0   0   0   0  33  34   0   0  33   0   0   0   0   0   0  0.35 0.01
  268 C    -1  -4  -3  -4   9  -3  -4  -3  -3  -1  -1  -3  -2  -3  -3  -1  -1  -3  -3  -1    0   0   0   0 100   0   0   0   0   0   0   0   0   0   0   0   0   0   0   0  1.33 0.03
  269 L    -1  -2  -2  -3  -2  -2  -2  -3  -2   0   2  -2   1   4  -2  -1   2  -1   1   0    0   0   0   0   0   0   0   0   0   0  33   0   0  33   0   0  34   0   0   0  0.24 0.01
  270 S     0   3   0  -1  -2   0   0  -1  -1  -3  -3   1  -2  -3  -1   3   1  -3  -2  -2    0  33   0   0   0   0   0   0   0   0   0   0   0   0   0  67   0   0   0   0  0.39 0.01
  271 A     3  -2  -2  -2  -1  -2  -2   3  -2   0  -1  -1  -1  -2  -2   0   0  -3  -2   1   50   0   0   0   0   0   0  25   0   0   0   0   0   0   0   0   0   0   0  25  0.27 0.02
  272 A     1  -2  -2  -2  -1  -2  -2  -2  -2   1   2  -2   1  -1  -2   0   2  -3  -2   2   24   0   0   0   0   0   0   0   0   0  26   0   0   0   0   0  25   0   0  25  0.17 0.01
  273 S     1  -1   0  -1  -1  -1  -1  -1  -1  -1   1  -1   0  -2  -1   4   1  -3  -2  -1    0   0   0   0   0   0   0   0   0   0  25   0   0   0   0  75   0   0   0   0  0.28 0.03
  274 A     5  -2  -2  -2  -1  -1  -1   0  -2  -2  -2  -1  -1  -3  -1   1   0  -3  -2   0  100   0   0   0   0   0   0   0   0   0   0   0   0   0   0   0   0   0   0   0  0.49 0.04
  275 M    -1  -1  -1  -1  -1   0  -1  -1  -1   1   2  -1   3   0  -1  -1   0  -1  -1   0    4   3   2   3   1   2   3   4   1   3  31   3  25   2   3   4   3   1   2   3  0.08 0.01
  276 I     0  -1   0  -1  -1   0   0  -1  -1   1   0  -1   0  -1   0   2   0  -1  -1   1    4   3   2   3   1   2   3   4   1  27   4   3   1   2   3  30   3   1   2   3  0.05 0.00
  277 A     3  -1   0   3  -1   0   0   0  -1  -1  -2  -1  -1  -2  -1   1   0  -2  -2  -1   51   1   1  27   0   1   2   2   1   1   2   1   1   1   1   2   1   0   1   2  0.23 0.01
  278 L    -1  -2  -2  -2  -1  -1  -1  -2  -2   0   3  -1   1   0   4  -1  -1  -2  -1   0    2   1   1   1   0   1   2   2   1   1  52   1   1   1  26   2   1   0   1   2  0.35 0.01
  279 C     2  -2  -1  -2   5  -1  -1  -1  -2  -2  -2  -1  -2  -3   4   2   0  -3  -2  -1   25   0   0   0  24   0   0   0   0   0   0   0   0   0  26  25   0   0   0   0  0.54 0.02
  280 A     2  -1  -1  -1  -2   0   2  -1  -1  -2  -3  -1  -2  -3   3   2   0  -3  -2  -2   32   0   0   0   0   0  18   0   0   0   0   0   0   0  17  33   0   0   0   0  0.41 0.05
  281 A     3  -1  -1  -1  -2   0   2   2  -1  -3  -3  -1  -2  -3  -1   2   0  -3  -2  -2   46   0   0   0   0   0  26  13   0   0   0   0   0   0   0  14   0   0   0   0  0.36 0.07
  282 A     2  -2  -1  -1  -1  -1   1   1  -2  -1   0  -1  -1  -2  -2   1   2  -3  -2  -1   24   0   0   0   0   0  13  13   0   0  14   0   0   0   0  13  22   0   0   0  0.18 0.04
  283 A     2   1  -2  -2  -2  -1   1  -2  -2   1  -1  -1  -1  -2  -2  -1  -1  -3  -2   3   26  13   0   0   0   0  13   0   0   0   0   0   0   0   0   0   0   0   0  48  0.20 0.07
  284 Q     2  -1   2   0  -2   4   2  -1  -1  -3  -3   0  -2  -3   2   0  -1  -3  -2  -2   27   0  13   0   0  33  13   0   0   0   0   0   0   0  13   0   0   0   0   0  0.41 0.08
  285 A     2  -1  -1  -1  -2   3   2   1  -1  -2  -2   0  -1  -3  -2   0   2  -3  -2  -1   25   0   0   0   0  22  14  13   0   0   0   0   0   0   0   0  26   0   0   0  0.29 0.06
  286 A     1  -2  -1  -2  -2  -1  -1   1  -2  -3  -3  -1  -3  -4   6   2  -1  -4  -3  -2   11   0   0   0   0   0   0  13   0   0   0   0   0   0  49  26   0   0   0   0  0.93 0.09
  287 N     0   3   3  -1  -3   0   1   2  -1  -3  -3   0  -2  -3   2   0  -1  -3  -3  -3   11  25  22   0   0   0  11  20   0   0   0   0   0   0  12   0   0   0   0   0  0.36 0.07
  288 P    -2  -2  -2  -1  -4  -1   2  -3  -2  -4  -4  -1  -3  -4   7  -1  -2  -4  -4  -3    0   0   0   0   0   0  22   0   0   0   0   0   0   0  78   0   0   0   0   0  1.76 0.19
  289 P     1  -3  -2  -2  -3  -2  -2   1  -3  -3  -3  -2  -3  -4   7  -1   1  -4  -3  -2   16   0   0   0   0   0   0  11   0   0   0   0   0   0  62   0  11   0   0   0  1.23 0.14
  290 S     1   0  -1  -1  -2   2  -1   1  -2  -1  -2   1  -1  -3  -2   1   3  -3  -2   0   11   0   0   0   0  12   0  11   0   0   0  16   0   0   0   9  32   0   0   9  0.23 0.07
  291 S     0  -1   0  -1   4   3   0   1  -1  -3  -3  -1  -2  -3  -2   4   0  -3  -2  -2    0   0   0   0  11  21   0  11   0   0   0   0   0   0   0  58   0   0   0   0  0.48 0.13
  292 P    -1   1  -2  -2  -3  -2  -2  -3  -3  -4  -4  -1  -3  -4   7   1  -1  -4  -4  -3    0  11   0   0   0   0   0   0   0   0   0   0   0   0  78  11   0   0   0   0  1.69 0.18
  293 P     2  -2  -2   1  -2  -1   1  -2  -2  -2  -2  -1  -2  -3   5  -1  -1  -4  -3   0   27   0   0  11   0   0  11   0   0   0   0   0   0   0  41   0   0   0   0  11  0.70 0.10
  294 M    -1   0  -1  -1  -2   2   1  -2  -1   0  -1   2   3  -2  -2   1  -1  -3  -2   1    0   0   0   0   0  16  11   0   0   0   0  20  20   0   0  12   0   0   0  21  0.20 0.08
  295 P     0  -3  -3  -2  -3  -1   1  -3  -3  -2  -3  -2  -2  -4   7  -1  -1  -4  -3   0   11   0   0   0   0   0  11   0   0   0   0   0   0   0  67   0   0   0   0  11  1.33 0.15
  296 P     1  -2  -2  -1  -2  -1   1   1  -2  -2   0  -1  -1   1   4   1  -1  -2  -1  -2   16   0   0   0   0   0  11  12   0   0  11   0   0  11  28  11   0   0   0   0  0.37 0.07
  297 P    -1  -3  -2  -2  -3  -2  -2   4  -3  -3  -3  -2  -3  -3   5  -1   1   5  -2  -3    0   0   0   0   0   0   0  39   0   0   0   0   0   0  39   0  11  11   0   0  0.96 0.13
  298 M    -1  -1  -1  -1  -2   0   2  -2  -2  -1   1  -1   3  -2  -2   2   2  -3  -2  -1    0   0   0   0   0   0  21   0   0   0  21   0  20   0   0  22  16   0   0   0  0.21 0.09
  299 P    -1  -2  -2  -2  -2  -1   0   0  -2   0   0  -1  -1  -2   5   1  -1  -3  -2   1    0   0   0   0   0   0  10   9   0   0  11   0   0   0  32  16   0   0   0  22  0.43 0.08
  300 P    -2  -3  -3  -2  -4  -2  -2  -3  -3  -3  -4  -2  -3  -4   8  -1   1  -5  -4  -3    0   0   0   0   0   0   0   0   0   0   0   0   0   0  89   0  11   0   0   0  2.06 0.21
  301 P     3  -2  -1  -2  -2   1  -1  -1  -2  -2  -3  -1  -2  -3   5   1   1  -3  -3  -2   36   0   0   0   0  11   0   0   0   0   0   0   0   0  31  12  10   0   0   0  0.60 0.10
  302 M    -1  -1  -1  -2  -2   2  -1  -3  -2   0   1   0   3  -1  -2   0   1  -3  -2   2    0   0   0   0   0  16   0   0   0   0  12   9  20   0   0  10  11   0   0  22  0.16 0.07
  303 P    -1  -3  -2  -2  -3  -2  -2   1  -3  -4  -4  -2  -3  -4   7   1  -2  -4  -4  -3    0   0   0   0   0   0   0  11   0   0   0   0   0   0  78  11   0   0   0   0  1.70 0.18
  304 P     2  -3  -2  -2  -3  -2  -2   1  -3  -3  -3  -2  -3  -4   7  -1  -2  -4  -3  -3   22   0   0   0   0   0   0  11   0   0   0   0   0   0  67   0   0   0   0   0  1.39 0.16
  305 V     3  -2  -2  -2  -1  -1   1   1  -2   0  -1  -1  -1  -2  -2   1   0  -3  -2   2   39   0   0   0   0   0  11  11   0   0   0   0   0   0   0  11   0   0   0  28  0.22 0.08
  306 G     1  -1  -1  -1  -2   2  -1   3  -1  -2  -2   1  -1  -3  -2   1   1  -3  -2   0   10   0   0   0   0  21   0  31   0   0   0   8   0   0   0  11   8   0   0  11  0.28 0.07
  307 A     2  -2  -1  -2  -1   1  -1  -1  -2  -1  -1  -1   2  -2   2   1   2  -3  -2   0   28   0   0   0   0   9   0   0   0   0   0   0  11   0  12  11  19   0   0  10  0.25 0.07
  308 C     2  -2  -1  -2   3  -1  -1  -1  -2   0  -1  -1  -1  -2   3   1   2  -3  -2   0   23   0   0   0   9   0   1   1   0  11   1   0   0   0  19  12  20   0   0   1  0.32 0.06
  309 G     1  -2  -1  -2  -2  -2  -2   4  -2  -1  -2  -2  -2  -3  -2   0   2  -3  -2   0   13   0   0   0   0   0   1  48   0   0   1   0   0   0   0   1  22   0   0  11  0.44 0.08
  310 C     0   0  -1  -1   3   1   0  -1  -1  -2  -2   1  -1  -2   4   1   0  -2  -2  -1    2   2   1   2  10   9   2   2   1   2   3  14   1   1  23  22   2   0   1   2  0.33 0.04
  311 H     0   0   0   2  -2   2   2  -1   2  -2  -2   0  -1  -2  -1   1   0  -1  -1  -1    3   2   2  14   1  10  21   3  10   2   4   2   1   2   2  14   2   1   1   3  0.19 0.02
  312 D     0   0   0   2  -2   1   2  -1  -1  -2  -2   2  -1  -2   0   1   0  -2  -1  -1    3   2   2  11   1   2  24   3   1   2   4  19   1   2   2  15   2   1   1   3  0.19 0.03
  313 Y    -1  -1  -1  -1  -1  -1  -1  -1  -1  -1  -1  -1  -1  -1   5   0  -1  -1   2  -1    4   3   2   3   1   2   3   4   1   3   5   3   1   2  42   4   3   1  11   3  0.56 0.04
  314 R     0   1   0   0  -1   0   0  -1  -1  -1  -1   0  -1  -1   2   2   1  -1  -1  -1    4  12   2   3   1   2   3   4   1   3   5   3   1   2  11  24  13   1   2   3  0.14 0.02
  315 N     1   0   2   0  -1   0   0   0   0  -1  -1   0  -1  -1   0   2   0  -1  -1  -1   12   3  12   3   1   2   3   4   1   3   5   3   1   2   3  35   3   1   2   3  0.14 0.02
  316 G     0  -1   0   0  -1   1   1   2  -1  -2  -1   0  -1  -2   2   0   1  -1  -1  -1    3   2   2   2   1  10  11  23   1   2   4   2   1   2  12   3  14   1   1   3  0.20 0.02
  317 A     2  -1  -1  -1  -1   2   0  -1  -1  -2  -2   0  -1  -2   4   0   1  -2  -2  -1   33   1   1   1   0  18   1   1   0   1   2   1   0   1  23   1  12   0   1   1  0.38 0.06
  318 L     2  -2  -2  -2  -1  -2  -2  -2  -2   1   1  -2   0   2   2   0   1  -2  -1   1   27   1   0   1   0   0   1   1   0  11  10   1   0  12   9   1  12   0   0  12  0.13 0.04
  319 G     1  -2  -1  -1  -2  -1  -2   5  -2  -3  -3  -1  -2  -3   2   0  -1  -2  -2  -2   12   1   1   1   0   1   1  57   0   1   2   1   0   1  13   2   1   0   1   1  0.59 0.07
  320 L    -1  -1  -2  -1  -1  -1   1  -2  -1   0   2  -1   1   2   2  -1  -1  -1   0   0    3   2   1   2   1   1  13   2   1   2  39   2   1  13  10   2   2   0   1   2  0.13 0.03
  321 E    -1   0   0   0  -2   1   3  -1  -1  -2  -2   1  -1  -2   3   0   1  -2  -1  -1    3   2   1   2   1   1  38   2   1   2   3  10   1   1  14   2  13   0   1   2  0.31 0.05
  322 Y     1   0   0  -1  -1   0   0  -1   0  -1  -1   1  -1   0   0   0   1   0   2  -1   13   3   2   3   1   2   3   4   1   3   5  19   1   2   3   4  14   1  11   4  0.06 0.01
  323 V     0  -1  -1  -2  -1  -1  -1  -2  -2   1   1  -1   0  -1  -1   0   2  -2  -1   3    2   2   1   2   1   1   2   2   1   2  10   2   1   1   2   2  26   0   1  39  0.16 0.05
  324 C     1  -1  -1  -1   3  -1  -1  -1  -1  -1  -1  -1  -1  -2   4   1   1  -2  -2  -1   19   2   1   2   9   1   2   2   1   2   3   2   1   1  21  17  12   0   1   2  0.30 0.04
  325 M    -1  -1  -1  -1  -1   1  -1  -2  -1   1   1  -1   1  -1   2   0   1  -2  -1   1    2   1   1   2   1   8   2   2   1  10  18   2   8   1  11   9  10   0   1  10  0.10 0.03
  326 K     1   0   0  -1  -1   1   0  -1  -1  -1  -1   2  -1  -2   3   1   1  -2  -1  -1   12   2   2   2   1   8   2   3   1   2   3  18   1   1  17  10  11   0   1   2  0.23 0.03
  327 W     1  -1  -1  -1  -2   2   2  -1  -1  -2  -2  -1  -1  -1   1  -1  -1   8   0  -2   16   2   1   2   1  12  15   2   1   2   3   2   1   1   7   2   2  27   1   2  0.55 0.10
  328 E    -1  -1  -1   1   2   1   3   0  -1  -1  -2  -1  -2  -3   0   2   1  -3  -2  -2    1   1   1   7   7   5  32   5   0   6   1   1   0   0   5  19   7   0   0   1  0.27 0.11
  329 A     2  -2   0  -1  -2  -1   2   1  -2  -2  -2  -1  -2  -3   4  -1  -1  -3  -3   0   28   0   7   0   0   0  17  10   0   0   1   0   0   0  22   0   0   0   0  11  0.38 0.14
  330 G     0  -2  -1  -2  -3  -2  -2   5  -3  -4  -4  -1  -3  -3   0   0   0   4  -3  -3    5   0   0   0   0   0   0  63   0   0   1   5   0   0   4   7   6   6   0   0  0.81 0.21
  331 R    -1   2  -1  -1  -3   1   1   0   2  -3  -3   3  -2   0   2   1  -1  -3   1  -3    0  14   0   0   0   6   6   6   6   0   0  24   0   6  10  16   0   0   5   0  0.29 0.13
  332 N    -1   0   2   1  -3   1   0   2   1  -3  -3   1  -2  -3   2   1   1  -4  -2  -3    0   5  14   6   0   6   5  21   5   0   0   7   0   0   9  13   9   0   0   0  0.30 0.11
  333 V     0  -2  -2   0  -2  -2   0  -3  -3   0   1  -2   1  -2   2   0   1  -3  -2   3    9   0   0   5   0   0   5   0   0   0  14   0   6   0  13   9  10   0   0  30  0.23 0.14
  334 C     1  -1  -2  -2   4  -1   1  -2   1  -1  -1   0   1  -3   0   0   1  -3  -2   1   16   3   0   0  13   0  14   0   5   0   4   5   5   0   4   5  10   0   0  16  0.17 0.12
  335 Y     2   2  -1  -2  -3   1   0   1   1  -1  -2   1  -2  -2   0  -1   0  -3   1  -2   26  14   0   0   0   7   4  11   5   5   0  11   0   0   5   0   5   0   7   0  0.19 0.12
  336 K     1   0   1  -1  -3   2   1  -2  -2  -1  -3   3  -2  -3   1   3  -1  -4  -3  -1    9   3   6   0   0  11   5   0   0   4   0  26   0   0   5  28   0   0   0   5  0.31 0.17
  337 S     1   1   0  -2  -2  -1  -1   1   1  -2  -1   0   0  -3   2   2   1  -3  -2  -1    9  11   5   0   0   0   0  13   4   0   4   3   4   0  13  21   8   0   0   5  0.21 0.11
  338 K     0   0   0  -1  -3   0   1   1  -2  -3  -3   4  -2  -4   0   1   1  -4  -3  -1    4   0   4   0   0   0   9  12   0   0   0  44   0   0   3   7  12   0   0   4  0.41 0.21
  339 Y    -1  -2  -3  -3   1  -2  -1  -3  -2  -1   1   1  -1   2   3  -1  -1  -2   3   0    4   0   0   0   4   0   3   0   0   0  16  11   0  11  19   4   4   0  15   9  0.28 0.15
  340 A     2  -2  -1   2  -3  -1   2  -2   1  -2  -1   1  -2  -1   3   0  -1  -4  -2  -1   22   0   0  13   0   0  20   0   4   0   8  10   0   3  13   4   0   0   0   4  0.28 0.17
  341 W     0   1   0  -1  -3   1   3  -3   1  -3  -2   0  -2   0   1   0  -1   5   0  -1    7  11   4   0   0   3  30   0   3   0   3   3   0   4   5   7   3  10   3   4  0.31 0.18
  342 G     2  -3  -2  -1  -3  -2  -1   5  -3  -4  -4  -1  -3  -4   1   1  -2  -4  -4  -2   16   0   0   3   0   0   3  53   0   0   0   4   0   0   6  10   0   0   0   3  0.70 0.26
  343 A     2   1   0  -2  -2  -1   0   1  -2  -1  -2   1  -2  -3   2   1   2  -3  -3  -1   19   7   3   0   0   0   3  11   0   3   0  12   0   0  11   9  16   0   0   3  0.24 0.14
  344 C     0   0   0  -1   2  -1  -1   4  -2  -1  -2   0   0  -3  -1   1   1  -3  -3  -1    2   6   3   3   5   0   3  34   0   6   0   5   3   0   3  12   9   0   0   3  0.27 0.16
  345 D     0  -1  -1   4  -3   0   2  -1   0  -2  -3   0  -3  -1   0   0   0  -4   0  -2   11   2   0  28   0   2  15   3   3   2   0   6   0   2   4   7   8   0   3   3  0.29 0.18
  346 S     1  -2   2   0   0   0  -1  -1   0  -3  -2   0  -1  -1   0   3   1   1  -2  -3   11   0   9   5   2   4   2   3   2   0   2   7   2   2   4  33   9   2   0   0  0.27 0.22
  347 S     3  -1  -1  -1   0   0   0  -1  -2  -3  -2   0  -2  -4   2   3   1  -4  -3  -1   27   2   2   3   2   2   6   2   0   0   2   5   0   0   9  24   9   0   0   5  0.31 0.23
  348 H     2  -1  -2  -2  -3   0   0  -1   3  -3  -1   0  -2  -3   2   1   1  -3   1  -2   24   2   0   0   0   5   6   4  10   0   5   4   0   0  12  12   8   0   6   2  0.26 0.21
  349 T     0   0  -1  -1  -3   0  -1  -2  -1   0  -2   0  -2  -3   1   0   4  -4  -3   1    8   4   2   4   0   5   2   2   2   4   2   7   0   0   7   6  32   0   0  15  0.26 0.23
  350 R     3   1  -2  -3  -3   1  -1  -1  -3  -2  -3   1  -3  -4   3   2   0  -4  -3   0   27  10   0   0   0   6   2   2   0   2   0  10   0   0  13  17   4   0   0   7  0.36 0.27
  351 C     1  -2  -1  -2   1   0   0  -1  -2  -2  -2  -1  -2  -3   2   3   2  -4  -1   0   11   0   2   0   3   5   4   4   0   0   2   3   0   0  12  26  18   0   2   7  0.32 0.25
  352 L     1  -2   0  -2  -3  -2  -1   3  -3  -2   0  -1   1  -3   1   1   1  -4  -3  -1   12   0   3   0   0   0   3  24   0   0  14   4   4   0   7  12  12   0   0   2  0.25 0.20
  353 D     0  -1   1   3  -3   0   2   1  -2  -3  -3   0  -3  -3   1   1   1  -4  -1  -2    7   2   8  16   0   3  13  10   0   0   2   3   0   0   8  10  11   0   3   2  0.26 0.19
  354 F     2  -1  -2  -1  -3  -1   1   0  -2  -2  -2   1  -2   0   1   1   1  -3   0   0   21   2   0   2   0   1  13   6   0   2   3   9   0   4   6  13   9   0   4   6  0.16 0.18
  355 P    -1  -4  -2  -2  -6   2  -1  -5  -1  -6  -4   0  -5  -6   7  -3   0  -7  -6  -3    4   0   1   1   0   9   3   0   2   0   1   7   0   0  62   1   6   0   0   1  1.61 0.73
  356 S     1  -2  -1   0  -3   0   2  -3  -1  -2  -1   0  -1  -4   0   2   3  -4  -3   1   12   1   1   4   0   4  14   0   1   1   4   6   2   0   4  16  19   0   0   9  0.26 0.26
  357 P    -3  -3  -5  -2  -6  -2  -4  -4  -6  -4  -6  -1  -6  -7   8   0  -3  -7  -6  -3    2   1   0   3   0   2   0   1   0   1   0   4   0   0  74   8   1   0   0   2  2.08 0.89
  358 S     2  -2  -1  -1  -3  -1   0   0   0  -2  -1   0  -1  -3   0   3   2  -1  -3   0   16   1   2   2   0   2   6   6   2   1   6   4   2   0   4  27  11   1   0   6  0.22 0.24
  359 A     1   0   0   0  -3   1   0   1  -2  -1  -2   0  -1  -2   1   1   1   0   0  -1   15   4   4   6   0   6   5  11   0   4   3   5   1   0   8  10   8   1   5   4  0.11 0.12
  360 S     2   0  -2   0  -3   0   1   0  -3  -2  -2   0  -3   0   1   2   1  -4  -3  -1   16   4   0   4   0   4  12   5   0   1   3   5   0   4   8  22   8   0   0   4  0.23 0.23
  361 P    -1  -3  -2  -4  -6  -2   1  -2   0  -4  -5  -1  -1  -3   7  -1   0  -6  -5  -2    4   1   2   0   0   1   9   2   2   1   0   4   2   1  59   4   6   0   0   2  1.39 0.67
  362 S     2   0  -1  -2  -3   1   0   0  -3  -3  -2   0   0  -4   3   2   2  -4  -4  -1   16   4   1   1   0   6   6   6   0   0   3   5   3   0  15  18  14   0   0   3  0.32 0.28
  363 A     2   0   0  -1  -3   1   1  -1   0  -2  -2   1  -2  -4   3   1   0   0  -3  -1   21   4   3   1   0   7  10   4   2   2   4   7   0   0  13  10   5   1   0   4  0.23 0.20
  364 S     2  -2  -1  -3  -3   1   0   0  -3  -2  -3  -1  -1  -4  -1   3   3  -1  -4   0   15   1   2   0   0   6   6   5   0   2   1   2   1   0   2  24  23   1   0   7  0.36 0.33
  365 P    -1  -5  -5  -5  -6  -4  -1  -2  -2  -6  -4  -2  -2  -6   8  -3   0  -7  -3  -3    5   0   0   0   0   0   4   4   1   0   1   2   1   0  69   1   7   0   1   2  1.83 0.83
  366 S     1   0  -1  -2  -3   1   0   1  -3  -3  -3   0  -3  -4   2   2   3  -5  -4  -2   11   4   1   1   0   6   6  12   0   1   1   4   0   0  10  21  19   0   0   1  0.37 0.32
  367 V    -1  -1  -1   0  -4  -1  -1   0   0  -2  -2   0  -3  -3   5   0   1  -4   1   0    5   4   2   5   0   2   4   6   3   1   4   6   0   0  31   6   8   0   6   7  0.45 0.30
  368 S     2   1  -1   0  -2   1   2  -2  -1  -3  -2   2  -3  -2   1   1   1  -4  -3  -3   19   7   1   4   1   7  12   2   1   1   3  12   0   2   8  12  10   0   0   0  0.27 0.26
  369 P     0  -3  -5  -3  -6  -4  -3  -2  -5  -6  -3  -1  -5  -6   8  -1   0  -7  -6  -5    8   1   0   1   0   0   1   3   0   0   3   4   0   0  67   5   7   0   0   0  1.78 0.81
  370 T     1   0  -2  -3  -3   0   0  -1  -2  -2  -2   0  -1  -2   0   1   4  -4  -1   0   15   4   0   0   0   5   7   4   1   1   3   4   1   1   4   8  33   0   3   6  0.33 0.32
  371 V     1  -1  -2  -1  -1   1   0  -1  -4  -2  -1  -1  -3  -4   5   1  -1  -5  -2  -1   15   3   1   2   1   6   6   4   0   2   5   2   0   0  35   9   4   0   1   4  0.59 0.38
  372 S     1  -1  -1  -1  -3   0   0   1  -2  -1  -2  -1   0  -1   2   2   2  -3  -3   0   11   2   1   2   0   3   7  11   0   2   4   4   3   2   9  20  12   0   0   6  0.19 0.19
  373 H     1  -1   0   1  -3   2   1  -1   3  -2  -1   1  -2  -3   1   0   1  -3  -1  -1   11   2   5   8   0   9   8   3   9   0   5   8   0   0   7   7  10   0   2   4  0.16 0.16
  374 Q    -1   0  -2   0  -1   2   3  -1   1  -3  -2   1  -3  -4   0   2   1  -4  -1  -1    4   3   0   3   1   9  21   5   4   0   4  11   0   0   5  16   7   0   2   5  0.25 0.24
  375 P    -1  -5  -5  -3  -6  -3  -1  -3  -5  -2  -6  -1  -5  -2   8   0  -2  -6  -5  -5    4   0   0   1   0   1   4   1   0   3   0   5   0   2  68   8   3   0   0   0  1.78 0.80
  376 S     2  -1  -1  -1   0   0  -1   1  -1  -2  -3   0  -3  -2   2   2   2  -4   0  -1   20   2   2   3   2   3   3   9   1   1   0   4   0   1   9  18  13   0   3   4  0.26 0.25
  377 D     0  -1   0   1  -3   0   1  -1   0  -1  -1   0   0  -3   3   0   1  -4  -1  -1    9   3   3   7   0   3   9   5   2   2   5   7   4   0  16   8  12   0   2   4  0.19 0.17
  378 V     1  -2  -1  -1  -1  -1   0  -1  -1   0  -1  -2   0  -2   1   2   1  -4  -1   2   10   1   1   2   1   2   8   5   1   3   4   1   3   1   7  19  11   0   2  17  0.15 0.20
  379 P     0  -2  -2  -3  -5   0  -1  -1  -4  -4  -1  -2  -2  -5   6   0   0   0  -3  -2    9   1   1   1   0   5   4   6   0   0   8   2   1   0  46   5   7   1   1   2  0.93 0.51
  380 S     1  -1  -1  -1  -3   0   1  -1  -2  -2  -1   0   0  -1   2   1   2  -3  -1   0   10   2   1   3   0   5   9   3   0   0   5   7   2   2  11  12  18   0   3   6  0.19 0.20
  381 R     0   0   0   0  -3   1   2  -2   0  -3  -2   1   0  -2   3   0   0  -1  -1  -1    8   4   3   5   0   5  14   2   3   0   3   9   3   1  16   8   6   1   3   4  0.23 0.19
  382 T     0  -3  -1  -2  -3   0   0   0  -1  -2  -1  -1  -1  -4   1   1   4  -4  -3   1    5   0   1   1   0   5   7   6   1   1   5   3   2   0   8  13  30   0   0  10  0.32 0.31
  383 P     0  -1  -2  -3  -4  -2  -3  -3  -4  -3  -3  -1  -4  -3   7   0   1  -5  -1  -3    7   4   2   1   0   1   1   1   0   1   3   3   0   1  54   8   8   0   3   1  1.21 0.59
  384 S     2  -1   0  -2  -3   0   0   2   1  -2  -3   0  -3  -4   1   2   2  -4  -3  -1   15   2   3   1   0   4   6  14   3   1   2   5   0   0   7  20  13   0   0   4  0.26 0.24
  385 S     0  -2  -2   1  -4   1   1  -2   0  -4  -4  -1  -1  -3   6   0   1  -1  -2  -2    8   1   1   6   0   5   7   3   3   0   0   3   1   1  37   8   8   1   2   4  0.68 0.40
  386 I     1   0   0  -1  -3   0   2   0  -2  -1  -2   1  -2  -2   1   0   1  -4  -3   1   11   4   4   1   0   4  15   9   0   3   2  12   0   1   7   7  10   0   0  11  0.16 0.18
  387 P    -1  -3  -4  -2  -5  -3  -2  -3  -2  -3  -4   0  -1  -6   7   0   0  -6  -1  -5    5   1   0   2   0   1   3   2   1   1   1   7   1   0  58   8   7   0   2   0  1.39 0.69
  388 S     2  -1  -1  -1  -3  -1  -1  -1  -1  -3  -2   0  -1  -2   2   2   3  -4   0   0   20   2   2   2   0   2   2   5   1   0   3   5   1   1   9  16  19   0   4   6  0.25 0.26
  389 S     0  -2   0  -3  -4  -3  -1   1  -1  -4  -2   0  -4  -2   5   1   1  -5  -2  -2    9   1   4   0   0   0   4  10   2   0   4   5   0   1  34  12  10   0   2   2  0.62 0.40
  390 A     2  -1  -3  -4  -4   0  -1  -2  -4  -3  -3   0  -4  -3   5   1   2  -5  -2  -1   17   3   0   0   0   5   3   2   0   1   2   7   0   1  32  11  11   0   1   4  0.65 0.43
  391 P     0  -1  -1  -1  -4   1   1  -2  -4  -2  -1  -1  -3  -5   5   1   1  -5  -4  -2    9   2   2   3   0   7   8   2   0   2   5   3   0   0  33  11   8   0   0   3  0.60 0.39
  392 S     0   0  -1  -2  -3   1   2   1  -3  -2  -2  -1  -1  -4   2   2   2  -4   0  -1    8   4   1   0   0   5  13  11   0   1   4   3   2   0  12  15  15   0   3   4  0.25 0.26
  393 S     0  -1  -2  -1  -5   0   0  -1  -1  -4  -3  -1  -4  -5   6   2   0  -6  -5  -2    7   3   1   4   0   4   7   5   1   0   3   2   0   0  41  14   6   0   0   2  0.81 0.48
  394 I     0  -2  -1   0  -3   0   2  -1  -1   0  -2  -1  -1  -2   0   1   3  -4  -3   0    9   1   1   3   0   5  13   4   2   5   3   3   2   1   3  11  26   0   0   7  0.23 0.25
  395 P     0  -2  -4  -4  -5  -1  -1   0  -1  -5  -4  -1   0  -5   7   1  -1  -6  -3  -2    8   2   0   0   0   2   4   8   2   0   1   4   2   0  50  10   4   0   1   3  1.09 0.57
  396 S     2  -1  -2  -2   0  -2   0  -1  -3  -2  -3   0  -3  -2   2   3   2  -4  -2   0   18   2   1   1   2   1   5   3   0   1   1   5   0   1   9  26  15   0   1   6  0.35 0.33
  397 D     0   0  -1   2  -3   1   1  -1  -1  -1  -2   1  -2  -3   3   0   1  -4  -1  -1    6   5   2  14   0   6  12   3   1   4   3   7   0   0  15   6  10   0   2   4  0.24 0.20
  398 V     0  -3  -1  -3  -1   1   0  -2  -3   0  -1  -1  -1  -3   3   2   2  -4  -1   1    8   0   2   0   1   6   5   2   0   4   5   3   1   0  14  16  15   0   2  14  0.26 0.27
  399 P    -1  -2  -5  -2  -6  -3   0  -2  -5  -5  -4  -1  -5  -6   7  -1   0  -7  -6  -2    5   2   0   2   0   1   6   3   0   0   1   3   0   0  64   5   5   0   0   3  1.61 0.76
  400 S     2  -2  -1  -2  -3  -1   0  -1  -3  -3  -2   0  -3  -2   1   2   3  -4  -3   1   17   2   3   1   0   3   6   4   0   0   3   4   0   1   7  20  19   0   0  11  0.29 0.29
  401 E     0  -1   0   0  -4   2   2  -1   0  -2  -2   0  -1  -1   3   0   1  -4  -1  -2    8   1   5   3   0   9  19   4   2   2   4   4   1   2  14   7  11   0   3   2  0.24 0.22
  402 T     1  -1   0   0  -3   0  -1  -1  -3  -3  -2   1   1  -1   1   2   2  -4  -1  -1   16   1   4   4   0   5   2   4   0   0   3   9   4   3   7  15  17   0   2   4  0.19 0.22
  403 P     0  -4  -4  -1  -5   0   0  -3  -5  -3  -3  -1  -5  -6   7  -1  -1  -6  -5  -3    8   0   0   3   0   5   7   1   0   1   3   4   0   0  56   5   4   0   0   1  1.34 0.66
  404 S     1  -2  -2  -1  -3   0   2   0   0  -3  -3   1  -1  -4   1   1   3  -4  -1   0    9   1   0   3   0   4  14   7   2   0   1   7   2   0   8  12  19   0   2   8  0.24 0.25
  405 S     0  -2  -1   0  -4  -1   1   0  -1  -4  -1  -1  -3  -4   5   1   0  -2  -2  -1    7   1   3   4   0   3   9   6   1   0   7   2   0   0  32  13   6   1   1   4  0.53 0.35
  406 V     1   0  -1  -2  -1   1   0   0  -2   1  -1  -1  -1  -1   1   0   1  -3  -3   1   14   6   2   0   1   9   6   7   0   8   6   2   1   2   6   7   9   0   0  14  0.10 0.15
  407 P    -2  -5  -5  -5  -6  -2  -2  -2   0  -6  -4   0  -6  -7   8  -1   1  -7  -6  -6    3   0   0   0   0   1   3   3   2   0   1   6   0   0  67   5   8   0   0   0  1.82 0.85
  408 S     1  -2  -1  -2  -4   0   1  -4   0  -3  -2   0  -1  -4   3   1   4   0  -1  -1   10   1   2   1   0   5   9   0   2   1   2   5   1   0  13  12  28   1   3   4  0.39 0.35
  409 D     0   0   0   1  -3   1   1   1   0  -2  -1   0  -1  -3   1   1   0  -1  -1   0    5   6   4   7   0   5  11  12   2   1   5   6   2   0   6  12   5   1   3   7  0.10 0.10
  410 S     1   0  -1  -1  -3   0   0  -1  -3  -3  -2   1  -3  -4   4   1   2  -4  -3   0   10   6   2   2   0   4   6   4   0   0   2  10   0   0  20  10  13   0   0  10  0.34 0.27
  411 P     2  -3  -4  -1   0  -1  -2  -3  -4  -3  -2   0  -2  -5   6  -1  -1   0  -5  -2   15   1   0   3   2   3   2   2   0   1   3   5   1   0  49   5   3   1   0   3  1.06 0.56
  412 S     1  -1  -1  -2  -3   0   1   0  -1  -2  -2  -1  -1  -3   1   2   3  -4  -1   0    9   2   2   1   0   5   8   7   2   1   2   3   2   0   7  15  24   0   2   7  0.25 0.25
  413 D     0  -1   1   2  -2   1   1   0   0  -1  -1   0  -1  -2   2   1   0  -3  -1   0    7   3   6  11   0   5   8   6   2   3   5   4   1   0  10  13   4   0   2   8  0.12 0.11
  414 V     1   0  -1  -1  -1   1   2  -2   0  -2  -1   0  -2  -2   2   1   2  -4  -3   0   10   4   2   2   1   7  17   2   2   1   6   4   0   2   8  14  12   0   0   6  0.19 0.20
  415 P    -2  -5  -5  -1  -6  -2  -1  -2  -5  -6  -3  -1  -5  -6   8  -1  -2  -6  -2  -3    2   0   0   4   0   1   5   3   0   0   2   3   0   0  68   5   2   0   1   2  1.79 0.82
  416 S     2  -1  -1  -2  -3   0   0   0  -3  -2  -1   0  -1  -2   1   2   3  -4  -3  -2   15   3   3   0   0   5   7   5   0   2   5   4   1   2   8  18  18   0   0   2  0.24 0.24
  417 D     0  -1   0   1  -4   1   2  -2   1  -1  -2   1  -3  -4   3   0   1  -4  -1  -3    6   3   4   9   0   6  18   2   3   5   3   9   0   0  15   7   8   0   2   0  0.29 0.23
  418 V     1  -1   0  -1  -3   0   0   0   0   0  -2   1  -1  -1   1   2   1  -1  -1   0   12   2   3   1   0   5   6   7   2   7   2   8   1   2   8  17   7   1   1   7  0.11 0.14
  419 P    -4  -2  -1  -3  -6   2   0  -2  -5  -5  -3   0  -5  -6   7  -1  -1  -6  -6  -2    0   1   3   1   0   9   5   3   0   0   3   5   0   0  58   4   3   0   0   3  1.43 0.71
  420 S     1  -3  -1  -2   0   1   0   0  -3  -3  -2   0  -1  -2   1   2   3  -4  -3  -1   15   0   1   1   2   6   7   6   0   0   4   5   1   2   8  18  21   0   0   4  0.28 0.29
  421 E     0  -2  -1   0  -4   1   2  -1   0  -2  -2  -1  -2  -2   3   0   1  -4   0   0    7   0   3   5   0   5  18   4   2   2   4   3   1   1  18   6  10   0   3   7  0.27 0.24
  422 T     1  -2  -2  -3  -3   1  -2  -1  -2  -2  -3   0  -2  -2   3   2   3  -1  -2  -1   14   2   0   0   0   6   2   5   1   2   2   7   1   1  13  17  23   1   1   3  0.37 0.34
  423 P    -1  -4  -4   0  -5  -1   0  -3  -2  -4  -3  -1  -4  -2   6   0   1  -5  -5  -1    6   0   0   6   0   2   6   1   1   0   3   4   0   2  49   7   9   0   0   4  1.05 0.55
  424 S     0   0   0   0  -3   0   2   1  -2  -1  -2  -1  -1  -4   2   1   2  -4  -3   0    6   4   5   3   0   4  19  10   0   2   2   3   2   0   9  10  13   0   0   8  0.20 0.21
  425 S     0  -3   1   1  -4  -2   0  -1  -1  -3  -3  -1  -3  -2   5   2   0  -5  -2  -1    8   0   8   8   0   0   5   3   1   1   2   3   0   2  32  15   5   0   2   5  0.54 0.36
  426 V     1  -1  -1   0  -3   0   1  -1   1  -2  -2   0  -2  -2   0   1   2  -4  -2   0   17   3   2   3   0   3  13   4   4   1   2   6   0   2   5  11  14   0   0  10  0.16 0.19
  427 P    -1  -3  -2  -1  -5  -2  -2  -1  -1  -2  -3   0  -1  -5   7   0  -1  -6  -5  -2    5   1   2   3   0   2   2   4   2   2   2   5   1   0  56   5   4   0   0   3  1.21 0.60
  428 S     1  -1   0  -2   0   0   0   0   0  -3  -2  -1  -2  -2   2   2   2  -4  -1   0   15   3   3   0   2   4   6   6   2   0   2   3   0   1  11  16  18   0   2   7  0.24 0.24
  429 D     0   0  -1   1  -3   1   2   0   0  -2   0   0  -2  -3   2   0   0  -3   0  -1    6   4   2   6   0   6  20   8   2   2  10   6   0   0   9   8   5   0   4   3  0.15 0.16
  430 S     1  -1  -1  -1  -3   2   2   0  -2  -3  -2   1  -3  -2   1   3   0  -4  -3  -1   13   1   2   2   0  11  13   5   0   0   3   8   0   2   7  25   3   0   0   5  0.29 0.28
  431 P    -2  -2  -2  -1  -6   1  -2  -3  -5  -6  -6  -1  -5  -7   7   0  -1  -7  -6  -3    3   2   1   3   0   7   2   2   0   0   0   4   0   0  65   8   3   0   0   1  1.65 0.77
  432 S     1  -3  -1  -1   0   0   0   0  -1  -2  -2  -1  -3  -4   1   2   4  -4  -2  -1    9   0   2   2   2   3   5   6   2   2   3   2   0   0   8  18  31   0   1   4  0.36 0.33
  433 E    -1  -2   0  -1  -4   2   2  -1   1  -2  -2   0  -3  -4   5  -1   0  -4  -1  -1    4   0   4   3   0  10  15   4   4   2   3   5   0   0  28   4   5   0   2   4  0.49 0.33
  434 T     1  -2  -1  -1  -3   1   0   0   0  -1  -2  -1   0  -1   2   2   3  -4  -3  -1   10   0   2   1   0   5   6   5   2   3   1   3   3   3  10  18  23   0   0   4  0.26 0.26
  435 P    -1  -3  -1   0  -4   0   1  -2  -1  -4  -2   1  -3  -4   6   0   0   1  -2  -1    5   0   3   4   0   4   8   3   1   0   5   8   0   0  41   6   5   2   1   4  0.73 0.41
  436 S     1  -1  -2  -1  -3   1   2   0   0  -2  -1   1  -1  -4   0   2   2  -4  -3  -2   11   2   0   2   0   6  16   6   2   1   5   8   1   0   4  16  16   0   0   1  0.25 0.25
  437 S    -1  -4   0  -2  -4  -2  -1  -3  -4  -4  -2   0  -4  -2   6   1   0  -5  -4  -2    5   0   5   2   0   2   4   1   0   0   5   5   0   2  48  10   7   0   0   3  1.01 0.53
  438 V     1   0  -2  -3   0   0   0   0  -3   0  -2  -1  -1  -1   2   1   3  -4  -1   1   11   6   0   0   2   4   5   6   0   4   1   3   2   2   9  10  20   0   1  13  0.17 0.21
  439 P     1  -4  -2  -4  -5  -2  -2  -2  -4  -2  -2  -2  -4  -5   7   0   0  -5  -2  -1   10   0   2   0   0   2   2   2   0   2   5   2   0   0  54   6   5   0   2   6  1.19 0.60
  440 S     2  -1  -1  -3  -3   0   0   0  -3  -3  -3  -1  -3  -2   2   3   2  -1  -2  -2   22   2   1   0   0   3   7   5   0   0   2   3   0   1  11  22  16   1   1   1  0.38 0.33
  441 K     0   0   0   1  -3   1   2   1   0  -2  -3   1  -3  -3   2   0   1   1  -2  -2    8   4   3  10   0   8  13  11   3   2   1   7   0   0  10   7   9   2   1   1  0.22 0.18
  442 T     0  -1  -2   0  -3   2   1  -1  -3  -2  -2   0  -2  -2   2   1   3  -4  -3   0    9   1   0   6   0   9  11   4   0   2   3   7   0   1  10  10  21   0   0   6  0.25 0.25
  443 P    -1  -3  -2   0  -5   0  -1  -4  -2  -2  -4  -1  -2  -5   7   0  -1   0  -2  -3    4   1   2   4   0   4   3   0   1   2   2   4   1   0  55   7   4   1   1   2  1.22 0.60
  444 S     1  -2  -2   0  -3  -1   2   0   0  -2  -2   0   0  -3   2   2   1  -4  -2   0   12   1   0   4   0   1  15   6   3   2   2   5   3   0  13  16  11   0   1   6  0.23 0.22
  445 S     1  -1   0   1  -3   1   1  -1   0  -2  -2   0  -3  -1   4   0   1  -4  -2  -2   11   2   3   7   0   8  10   3   2   2   4   5   0   2  20   7  11   0   1   1  0.29 0.23
  446 V     1  -1   0  -1  -1   0   0   0  -1   0  -1  -1  -1  -2   1   2   1  -3  -2   1   16   2   3   2   1   3   4   6   2   5   4   3   1   2   8  16  11   0   0  10  0.13 0.15
  447 P     0  -2  -4  -2  -5  -4  -1  -5  -5  -5  -3   0  -5  -2   7   0   0  -6  -5  -3    7   3   0   2   0   0   4   0   0   0   2   6   0   2  61   8   5   0   0   2  1.47 0.69
  448 S     1  -1  -1   0  -1   0   1   0  -3  -3  -2   0  -3  -4   3   2   3  -4  -3  -1   11   3   1   4   1   2   8   6   0   0   4   4   0   0  13  18  20   0   0   4  0.30 0.27
  449 D     0   0   0   2  -3   1   1   1   1  -2  -2   0  -2  -3   3   0  -1  -3   0  -1   10   4   3  11   0   8  10   9   3   2   4   6   0   0  13   7   2   0   3   5  0.19 0.15
  450 T     1  -3  -2  -2   0  -1   0  -1  -3  -3  -2   0  -1   0   2   2   3   0  -3   0   11   0   1   1   2   1   6   3   0   0   3   6   1   4   9  16  26   2   0   7  0.29 0.29
  451 P    -1  -4  -4  -4  -5   0   0  -1  -5  -5  -4  -1  -1  -6   7  -2   0  -6  -5  -2    4   0   0   0   0   4   6   5   0   0   2   4   2   0  62   2   6   0   0   3  1.51 0.70
  452 T     1  -3  -1  -2  -3   2   1   0  -3  -3  -3  -1  -1  -4   1   3   3  -1  -4  -1   10   0   2   0   0   8   8   8   0   0   2   2   1   0   7  25  20   1   0   4  0.37 0.34
  453 V     0  -1  -1   0  -3  -1   1  -3  -1  -1  -2   0  -2   0   4   1  -1  -4   0   1    8   2   3   5   0   2   8   1   2   3   3   5   0   4  25  10   2   0   4  13  0.33 0.25
  454 V     0   1   0   0  -3   1   1  -1  -1  -1  -1   1  -1  -2   2   1   0  -3  -2   0    7   9   3   4   0   6  11   4   1   3   5  11   2   2   9   9   6   0   0   8  0.12 0.11
  455 P     0  -5  -4  -3  -1  -4  -2  -2  -5  -2  -3  -1  -5  -6   7  -1  -1  -6  -5  -2    7   0   0   1   1   0   2   3   0   2   3   4   0   0  62   5   3   0   0   3  1.50 0.71
  456 S     1  -1  -1  -1   0   2   0  -1  -1  -2  -1  -1  -2  -1   0   1   3   1  -3  -1   12   2   1   3   2  10   4   3   2   1   5   3   0   3   5  12  27   2   0   5  0.25 0.27
  457 G     1  -1   0  -1  -3   0   0   1  -1  -2  -2   0  -3  -3   4   0   0  -4  -1  -1   11   3   3   2   0   4   5  14   1   2   4   6   0   0  26   5   7   0   2   4  0.37 0.24
  458 A     1  -1  -1  -2  -3  -1   0   1  -1  -3  -2   0  -1  -4   4   2   1  -4  -3  -2   14   3   2   1   0   3   5   9   1   0   3   5   1   0  21  16  11   0   0   1  0.40 0.28
  459 P     0  -2  -2   1  -4  -1   1  -4  -3  -4  -2   0  -3  -5   5   1   1  -5  -4  -1    6   2   1   9   0   2  11   0   0   0   4   6   0   0  35  10   9   0   0   4  0.69 0.41
  460 S    -1   0   0  -1  -3   1   2   2   0  -3  -2   0  -3  -2   1   1   2  -4  -2  -2    4   5   2   2   0   5  16  14   2   0   3   3   0   2   7  14  16   0   1   3  0.22 0.22
  461 T     0   0  -1   2  -4   0   0  -1  -3  -4  -2   0  -3  -4   5   1   1  -5  -2  -2    8   4   2  12   0   4   5   3   0   0   4   4   0   0  31  11   8   0   1   2  0.54 0.35
  462 T     2  -2  -1  -2  -1   0   1  -1   1  -2  -2  -1  -1   1  -1   1   3   1  -1  -1   17   1   1   0   1   4  11   4   4   1   3   3   1   6   2  11  20   2   2   3  0.19 0.23
  463 P     1  -5  -4  -2  -5   0  -2  -3  -5  -5  -3  -2  -5  -6   7   0   1  -6  -6  -3   11   0   0   2   0   5   2   1   0   0   3   1   0   0  58   7   7   0   0   2  1.45 0.71
  464 T     2  -3   0  -2  -3  -1  -1   0  -1  -1  -1  -2   0  -2   1   2   3   1  -3   0   16   0   4   1   0   3   4   6   1   3   5   0   3   1   6  17  21   2   0   7  0.23 0.25
  465 I     0   0   1   1  -3   0   2   0  -1   0  -2   0  -1  -3   1   1   0  -3   0  -1    5   3   8   9   0   3  15   5   1   9   3   4   2   0   7  11   7   0   4   4  0.13 0.14
  466 A     2  -1  -2  -1  -3   2   2  -1   1  -3  -2   1   0  -4   1   2  -1  -1  -3  -1   19   3   0   3   0   8  12   3   3   0   4  11   3   0   6  19   2   1   0   5  0.25 0.26
  467 P    -1  -2  -2  -3  -6   1  -3  -5  -2  -3  -3  -2  -5  -6   7   0   1  -6  -3  -5    4   2   2   1   0   8   1   0   1   2   3   2   0   0  59   6   8   0   1   0  1.45 0.71
  468 A     1  -3  -2  -3  -3   0   0   0  -3  -1  -2  -1  -2  -2   2   2   2  -4  -1   1   14   0   1   0   0   5   5   7   0   3   3   3   0   1  11  16  18   0   2  12  0.26 0.26
  469 P    -1  -1  -1  -2  -4   1   2  -2  -1  -2  -2   0  -3  -4   5   0   0   0  -4   0    5   3   3   0   0   5  14   3   1   2   3   6   0   0  31   8   7   1   0   8  0.53 0.33
  470 P     0  -1  -1  -1   0   0  -1  -3  -1  -3  -2  -1  -3  -4   5   1   3   0  -4   0    8   3   3   2   2   4   2   1   1   0   3   2   0   0  27  11  19   1   0   9  0.48 0.35
  471 P     0   0  -1  -3  -4  -1   0  -1  -4  -3  -2   0  -3  -5   5   0   2   1  -4  -1    6   4   2   0   0   2   7   5   0   1   4   5   0   0  35   8  14   2   0   4  0.64 0.39
  472 F     1  -2  -1  -1  -2  -1   1   1  -1   0  -1  -1  -1   0   1   1   1  -3   1  -1   15   0   2   1   0   2  11  10   1   5   7   3   1   5   6  14   8   0   5   4  0.10 0.13
  473 P    -2  -2  -1   1  -5  -2   0  -2  -4  -3  -3   0  -2  -5   6   0  -1  -5  -2  -2    2   1   3   9   0   2   7   3   0   1   3   5   1   0  49   7   2   0   2   2  1.00 0.51
  474 P     1  -1   1  -1  -4   1   2  -2  -3  -3  -4  -1   1  -4   4   2   1  -5  -4  -1   12   3   6   1   0   6  15   2   0   0   0   2   5   0  19  16   8   0   0   5  0.40 0.33
  475 P    -1  -5  -4  -1  -5  -2  -1  -3  -5  -5  -4  -1  -2  -6   7   1   0  -6  -2  -1    4   0   0   3   0   1   4   1   0   0   1   3   1   0  62   9   5   0   1   4  1.52 0.70
  476 L     3  -1  -2  -3  -3   0  -1  -2  -3  -1  -1  -2  -1  -4  -2   2   4  -4  -2   1   26   3   1   0   0   4   3   2   0   3   4   0   2   0   1  14  26   0   1   9  0.39 0.35
  477 P     0  -4  -1  -3  -4   0  -2   1  -4  -1  -3   0  -4  -5   6   1   0  -5  -5  -1    5   0   3   0   0   4   1  10   0   4   2   5   0   0  46  10   6   0   0   4  0.92 0.48
  478 P    -2  -5  -2  -4  -5  -1   0  -3  -4  -3  -5  -4  -5  -6   8  -2  -1  -6  -1  -3    2   0   2   0   0   2   7   2   0   1   0   0   0   0  72   2   4   0   2   2  1.91 0.76
  479 H     2  -2   1   0  -3   1   0  -1   4  -2  -3  -1  -2   0   1   1   0  -4  -2  -1   25   0   6   4   0   5   4   4  13   2   0   2   0   4   6  14   7   0   0   3  0.26 0.23
  480 G     2  -3  -2  -1  -3  -2   0   5  -3  -3  -4   0  -3  -4   0   0   0  -4  -4  -1   18   0   0   3   0   0   6  45   0   0   0   5   0   0   5   5   6   0   0   5  0.57 0.29
  481 A     3  -2  -1   0  -2   0  -2   1  -2  -2  -1  -2   0  -2   2   1   0  -3   0  -1   34   0   3   6   0   3   0   8   0   0   6   0   3   0  10  12   5   0   5   4  0.24 0.19
  482 C     1  -2  -1  -2   4  -1   0  -2  -2   0   0   0  -1  -2   1   2   1  -3   0   0    9   0   0   0  12   0   5   1   0   4   8   8   0   0   7  25   7   0   4   8  0.19 0.14
  483 G     2  -3  -2  -2  -3  -2  -2   4  -3  -3  -3  -2  -3  -3   3   0   1  -3  -3  -3   17   1   1   1   0   0   1  45   0   1   1   1   0   0  17   5   9   0   0   1  0.67 0.23
  484 C     0  -2   0   0   4   0  -1   1   1   0  -1  -1   0  -2   1   0   1  -3  -2  -1   11   1   5   6  13   6   1  12   5   6   5   1   5   0   6   4  14   0   0   1  0.12 0.08
  485 H     0  -1  -1   2  -3   1  -1  -2   6  -1  -2   0  -2  -2   1   1  -1  -3  -1  -1    7   1   1  14   0   6   1   1  34   6   1   5   0   0   7  11   1   0   0   5  0.39 0.16
  486 E    -1  -1  -1   0  -3   1   4   0  -1  -2  -2   1  -2   0  -2   0  -1  -2   1  -1    1   1   1   1   0   6  50   7   0   1   1   6   0   5   1   6   1   0   6   7  0.40 0.17
  487 Y     0  -1  -1  -1  -2  -1   0  -2   2  -1  -1   0  -1   2   2  -1  -1   0   4   0    9   1   1   1   0   1   8   2   8   1   2   9   0   7  12   2   1   0  26   9  0.24 0.08
  488 R     1   1   1  -1  -2   0   0  -1  -1  -1  -1   3   1  -1  -1   0   1  -2   1  -1   14   6   8   1   0   1   1   2   0   1   2  28   8   1   1   2  13   0   8   1  0.15 0.08
  489 N    -1   1   2   2  -2   1   1  -1   2  -2  -2   1  -2  -2   1   1   0  -2  -1  -2    2   9  12  15   0   8   8   2   8   1   2   8   0   1   6  16   1   0   1   1  0.23 0.06
  490 G     1  -2  -1  -1  -2  -1  -2   4  -2  -3  -3  -1  -2  -3   3   1   1  -3  -2  -2    8   1   1   1   0   1   1  41   0   1   1   1   0   1  15  12  14   0   0   1  0.48 0.11
  491 A     3   1  -2  -2  -2  -1   0  -1  -2  -2  -2  -1  -2  -3   4   1  -1   4  -2  -2   43   8   0   0   0   0   6   1   0   0   1   0   0   0  22   9   0   7   0   1  0.48 0.13
  492 Y     0   2  -1  -1  -2   0   2  -2  -1  -2  -2   1  -1   1  -2   1   1  -1   2  -2    8  16   0   0   0   0  22   1   0   0   1   7   0   7   0   8  14   0  12   1  0.21 0.08
  493 G     1  -1   1   1  -2   0   1   0  -1  -3  -3   0  -2  -3   4   1  -1  -3  -2  -2   18   0  10   9   0   0   9   7   0   0   1   8   0   0  24  10   1   0   0   1  0.39 0.07
  494 Q     0   0   1  -1  -2   3   1  -2  -1  -1   0   2  -1  -2   2  -1  -1  -3  -2   0    8   0  10   0   0  24   7   1   0   0   9  17   0   0   9   1   1   0   0  10  0.21 0.07
  495 Q    -1   0  -1  -1  -3   5   1   0  -1  -3  -3   2  -2  -3  -2   2  -1  -3  -2  -3    1   0   0   0   0  43   7   9   0   0   1  17   0   0   0  18   1   0   0   1  0.46 0.13
  496 N    -1  -1   4   0  -3   2   0  -1  -1  -3  -3   1  -2  -3   3   0   2  -3  -2  -2    1   0  37   1   0  11   1   1   0   0   1  10   0   0  16   1  19   0   0   1  0.44 0.10
  497 L    -1   1  -2  -2  -2  -2  -2  -3  -2   2   1  -1   0   1   2  -1   1  -2  -1   2    1  11   0   1   0   0   1   1   0  16  16   1   0  10  10   1  11   0   0  20  0.14 0.05
  498 C     1  -1  -1   1   5   0   2  -1  -1  -2  -2   1  -2  -3   2   1  -1  -3  -2  -2   12   1   0  10  19   0  21   1   0   1   1  11   0   0   8  13   1   0   0   1  0.28 0.06
  499 V     1  -2  -1   1  -1  -1  -1  -2  -2   0  -1  -1  -1   1   2   0   1  -2  -1   2   23   1   0  13   0   0   1   1   0   1   1   1   0  12  11   1   9   0   0  27  0.14 0.05
  500 K     1   0   0   1  -2   0   0   1  -1  -2  -2   3  -2  -3  -1   1   1  -3  -2  -2   11   1   0   8   0   0   1  12   0   1   1  38   0   0   1  13  11   0   0   1  0.24 0.06
  501 R     1   1   0   2  -2   2   2  -1  -1  -2  -2   0  -1  -2  -1   2   0  -2  -1  -1   13   9   1  13   1  13  12   2   1   2   3   2   1   1   2  21   2   0   1   2  0.18 0.03
  502 V     0  -1  -1  -1  -1   0   1  -1  -1   0  -1  -1  -1  -2   2   0   3  -2  -1   1    3   2   1   2   1   1  13   2   1   2   3   2   1   1  11   2  31   0   1  20  0.17 0.04
  503 P    -1  -2  -2  -1  -3  -1   1  -2  -2  -3  -3  -1  -3  -4   7  -1  -2  -3  -3  -3    1   1   1   1   0   1  10   1   0   1   1   1   0   0  79   1   1   0   0   1  1.66 0.16
  504 Y     1   0  -1   0  -2   0   2  -1   0  -2  -2   1  -1   0  -1   1   1  -1   3  -1   11   1   1   1   0   1  22   2   0   1   2  12   1   1   1   9  12   0  19   1  0.17 0.04
  505 K    -1   0   0   2  -2   0   0  -2  -1  -2  -3   3  -2  -3   2   1   1  -3  -2  -2    1   1   0  19   0   0   1   1   0   1   1  39   0   0  12  12  11   0   0   1  0.35 0.08
  506 I     0  -1  -2  -1  -1  -1   2  -2  -2   2   1  -1   0  -1  -1  -1  -1  -2  -1   2   11   1   1   1   0   1  21   1   0  19  13   1   0   1   1   1   1   0   1  23  0.11 0.04
  507 C    -1  -1  -1  -1   5  -1  -1  -1  -1   1  -1   1  -1  -1   3  -1  -1  -1  -1   0    3   2   2   2  20   2   3   3   1  13   4  12   1   2  21   3   2   1   1   3  0.27 0.03
  508 T    -1  -1   2  -1  -2   2   0  -2  -1  -2  -2   1  -1  -3  -1   1   4  -3  -2  -1    1   1  11   1   0  11   1   1   0   1   1  11   0   0   1   1  58   0   0   1  0.40 0.11
  509 P    -2  -2  -2   1  -4  -2  -1  -3  -3  -4  -4   1  -3  -4   7  -1  -2  -5  -4  -3    0   0   0  12   0   0   0   0   0   0   0  11   0   0  77   0   0   0   0   0  1.68 0.18
  510 L     0  -1  -1  -1  -1  -1   1  -2  -2   0   2  -1   1  -1  -1   0   0  -2  -1   1   11   1   1   1   0   1  12   1   0   1  41   1   0   1   1  12   1   0   1  11  0.11 0.04
  511 G     0   0   0  -1  -2   0  -1   4  -1  -3  -3   3  -2  -3  -1   1  -1  -2  -2  -2    1   1   1   1   0   1   1  42   0   1   2  31   0   1   1  13   1   0   1   1  0.39 0.07
  512 S     1  -1   3   0  -2   0   2  -1  -1  -3  -3   0  -2  -3  -2   3   1  -3  -2  -2   11   0  22   0   0   0  19   0   0   0   0   0   0   0   0  37  11   0   0   0  0.39 0.10
  513 R    -1   3  -1   1  -3   0   2   0  -1  -2  -2   2  -2  -3   2  -1  -1  -3  -2  -1    0  29   0   8   0   0  20   9   0   0   0  12   0   0  11   0   0   0   0  10  0.32 0.07
  514 K     1   0   1   0  -3   1   3  -2  -1  -3  -3   3  -2  -4   2   0  -1  -4  -3  -2   19   0  11   0   0   0  31   0   0   0   0  28   0   0  11   0   0   0   0   0  0.40 0.09
  515 H    -2   0   2   2  -4   2   2  -2   4  -3  -3   2  -2  -3   3  -1  -1  -4  -1  -3    0   0  12  11   0  11  11   0  18   0   0  19   0   0  18   0   0   0   0   0  0.48 0.08
  516 C     2   1  -1  -2   5  -1  -1  -1  -2  -2  -2  -1  -2  -3   2   2   2  -3  -2  -1   21  10   0   0  19   0   0   0   0   0   0   0   0   0  11  21  19   0   0   0  0.37 0.09
  517 P    -1  -2  -2  -2  -4  -1   1   1  -2  -4  -4   1  -3  -4   7  -1  -2  -4  -3  -3    0   0   0   0   0   0  10  12   0   0   0  11   0   0  67   0   0   0   0   0  1.36 0.16
  518 S     2  -1  -1  -1  -1  -1  -1  -1  -2  -2  -3   1  -2  -3   2   3   1  -3  -2  -1   31   0   0   0   0   0   0   0   0   0   0  11   0   0  11  37  10   0   0   0  0.38 0.09
  519 D     0  -1   0   4  -3   2   2  -2  -1  -2  -3   1  -2  -3   2  -1  -1  -4  -3   0   12   0   0  35   0  11   9   0   0   0   0  11   0   0  10   0   0   0   0  11  0.36 0.08
  520 Q    -1   2   0  -1  -3   3   2  -2  -1  -3  -2   2  -1  -3  -2   1   2  -3  -2  -2    0  15   0   0   0  26  12   0   0   0   0  15   0   0   0  16  16   0   0   0  0.36 0.05
  521 P    -1  -2  -2  -2  -3  -2  -2  -2  -3  -3  -3  -1  -3  -4   8   1  -1  -4  -3  -3    0   0   0   0   0   0   0   0   0   0   0   0   0   0  84  16   0   0   0   0  1.79 0.13
  522 L    -1  -2  -2  -2  -2  -1   1  -3  -2   2   2  -1   1  -1  -2  -1   1  -3  -2   2    0   0   0   0   0   0  18   0   0  18  33   0   0   0   0   0  14   0   0  17  0.17 0.03
  523 C     1  -2  -1  -2   4  -2  -2   2  -2  -1   0  -2  -1  -2   3   1  -1  -3  -2  -1   18   0   0   0  14   0   0  18   0   0  19   0   0   0  14  17   0   0   0   0  0.26 0.03
  524 N    -1  -1   5   1  -2   0   2  -1   0  -3  -3   0  -2  -3  -2   2   2  -4  -2  -2    0   0  50   0   0   0  18   0   0   0   0   0   0   0   0  14  18   0   0   0  0.47 0.06
  525 D     1  -2   3   4  -2  -1   0  -1  -1  -3  -3  -1  -2  -3  -2   0   2  -4  -3  -2   17   0  19  46   0   0   0   0   0   0   0   0   0   0   0   0  18   0   0   0  0.46 0.05
  526 W    -1   0  -1  -1  -3   3   2  -2  -1  -1  -1   2  -1  -2  -2  -1  -1   6  -1   1    0   0   0   0   0  21  18   0   0   0   0  21   0   0   0   0   0  18   0  22  0.36 0.03
  527 P    -1  -3  -2  -2  -3  -2  -2  -3  -3  -3  -3  -1  -3  -4   8  -1  -1  -4  -3  -3    0   0   0   0   0   0   0   0   0   0   0   0   0   0 100   0   0   0   0   0  2.19 0.08

                      K         Lambda
Standard Ungapped    0.1301     0.3153
Standard Gapped      0.0395     0.2670
PSI Ungapped         0.1292     0.3151
PSI Gapped           0.0395     0.2670
