
Last position-specific scoring matrix computed, weighted observed percentages rounded down, information per position, and relative weight of gapless real matches to pseudocounts
            A   R   N   D   C   Q   E   G   H   I   L   K   M   F   P   S   T   W   Y   V   A   R   N   D   C   Q   E   G   H   I   L   K   M   F   P   S   T   W   Y   V
    1 M    -1  -1  -2  -3  -1   0  -2  -3  -1   1   2  -1   5   0  -2  -1  -1  -1  -1   1    0   0   0   0   0   0   0   0   0   0   0   0   0   0   0   0   0   0   0   0  0.00     0.00
    2 S     1  -1   1   0  -1   0   0   0  -1  -2  -2   0  -1  -2  -1   4   1  -3  -2  -2    0   0   0   0   0   0   0   0   0   0   0   0   0   0   0   0   0   0   0   0  0.00     0.00
    3 F    -2  -3  -3  -3  -2  -3  -3  -3  -1   0   0  -3   0   6  -3  -2  -2   1   3  -1    0   0   0   0   0   0   0   0   0   0   0   0   0   0   0   0   0   0   0   0  0.00     0.00
    4 L    -1  -2  -3  -3  -1  -2  -3  -3  -3   1   4  -2   2   0  -3  -2  -1  -2  -1   1    0   0   0   0   0   0   0   0   0   0   0   0   0   0   0   0   0   0   0   0  0.00     0.00
    5 H    -2   0   1  -1  -3   0   0  -2   7  -3  -3  -1  -1  -1  -2  -1  -2  -2   2  -3    0   0   0   0   0   0   0   0   0   0   0   0   0   0   0   0   0   0   0   0  0.00     0.00
    6 V     0  -2  -3  -3  -1  -2  -2  -3  -3   2   1  -2   1  -1  -2  -2   0  -3  -1   4    0   0   0   0   0   0   0   0   0   0   0   0   0   0   0   0   0   0   0   0  0.00     0.00
    7 L    -1  -2  -3  -3  -1  -2  -3  -3  -3   1   4  -2   2   0  -3  -2  -1  -2  -1   1    0   0   0   0   0   0   0   0   0   0   0   0   0   0   0   0   0   0   0   0  0.00     0.00
    8 L    -1  -2  -3  -3  -1  -2  -3  -3  -3   1   4  -2   2   0  -3  -2  -1  -2  -1   1    0   0   0   0   0   0   0   0   0   0   0   0   0   0   0   0   0   0   0   0  0.00     0.00
    9 D    -2  -2   1   5  -3   0   1  -1  -1  -3  -3  -1  -3  -3  -1   0  -1  -4  -3  -3    0   0   0   0   0   0   0   0   0   0   0   0   0   0   0   0   0   0   0   0  0.00     0.00
   10 R    -1   5   0  -2  -3   1   0  -2   0  -3  -2   2  -1  -3  -2  -1  -1  -3  -2  -2    0   0   0   0   0   0   0   0   0   0   0   0   0   0   0   0   0   0   0   0  0.00     0.00
   11 R    -1   5   0  -2  -3   1   0  -2   0  -3  -2   2  -1  -3  -2  -1  -1  -3  -2  -2    0   0   0   0   0   0   0   0   0   0   0   0   0   0   0   0   0   0   0   0  0.00     0.00
   12 Y    -2  -2  -2  -3  -2  -1  -2  -3   2  -1  -1  -2  -1   3  -3  -2  -2   2   6  -1    0   0   0   0   0   0   0   0   0   0   0   0   0   0   0   0   0   0   0   0  0.00     0.00
   13 L    -1  -2  -3  -3  -1  -2  -3  -3  -3   1   4  -2   2   0  -3  -2  -1  -2  -1   1    0   0   0   0   0   0   0   0   0   0   0   0   0   0   0   0   0   0   0   0  0.00     0.00
   14 S     1  -1   1   0  -1   0   0   0  -1  -2  -2   0  -1  -2  -1   4   1  -3  -2  -2    0   0   0   0   0   0   0   0   0   0   0   0   0   0   0   0   0   0   0   0  0.00     0.00
   15 T     0  -1   0  -1  -1  -1  -1  -1  -2  -1  -1  -1  -1  -2  -1   1   4  -2  -2   0    0   0   0   0   0   0   0   0   0   0   0   0   0   0   0   0   0   0   0   0  0.00     0.00
   16 F    -2  -3  -3  -3  -2  -3  -3  -3  -1   0   0  -3   0   6  -3  -2  -2   1   3  -1    0   0   0   0   0   0   0   0   0   0   0   0   0   0   0   0   0   0   0   0  0.00     0.00
   17 L    -1  -2  -3  -3  -1  -2  -3  -3  -3   1   4  -2   2   0  -3  -2  -1  -2  -1   1    0   0   0   0   0   0   0   0   0   0   0   0   0   0   0   0   0   0   0   0  0.00     0.00
   18 G     0  -2   0  -1  -2  -2  -2   5  -2  -4  -3  -1  -3  -3  -2   0  -1  -2  -3  -3    0   0   0   0   0   0   0   0   0   0   0   0   0   0   0   0   0   0   0   0  0.00     0.00
   19 L    -1  -2  -3  -3  -1  -2  -3  -3  -3   1   4  -2   2   0  -3  -2  -1  -2  -1   1    0   0   0   0   0   0   0   0   0   0   0   0   0   0   0   0   0   0   0   0  0.00     0.00
   20 L    -1  -2  -3  -3  -1  -2  -3  -3  -3   1   4  -2   2   0  -3  -2  -1  -2  -1   1    0   0   0   0   0   0   0   0   0   0   0   0   0   0   0   0   0   0   0   0  0.00     0.00
   21 L    -1  -2  -3  -3  -1  -2  -3  -3  -3   1   4  -2   2   0  -3  -2  -1  -2  -1   1    0   0   0   0   0   0   0   0   0   0   0   0   0   0   0   0   0   0   0   0  0.00     0.00
   22 L    -1  -2  -3  -3  -1  -2  -3  -3  -3   1   4  -2   2   0  -3  -2  -1  -2  -1   1    0   0   0   0   0   0   0   0   0   0   0   0   0   0   0   0   0   0   0   0  0.00     0.00
   23 A     4  -1  -1  -2   0  -1  -1   0  -2  -1  -1  -1  -1  -2  -1   1   0  -2  -2   0    0   0   0   0   0   0   0   0   0   0   0   0   0   0   0   0   0   0   0   0  0.00     0.00
   24 S     1  -1   1   0  -1   0   0   0  -1  -2  -2   0  -1  -2  -1   4   1  -3  -2  -2    0   0   0   0   0   0   0   0   0   0   0   0   0   0   0   0   0   0   0   0  0.00     0.00
   25 P    -1  -2  -2  -1  -3  -1  -1  -2  -2  -3  -3  -1  -2  -3   7  -1  -1  -3  -3  -2    0   0   0   0   0   0   0   0   0   0   0   0   0   0   0   0   0   0   0   0  0.00     0.00
   26 A     4  -1  -1  -2   0  -1  -1   0  -2  -1  -1  -1  -1  -2  -1   1   0  -2  -2   0    0   0   0   0   0   0   0   0   0   0   0   0   0   0   0   0   0   0   0   0  0.00     0.00
   27 A     4  -1  -1  -2   0  -1  -1   0  -2  -1  -1  -1  -1  -2  -1   1   0  -2  -2   0    0   0   0   0   0   0   0   0   0   0   0   0   0   0   0   0   0   0   0   0  0.00     0.00
   28 S     1  -1   1   0  -1   0   0   0  -1  -2  -2   0  -1  -2  -1   4   1  -3  -2  -2    0   0   0   0   0   0   0   0   0   0   0   0   0   0   0   0   0   0   0   0  0.00     0.00
   29 Q    -1   1   0   0  -3   5   2  -2   0  -3  -2   1   0  -3  -1   0  -1  -2  -1  -2    0   0   0   0   0   0   0   0   0   0   0   0   0   0   0   0   0   0   0   0  0.00     0.00
   30 H    -2   0   1  -1  -3   0   0  -2   7  -3  -3  -1  -1  -1  -2  -1  -2  -2   2  -3    0   0   0   0   0   0   0   0   0   0   0   0   0   0   0   0   0   0   0   0  0.00     0.00
   31 Q    -1   1   0   0  -3   5   2  -2   0  -3  -2   1   0  -3  -1   0  -1  -2  -1  -2    0   0   0   0   0   0   0   0   0   0   0   0   0   0   0   0   0   0   0   0  0.00     0.00
   32 F    -2  -3  -3  -3  -2  -3  -3  -3  -1   0   0  -3   0   6  -3  -2  -2   1   3  -1    0   0   0   0   0   0   0   0   0   0   0   0   0   0   0   0   0   0   0   0  0.00     0.00
   33 Q    -1   1   0   0  -3   5   2  -2   0  -3  -2   1   0  -3  -1   0  -1  -2  -1  -2    0   0   0   0   0   0   0   0   0   0   0   0   0   0   0   0   0   0   0   0  0.00     0.00
   34 N    -1   0   5   1  -3   0   0   0   1  -3  -3   0  -2  -3  -2   1   0  -3  -2  -3    0   0   0   0   0   0   0   0   0   0   0   0   0   0   0   0   0   0   0   0  0.00     0.00
   35 K    -1   2   0  -1  -3   1   1  -1  -1  -3  -2   4  -1  -3  -1   0  -1  -3  -2  -2    0   0   0   0   0   0   0   0   0   0   0   0   0   0   0   0   0   0   0   0  0.00     0.00
   36 A     4  -1  -1  -2   0  -1  -1   0  -2  -1  -1  -1  -1  -2  -1   1   0  -2  -2   0    0   0   0   0   0   0   0   0   0   0   0   0   0   0   0   0   0   0   0   0  0.00     0.00
   37 E    -1   0   0   1  -3   2   5  -2   0  -3  -3   1  -2  -3  -1   0  -1  -3  -2  -2    0   0   0   0   0   0   0   0   0   0   0   0   0   0   0   0   0   0   0   0  0.00     0.00
   38 L    -1  -2  -3  -3  -1  -2  -3  -3  -3   1   4  -2   2   0  -3  -2  -1  -2  -1   1    0   0   0   0   0   0   0   0   0   0   0   0   0   0   0   0   0   0   0   0  0.00     0.00
   39 K    -1   2   0  -1  -3   1   1  -1  -1  -3  -2   4  -1  -3  -1   0  -1  -3  -2  -2    0   0   0   0   0   0   0   0   0   0   0   0   0   0   0   0   0   0   0   0  0.00     0.00
   40 S     1  -1   1   0  -1   0   0   0  -1  -2  -2   0  -1  -2  -1   4   1  -3  -2  -2    0   0   0   0   0   0   0   0   0   0   0   0   0   0   0   0   0   0   0   0  0.00     0.00
   41 A     4  -1  -1  -2   0  -1  -1   0  -2  -1  -1  -1  -1  -2  -1   1   0  -2  -2   0    0   0   0   0   0   0   0   0   0   0   0   0   0   0   0   0   0   0   0   0  0.00     0.00
   42 V     0  -2  -3  -3  -1  -2  -2  -3  -3   2   1  -2   1  -1  -2  -2   0  -3  -1   4    0   0   0   0   0   0   0   0   0   0   0   0   0   0   0   0   0   0   0   0  0.00     0.00
   43 N    -1   0   5   1  -3   0   0   0   1  -3  -3   0  -2  -3  -2   1   0  -3  -2  -3    0   0   0   0   0   0   0   0   0   0   0   0   0   0   0   0   0   0   0   0  0.00     0.00
   44 Q    -1   1   0   0  -3   5   2  -2   0  -3  -2   1   0  -3  -1   0  -1  -2  -1  -2    0   0   0   0   0   0   0   0   0   0   0   0   0   0   0   0   0   0   0   0  0.00     0.00
   45 W    -3  -3  -4  -4  -2  -2  -3  -3  -3  -3  -2  -3  -2   1  -4  -3  -3  11   2  -3    0   0   0   0   0   0   0   0   0   0   0   0   0   0   0   0   0 100   0   0  2.38 0.02
   46 I    -1  -3  -3  -4  -1  -2  -3  -4  -3   3   3  -3   2   0  -3  -2  -1  -2  -1   2    0   0   0   0   0   0   0   0   0  40  60   0   0   0   0   0   0   0   0   0  0.38 0.00
   47 G     0  -2   0  -1  -3  -2  -2   6  -2  -4  -4  -2  -3  -3  -2   0  -2  -3  -3  -3    0   0   0   0   0   0   0 100   0   0   0   0   0   0   0   0   0   0   0   0  1.06 0.01
   48 N     0   0   4   1  -1   0   0   0   0  -1  -1   0  -1  -1   0   0   0  -1  -1  -1    5   3  43   3   1   3   4   4   1   3   5   3   1   2   3   4   3   1   2   4  0.17 0.00
   49 K     0   1   0   0  -1   1   0  -1   0  -1  -1   3  -1  -1   0   0   0  -1  -1  -1    5   3   3   3   1   3   4   4   1   3   5  44   1   2   3   4   3   1   2   4  0.12 0.00
   50 A     2  -2  -3  -3  -1  -2  -2  -2  -3   3   1  -2   0  -1  -2   0   0  -3  -2   2   40   0   0   0   0   0   0   0   0  60   0   0   0   0   0   0   0   0   0   0  0.20 0.01
   51 Q    -2  -1  -1  -2  -3   3   0  -3   0  -1   0  -1   0   5  -3  -1  -2   0   2  -1    0   0   0   0   0  40   0   0   0   0   0   0   0  60   0   0   0   0   0   0  0.38 0.01
   52 T     0  -1   0  -1  -1  -1  -1  -2  -2  -1  -1  -1  -1  -2  -1   1   5  -3  -2   0    0   0   0   0   0   0   0   0   0   0   0   0   0   0   0   0 100   0   0   0  0.49 0.01
   53 E    -1  -1   1   5  -4   1   3  -2  -1  -3  -3   0  -3  -3  -1   0  -1  -4  -3  -3    0   0   0  60   0   0  40   0   0   0   0   0   0   0   0   0   0   0   0   0  0.72 0.01
   54 T    -1  -2  -1  -1  -2  -1  -1  -2  -2  -2  -2  -1  -2  -3   6   0   3  -3  -2  -1    0   0   0   0   0   0   0   0   0   0   0   0   0   0  60   0  40   0   0   0  1.09 0.01
   55 T     0  -1   0  -1  -1  -1  -1  -2  -2  -1  -1  -1  -1  -2  -1   1   5  -3  -2   0    0   0   0   0   0   0   0   0   0   0   0   0   0   0   0   0 100   0   0   0  0.49 0.01
   56 Y    -2  -2  -3  -4  -2  -2  -3  -4   0   1   3  -2   1   2  -3  -2  -1   0   4   0    0   0   0   0   0   0   0   0   0   0  60   0   0   0   0   0   0   0  40   0  0.40 0.01
   57 G     0  -2   0  -1  -3  -2  -2   6  -2  -4  -4  -2  -3  -3  -2   0  -2  -3  -3  -3    0   0   0   0   0   0   0 100   0   0   0   0   0   0   0   0   0   0   0   0  1.06 0.01
   58 V     0  -3  -3  -3  -1  -2  -3  -3  -3   3   1  -2   1  -1  -2  -2   0  -3  -1   4    0   0   0   0   0   0   0   0   0   0   0   0   0   0   0   0   0   0   0 100  0.36 0.01
   59 I    -2  -3  -3  -3  -2  -3  -3  -3  -2   2   1  -3   1   5  -3  -2  -2   0   2   1    0   0   0   0   0   0   0   0   0  40   0   0   0  60   0   0   0   0   0   0  0.44 0.01
   60 N     3  -1   4   0  -1   0  -1   0  -1  -2  -2  -1  -1  -3  -1   1   0  -3  -2  -1   60   0  40   0   0   0   0   0   0   0   0   0   0   0   0   0   0   0   0   0  0.33 0.01
   61 S     1  -1   1   0  -1   0   0   0  -1  -2  -3   0  -2  -2  -1   4   1  -3  -2  -2    0   0   0   0   0   0   0   0   0   0   0   0   0   0   0 100   0   0   0   0  0.47 0.01
   62 W     3  -2  -2  -3  -1  -1  -2  -1  -2  -2  -2  -2  -1  -1  -2   0  -1   8   0  -1   60   0   0   0   0   0   0   0   0   0   0   0   0   0   0   0   0  40   0   0  0.78 0.01
   63 D    -2  -2   0   3  -3  -1   0  -2   1  -2  -2  -1  -2   2  -2  -1  -1   1   5  -2    0   0   0  40   0   0   0   0   0   0   0   0   0   0   0   0   0   0  60   0  0.54 0.01
   64 T     0  -1   0  -1  -1  -1  -1  -2  -2  -1  -1  -1  -1  -2  -1   1   5  -3  -2   0    0   0   0   0   0   0   0   0   0   0   0   0   0   0   0   0 100   0   0   0  0.49 0.01
   65 S     1  -2   0  -1  -2  -1  -1   4  -2  -3  -3  -1  -2  -3  -2   2   0  -3  -3  -3    0   0   0   0   0   0   0  60   0   0   0   0   0   0   0  40   0   0   0   0  0.60 0.01
   66 M    -1   0  -1  -1  -2   4   1  -2   0  -1   0   0   4  -2  -2  -1  -1  -2  -1  -1    0   0   0   0   0  60   0   0   0   0   0   0  40   0   0   0   0   0   0   0  0.33 0.01
   67 V     0  -3  -3  -3  -1  -2  -3  -3  -3   3   1  -2   1  -1  -2  -2   0  -3  -1   4    0   0   0   0   0   0   0   0   0   0   0   0   0   0   0   0   0   0   0 100  0.36 0.01
   68 T    -1  -1   0   1  -2   1   4  -2  -1  -2  -2   0  -1  -3  -1   1   3  -3  -2  -1    0   0   0   0   0   0  60   0   0   0   0   0   0   0   0   0  40   0   0   0  0.44 0.01
   69 D    -1   1   0   4  -3   1   1  -2  -1  -3  -3   3  -2  -3  -1   0  -1  -4  -2  -3    0   0   0  40   0   0   0   0   0   0   0  60   0   0   0   0   0   0   0   0  0.48 0.01
   70 M    -1  -1   5   0  -2   0  -1  -1   0  -1   0  -1   3  -1  -2   0   0  -3  -2  -1    0   0  60   0   0   0   0   0   0   0   0   0  40   0   0   0   0   0   0   0  0.32 0.01
   71 E     0  -1   0   0  -2   1   3  -2  -1  -2  -2   0  -1  -3  -1   1   4  -3  -2  -1    0   0   0   0   0   0  40   0   0   0   0   0   0   0   0   0  60   0   0   0  0.38 0.01
   72 A     3  -1   0  -1  -1   0   0   0  -1  -2  -2   0  -1  -2  -1   3   1  -3  -2  -1   40   0   0   0   0   0   0   0   0   0   0   0   0   0   0  60   0   0   0   0  0.36 0.01
   73 L    -1  -3  -3  -3  -1  -3  -3  -4  -3   3   3  -3   2   0  -3  -2  -1  -2  -1   2    0   0   0   0   0   0   0   0   0  60  40   0   0   0   0   0   0   0   0   0  0.37 0.01
   74 F    -2  -3  -3  -4  -2  -3  -3  -3  -1   0   0  -3   0   6  -4  -2  -2   1   3  -1    0   0   0   0   0   0   0   0   0   0   0   0   0 100   0   0   0   0   0   0  0.77 0.01
   75 D    -1  -1   0   4  -4   1   4  -2  -1  -3  -3   0  -2  -3  -1   0  -1  -3  -2  -3    0   0   0  40   0   0  60   0   0   0   0   0   0   0   0   0   0   0   0   0  0.68 0.01
   76 D    -2  -2   1   6  -4   0   2  -1  -1  -3  -4  -1  -3  -4  -2   0  -1  -4  -3  -3    0   0   0 100   0   0   0   0   0   0   0   0   0   0   0   0   0   0   0   0  0.95 0.01
   77 T     0  -1   0   0  -2   0   2   3  -1  -2  -2   0  -2  -3  -1   1   3  -3  -2  -1    0   0   0   0   0   0  30  30   0   0   0   0   0   0   0   0  40   0   0   0  0.33 0.00
   78 P    -1   1  -1  -1  -3   0   0  -2  -1  -3  -3   3  -2  -3   5   0  -1  -3  -2  -2    0   0   0   0   0   0   0   0   0   0   0  60   0   0  40   0   0   0   0   0  0.78 0.01
   79 T    -1  -2  -1  -1  -2  -1  -1  -2  -2  -2  -2  -1  -2  -3   6   0   3  -3  -2  -1    0   0   0   0   0   0   0   0   0   0   0   0   0   0  60   0  40   0   0   0  1.09 0.01
   80 F    -2  -3  -3  -3  -2  -3  -3  -4  -2   3   1  -3   1   4  -3  -2  -1  -1   1   2    0   0   0   0   0   0   0   0   0  60   0   0   0  40   0   0   0   0   0   0  0.36 0.01
   81 N    -2  -1   6   1  -3   0   0   0   1  -3  -4   0  -2  -3  -2   1   0  -4  -2  -3    0   0 100   0   0   0   0   0   0   0   0   0   0   0   0   0   0   0   0   0  0.75 0.01
   82 G    -1  -3  -2  -3  -3  -3  -3   3  -2  -1  -1  -2  -1   5  -3  -1  -2   0   2  -2    0   0   0   0   0   0   0  40   0   0   0   0   0  60   0   0   0   0   0   0  0.48 0.01
   83 N    -2  -1   4   5  -3   0   1  -1   0  -3  -4  -1  -3  -3  -2   0  -1  -4  -3  -3    0   0  40  60   0   0   0   0   0   0   0   0   0   0   0   0   0   0   0   0  0.71 0.01
   84 V    -1  -1   4   0  -2  -1  -1  -1   0   0  -1  -1  -1  -2  -2   0   0  -3  -2   2    0   0  60   0   0   0   0   0   0   0   0   0   0   0   0   0   0   0   0  40  0.29 0.01
   85 G     3  -2  -1  -2  -1  -1  -1   4  -2  -2  -2  -1  -2  -3  -1   1  -1  -3  -2  -1   60   0   0   0   0   0   0  40   0   0   0   0   0   0   0   0   0   0   0   0  0.46 0.01
   86 S     0  -2  -1  -2  -1  -1  -2  -2  -2   1   3  -1   1   0  -2   2   0  -2  -1   0    0   0   0   0   0   0   0   0   0   0  60   0   0   0   0  40   0   0   0   0  0.19 0.00
   87 W    -2  -2  -4  -4  -2  -2  -3  -3  -3   0   3  -3   1   1  -3  -3  -2   8   1   0    0   0   0   0   0   0   0   0   0   0  60   0   0   0   0   0   0  40   0   0  0.85 0.01
   88 D     0  -1   1   4  -2   0   1  -1  -1  -3  -3   0  -2  -3  -1   3   1  -3  -2  -2    0   0   0  40   0   0   0   0   0   0   0   0   0   0   0  60   0   0   0   0  0.46 0.01
   89 V     0  -3  -3  -3  -1  -2  -3  -3  -3   3   1  -2   1  -1  -2  -2   0  -3  -1   4    0   0   0   0   0   0   0   0   0   0   0   0   0   0   0   0   0   0   0 100  0.36 0.01
   90 S     2  -1   0  -1  -1  -1  -1   0  -1  -2  -2  -1  -1  -2  -1   3   3  -3  -2  -1   30   0   0   0   0   0   0   0   0   0   0   0   0   0   0  40  30   0   0   0  0.32 0.00
   91 S     1  -1   1   0  -1   0   0   0  -1  -2  -3   0  -2  -2  -1   4   1  -3  -2  -2    0   0   0   0   0   0   0   0   0   0   0   0   0   0   0 100   0   0   0   0  0.47 0.01
   92 V    -1  -2  -3  -4  -1  -2  -3  -4  -3   2   3  -2   2   0  -3  -2  -1  -2  -1   2    0   0   0   0   0   0   0   0   0   0  60   0   0   0   0   0   0   0   0  40  0.34 0.00
   93 T    -1  -1   5   1  -2   0  -1  -1   0  -2  -2   0  -2  -3  -2   1   3  -3  -2  -1    0   0  60   0   0   0   0   0   0   0   0   0   0   0   0   0  40   0   0   0  0.46 0.01
   94 N    -2   4   4   0  -3   1   0  -1   0  -3  -3   1  -2  -3  -2   0  -1  -3  -2  -3    0  60  40   0   0   0   0   0   0   0   0   0   0   0   0   0   0   0   0   0  0.54 0.01
   95 M    -1  -1  -1   0  -3   1   4  -2  -1  -1   0   0   3  -2  -2  -1  -1  -2  -2  -1    0   0   0   0   0   0  60   0   0   0   0   0  40   0   0   0   0   0   0   0  0.33 0.01
   96 M    -1  -1   3  -1  -2   0  -1  -2   5  -1   0  -1   3  -1  -2  -1  -1  -2   0  -1    0   0  30   0   0   0   0   0  30   0   0   0  40   0   0   0   0   0   0   0  0.26 0.01
   97 D    -2  -1   5   4  -3   0   1  -1   0  -3  -4   0  -3  -3  -2   0   0  -4  -3  -3    0   0  60  40   0   0   0   0   0   0   0   0   0   0   0   0   0   0   0   0  0.66 0.01
   98 M     0  -1   0  -1  -1   0  -1  -1  -1   0   0  -1   3  -1  -1   3   1  -2  -1  -1    0   0   0   0   0   0   0   0   0   0   0   0  40   0   0  60   0   0   0   0  0.22 0.01
   99 F    -2  -3  -3  -3  -2  -3  -3  -4  -2   3   1  -3   1   4  -3  -2  -1  -1   1   2    0   0   0   0   0   0   0   0   0  60   0   0   0  40   0   0   0   0   0   0  0.36 0.01
  100 I    -1  -1  -1   0  -3   1   4  -3  -1   2   0   0   0  -2  -2  -1  -1  -3  -2   1    0   0   0   0   0   0  60   0   0  40   0   0   0   0   0   0   0   0   0   0  0.28 0.01
  101 F    -1  -2  -3  -3  -2  -1  -3  -3  -2   1   1  -2   5   4  -3  -2  -1   0   1   0    0   0   0   0   0   0   0   0   0   0   0   0  60  40   0   0   0   0   0   0  0.35 0.01
  102 A     4  -1  -2  -2   0  -1  -1   0  -2  -1  -2  -1  -1  -2  -1   1   0  -3  -2   0  100   0   0   0   0   0   0   0   0   0   0   0   0   0   0   0   0   0   0   0  0.42 0.01
  103 A     2   1  -1  -1  -2   1   0  -1  -1  -2  -2   3  -1  -3  -1   0   0  -3  -2  -1   40   0   0   0   0   0   0   0   0   0   0  60   0   0   0   0   0   0   0   0  0.31 0.01
  104 D    -2  -2   1   6  -4   0   2  -1  -1  -3  -4  -1  -3  -4  -2   0  -1  -4  -3  -3    0   0   0 100   0   0   0   0   0   0   0   0   0   0   0   0   0   0   0   0  0.95 0.01
  105 F    -2  -2  -3  -3  -3  -2  -3  -3   1  -1   0  -2  -1   5  -3  -2  -2   2   6  -1    0   0   0   0   0   0   0   0   0   0   0   0   0  40   0   0   0   0  60   0  0.73 0.01
  106 N     0  -1   4   0  -2   0   0  -1   0  -2  -2   0  -2  -3  -1   2   3  -3  -2  -1    0   0  40   0   0   0   0   0   0   0   0   0   0   0   0  30  30   0   0   0  0.38 0.01
  107 Q     0  -1   0  -1  -3   3   0   4  -1  -3  -3   0  -2  -3  -2   0  -1  -2  -2  -3    0   0   0   0   0  40   0  60   0   0   0   0   0   0   0   0   0   0   0   0  0.60 0.01
  108 D    -1   1   0   4  -3   1   1  -2  -1  -3  -3   3  -2  -3  -1   0  -1  -4  -2  -3    0   0   0  40   0   0   0   0   0   0   0  60   0   0   0   0   0   0   0   0  0.48 0.01
  109 L    -2  -3  -3  -4  -2  -3  -3  -3  -2   1   2  -3   1   5  -3  -2  -2   0   2   0    0   0   0   0   0   0   0   0   0   0  40   0   0  60   0   0   0   0   0   0  0.48 0.01
  110 S     0  -2  -1  -2  -1  -1  -1  -2  -2   1   0  -1   0  -1  -2   2   1  -3  -1   3    0   0   0   0   0   0   0   0   0   0   0   0   0   0   0  40   0   0   0  60  0.18 0.01
  111 G     0   1   0  -1  -3   0   0   3  -1  -3  -3   3  -2  -3  -1   0  -1  -3  -2  -3    0   0   0   0   0   0   0  40   0   0   0  60   0   0   0   0   0   0   0   0  0.45 0.01
  112 W    -2  -3  -4  -4  -2  -3  -3  -3  -3   3   1  -3   0   0  -3  -3  -1   8   1   1    0   0   0   0   0   0   0   0   0  60   0   0   0   0   0   0   0  40   0   0  0.80 0.01
  113 D     0  -1   1   4  -2   0   1  -1  -1  -3  -3   0  -2  -3  -1   3   1  -3  -2  -2    0   0   0  40   0   0   0   0   0   0   0   0   0   0   0  60   0   0   0   0  0.46 0.01
  114 V     0  -2  -1  -2  -2  -2  -2   4  -3   0  -1  -2  -1  -2  -2  -1  -1  -3  -2   2    0   0   0   0   0   0   0  60   0   0   0   0   0   0   0   0   0   0   0  40  0.44 0.01
  115 S     1  -1   1   0  -1   0   0   0  -1  -2  -3   0  -2  -2  -1   4   1  -3  -2  -2    0   0   0   0   0   0   0   0   0   0   0   0   0   0   0 100   0   0   0   0  0.47 0.01
  116 A     3  -1   0  -1  -1   0   0   0  -1  -2  -2   0  -1  -2  -1   3   1  -3  -2  -1   40   0   0   0   0   0   0   0   0   0   0   0   0   0   0  60   0   0   0   0  0.36 0.01
  117 V    -1  -3  -3  -3  -1  -3  -3  -4  -3   4   1  -3   1   0  -3  -2   0  -3  -1   3    0   0   0   0   0   0   0   0   0  60   0   0   0   0   0   0   0   0   0  40  0.36 0.01
  118 T     0  -2   0  -1  -2  -1  -2   4  -2  -2  -2  -1  -2  -3  -2   0   3  -3  -2  -2    0   0   0   0   0   0   0  60   0   0   0   0   0   0   0   0  40   0   0   0  0.55 0.01
  119 D    -1  -1   0   4  -4   1   4  -2  -1  -3  -3   0  -2  -3  -1   0  -1  -3  -2  -3    0   0   0  40   0   0  60   0   0   0   0   0   0   0   0   0   0   0   0   0  0.68 0.01
  120 L    -1   1  -1  -2  -2   0   0  -2  -1   0   2   3   0  -1  -2  -1  -1  -2  -2  -1    0   0   0   0   0   0   0   0   0   0  40  60   0   0   0   0   0   0   0   0  0.22 0.01
  121 S     0  -1   5   1  -2   0   0   0   0  -3  -3   0  -2  -3  -2   2   1  -3  -2  -2    0   0  60   0   0   0   0   0   0   0   0   0   0   0   0  40   0   0   0   0  0.50 0.01
  122 Y    -1  -2  -1  -2  -3  -2  -2   4   0  -3  -2  -2  -2   1  -3  -1  -2   0   4  -2    0   0   0   0   0   0   0  60   0   0   0   0   0   0   0   0   0   0  40   0  0.60 0.01
  123 M    -1  -1  -2  -3  -2  -1  -2  -3  -2   1   2  -1   6   0  -3  -2  -1  -2  -1   1    0   0   0   0   0   0   0   0   0   0   0   0 100   0   0   0   0   0   0   0  0.39 0.02
  124 F    -2  -3  -3  -3  -2  -3  -3  -4  -2   3   1  -3   1   4  -3  -2  -1  -1   1   2    0   0   0   0   0   0   0   0   0  60   0   0   0  40   0   0   0   0   0   0  0.36 0.01
  125 F    -2  -2  -3  -3  -3  -2  -3  -3   1  -1   0  -2  -1   5  -3  -2  -2   2   6  -1    0   0   0   0   0   0   0   0   0   0   0   0   0  40   0   0   0   0  60   0  0.73 0.01
  126 G     3  -2  -1  -2  -1  -1  -1   4  -2  -2  -2  -1  -2  -3  -1   1  -1  -3  -2  -1   60   0   0   0   0   0   0  40   0   0   0   0   0   0   0   0   0   0   0   0  0.46 0.01
  127 A     2  -1  -1  -1  -1  -1  -1  -1  -2  -1  -1  -1  -1  -2  -1   1   4  -3  -2   0   40   0   0   0   0   0   0   0   0   0   0   0   0   0   0   0  60   0   0   0  0.33 0.01
  128 T    -1  -1   1   5  -2   0   1  -1  -1  -2  -2  -1  -2  -3  -1   1   3  -3  -2  -2    0   0   0  60   0   0   0   0   0   0   0   0   0   0   0   0  40   0   0   0  0.52 0.01
  129 S     0  -1   0  -1  -1   0  -1  -1  -1  -1  -2  -1  -1  -2  -1   3   4  -3  -2  -1    0   0   0   0   0   0   0   0   0   0   0   0   0   0   0  40  60   0   0   0  0.40 0.01
  130 F    -2  -2  -3  -4  -2  -3  -3  -4  -2   1   3  -3   1   4  -3  -3  -2   0   1   0    0   0   0   0   0   0   0   0   0   0  60   0   0  40   0   0   0   0   0   0  0.41 0.01
  131 N    -2  -1   6   1  -3   0   0   0   1  -3  -4   0  -2  -3  -2   1   0  -4  -2  -3    0   0 100   0   0   0   0   0   0   0   0   0   0   0   0   0   0   0   0   0  0.75 0.01
  132 Q    -1   1   0   0  -3   6   2  -2   0  -3  -2   1   0  -3  -1   0  -1  -2  -2  -2    0   0   0   0   0 100   0   0   0   0   0   0   0   0   0   0   0   0   0   0  0.68 0.01
  133 D    -1  -2   0   4  -3  -1   0   4  -2  -4  -4  -1  -3  -3  -2   0  -1  -3  -3  -3    0   0   0  40   0   0   0  60   0   0   0   0   0   0   0   0   0   0   0   0  0.69 0.01
  134 L    -1   0  -1   0  -2   3   3  -3  -1   0   2   0   1  -1  -2  -1  -1  -2  -1  -1    0   0   0   0   0  30  30   0   0   0  40   0   0   0   0   0   0   0   0   0  0.25 0.00
  135 N     0  -1   4   0  -3  -1  -1   4  -1  -4  -4  -1  -3  -3  -2   0  -1  -3  -3  -3    0   0  40   0   0   0   0  60   0   0   0   0   0   0   0   0   0   0   0   0  0.67 0.01
  136 G     0  -2   0  -1  -3  -2  -2   6  -2  -4  -4  -2  -3  -3  -2   0  -2  -3  -3  -3    0   0   0   0   0   0   0 100   0   0   0   0   0   0   0   0   0   0   0   0  1.06 0.01
  137 W    -3  -3  -4  -4  -2  -2  -3  -3  -3  -3  -2  -3  -2   1  -4  -3  -3  11   2  -3    0   0   0   0   0   0   0   0   0   0   0   0   0   0   0   0   0 100   0   0  2.38 0.02
  138 D    -1  -1   1   4  -1   0   1   0   0  -1  -1   0  -1  -1   0   0   0  -1  -1  -1    5   3   3  43   1   3   4   4   1   3   5   3   1   2   3   4   3   1   2   4  0.22 0.00
  139 V     0  -1  -1  -1  -1  -1  -1  -1  -1   1   0  -1   0  -1   0   0   0  -1  -1   2    5   3   3   3   1   3   4   4   1   3   5   3   1   2   3   4   3   1   2  44  0.04 0.00
  140 S     1   0   0   0  -1   0   0   0   0  -1  -1   0  -1  -1   0   2   1  -1  -1  -1    5   3   3   3   1   3   4   4   1   3   5   3   1   2   3  44   3   1   2   4  0.12 0.00
  141 A     2   0   0  -1   0   0   0   0  -1  -1  -1   0   0  -1   0   1   0  -1  -1   0   45   3   3   3   1   3   4   4   1   3   5   3   1   2   3   4   3   1   2   4  0.10 0.00
  142 V     0  -1  -1  -1  -1  -1  -1  -1  -1   1   0  -1   0  -1   0   0   0  -1  -1   2    5   3   3   3   1   3   4   4   1   3   5   3   1   2   3   4   3   1   2  44  0.04 0.00
  143 T     0   0   0   0  -1   0   0  -1  -1   0  -1   0   0  -1   0   1   3  -1  -1   0    5   3   3   3   1   3   4   4   1   3   5   3   1   2   3   4  44   1   2   4  0.12 0.00
  144 T     0   0   0   0  -1   0   0  -1  -1   0  -1   0   0  -1   0   1   3  -1  -1   0    5   3   3   3   1   3   4   4   1   3   5   3   1   2   3   4  44   1   2   4  0.12 0.00
  145 L     0  -1  -1  -1  -1  -1  -1  -1  -1   1   2  -1   1   0   0  -1   0  -1   0   0    5   3   3   3   1   3   4   4   1   3  46   3   1   2   3   4   3   1   2   4  0.06 0.00
  146 S     1   0   0   0  -1   0   0   0   0  -1  -1   0  -1  -1   0   2   1  -1  -1  -1    5   3   3   3   1   3   4   4   1   3   5   3   1   2   3  44   3   1   2   4  0.12 0.00
  147 T     0  -1   0  -1  -1  -1  -1  -2  -2  -1  -1  -1  -1  -2  -1   1   5  -3  -2   0    0   0   0   0   0   0   0   0   0   0   0   0   0   0   0   0 100   0   0   0  0.49 0.01
  148 M    -1  -1  -2  -3  -2  -1  -2  -3  -2   1   2  -1   6   0  -3  -2  -1  -2  -1   1    0   0   0   0   0   0   0   0   0   0   0   0 100   0   0   0   0   0   0   0  0.39 0.02
  149 F    -2  -2  -3  -3  -3  -2  -3  -3   1  -1   0  -2  -1   5  -3  -2  -2   2   6  -1    0   0   0   0   0   0   0   0   0   0   0   0   0  40   0   0   0   0  60   0  0.73 0.01
  150 K    -1   1   0  -1  -2   1   0  -2  -1  -2  -2   4  -1  -3  -1   0   2  -3  -2  -1    0   0   0   0   0   0   0   0   0   0   0  70   0   0   0   0  30   0   0   0  0.36 0.01
  151 N    -2   3   5   1  -3   0   0  -1   0  -3  -3   1  -2  -3  -2   0   0  -3  -2  -3    0  30  70   0   0   0   0   0   0   0   0   0   0   0   0   0   0   0   0   0  0.56 0.01
  152 A     3  -1  -1  -1  -1  -1  -1   0  -1  -2  -2  -1  -1  -2  -1   2   0  -3  -2  -1   70   0   0   0   0   0   0   0   0   0   0   0   0   0   0  30   0   0   0   0  0.36 0.01
  153 A     2   0   0  -1  -1   3   0   0  -1  -2  -2   0  -1  -3  -1   2   0  -2  -2  -1   40   0   0   0   0  30   0   0   0   0   0   0   0   0   0  30   0   0   0   0  0.30 0.00
  154 A     3  -1  -1  -1   0   0  -1   0  -1  -1  -1   0  -1  -2   0   1   0  -2  -1   0   72   2   1   2   1   1   2   2   1   2   3   2   1   1   2   2   2   0   1   2  0.23 0.00
  155 F    -1  -2  -1  -1  -2  -1  -2   3  -1  -1  -1  -1  -1   4  -1  -1  -1   0   1  -1    2   2   1   2   1   1   2  32   1   2   3   2   1  41   2   2   2   0   1   2  0.23 0.00
  156 D    -1  -1   1   4  -1   0   1   0   0  -1  -1   0  -1  -1   0   0   0  -1  -1  -1    5   3   3  43   1   3   4   4   1   3   5   3   1   2   3   4   3   1   2   4  0.22 0.00
  157 R    -1   4   0   0  -2   1   3  -1   0  -2  -2   1  -1  -2  -1   0  -1  -2  -1  -2    2  42   1   2   1   1  32   2   1   2   3   2   1   1   2   2   2   0   1   2  0.31 0.00
  158 D    -1  -1   0   4  -2   0   1  -1  -1  -2  -2  -1  -2  -2   4   0  -1  -2  -2  -2    2   2   1  42   1   1   2   2   1   2   3   2   1   1  32   2   2   0   1   2  0.58 0.00
  159 L     0  -1  -1  -1  -1  -1  -1   3  -2   0   2  -1   1  -1  -1  -1  -1  -1  -1   0    2   2   1   2   1   1   2  32   1   2  43   2   1   1   2   2   2   0   1   2  0.15 0.00
  160 S     1  -1   1   0  -1   0   0   0  -1  -2  -3   0  -2  -2  -1   4   1  -3  -2  -2    0   0   0   0   0   0   0   0   0   0   0   0   0   0   0 100   0   0   0   0  0.47 0.01
  161 G     0  -2   0  -1  -3  -2  -2   6  -2  -4  -4  -2  -3  -3  -2   0  -2  -3  -3  -3    0   0   0   0   0   0   0 100   0   0   0   0   0   0   0   0   0   0   0   0  1.06 0.01
  162 W    -3  -3  -4  -4  -2  -2  -3  -3  -3  -3  -2  -3  -2   1  -4  -3  -3  11   2  -3    0   0   0   0   0   0   0   0   0   0   0   0   0   0   0   0   0 100   0   0  2.38 0.02
  163 D    -2  -2   1   6  -4   0   2  -1  -1  -3  -4  -1  -3  -4  -2   0  -1  -4  -3  -3    0   0   0 100   0   0   0   0   0   0   0   0   0   0   0   0   0   0   0   0  0.95 0.01
  164 V     1  -1   0  -1  -1  -1  -1  -1  -2   1  -1  -1   0  -2  -1   3   1  -3  -2   2    0   0   0   0   0   0   0   0   0   0   0   0   0   0   0  60   0   0   0  40  0.20 0.01
  165 S     1  -1   1   0  -1   0   0   0  -1  -2  -3   0  -2  -2  -1   4   1  -3  -2  -2    0   0   0   0   0   0   0   0   0   0   0   0   0   0   0 100   0   0   0   0  0.47 0.01
  166 A     3  -2   0   3  -1  -1   0   0  -2  -2  -2  -1  -1  -3  -1   1   0  -3  -2  -1   70   0   0  30   0   0   0   0   0   0   0   0   0   0   0   0   0   0   0   0  0.34 0.01
  167 V     2  -2  -3  -3  -1  -2  -2  -2  -3   3   1  -2   0  -1  -2  -1   0  -3  -1   3   30   0   0   0   0   0   0   0   0  30   0   0   0   0   0   0   0   0   0  40  0.21 0.00
  168 T     0   0  -1  -1  -2   0   0  -2  -2  -2  -2   2  -1  -3   4   0   3  -3  -2  -1    0   0   0   0   0   0   0   0   0   0   0  30   0   0  30   0  40   0   0   0  0.53 0.01
  169 F    -1  -1  -2  -2  -1  -1  -2  -2  -1   0   1  -1   3   4  -2  -1  -1   0   1   0    2   2   1   2   1   1   2   2   1   2   3   2  30  41   2   2   2   0   1   2  0.19 0.00
  170 M     0  -1   0  -1  -1   0  -1  -1  -1   0   1  -1   3  -1  -1   2   0  -1  -1   0    2   2   1   2   1   1   2   2   1   2   3   2  41   1   2  32   2   0   1   2  0.10 0.00
  171 G     0  -1   0  -1  -2  -1  -1   5  -1  -2  -2  -1  -2  -2  -1   0  -1  -2  -2  -2    2   2   1   2   1   1   2  72   1   2   3   2   1   1   2   2   2   0   1   2  0.58 0.00
  172 D    -2  -1   3   4  -3   0   1  -1   5  -3  -3  -1  -2  -3  -2   0  -1  -4  -1  -3    0   0  30  40   0   0   0   0  30   0   0   0   0   0   0   0   0   0   0   0  0.55 0.01
  173 M     0  -2  -1  -2  -1  -1  -1  -2  -2   1   1  -1   4  -1  -2   1   0  -2  -1   2    0   0   0   0   0   0   0   0   0   0   0   0  40   0   0  30   0   0   0  30  0.15 0.01
  174 F    -2  -2  -2  -3  -2  -2  -2  -3  -2  -1  -1  -2  -1   4  -3  -1   2   7   2  -1    0   0   0   0   0   0   0   0   0   0   0   0   0  40   0   0  30  30   0   0  0.66 0.01
  175 F    -1  -2  -3  -3  -2  -2  -3  -3   0   1   0  -3   0   4  -3  -2  -1   1   4   1    0   0   0   0   0   0   0   0   0   0   0   0   0  40   0   0   0   0  30  30  0.42 0.01
  176 G     0  -2   0  -1  -3  -2  -2   6  -2  -4  -4  -2  -3  -3  -2   0  -2  -3  -3  -3    0   0   0   0   0   0   0 100   0   0   0   0   0   0   0   0   0   0   0   0  1.06 0.01
  177 A     4  -1  -2  -2   0  -1  -1   0  -2  -1  -2  -1  -1  -2  -1   1   0  -3  -2   0  100   0   0   0   0   0   0   0   0   0   0   0   0   0   0   0   0   0   0   0  0.42 0.01
  178 T     0  -2   0  -1  -1  -1  -1   3  -2  -1  -2  -1  -1  -2  -1   1   4  -3  -2  -1    0   0   0   0   0   0   0  30   0   0   0   0   0   0   0   0  70   0   0   0  0.40 0.01
  179 S     2  -1   0  -1  -1   0   0   0  -1  -2  -2   0  -1  -2  -1   3   1  -3  -2  -1   30   0   0   0   0   0   0   0   0   0   0   0   0   0   0  70   0   0   0   0  0.38 0.01
  180 F     1  -2  -3  -3  -1  -2  -2  -2  -2   2   0  -2   0   4  -2  -1  -1  -1   1   1   30   0   0   0   0   0   0   0   0  30   0   0   0  40   0   0   0   0   0   0  0.22 0.00
  181 D    -1   3   0   4  -3   0   0  -2  -1  -2  -2   0  -2  -3  -2   0   2  -3  -2  -2    0  30   0  40   0   0   0   0   0   0   0   0   0   0   0   0  30   0   0   0  0.38 0.01
  182 R    -1   4   3   0  -2   0   0  -1   0  -2  -2   1  -1  -2  -1   0   0  -2  -1  -2    2  42  31   2   1   1   2   2   1   2   3   2   1   1   2   2   2   0   1   2  0.29 0.00
  183 D    -1  -1   0   4  -1  -1   0  -1  -1   0  -1  -1  -1  -1  -1   0   0  -2  -1   1    2   2   1  42   1   1   2   2   1   2   3   2   1   1   2   2   2   0   1  32  0.18 0.00
  184 L    -1  -2  -3  -3  -1  -1  -2  -3  -2   1   3  -2   5   0  -3  -2  -1  -2  -1   1    0   0   0   0   0   0   0   0   0   0  40   0  60   0   0   0   0   0   0   0  0.36 0.01
  185 S     1  -1   0  -1  -1   0   0  -1  -1  -3  -3   0  -2  -3   4   3   1  -3  -2  -2    0   0   0   0   0   0   0   0   0   0   0   0   0   0  30  70   0   0   0   0  0.62 0.01
  186 G     0  -2  -1  -2  -2  -2  -2   5  -2   0  -2  -2  -1  -2  -2  -1  -1  -3  -2   1    0   0   0   0   0   0   0  70   0   0   0   0   0   0   0   0   0   0   0  30  0.55 0.01
  187 W    -1  -2  -1  -2  -2  -1  -1  -2  -2  -3  -2  -1  -2  -1   4   1   0   8   0  -2    0   0   0   0   0   0   0   0   0   0   0   0   0   0  30  30   0  40   0   0  1.01 0.01
  188 D    -2  -1   5   5  -3   0   1  -1   0  -3  -4  -1  -3  -3  -2   0  -1  -4  -3  -3    0   0  51  49   0   0   0   0   0   0   0   0   0   0   0   0   0   0   0   0  0.71 0.03
  189 V    -1  -2   1  -2  -2  -2  -2  -3  -2   2   2  -2   3   0  -3  -2  -1  -2  -1   2    0   0  17   0   0   0   0   0   0  21  28   0  17   0   0   0   0   0   0  17  0.21 0.02
  190 S     1  -1   0  -1  -2  -1  -1   2  -2  -3  -3  -1  -2  -3   3   3   0  -3  -2  -2    0   0   0   0   0   0   0  21   0   0   0   0   0   0  17  62   0   0   0   0  0.50 0.04
  191 A     4  -2  -2  -2  -1  -1  -1   0  -2   0  -1  -1  -1  -2  -1   1   0  -3  -2   1   83   0   0   0   0   0   0   0   0   0   0   0   0   0   0   0   0   0   0  17  0.39 0.05
  192 V     1  -3  -3  -3  -1  -2  -2  -2  -3   3   0  -2   0  -1  -2  -1   0  -3  -2   3   21   0   0   0   0   0   0   0   0  17   0   0   0   0   0   0   0   0   0  62  0.30 0.04
  193 T     0  -1   0  -1  -1  -1  -1  -1  -2  -2  -2  -1  -1  -3   3   3   3  -3  -2  -1    0   0   0   0   0   0   0   0   0   0   0   0   0   0  17  45  38   0   0   0  0.48 0.04
  194 S     0  -1   0  -1  -2   2   0   2  -1  -3  -3   0  -2  -3  -1   3   1  -3  -2  -2    0   0   0   0   0  21   0  17   0   0   0   0   0   0   0  62   0   0   0   0  0.40 0.04
  195 M    -1  -1  -2  -2  -1  -1  -1  -3  -2   1   2   1   3  -1  -2  -1   1  -2  -1   2    0   0   0   0   0   0   0   0   0   0  21  17  17   0   0   0  17   0   0  28  0.15 0.02
  196 G    -1  -2  -1   2  -2  -1   2   1  -2   0   1  -1   0  -2  -2  -1  -1  -3  -2   1    0   0   0  17   0   0  21  17   0   0  17   0   0   0   0   0   0   0   0  28  0.13 0.02
  197 D     1  -1   4   2  -2  -1   0  -1  -1  -1  -2  -1  -1  -3  -2   0   0  -4  -2   0   21   0  45  17   0   0   0   0   0   0   0   0   0   0   0   0   0   0   0  17  0.31 0.03
  198 M    -1   0  -1  -2   5   0  -1  -2  -2   0   0   2   2  -1  -1  -1  -1  -2  -1   1    1   1   1   1  21   1   1   1   0   1   1  29  18   1   1   1   1   0   1  18  0.17 0.02
  199 F    -2  -2  -2  -2  -2  -2  -2  -2  -1  -1   0  -2   0   6   3  -2  -2   0   2  -1    1   1   1   1   0   1   1   1   0   1   1   1   0  67  18   1   1   0   1   1  0.55 0.04
  200 T     1  -1   4   0  -2   0  -1  -1   0  -2  -2   0  -1  -2  -1   1   2  -2  -2  -1   18   1  50   1   0   1   1   1   0   1   1   1   0   1   1   1  18   0   1   1  0.33 0.03
  201 G    -1  -1   2   2  -2  -1   0   2  -1  -3  -3  -1  -2  -3   4   0  -1  -3  -2  -2    1   1  22  18   0   1   1  18   0   1   1   1   0   1  29   1   1   0   1   1  0.52 0.02
  202 A     1  -2  -1  -2  -2  -1  -2   2  -1  -1  -1  -1  -1   3   3   0  -1  -1   0  -1   19   1   1   1   0   1   1  22   0   1   1   1   0  29  18   1   1   0   1   1  0.28 0.02
  203 T     0  -1   0   3  -1   0   0  -1  -1  -2  -2  -1  -1  -2  -1   2   3  -2  -2  -1    1   1   1  29   0   1   1   1   0   1   1   1   0   1   1  22  35   0   1   1  0.31 0.02
  204 A     2  -2  -1  -2  -1  -1  -1   2  -2   0   1  -1   0  -1  -1   0  -1  -2  -2   0   35   1   1   1   0   1   1  22   0   1  30   1   0   1   1   1   1   0   1   1  0.16 0.02
  205 L    -1  -2  -2  -2  -1  -2  -2  -2  -2   3   2  -2   1   0  -2  -1   2  -2  -1   1    1   1   1   1   0   1   1   1   0  46  19   1   0   1   1   1  22   0   1   1  0.18 0.02
  206 S     0  -1   0  -1  -2   0   1  -1  -1  -2  -2  -1  -2  -2  -2   3   2   6  -1  -2    0   0   0   0   0   0  17   0   0   0   0   0   0   0   0  46  17  21   0   0  0.49 0.04
  207 D    -2  -2   1   6  -3  -1   1  -2  -2  -3  -4  -1  -3  -4  -2   0   1  -4  -3  -3    0   0   0  86   0   0   0   0   0   0   0   0   0   0   0   0  14   0   0   0  0.92 0.08
  208 C     0  -2  -1  -2   6  -2  -2   3  -2  -2  -2  -2  -2  -3  -2   2   1  -3  -2  -2    0   0   0   0  30   0   0  27   0   0   0   0   0   0   0  30  13   0   0   0  0.47 0.05
  209 N    -1   1   4   0  -3   1   0  -1  -1  -3  -3   4  -2  -3  -2   1   0  -3  -2  -3    0   0  32   0   0   0   0   0   0   0   0  52   0   0   0  16   0   0   0   0  0.45 0.06
  210 K    -1   1  -1  -1  -3   1   0   2  -1  -3  -3   5  -2  -3  -2  -1  -1  -3  -2  -3    0   0   0   0   0   0   0  18   0   0   0  82   0   0   0   0   0   0   0   0  0.56 0.07
  211 A     1  -1  -1   2  -3   2   0   2  -1  -3  -3   0  -2  -3   4   0  -1  -3  -3  -2   14   0   0  16   0  25   0  18   0   0   0   0   0   0  27   0   0   0   0   0  0.51 0.04
  212 K    -1   1   3   0  -2   1   0  -1   0  -2  -2   4  -1  -3  -1   0  -1  -2  -2  -2    1   1  28   1   0   1   1   1   0   1   2  56   0   1   1   1   1   0   1   1  0.37 0.04
  213 I    -1  -2  -2  -2   4  -2  -2  -2  -2   3   0  -2   0  -1  -2  -1   1  -2  -1   2    1   1   1   1  16   1   1   1   0  42   2   1   0   1   1   1  14   0   1  13  0.21 0.03
  214 S     1  -1  -1  -2  -1  -1  -1  -1  -2  -1  -1  -1  -1  -1  -1   2   0   7   0   0   17   1   1   1   0   1   1   1   0   1   2   1   0   1   1  29   1  27   1  13  0.45 0.04
  215 S     0  -1  -1  -1  -2   1  -1  -2   0  -1   0  -1  -1   0  -2   3   2  -1   3  -1    0   0   0   0   0  10   0   0   0   0  11   0   0   0   0  41  15   0  23   0  0.25 0.06
  216 S     0  -1   2   0  -2   1   0  -1  -1  -3  -3   1  -2  -3  -1   4   1  -3  -2  -2    0   0  13   0   0  10   0   0   0   0   0   9   0   0   0  68   0   0   0   0  0.47 0.09
  217 W    -1  -2  -2  -2  -2   1   0  -3  -1  -1   1  -1   0   0   2  -1   1   5   4  -1    0   0   0   0   0  10   9   0   0   0  20   0   0   0  13   0  12  10  26   0  0.33 0.06
  218 S     1  -1   2  -1  -2   1  -1  -1  -1  -2   0  -1  -1  -3   5   1   0  -3  -2  -2   11   0  18   0   0   8   0   0   0   0  12   0   0   0  31  20   0   0   0   0  0.49 0.07
  219 G     1  -2  -1   1  -2  -2  -1   4  -2  -3  -3  -2  -2   1  -2   1  -1  -2  -1  -3   11   0   0  11   0   0   0  54   0   0   0   0   0  12   0  11   0   0   0   0  0.52 0.08
  220 Q     0   1  -1  -1  -3   3   2   1  -1  -3  -3   3  -2  -3   2   0  -1  -3  -2  -2   11   0   0   0   0  20  11  12   0   0   0  37   0   0   8   0   0   0   0   0  0.37 0.07
  221 V     1  -1  -2  -2  -1  -1  -2  -2  -2   2   1   0   0  -1   2   0   1  -3  -2   2   11   0   0   0   0   0   0   0   0  18  11   8   0   0  11   8  12   0   0  20  0.16 0.04
  222 S     1   2  -1  -1  -2  -1   0   2  -2  -3  -3   0  -2  -3   2   3   0  -3  -2  -2   10  15   0   0   0   0   6  18   0   0   0   0   0   0   9  41   0   0   0   0  0.37 0.09
  223 S     1  -2  -1  -1  -2  -1  -1   0  -2  -2  -1  -1  -1  -3   3   3   2  -3  -2  -1   15   0   0   0   0   0   0   6   0   0   7   0   0   0  19  35  18   0   0   0  0.40 0.09
  224 W     0  -2  -2  -3  -2  -2  -2  -2  -2  -1  -1  -2   1  -1   1   1   1   7   2   1    6   0   0   0   0   0   0   0   0   0   0   0   5   0   8  17   8  27   8  21  0.56 0.13
  225 E     1  -1   2   0  -2   1   3  -2   2  -3  -3   0  -2  -3   1   1   1  -3  -2  -2   21   0  13   0   0   6  30   0   8   0   0   0   0   0   7   8   8   0   0   0  0.33 0.09
  226 Y    -1   0  -1  -2  -2   0   1  -2  -1  -1  -2   3  -1  -1   1  -1   1  -1   3   0    1   0   0   0   0   0   8   1   0   0   1  33   0   0   8   1  13   0  20  12  0.26 0.11
  227 P    -3  -4  -4  -4  -5  -3  -3  -4  -4  -5  -5  -3  -5  -6   8  -1  -1  -6  -5  -4    0   0   0   0   0   0   0   0   0   0   0   0   0   0  93   4   3   0   0   0  2.60 0.58
  228 S     1  -1   1  -1  -2   1   0   0   0  -2  -2   1  -2  -3   1   2   2  -3  -2   0   14   0   6   0   0   6   5   6   3   0   1   8   0   0   8  20  14   0   0   7  0.21 0.12
  229 W     1  -2  -2  -2  -2  -1  -2   0   1  -1   0   0  -1  -1   1  -1  -1   7   1   0   12   1   1   1   0   3   1   7   4   1  12   7   0   1   7   4   4  22   4   8  0.39 0.16
  230 N     0  -1   3   2  -2   0  -1   1  -1  -3  -3   0  -2   0   1   2  -1  -2   0  -2    7   1  24  13   0   4   1   9   0   1   1   5   0   4   6  18   1   0   4   1  0.27 0.14
  231 N     1   0   1   1  -2   1   0  -1  -1  -1  -2   1  -2  -3   2   2   1  -3  -2  -2   10   3   7   7   0   9   4   4   0   4   1  11   0   0  13  18   7   0   0   1  0.23 0.11
  232 L     1  -2  -2  -3  -2  -1  -2  -1  -2   1   2  -1   1  -1   0   0   1  -2   0   1   12   0   0   0   0   2   1   3   0   9  32   3   3   0   3   4  10   0   5   9  0.14 0.11
  233 C     1  -2  -2  -2   3   0  -2   0  -2   0   0  -2  -1  -1   3   1   1  -3  -2  -1   13   0   0   0   8   6   0   6   0   6  12   0   0   3  14  15  12   0   0   2  0.21 0.14
  234 P    -1  -5  -5  -4  -5  -1  -2  -5  -5  -5  -5  -1  -5  -6   8  -3   0  -6  -6  -2    5   0   0   0   0   2   2   0   0   0   0   3   0   0  78   0   5   0   0   4  2.16 0.76
  235 P     0  -4  -4  -2  -5  -2   0   0  -1  -4  -2  -1  -1  -5   7   0  -1  -6  -5  -3    9   0   0   2   0   2   6   7   1   0   4   3   1   0  54   7   4   0   0   1  1.18 0.52
  236 T     1   0  -1  -2  -3   1   0   1  -2  -2  -2   0  -2  -2   1   1   3  -1  -2  -1   11   5   2   0   0   8   7   9   0   1   1   6   0   2   8  10  25   1   1   3  0.25 0.24
  237 A     0  -2  -3  -2  -5   0  -1  -1  -4  -5  -5  -1  -5  -2   7  -2   0  -5   0  -5    9   1   1   1   0   4   3   6   0   0   0   3   0   1  58   1   7   0   4   0  1.36 0.61
  238 A     2   0  -2   0  -3  -1  -1  -2  -3  -2  -2   2  -2  -1   2   1   2  -4  -3  -1   21   4   0   5   0   1   3   2   0   2   3  15   0   3  10   9  19   0   0   2  0.28 0.26
  239 P    -2  -2  -5  -3  -6  -4  -4  -2  -2  -6  -4  -1  -1  -6   8  -2  -1  -7  -6  -3    2   2   0   1   0   0   0   3   1   0   1   4   2   0  75   3   3   0   0   1  2.06 0.82
  240 S     1   1  -2  -2  -3  -2   1  -1  -1  -2   0  -1   0  -3   2   1   2   0  -1   0   10   8   0   0   0   0  11   4   1   0  13   2   2   0  13  11  15   1   2   7  0.20 0.22
  241 A     1  -2  -2  -2  -4  -1  -2  -1  -1  -1  -3  -2  -1  -2   6   1  -1  -5  -2   1   11   2   1   2   0   3   2   3   1   3   1   1   1   1  41  11   4   0   2  10  0.74 0.40
  242 A     3   0  -2  -3  -3   3   1  -3   0  -2  -1   0  -2  -4  -2   1   0  -4  -3  -1   33   5   0   0   0  17   7   0   2   2   4   5   0   0   1  13   6   0   0   4  0.40 0.33
  243 P    -1  -1  -4  -4  -5   3  -3  -2  -4  -3  -4   0  -4  -5   7  -2  -1  -5  -2  -1    5   3   0   0   0  14   0   3   0   1   1   5   0   0  55   2   4   0   2   4  1.33 0.61
  244 S     0  -1  -1  -3  -4   0   0  -1   0  -3  -2  -2  -1  -2   5   1   2   0  -3  -2    8   3   2   0   0   4   5   5   2   0   3   0   2   2  31  11  18   2   0   1  0.59 0.36
  245 A     2  -1  -2  -2  -3  -1  -2   2  -1  -2  -1  -1  -1  -1   2   1   1  -3   1  -2   22   3   0   1   0   2   0  20   1   1   5   2   2   2  11  10  10   0   5   1  0.28 0.23
  246 A     2   1  -1  -3  -3  -1  -1  -2  -3  -1  -2   0  -3  -2   5  -1   1  -4  -4   1   17   7   3   0   0   2   4   2   0   2   3   5   0   1  30   4   9   0   0  11  0.50 0.32
  247 P     0  -1  -4  -1  -5   2  -1  -2  -4  -5  -3  -1  -1  -2   6   0   0  -5  -2  -4    7   3   0   3   0   9   2   3   0   0   3   3   2   2  48   5   7   0   2   0  1.00 0.51
  248 S     0   0  -1  -1   0   0   1   0   0  -1  -2   0  -1  -4  -1   2   3  -4  -3   0    8   3   2   1   2   2  10   6   2   2   2   7   2   0   3  18  23   0   0   7  0.23 0.23
  249 A     1  -4  -2  -1  -5   0  -3  -4  -4  -4  -3  -3   1  -5   7   0   1  -6  -5  -2   14   0   2   3   0   4   0   0   0   0   2   0   4   0  53   5   8   0   0   3  1.28 0.60
  250 A     3  -2  -3  -2   1  -1  -1   0   0  -3  -3   1  -1  -4   3   0   2  -4  -1   0   27   1   0   1   3   1   4   7   2   0   0   8   2   0  17   3  13   0   2   7  0.36 0.30
  251 P    -1  -2  -2  -4  -5   1   0  -4  -4  -4  -2  -1  -1  -1   7  -1   0  -5  -4  -3    6   2   2   0   0   6   5   0   0   0   3   3   2   4  56   5   5   0   0   1  1.27 0.58
  252 S     2  -1  -2  -2  -3   1   1  -1  -1  -2  -2  -1  -2  -4   1   3   1  -4  -3   0   21   3   0   0   0   5   9   3   2   1   4   3   0   0   6  26  11   0   0   6  0.31 0.28
  253 A    -1  -3  -1  -1  -4   0  -2  -4  -3  -1   0   0  -3  -1   5   0   0  -1   1   0    6   0   3   2   0   6   1   0   0   4   8   5   0   2  38   6   6   1   5   6  0.64 0.36
  254 A     2   0  -2  -2  -3  -2  -2   2   0   0  -1  -2  -2  -2   4  -1   1  -4  -3  -1   17   5   1   1   0   0   2  18   2   7   6   1   0   2  21   2  10   0   0   3  0.35 0.26
  255 P     0  -1  -5  -3  -5  -2  -4  -5  -5  -5  -4  -2  -5  -6   7   0  -2  -6  -6  -5    8   4   0   1   0   2   0   0   0   0   2   2   0   0  72   6   3   0   0   0  1.96 0.79
  256 T     0  -3  -1  -1  -3   0   0   0  -1  -3  -3  -2  -1  -4   2   2   3   0  -2   0    7   0   2   2   0   3   5   8   2   0   0   2   1   0  11  20  28   1   1   7  0.38 0.31
  257 A     1  -1  -2  -1  -2   1  -1   0  -1   0   0   0   1   0   2   0   0  -3  -1   0   17   2   0   3   0   8   2   6   2   5  10   5   4   4  13   7   4   0   2   7  0.12 0.12
  258 A     3   0  -2  -3  -1   0   0  -2  -1  -3  -3   1  -1  -2   0   2   2  -4  -1  -1   31   5   0   0   1   4   4   2   2   0   0   7   1   2   4  14  17   0   2   2  0.35 0.30
  259 P    -3  -5  -5  -5  -6  -2  -1  -3  -5  -6  -4  -2  -1  -7   8  -4  -1  -7  -6  -5    2   0   0   0   0   2   3   1   0   0   2   3   2   0  82   0   4   0   0   0  2.38 0.92
  260 S    -1  -1   0  -2  -3   0   0   0  -3  -1  -1   0   0  -3   0   2   3  -4  -2   1    2   1   3   0   0   4   8   8   0   2   4   4   3   0   5  18  25   0   1  10  0.24 0.25
  261 A     1   0  -2  -1   0   2   0  -1  -1  -1   0   0  -1  -1   1   0   0   1   1   1   13   5   0   4   2  13   5   3   1   0   8   4   1   2   6   6   5   2   5  16  0.08 0.12
  262 A     2   2  -2  -2  -3   2   0  -2   2  -3  -2   1  -3  -4   1   2   2  -4  -3  -2   16  11   0   0   0  13   6   2   5   0   2   7   0   0   6  15  14   0   0   2  0.32 0.27
  263 P    -3  -5  -5  -5  -6   1  -2  -5  -1  -6  -6   0  -5  -2   8  -2  -2  -6  -2  -6    1   0   0   0   0   8   1   0   2   0   0   5   0   2  75   3   2   0   2   0  2.13 0.86
  264 S     0  -3   0  -1  -3   0   0   2  -3  -3  -3  -1  -1  -4   1   2   3  -4  -4  -1    9   0   3   2   0   4   7  19   0   0   1   3   2   0   6  15  27   0   0   4  0.40 0.32
  265 A    -1  -2  -4  -1  -5   0  -1  -3  -4  -2  -2  -3  -1  -3   7  -1  -2  -5  -5   0    4   2   0   3   0   5   3   2   0   2   4   0   2   1  57   4   2   0   0   7  1.26 0.57
  266 A     2  -2  -3  -3  -3  -1  -2   1   0  -3  -2  -1  -3  -4   2   1   3   2  -3   1   24   1   0   0   0   1   1  13   2   0   2   4   0   0   9  10  21   3   0  10  0.36 0.31
  267 P    -1  -1  -4  -2  -5  -2  -4  -1  -5  -5  -4   0  -5  -6   7  -2   0  -6  -2  -1    3   3   0   2   0   2   0   6   0   0   1   7   0   0  60   2   6   0   2   5  1.44 0.65
  268 S     0   0   1  -1  -1   1   0   0  -2  -1  -2   1  -1  -3   0   2   2  -3  -1  -1    7   5   5   3   1   8   4   8   0   2   3   8   2   0   3  16  17   0   1   5  0.15 0.16
  269 A    -2  -4  -4  -1   0   0  -1   0  -4  -2  -4  -3  -1  -1   6  -2   0  -5  -1   1    2   0   0   3   2   4   5   7   0   2   0   0   2   3  51   3   5   0   2   9  1.06 0.52
  270 A     2   1  -2  -3  -3   0  -1   0  -1  -2  -1   0  -1  -2   2   1   1  -4  -3   1   24   8   0   0   0   3   1   6   1   0   5   4   1   2  10  11  10   0   0  13  0.22 0.22
  271 P    -3  -4  -4  -4  -5   1  -2  -3  -1  -5  -5  -2   0  -6   7   0   1   0  -5   0    1   0   0   0   0   6   3   1   1   0   0   1   3   0  60   8   8   1   0   6  1.51 0.69
  272 S     1   0  -2  -2   0   2   0   0  -1  -2  -3  -1  -3  -4   3   2   2  -4  -1  -2   11   4   0   0   2  11   6   7   1   2   1   1   0   0  13  22  15   0   2   2  0.33 0.29
  273 A     2   0   0  -1  -3   0   0  -2   0  -1  -2   1  -2  -3   4   0  -1  -4   0   0   18   4   4   3   0   4   4   2   2   4   2   7   0   0  24   8   2   0   3   8  0.34 0.24
  274 A     2  -1  -2  -2  -3   0   0   2  -1  -1  -2   0  -2  -2   2   0   2   0  -3  -1   18   3   0   1   0   3   5  18   2   4   2   5   0   1  12   3  18   2   0   4  0.26 0.23
  275 P    -3  -5  -2  -5  -6  -1  -3  -5  -5  -3  -3  -4  -1  -6   8  -1  -4  -7  -6  -5    2   0   2   0   0   3   2   0   0   1   3   0   2   0  81   3   0   0   0   0  2.36 0.91
  276 S     0  -2   0   0  -3   0   0   0  -1  -2  -3  -2  -3  -2   2   2   4  -4  -3  -1    6   1   4   3   0   3   7   7   1   1   0   0   0   1  10  20  29   0   0   5  0.40 0.32
  277 A     0  -1  -1  -1  -3   0  -1   2  -2  -1  -1  -1   0   0   3   1   0  -3   1   0    6   2   1   3   0   4   2  20   0   4   5   3   3   5  14  11   4   0   7   6  0.18 0.16
  278 A     1  -1  -1  -2   1  -1  -2  -3  -3  -3  -1  -1  -3  -1   5  -1   1  -4  -1   0   13   4   3   1   3   3   2   0   0   0   6   2   0   2  36   4  10   0   2   9  0.63 0.36
  279 P     0  -2  -4  -1  -5   1   0  -2   0  -5  -4   0  -4  -6   7  -1  -1  -6  -5  -5    7   2   0   4   0   6   5   3   2   0   1   6   0   0  58   3   3   0   0   0  1.36 0.60
  280 S     1   0  -2  -2   1   2   0   0  -2  -2  -3   1  -1  -4   2   1   2  -4  -2  -2   13   4   0   0   4  11   6   7   0   1   0  10   2   0   9  13  15   0   1   2  0.27 0.24
  281 A     2  -2   0   0  -3  -1  -1   0  -3  -1  -1  -1  -1  -3   3   1   1  -4  -2  -1   25   0   3   6   0   2   2   5   0   3   5   3   1   0  15  13  11   0   1   3  0.28 0.22
  282 A     1   0  -1  -1  -2   1   0   1  -1  -1  -2   0  -1  -2   2   1   0   2  -2  -1   16   6   2   1   0   6   6  10   2   2   2   7   1   2  10  13   6   3   0   3  0.16 0.13
  283 P    -1  -4  -4  -4  -5  -1  -4  -3  -1  -5  -5  -4  -5  -2   8  -2  -2   0  -2  -3    5   0   0   0   0   3   0   2   2   0   1   0   0   2  75   2   2   2   1   1  2.03 0.78
  284 S     1  -2   0  -2   0   0   0  -1  -3  -1  -2  -2  -2  -4   2   2   4  -4  -3   0   11   2   4   0   2   3   6   4   0   3   2   0   0   0   9  16  29   0   0   8  0.36 0.29
  285 A     1  -1  -2   1  -3  -1   0   0  -2  -1  -1   0  -2   0   3   0   0  -3   0   1   14   2   0   7   0   2   7   8   0   2   4   6   0   4  16   7   6   0   3  12  0.17 0.15
  286 A     2   0  -3  -3  -4   0   0  -2   0  -2  -3   0  -3  -4   5   1   0  -5  -4  -1   20   5   0   0   0   3   6   3   2   2   2   5   0   0  31  12   4   0   0   5  0.59 0.36
  287 P    -2  -4  -4  -2  -5  -1  -3  -4  -5  -3  -3  -1  -2  -2   7   0   0  -6  -3  -2    3   0   0   1   0   3   1   1   0   1   2   4   1   2  64   7   6   0   1   2  1.54 0.68
  288 S     2   0  -2  -1  -3  -1   0  -1  -1  -2  -4   0  -3  -4   2   2   3  -4  -1  -2   16   6   0   2   0   2   7   5   1   2   0   6   0   0  10  19  20   0   3   1  0.33 0.29
  289 A     1  -2   0  -1  -4   2   1   1  -3  -4  -3  -1  -1  -4   4   0  -2  -4  -1  -2   14   1   5   3   0  13   9  12   0   0   2   2   2   0  27   6   0   0   2   2  0.52 0.34
  290 A     2  -1  -1  -3   0   0  -1   0  -3  -1  -1  -1  -2  -2   0   2   2   2  -1  -1   22   2   2   0   2   5   2   8   0   4   5   3   0   1   5  14  19   3   1   3  0.21 0.23
  291 P    -1  -5  -5  -4  -5   0  -1  -2  -5  -5  -3  -2  -5  -6   7  -1  -2  -6  -5   0    4   0   0   0   0   4   5   4   0   0   2   2   0   0  67   4   2   0   0   7  1.71 0.73
  292 L     2   0  -2  -1  -3   1  -1   2  -1  -1  -1   0   1  -3   1   0   2  -4  -1   0   19   4   0   3   0   7   1  17   1   4   4   5   4   0   6   5  15   0   2   5  0.17 0.19
  293 P     1  -1  -4  -4  -4  -2   0  -1  -4  -2  -1  -1   0  -4   6  -1  -1  -5  -2   0   11   3   0   0   0   1   7   4   0   1   6   3   3   0  46   2   4   0   2   8  0.90 0.46
  294 P     1  -2  -1  -2  -4  -1  -1   0  -1  -1  -1  -1  -1  -4   5   1   1   0  -4  -2   13   1   2   1   0   2   4   7   1   4   6   2   1   0  33  10   8   2   0   2  0.55 0.33
  295 F     1   1  -2  -1  -2   1   0  -1  -2   0  -1   1   0  -1   1   0   0  -3   0   1   11   9   0   2   0   9   4   3   0   4   4  10   4   3   8   9   5   0   3  13  0.10 0.13
  296 P     0  -3  -3  -1  -5   0  -1  -3  -4  -3  -3  -3  -1  -5   7  -2  -1  -6  -5  -3    9   1   1   3   0   5   3   2   0   1   2   0   1   0  64   2   3   0   0   2  1.57 0.66
  297 P    -1  -2  -2  -4  -5   0  -1   0  -4   1  -3  -2  -1  -5   6  -1   2  -6  -5  -2    3   2   1   0   0   4   3   7   0   8   1   2   1   0  50   3  13   0   0   2  1.12 0.55
  298 P    -1  -3  -2  -4  -5  -1  -2  -1  -4  -4  -4  -1  -1  -1   7   0   0  -6  -5  -1    5   1   2   0   0   3   2   5   0   0   1   3   1   3  58   5   6   0   0   4  1.32 0.61
  299 M     0   2  -1  -1  -3   3   0  -1  -2  -1   0  -1   1  -3   0   0   0   0   0   1    7  12   3   2   0  17   6   4   0   1   8   0   5   0   5   5   6   1   4  13  0.14 0.19
  300 P     0   0  -1  -1  -4   2   1   0   0  -3  -3   0  -1  -1   4   0   1  -4  -3  -2    9   6   1   3   0  10   8   8   3   0   1   6   1   2  24   6   8   0   0   3  0.37 0.25
  301 P     0  -4  -2  -1  -5  -1  -1  -2  -4  -2  -4  -2  -1  -5   7   1   1  -6  -5  -4    7   0   1   3   0   2   3   3   0   2   1   2   2   0  55   9   9   0   0   0  1.28 0.59
  302 L     1  -1   0  -1  -3   0  -1   2  -2   0   1  -1   1   0   1   0   1   0  -2  -1   11   2   3   3   0   4   1  18   0   7  14   2   6   3   6   7  11   1   0   1  0.11 0.14
  303 P     0   0  -4  -1   1   0  -2  -1  -4  -4  -3  -3   0  -5   7  -1   0  -5  -5  -3    9   4   0   3   3   3   1   4   0   0   2   0   3   0  54   5   6   0   0   2  1.21 0.56
  304 P     2  -3  -2  -1  -3  -1   0   1  -1  -3  -3  -1   0  -3   4   1   0   0   0   0   19   0   0   2   0   1   5  13   2   0   0   3   3   0  21  14   4   2   4   7  0.39 0.29
  305 F     0   1  -2  -1  -3   2   0   0  -2  -2  -1   2   1   0  -1   0   1  -3  -1   0    9   7   0   1   0  13   6   8   0   0   7  14   5   5   2   8   8   0   2   6  0.11 0.15
  306 P     2  -2  -4  -2  -1  -3  -2  -1  -4  -3  -4  -2  -4  -5   6   0   1  -5  -2  -1   16   2   0   2   1   0   1   5   0   1   0   1   0   0  50   5   8   0   1   5  1.09 0.51
  307 P     0  -1  -4  -2  -4   1   0  -2  -4  -1  -1  -1  -3  -4   6  -2   0  -5  -2  -1    7   3   0   1   0   6   6   2   0   4   5   3   0   0  48   2   7   0   1   4  0.94 0.47
  308 P    -1  -4  -4  -2  -5  -2  -2  -1  -5  -2  -5   0  -5  -6   7   1   0  -6  -5  -5    5   0   0   2   0   1   1   4   0   2   0   5   0   0  64   9   6   0   0   0  1.63 0.68
  309 F     1   0  -2  -1   0   3   1  -1  -2  -1  -1   0   0   1  -1   1   0  -3  -1   0   10   5   0   3   2  19   7   5   0   4   5   4   2   6   2  12   5   0   2   6  0.11 0.15
  310 P     0   1   0  -1  -3   2   0   0  -1  -3  -3   1  -1  -4   4   1   2  -4  -3  -2    8   7   3   1   0   9   4   7   1   0   0   8   2   0  19  14  13   0   0   3  0.36 0.25
  311 P     1  -4  -4  -4  -5   0   0  -1   0  -5  -5  -2  -5  -6   7   0   0  -6  -5  -5   12   0   0   0   0   4   5   4   2   0   0   2   0   0  58   8   5   0   0   0  1.43 0.61
  312 P     1  -3  -1  -3  -4  -1  -1   3  -1  -4  -3   0  -1  -4   4   1   0  -5  -4  -1   10   0   2   0   0   2   3  26   2   0   2   6   2   0  26  11   5   0   0   4  0.58 0.33
  313 M     1   0  -2  -2  -3  -1   0   1  -3  -1  -1  -1   3  -1   1   1   0   2  -2   0   10   4   0   1   0   2   6  12   0   3   3   2  15   3   7  16   5   4   0   8  0.17 0.21
  314 P     2   1  -2  -2  -4  -3  -1  -1  -1  -4  -4  -2  -1  -5   6   1   0  -5  -4  -2   18   8   1   2   0   0   3   3   2   0   0   2   2   0  42   8   6   0   0   3  0.88 0.44
  315 P     0   0  -3  -3  -4  -1  -2   0  -3  -4  -3   0   0  -4   6  -1   1  -5  -1  -2    9   5   0   0   0   3   2   8   0   0   2   7   4   0  46   2   9   0   2   3  0.90 0.41
  316 L     0   0  -3  -2  -4  -1  -1  -4  -3  -1  -2  -2  -1  -4   6  -1   1  -4  -1   1    8   7   0   2   0   2   2   0   0   2   3   0   2   0  43   2  10   0   2  13  0.82 0.38
  317 P    -2  -5  -4  -4   0  -1  -4  -1  -5  -5  -5  -4  -5  -6   8  -1   0  -6  -5  -5    2   0   0   0   2   2   0   4   0   0   0   0   0   0  79   3   7   0   0   0  2.17 0.70
  318 T     2  -1  -2  -2  -2  -2  -2  -2  -3  -1  -2   0  -2  -3   1   3   3  -4  -3  -2   18   3   0   0   0   0   0   0   0   3   3   4   0   0   7  32  28   0   0   0  0.50 0.29
  319 C     1  -3  -3  -3   6  -3  -3   0  -3  -1  -1  -3  -1  -2   1  -1   1   4   1   1   11   0   0   0  29   0   0  10   0   0   6   0   0   0   7   0  12   6   6  13  0.44 0.15
  320 N     0   1   4   1  -3   1   1   1  -1  -3  -3  -1  -2  -4   1   1  -1  -4  -3  -3    7   7  31   6   0   7   7  14   0   0   0   0   0   0   7  15   0   0   0   0  0.37 0.11
  321 C    -1   0   1   0   5  -1  -1   0  -2   0  -2  -1  -1  -3  -2   2   1  -3  -2   0    0   7   8   7  19   0   0   8   0   7   0   0   0   0   0  20  14   0   0  11  0.23 0.10
  322 E     1  -1   2   1  -3   1   3  -2  -1  -3  -3   0  -2  -4   3   1  -1  -4  -3  -3   13   0  14   6   0   7  36   0   0   0   0   0   0   0  15   8   0   0   0   0  0.48 0.12
  323 V     2  -2  -2  -2  -1  -2  -2  -2  -2   0  -1  -2  -1  -2   4   1   2  -3  -2   2   20   0   0   0   0   0   0   0   0   0   0   0   0   0  21  11  17   0   0  31  0.37 0.08
  324 Y     0  -2   1  -2  -3  -2  -2  -2   3  -2  -1  -2  -1   4   2  -1  -2   0   4  -2   11   0  12   0   0   0   0   0  11   0   0   0   0  29  11   0   0   0  26   0  0.44 0.09
  325 R     0   2   0  -1  -2   2   0   1  -1  -2  -2   2  -1  -3  -1   1   0  -2  -2  -2    1  12   1   1   0  17   1  16   0   1   1  28   0   1   1  17   1   0   0   1  0.27 0.03
  326 N     1   2   3   0  -1   0   0  -1  -1  -2  -2   0  -1  -2  -1   2   2  -2  -2  -1   16  15  24   1   0   1   1   1   0   1   1   1   0   1   1  17  17   0   0   1  0.23 0.03
  327 G     0  -2  -1  -1  -2  -2  -2   4  -2  -3  -3  -1  -2  -3   3   1   1  -3  -3  -3    0   0   0   0   0   0   0  57   0   0   0   0   0   0  16  15  12   0   0   0  0.67 0.06
  328 A     4  -1  -1  -1  -1   0   1   0  -2  -2  -2  -1  -2  -3  -1   2   0  -3  -2  -1   69   0   0   0   0   0  15   0   0   0   0   0   0   0   0  16   0   0   0   0  0.42 0.07
  329 H     1   0   0  -1  -2   2   0  -1   5  -2  -1   0  -1   2  -1   0  -1  -1   1  -1   19   1   1   1   0  20   1   1  32   1   2   1   0  15   1   1   1   0   1   1  0.25 0.03
  330 A     3  -1  -1  -1  -1  -1  -1   0  -1  -2  -2  -1  -1  -2  -1   3   0  -2  -2  -1   52   1   1   1   0   1   1   1   0   1   2   1   0   1   1  33   1   0   1   1  0.30 0.04
  331 N     1  -1   4   1  -2   0   2  -1   0  -2  -2   0  -1  -2  -1   0   0  -2  -2  -1   23   1  37   1   0   1  23   2   0   1   2   1   0   1   1   1   1   0   1   1  0.27 0.02
  332 M    -1  -1  -2  -2  -1  -1  -1  -2  -2   0   2  -1   3  -1   4  -1  -1  -1  -1   0    2   1   1   1   0   1   2   2   1   1  29   1  23   1  27   2   1   0   1   2  0.33 0.01
  333 K     2   1   0  -1  -1   3   1  -1   0  -2  -1   2  -1  -2  -1   0   0  -2  -1  -1   28   1   1   1   0  28   2   2   1   1   2  24   1   1   1   2   1   0   1   2  0.21 0.01
  334 R    -1   3   0  -1  -2   3   1  -1   0  -2  -1   1  -1  -2  -1   0  -1  -1  -1  -1    3  33   2   2   1  36   2   2   1   2   3   2   1   1   2   2   2   0   1   2  0.29 0.01
  335 M    -1  -1  -2  -2  -1  -1  -1  -2  -1   1   2  -1   3   0  -1  -1  -1  -1  -1   0    3   2   2   2   1   1   2   2   1   2  38   2  32   1   2   2   2   0   1   2  0.14 0.00
  336 C     2  -1  -1  -1   6  -1  -1  -1  -1  -1  -1  -1  -1  -1  -1   0   0  -1  -1   0   37   2   2   2  32   1   2   2   1   2   3   2   1   1   2   2   2   0   1   2  0.27 0.01
  337 A     2  -1   0   3  -1   0   0   0  -1  -1  -2   0  -1  -2  -1   0   0  -2  -1  -1   34   2   2  37   1   1   2   2   1   2   3   2   1   1   2   2   2   0   1   2  0.22 0.00
  338 S     2  -1   0  -1  -1   0   0   0  -1  -1  -1   0  -1  -1   0   2   1  -2  -1  -1   37   2   2   2   1   1   2   2   1   2   3   2   1   1   2  34   2   0   1   2  0.19 0.00
  339 S     0  -1   1   3  -1   0   1  -1  -1  -2  -2   0  -1  -2  -1   2   0  -2  -1  -1    3   2   2  37   1   1   2   2   1   2   3   2   1   1   2  34   2   0   1   2  0.27 0.00
  340 P    -1  -2  -2  -2  -3  -1  -1  -2  -2  -3  -3  -1  -3  -4   8  -1  -1  -4  -3  -3    0   0   0   0   0   0   0   0   0   0   0   0   0   0 100   0   0   0   0   0  2.08 0.02
  341 L     2  -2  -3  -3  -1  -2  -2  -2  -3   2   2  -2   1  -1  -2  -1  -1  -2  -1   1   35   0   0   0   0   0   0   0   0  34  31   0   0   0   0   0   0   0   0   0  0.19 0.01
  342 Y    -1   3  -1  -2  -2   0  -1  -2   0  -2  -2   0  -1   0  -2   0   2   0   4  -1    0  34   0   0   0   0   0   0   0   0   0   0   0   0   0   0  35   0  31   0  0.31 0.01
  343 L    -2  -2  -4  -4  -1  -2  -3  -4  -3   2   4  -3   2   0  -3  -3  -1  -2  -1   1    0   0   0   0   0   0   0   0   0   0 100   0   0   0   0   0   0   0   0   0  0.48 0.01
  344 N    -1  -1   4   0  -3  -1  -1  -1  -1  -3  -3  -1  -2  -3   6   0  -1  -4  -3  -3    0   0  50   0   0   0   0   0   0   0   0   0   0   0  50   0   0   0   0   0  0.98 0.00
  345 G     0  -2   0  -1  -3  -2  -2   6  -2  -4  -4  -2  -3  -3  -2   0  -2  -3  -3  -3    0   0   0   0   0   0   0 100   0   0   0   0   0   0   0   0   0   0   0   0  1.04 0.00
  346 M     0  -2  -1  -2  -2  -1  -2   4  -2   0   0  -1   4  -1  -2  -1  -1  -2  -2  -1    0   0   0   0   0   0   0  50   0   0   0   0  50   0   0   0   0   0   0   0  0.36 0.00
  347 W    -2  -2  -4  -4  -2  -2  -3  -3  -3   0   2  -3   1   1  -3  -3  -2   9   1  -1    0   0   0   0   0   0   0   0   0   0  50   0   0   0   0   0   0  50   0   0  1.02 0.00
  348 G     0  -2   0  -1  -3  -2  -2   6  -2  -4  -4  -2  -3  -3  -2   0  -2  -3  -3  -3    0   0   0   0   0   0   0 100   0   0   0   0   0   0   0   0   0   0   0   0  1.04 0.00
  349 Q    -1   4   0  -1  -3   4   1  -2   0  -3  -2   2  -1  -3  -2   0  -1  -2  -2  -2    0  50   0   0   0  50   0   0   0   0   0   0   0   0   0   0   0   0   0   0  0.57 0.00
  350 A     4  -1  -2  -2   0  -1  -1   0  -2  -1  -2  -1  -1  -2  -1   1   0  -3  -2   0  100   0   0   0   0   0   0   0   0   0   0   0   0   0   0   0   0   0   0   0  0.41 0.00
  351 C    -1  -3  -2  -2   7  -2  -2  -2  -3  -2  -2  -2  -2  -3   6  -1  -1  -3  -3  -2    0   0   0   0  50   0   0   0   0   0   0   0   0   0  50   0   0   0   0   0  1.16 0.00
  352 Y     2  -2  -2  -2  -1  -1  -1  -1   0  -1  -1  -1  -1   1  -2   0  -1   1   5  -1   50   0   0   0   0   0   0   0   0   0   0   0   0   0   0   0   0   0  50   0  0.36 0.00
  353 P    -1  -2  -2  -2  -3  -1  -1  -2  -2  -3  -3  -1  -3  -4   8  -1  -1  -4  -3  -2    0   0   0   0   0   0   0   0   0   0   0   0   0   0 100   0   0   0   0   0  2.05 0.01
  354 S     1  -1   1   0  -1   0   0   0  -1  -2  -2   0  -1  -2  -1   4   1  -3  -2  -2    0   0   0   0   0   0   0   0   0   0   0   0   0   0   0   0   0   0   0   0  0.00     0.00
  355 R    -1   5   0  -2  -3   1   0  -2   0  -3  -2   2  -1  -3  -2  -1  -1  -3  -2  -2    0   0   0   0   0   0   0   0   0   0   0   0   0   0   0   0   0   0   0   0  0.00     0.00
  356 I    -1  -3  -3  -3  -1  -3  -3  -4  -3   4   1  -3   1   0  -3  -2  -1  -2  -1   2    0   0   0   0   0   0   0   0   0   0   0   0   0   0   0   0   0   0   0   0  0.00     0.00
  357 I    -1  -3  -3  -3  -1  -3  -3  -4  -3   4   1  -3   1   0  -3  -2  -1  -2  -1   2    0   0   0   0   0   0   0   0   0   0   0   0   0   0   0   0   0   0   0   0  0.00     0.00
  358 D    -2  -2   1   5  -3   0   1  -1  -1  -3  -3  -1  -3  -3  -1   0  -1  -4  -3  -3    0   0   0   0   0   0   0   0   0   0   0   0   0   0   0   0   0   0   0   0  0.00     0.00
  359 V     0  -2  -3  -3  -1  -2  -2  -3  -3   2   1  -2   1  -1  -2  -2   0  -3  -1   4    0   0   0   0   0   0   0   0   0   0   0   0   0   0   0   0   0   0   0   0  0.00     0.00
  360 D    -2  -2   1   5  -3   0   1  -1  -1  -3  -3  -1  -3  -3  -1   0  -1  -4  -3  -3    0   0   0   0   0   0   0   0   0   0   0   0   0   0   0   0   0   0   0   0  0.00     0.00
  361 Q    -1   1   0   0  -3   5   2  -2   0  -3  -2   1   0  -3  -1   0  -1  -2  -1  -2    0   0   0   0   0   0   0   0   0   0   0   0   0   0   0   0   0   0   0   0  0.00     0.00
  362 P    -1  -2  -2  -1  -3  -1  -1  -2  -2  -3  -3  -1  -2  -3   7  -1  -1  -3  -3  -2    0   0   0   0   0   0   0   0   0   0   0   0   0   0   0   0   0   0   0   0  0.00     0.00
  363 K    -1   2   0  -1  -3   1   1  -1  -1  -3  -2   4  -1  -3  -1   0  -1  -3  -2  -2    0   0   0   0   0   0   0   0   0   0   0   0   0   0   0   0   0   0   0   0  0.00     0.00
  364 T     0  -1   0  -1  -1  -1  -1  -1  -2  -1  -1  -1  -1  -2  -1   1   4  -2  -2   0    0   0   0   0   0   0   0   0   0   0   0   0   0   0   0   0   0   0   0   0  0.00     0.00
  365 D    -2  -2   1   5  -3   0   1  -1  -1  -3  -3  -1  -3  -3  -1   0  -1  -4  -3  -3    0   0   0   0   0   0   0   0   0   0   0   0   0   0   0   0   0   0   0   0  0.00     0.00
  366 G     0  -2   0  -1  -2  -2  -2   5  -2  -4  -3  -1  -3  -3  -2   0  -1  -2  -3  -3    0   0   0   0   0   0   0   0   0   0   0   0   0   0   0   0   0   0   0   0  0.00     0.00
  367 L    -1  -2  -3  -3  -1  -2  -3  -3  -3   1   4  -2   2   0  -3  -2  -1  -2  -1   1    0   0   0   0   0   0   0   0   0   0   0   0   0   0   0   0   0   0   0   0  0.00     0.00
  368 Y    -2  -2  -2  -3  -2  -1  -2  -3   2  -1  -1  -2  -1   3  -3  -2  -2   2   6  -1    0   0   0   0   0   0   0   0   0   0   0   0   0   0   0   0   0   0   0   0  0.00     0.00
  369 V     0  -2  -3  -3  -1  -2  -2  -3  -3   2   1  -2   1  -1  -2  -2   0  -3  -1   4    0   0   0   0   0   0   0   0   0   0   0   0   0   0   0   0   0   0   0   0  0.00     0.00
  370 N    -1   0   5   1  -3   0   0   0   1  -3  -3   0  -2  -3  -2   1   0  -3  -2  -3    0   0   0   0   0   0   0   0   0   0   0   0   0   0   0   0   0   0   0   0  0.00     0.00
  371 Y    -2  -2  -2  -3  -2  -1  -2  -3   2  -1  -1  -2  -1   3  -3  -2  -2   2   6  -1    0   0   0   0   0   0   0   0   0   0   0   0   0   0   0   0   0   0   0   0  0.00     0.00
  372 C     0  -3  -3  -3   8  -3  -3  -2  -3  -1  -1  -3  -1  -2  -3  -1  -1  -2  -2  -1    0   0   0   0   0   0   0   0   0   0   0   0   0   0   0   0   0   0   0   0  0.00     0.00
  373 D    -2  -2   1   5  -3   0   1  -1  -1  -3  -3  -1  -3  -3  -1   0  -1  -4  -3  -3    0   0   0   0   0   0   0   0   0   0   0   0   0   0   0   0   0   0   0   0  0.00     0.00
  374 S     1  -1   1   0  -1   0   0   0  -1  -2  -2   0  -1  -2  -1   4   1  -3  -2  -2    0   0   0   0   0   0   0   0   0   0   0   0   0   0   0   0   0   0   0   0  0.00     0.00
  375 S     1  -1   1   0  -1   0   0   0  -1  -2  -2   0  -1  -2  -1   4   1  -3  -2  -2    0   0   0   0   0   0   0   0   0   0   0   0   0   0   0   0   0   0   0   0  0.00     0.00
  376 M    -1  -1  -2  -3  -1   0  -2  -3  -1   1   2  -1   5   0  -2  -1  -1  -1  -1   1    0   0   0   0   0   0   0   0   0   0   0   0   0   0   0   0   0   0   0   0  0.00     0.00
  377 T     0  -1   0  -1  -1  -1  -1  -1  -2  -1  -1  -1  -1  -2  -1   1   4  -2  -2   0    0   0   0   0   0   0   0   0   0   0   0   0   0   0   0   0   0   0   0   0  0.00     0.00
  378 L    -1  -2  -3  -3  -1  -2  -3  -3  -3   1   4  -2   2   0  -3  -2  -1  -2  -1   1    0   0   0   0   0   0   0   0   0   0   0   0   0   0   0   0   0   0   0   0  0.00     0.00
  379 C     0  -3  -3  -3   8  -3  -3  -2  -3  -1  -1  -3  -1  -2  -3  -1  -1  -2  -2  -1    0   0   0   0   0   0   0   0   0   0   0   0   0   0   0   0   0   0   0   0  0.00     0.00
  380 Q    -1   1   0   0  -3   5   2  -2   0  -3  -2   1   0  -3  -1   0  -1  -2  -1  -2    0   0   0   0   0   0   0   0   0   0   0   0   0   0   0   0   0   0   0   0  0.00     0.00
  381 P    -1  -2  -2  -1  -3  -1  -1  -2  -2  -3  -3  -1  -2  -3   7  -1  -1  -3  -3  -2    0   0   0   0   0   0   0   0   0   0   0   0   0   0   0   0   0   0   0   0  0.00     0.00

                      K         Lambda
Standard Ungapped    0.1280     0.3161
Standard Gapped      0.0388     0.2670
PSI Ungapped         0.1269     0.3144
PSI Gapped           0.0388     0.2670
