
Last position-specific scoring matrix computed, weighted observed percentages rounded down, information per position, and relative weight of gapless real matches to pseudocounts
            A   R   N   D   C   Q   E   G   H   I   L   K   M   F   P   S   T   W   Y   V   A   R   N   D   C   Q   E   G   H   I   L   K   M   F   P   S   T   W   Y   V
    1 M    -1  -1  -2  -3  -1   0  -2  -3  -2   1   2  -1   5   0  -2  -1  -1  -1  -1   1    0   0   0   0   0   0   0   0   0   0   0   0   0   0   0   0   0   0   0   0  0.00     0.00
    2 K    -1   2   0  -1  -3   1   1  -2  -1  -3  -2   4  -1  -3  -1   0  -1  -3  -2  -2    0   0   0   0   0   0   0   0   0   0   0   0   0   0   0   0   0   0   0   0  0.00     0.00
    3 C     0  -3  -3  -3   8  -3  -4  -2  -3  -1  -1  -3  -1  -2  -3  -1  -1  -2  -2  -1    0   0   0   0   0   0   0   0   0   0   0   0   0   0   0   0   0   0   0   0  0.00     0.00
    4 L    -1  -2  -3  -4  -1  -2  -3  -4  -3   2   4  -2   2   0  -3  -2  -1  -2  -1   1    0   0   0   0   0   0   0   0   0   0   0   0   0   0   0   0   0   0   0   0  0.00     0.00
    5 L    -1  -2  -3  -4  -1  -2  -3  -4  -3   2   4  -2   2   0  -3  -2  -1  -2  -1   1    0   0   0   0   0   0   0   0   0   0   0   0   0   0   0   0   0   0   0   0  0.00     0.00
    6 I    -1  -3  -3  -3  -1  -3  -3  -4  -3   4   2  -3   1   0  -3  -2  -1  -3  -1   3    0   0   0   0   0   0   0   0   0   0   0   0   0   0   0   0   0   0   0   0  0.00     0.00
    7 L    -1  -2  -3  -4  -1  -2  -3  -4  -3   2   4  -2   2   0  -3  -2  -1  -2  -1   1    0   0   0   0   0   0   0   0   0   0   0   0   0   0   0   0   0   0   0   0  0.00     0.00
    8 S     1  -1   1   0  -1   0   0   0  -1  -2  -2   0  -1  -2  -1   4   1  -3  -2  -2    0   0   0   0   0   0   0   0   0   0   0   0   0   0   0   0   0   0   0   0  0.00     0.00
    9 V     0  -2  -3  -3  -1  -2  -2  -3  -3   3   1  -2   1  -1  -2  -2   0  -3  -1   4    0   0   0   0   0   0   0   0   0   0   0   0   0   0   0   0   0   0   0   0  0.00     0.00
   10 A     4  -1  -2  -2   0  -1  -1   0  -2  -1  -1  -1  -1  -2  -1   1   0  -3  -2   0    0   0   0   0   0   0   0   0   0   0   0   0   0   0   0   0   0   0   0   0  0.00     0.00
   11 M    -1  -1  -2  -3  -1   0  -2  -3  -2   1   2  -1   5   0  -2  -1  -1  -1  -1   1    0   0   0   0   0   0   0   0   0   0   0   0   0   0   0   0   0   0   0   0  0.00     0.00
   12 A     4  -1  -2  -2   0  -1  -1   0  -2  -1  -1  -1  -1  -2  -1   1   0  -3  -2   0    0   0   0   0   0   0   0   0   0   0   0   0   0   0   0   0   0   0   0   0  0.00     0.00
   13 G     0  -2   0  -1  -2  -2  -2   6  -2  -4  -4  -2  -3  -3  -2   0  -2  -2  -3  -3    0   0   0   0   0   0   0   0   0   0   0   0   0   0   0   0   0   0   0   0  0.00     0.00
   14 C     0  -3  -3  -3   8  -3  -4  -2  -3  -1  -1  -3  -1  -2  -3  -1  -1  -2  -2  -1    0   0   0   0   0   0   0   0   0   0   0   0   0   0   0   0   0   0   0   0  0.00     0.00
   15 R    -1   5   0  -2  -3   1   0  -2   0  -3  -2   2  -1  -3  -2  -1  -1  -3  -2  -2    0   0   0   0   0   0   0   0   0   0   0   0   0   0   0   0   0   0   0   0  0.00     0.00
   16 A     3  -1   0  -1  -1   0  -1   0  -1  -2  -2  -1  -1  -2  -1   3   1  -3  -2  -1   50   0   0   0   0   0   0   0   0   0   0   0   0   0   0  50   0   0   0   0  0.35 0.00
   17 A     4  -2  -1  -2  -1  -1  -1   1  -2  -2  -3   0  -2  -3  -1   3   0  -3  -2  -1   61   0   0   0   0   0   0   6   0   0   0   5   0   0   0  28   0   0   0   0  0.47 0.11
   18 E    -2   2   1  -1  -4   0   1  -2  -1  -1  -3   5  -2  -4  -2  -1   0  -4  -3  -2    0   5   7   0   0   0  10   0   0   7   0  66   0   0   0   0   4   0   0   0  0.54 0.13
   19 V    -1  -4  -4  -4  -2  -3  -4  -4  -4   5   1  -3   2  -1  -3  -3  -1  -3  -2   3    6   0   0   0   0   0   0   0   0  68   0   0   5   0   0   0   0   0   0  21  0.63 0.15
   20 G    -1  -3  -2  -3  -3  -3  -3   6  -3  -3   1  -3  -2  -3  -3  -1  -2  -3  -4  -3    0   0   0   0   0   0   0  81   0   0  19   0   0   0   0   0   0   0   0   0  1.02 0.17
   21 L    -2  -4  -4  -4  -2  -4  -4  -5  -4   5   4  -4   1  -1  -4  -3  -2  -3  -2   1    0   0   0   0   0   0   0   0   0  55  45   0   0   0   0   0   0   0   0   0  0.73 0.17
   22 L    -2  -4  -4  -4  -3  -4  -4  -4  -3   1   1  -4   0   6  -4  -3  -1  -1   1   2    0   0   0   0   0   0   0   0   0   4  12   0   0  60   0   0   4   0   0  19  0.76 0.18
   23 Y    -3  -3  -4  -4  -4  -3  -4  -4   2  -2  -1  -3  -2   6  -4  -3  -3   0   7  -1    0   0   0   0   0   0   0   0   4   0   0   0   0  43   0   0   0   0  47   5  1.15 0.23
   24 A     2  -3  -2  -2  -3  -3  -3   6  -3  -4  -4  -2  -3  -4  -3   0  -2  -4  -4  -3   17   0   0   0   0   0   0  78   0   0   0   0   0   0   0   5   0   0   0   0  1.12 0.20
   25 A     1  -2  -1  -2  -2  -1  -1  -2  -2  -1  -3  -1  -2  -3  -2   4   4  -4  -3  -1    9   0   0   0   0   0   0   0   0   4   0   0   0   0   0  52  35   0   0   0  0.59 0.18
   26 F    -1  -2   1   3  -3   1   0  -2  -2  -2  -2  -1   2   2  -2   2   2  -3  -1  -2    0   0   4  28   0  11   0   0   0   0   0   0   9  13   0  19  17   0   0   0  0.31 0.12
   27 N    -1  -2   1  -2  -2  -2  -2  -2  -2  -2  -3  -2  -2   1  -2   2   6  -3  -2  -2    0   0   8   0   0   0   0   0   0   0   0   0   0   7   0  16  69   0   0   0  0.74 0.23
   28 G    -1  -4  -2  -3   1  -3  -4   7  -3  -5  -5  -3  -4  -5  -4  -2  -3  -4  -4  -4    0   0   0   0   4   0   0  96   0   0   0   0   0   0   0   0   0   0   0   0  1.57 0.27
   29 I     0   0   0  -1  -1   1   0  -1   0   0   0   1   0  -1   0   0   0  -1   1   0    4   3   5   3   1   6   3   4   1  11   5  14   1   2   3  11   6   1   6  10  0.03 0.01
   30 E     0  -1   0   0  -1   0   1  -1  -1  -1  -1   0  -1  -1   0   0   3  -1  -1  -1    4   3   2   6   1   2  12   4   1   3   5   3   1   2   3   4  38   1   2   3  0.16 0.04
   31 S     0   1   0   0  -1   1   2   0   0  -1  -1   0  -1  -1   0   1   1  -1  -1  -1    4  10   3   3   1   5  18   8   1   3   5   3   1   2   3  13  10   1   2   4  0.10 0.01
   32 G     0   0   0   0  -1   0   1   2  -1  -1  -1   1  -1  -1   0   0   0  -1  -1  -1    5   3   3   3   1   3   9  20   1   3   6  16   1   2   3   7   4   1   2   4  0.09 0.01
   33 G     0   0   0   0  -1   0   0   1   0   0   0   0   0  -1   0   0   0   0   0   0   11   4   7   4   2   3   5  14   2   7   7   5   2   3   4   6   5   1   3   5  0.03 0.00
   34 W     0   0   0   0   0   0   0   0   0  -1   0   0   0   0   0   0   0   4   0   0   12   4   4   5   2   4   5   6   2   4   8   5   2   3   4   6   5  10   3   6  0.07 0.00
   35 I     0   0   0   0  -1   0   1   0   0   0   0   0   0   0   0   0   0   0   0   0    7   4   4   5   2   4  11   6   2  13   8   5   2   3   4   6   5   1   3   6  0.01 0.00
   36 E    -1   0   5   0  -2   0   1  -1   0  -2  -2   1  -2  -2  -1   0  -1  -2  -2  -2    3   2  49   2   1   1  11   2   1   2   3  12   1   1   2   2   2   0   1   2  0.43 0.09
   37 P    -1  -1  -1  -1  -1  -1  -1  -2  -2   0  -1  -1  -1  -2   2   0   5  -2  -2  -1    2   2   1   2   1   1   2   2   1   7   3   2   1   1  10   2  58   0   1   2  0.42 0.11
   38 E    -1   1  -1   0  -2   1   5  -2  -1  -2  -2   1  -2  -2  -1   0   0  -2  -2  -2    2   7   1   2   1   1  57   2   1   2   3   7   1   1   2   2   6   0   1   2  0.47 0.10
   39 N     0   0   3   1  -2   0   1   0   0  -2  -2   1  -1  -2  -1   1   1  -2   0  -1    6   2  20   6   1   1  14   6   1   2   3  10   1   1   2   8  11   0   5   2  0.15 0.04
   40 A     1  -2  -2  -1  -1  -1   0  -2  -2   3   1  -1   1  -1  -1  -1   0  -2  -1   2   14   2   1   2   1   1   7   2   1  29   5   2   5   1   2   2   6   0   1  16  0.10 0.04
   41 P     4  -1  -1  -1  -1  -1  -1   0  -1  -1  -1  -1  -1  -2   2   0   0  -2  -1  -1   54   2   2   2   1   2   3   3   1   2   4   2   1   2  11   3   2   1   1   3  0.29 0.07
   42 V    -1   1   0   1  -2   2   2  -1  -1  -1  -1   2  -1   0  -1   0  -1  -1  -1   0    3   5   2  10   1  10  20   3   1   2   3  15   1   5   2   3   2   0   1  11  0.13 0.03
   43 A     1  -1  -1  -1  -1   0  -1  -1  -1   0   0   1   2   0  -1   0   1  -1   0   0   17   2   2   2   1   4   2   3   1   6  10  12  11   6   2   2   9   0   4   6  0.03 0.02
   44 I    -1  -2  -2  -2  -1  -2  -2  -2  -2   4   1  -2   2  -1  -2  -2  -1  -2  -1   2    2   2   1   2   1   1   2   2   1  51   9   2   5   1   2   2   2   0   1  12  0.28 0.08
   45 T     2  -1   0  -1  -1   2   0   0   1  -1  -1   0  -1  -2  -1   0   1  -2  -1   0   29   1   5   1   0  13   5   6   6   1   2   5   0   1   1   1  10   0   1  11  0.13 0.06
   46 A     3   1  -1   0  -2   0   1  -1  -2  -3  -3   3  -2  -3  -2   0  -1  -3  -2  -2   41   5   0   4   0   0  12   1   0   0   1  32   0   0   0   1   0   0   0   1  0.37 0.13
   47 E     0   0  -1   0  -3   2   4  -1  -1  -2  -3   2  -2  -3  -2   0   1  -3  -2  -1    6   0   0   0   0  13  37   5   0   0   1  12   0   0   0   6  12   0   0   4  0.35 0.11
   48 L    -1  -2  -3  -3  -2  -1  -2  -3  -3   2   4   0   1   0  -3  -2  -2  -2  -1   0    5   1   0   1   0   4   1   1   0   9  63   9   0   3   1   1   1   0   0   1  0.36 0.12
   49 I     0  -1   0  -2  -2   1  -1   1  -2   3   0  -1   0  -1  -2  -1  -1  -2  -2   1    6   1   4   1   0  11   4  16   0  38   5   4   0   1   1   1   1   0   1   4  0.12 0.07
   50 K     1   1   0   0  -2   1   2  -1   2  -3  -2   2  -2  -3  -1   0  -1  -3  -1  -2   19   8   4   5   0   5  14   1   9   1   1  24   0   1   1   4   1   0   0   1  0.24 0.07
   51 E     0   1   0   3  -2   1   3  -1  -1  -2  -2   2  -2  -2  -1   0  -1  -2   0  -2    6   5   1  17   1   5  31   2   1   1   2  16   1   1   1   2   2   0   5   2  0.29 0.07
   52 M    -1  -1  -1  -1  -2   0   1  -1  -1   0   1   1   3   2  -1  -1  -1  -1   1  -1    2   1   1   1   1   1  15   5   1   6  10  12  15  15   1   2   2   0   6   2  0.08 0.05
   53 T     1  -2  -2  -1  -2  -2  -2   1  -2   2   1  -2   1   1  -2   0   1  -2  -1   0   16   1   1   4   0   0   1  14   0  20  18   1   4   6   1   5   9   0   0   1  0.08 0.05
   54 S     1  -2  -1   2  -3  -1   1   5  -2  -4  -4  -1  -3  -4  -2   1  -1  -3  -3  -3   10   0   0  17   0   0   8  48   0   0   0   0   0   0   0  13   0   0   0   0  0.59 0.13
   55 V    -1  -2   0   3  -2  -1   1   1  -1   0  -1  -1   0  -2   0   0   0  -3   0   1    1   0   3  24   0   0  10  10   0   9   1   0   4   0   5   8   7   0   5  13  0.14 0.06
   56 T     1  -1   1   3  -2   0   2   0   2  -1  -2  -1  -2  -3  -2   1   2  -3  -2  -2   14   0   8  21   0   0  16   5   6   4   1   0   0   0   0   6  16   0   0   1  0.24 0.08
   57 P    -1   0  -1  -2   1  -1   0  -3  -2   1   0  -1   1  -2   3  -1  -1  -3  -2   2    4   8   5   0   4   0   7   0   0  11   7   0   4   0  19   0   0   0   0  30  0.23 0.08
   58 V     1  -3  -2   0   1  -2  -2  -3  -3   2  -1  -3  -1   0  -3   0  -1  -3  -2   4   13   0   0   8   4   0   0   0   0   6   0   0   0   4   0  11   0   0   0  54  0.32 0.14
   59 K    -1  -1   1   4   0   0   2  -2  -1  -3  -3   1  -1  -3  -2   1   2  -3  -3  -2    4   0   4  28   3   0  18   0   0   0   0  12   3   0   0   8  19   0   0   0  0.35 0.10
   60 V     0  -1  -3  -3  -2  -2  -3  -3  -3   2   3  -2   1  -1   1  -2  -1  -3  -2   3    8   5   0   0   0   0   0   0   0  14  34   0   3   0   7   0   0   0   0  26  0.27 0.09
   61 G    -1  -1   1   1  -3  -1  -1   0   4   0   0   0   1   0  -2  -1  -1  -2   2  -1    4   2   7   9   0   0   0   9  20   5  13   7   7   3   0   0   0   0   9   4  0.12 0.07
   62 D    -1  -2   5   6  -4  -1   0  -2  -2  -4  -5  -2  -4  -5  -3  -1  -2  -5  -4  -4    4   0  33  63   0   0   0   0   0   0   0   0   0   0   0   0   0   0   0   0  1.14 0.24
   63 M     1  -3  -4  -4  -2  -3  -3  -3  -4   4   1  -3   4  -1  -3  -2  -1  -3  -2   3   14   0   0   0   0   0   0   0   0  34   4   0  16   0   0   0   0   0   0  31  0.46 0.15
   64 V     2   0   2   0  -2  -1   0  -1  -1  -2  -2   0  -2  -3  -2   2   2  -3  -2   0   26   4  12   4   0   0   4   0   0   0   0   5   0   0   0  20  15   0   0   9  0.22 0.08
   65 D    -2   2   2   4  -3   1   2  -2  -1  -3  -3   2  -2  -3  -2  -1  -1  -3  -3  -2    1  16  10  27   0   6  15   1   0   0   1  16   0   0   0   1   0   0   0   5  0.41 0.10
   66 N     3  -2   1   1  -1  -1   0  -1  -2  -1  -2  -1  -1  -2  -1   1   1  -3  -2   1   35   1   9   9   0   0   5   1   0   1   1   1   0   0   1   8  11   0   0  16  0.19 0.08
   67 V     1  -1   0   3  -2  -1   0  -1  -2  -2  -2   0  -2  -3  -2   3   1  -3  -2   0    9   0   3  19   0   0   3   1   0   0   1   4   0   0   0  39   9   0   0   9  0.30 0.10
   68 K     1   0  -2  -2  -2   0  -1   0  -2  -1  -1   2  -1  -1   3  -1  -1  -3  -2   0   20   4   0   0   0   3   0   5   0   3   6  25   0   4  18   0   0   0   0  12  0.23 0.09
   69 T     0  -1   0   2  -3   2   3   0  -1  -3  -3   1  -2  -4  -2   1   1  -4  -3  -2   10   0   0  15   0   8  29   8   0   0   0  12   0   0   0   6  11   0   0   0  0.36 0.10
   70 W    -1  -2   1   5   1   1   0  -1  -2  -2   0  -2  -2  -3  -3  -1  -2   4  -2  -2    7   0   6  46   4   8   0   4   0   0  16   0   0   0   0   0   0   8   0   0  0.48 0.15
   71 F    -2  -3  -4  -5  -3  -3  -4  -4  -3   1   3  -4   3   6  -4  -3  -2  -1   1  -1    3   0   0   0   0   0   0   0   0   7  34   0   8  47   0   0   0   0   0   0  0.69 0.17
   72 K    -1   1   2   2  -3   0   3  -2  -1  -2  -1   2   1  -3  -2  -1   0  -4  -3  -2    3   5  13  11   0   0  31   0   0   0   7  13   9   0   0   0   8   0   0   0  0.29 0.10
   73 E     1  -1  -1   2  -3   1   1   3  -2  -3  -2   0  -2  -3  -2   1  -1  -3  -3  -3   18   0   0  16   0  11   8  30   0   0   3   4   0   0   0  10   0   0   0   0  0.36 0.10
   74 H    -3  -3  -3  -4  -4  -3  -3  -4   4  -3  -2  -3  -2   4  -4  -3  -3   1   8  -3    0   0   0   0   0   0   0   0  11   0   0   0   0  19   0   0   0   0  71   0  1.46 0.29
   75 E    -2  -2   1   6  -4   2   2  -2  -2  -4  -4  -1  -3  -4   2   0   0  -5  -4  -4    0   0   5  59   0  11   8   0   0   0   0   0   0   0   9   3   4   0   0   0  0.85 0.19
   76 Y    -1  -2   0  -3   0  -1  -2  -3   3   1   1  -1   0   2  -3  -2  -1  -1   3   1    6   0   5   0   3   3   0   0  10  11  13   4   0  11   0   0   0   0  18  17  0.18 0.08
   77 V    -2  -3  -4  -5  -2  -3  -4  -5  -4   1   4  -3   1  -1  -4  -3  -2  -3  -2   4    0   0   0   0   0   0   0   0   0   0  53   0   0   0   0   0   0   0   0  47  0.67 0.19
   78 I    -2  -4  -4  -4  -2  -4  -4  -5  -4   5   3  -4   1   1  -4  -3  -2  -3  -2   2    0   0   0   0   0   0   0   0   0  51  41   0   0   4   0   0   0   0   0   4  0.67 0.17
   79 A     0  -3  -4  -4  -2  -3  -4  -4  -3   3   3  -3   2   3  -4  -3  -2  -2   0   0    8   0   0   0   0   0   0   0   0  20  44   0   7  21   0   0   0   0   0   0  0.46 0.13
   80 G    -1  -4  -2  -3  -4  -3  -4   7  -3  -4  -5  -3  -4  -4  -4  -2  -3  -4  -4  -2    0   0   0   0   0   0   0  96   0   0   0   0   0   0   0   0   0   0   0   4  1.54 0.27
   81 I     0  -4  -3  -4   8  -3  -3  -3  -4   2  -1  -3  -1  -3  -3  -1   3  -4  -3   1    9   0   0   0  40   0   0   0   0  20   0   0   0   0   0   0  23   0   0   7  0.76 0.19
   82 P    -1  -3  -2  -2  -3  -2  -2  -3  -2  -3  -3  -2  -3  -3   7   2  -1  -3   1  -3    0   0   0   0   0   0   0   0   0   0   1   0   0   0  65  21   0   0   8   0  1.42 0.23
   83 T    -1  -3  -1  -2  -2  -2  -2  -3  -3  -2  -3  -2  -2  -4  -3   1   7  -4  -3  -2    0   0   0   0   0   0   0   0   0   0   0   0   0   0   0   6  94   0   0   0  1.21 0.30
   84 L     1  -1  -1  -1  -1  -1  -1  -1  -1   0   2  -1   0   0  -1  -1  -1   7   0   0   14   2   2   3   1   2   3   3   1   2  28   3   1   2   2   3   3  19   2   3  0.27 0.05
   85 W    -2  -3   0  -3  -3  -2  -3   2  -3  -3  -3  -3  -2  -1  -3  -2  -3  11   0  -3    1   1   5   1   0   1   1  18   0   1   2   1   0   1   1   1   1  62   1   1  1.80 0.24
   86 G    -1  -2   2   1  -3  -2  -2   5  -1  -3  -3  -2  -3  -2  -2  -1   0  -2   3  -3    1   0  11  11   0   0   1  51   0   0   1   1   0   0   1   1   5   0  15   1  0.57 0.13
   87 H     0  -1  -1   2  -2   0   1   1   2  -1  -1  -1   1  -1  -2   0  -1  -1   3   0    5   1   1  16   0   3  11  11   9   4   1   1   6   1   1   5   1   0  15   9  0.12 0.06
   88 K     0  -1  -1   1  -3   1   1   4  -2  -3  -1   1  -2  -3  -2  -1  -1  -3  -2  -2    5   1   1   8   0   6  10  46   0   1   8   9   0   1   1   1   1   0   0   1  0.39 0.09
   89 D    -2  -2   0   5  -4   0   4  -3  -2  -4  -4  -1  -3  -4   2   0  -2  -5  -4  -4    0   0   0  45   0   0  42   0   0   0   0   0   0   0   9   4   0   0   0   0  0.88 0.18
   90 S     1  -2  -2  -3  -2  -2  -2   0  -3   2   2  -2   1   0  -3   0   0  -2  -1   1   11   0   0   0   0   0   0   9   0  12  37   0   0   4   0  11   4   0   0  11  0.17 0.07
   91 R    -1   1   0  -1  -3   4   3   0  -1  -1  -1   0  -1  -3   2  -1  -1  -3  -3  -1    0   7   4   0   0  33  21   8   0   4   4   0   0   0  12   0   0   0   0   4  0.38 0.12
   92 R     0   2  -1   0  -2   0   2   0  -1  -1   1   0   0  -1  -1   0  -1  -1   1  -1    7  14   2   2   1   2  24   6   1   2  17   2   4   1   2   3   2   0   6   2  0.08 0.03
   93 S     1   0  -1  -1  -1   2   1  -1  -1   0   0   0   0  -1  -1   1   0  -1  -1   0   16   2   2   2   1  18   7   3   1   6  15   2   1   1   2  15   2   0   1   2  0.09 0.03
   94 A     1   0   0   0  -1   2   0   2  -1  -1  -1   0  -1  -1   0   1   0  -1  -1  -1   17   3   2   3   1  15   3  17   1   3   5   3   1   2   3  11   3   1   2   3  0.11 0.02
   95 S     0  -1   1  -1   5   0   1  -1  -1  -2  -2  -1  -1  -2  -1   3   1  -2  -2  -1    4   1   5   1  17   1  15   2   1   1   2   1   1   1   1  31  11   0   1   2  0.27 0.07
   96 D    -1  -1   0   6  -3   1   1  -1  -1  -3  -3  -1  -2  -3  -1   1  -1  -3  -2  -2    2   1   1  59   0   5   6   2   1   1   2   1   1   1   1  10   1   0   1   2  0.62 0.11
   97 W    -2  -2  -3  -3  -2  -2  -2  -2  -2  -2  -2  -2  -2   1  -3  -1  -2  11   2  -2    2   1   1   1   0   1   2   2   1   1   2   1   1   6   1   6   1  62   5   2  1.67 0.18
   98 D    -2   0   0   5  -4   0   4  -2  -1  -4  -4  -1  -3  -4  -2   0  -2  -4  -3  -3    0   4   0  50   0   0  38   0   0   0   0   0   0   0   0   5   0   0   0   0  0.84 0.16
   99 V     0  -2   0   5  -3   0   2   0  -2  -2  -3  -1  -2  -3  -2   1  -1  -3  -3  -1    8   1   0  45   0   0  17   7   0   1   1   1   0   0   1  10   1   0   0   8  0.44 0.10
  100 F    -3  -3  -3  -4  -3  -3  -3  -3  -2  -1   0  -3  -1   7   0  -3  -2   5   2  -1    1   1   0   1   0   0   1   1   0   1   3   1   0  70   5   1   1   9   0   5  0.93 0.18
  101 M    -1  -2  -2  -3  -2   0  -2  -3  -2   1   3  -2   2   2  -2  -1  -1   3   2   0    5   1   0   1   0   5   1   1   0  11  37   1   8   7   1   5   1   4   9   4  0.20 0.06
  102 Y    -1  -1  -1   0  -2   0   1   0  -1  -2  -1  -1  -1  -1   5  -1  -1  -1   2  -1    3   2   2   6   1   2  12   8   1   2   4   2   1   2  30   3   3   1  13   3  0.37 0.04
  103 F     0   0   0  -1  -1   0   0  -1   0   0   0   0   0   2   0   0   0   0   1   0    5   8   3   4   1   3   4   5   2   6  10   7   2  19   4   5   4   1   2   4  0.02 0.01
  104 I     0  -1   0  -1  -1   0   0  -1  -1   2   0   0   0   0   0   0   0  -1   0   1    6   4   3   4   1   3   5   5   2  23   6   4   2   3   4   5   9   1   2   9  0.01 0.01
  105 L     0   0   0   0  -1   0   0   0   0   0   1   0   0   0   0   0   0   0   0   0   10   4   3   4   1   3   8   6   2   4  18   4   2   3   4  10   4   1   2   5  0.02 0.00
  106 G     0   0   0   0  -1   0   0   3  -1  -1  -1   0  -1  -1   0   0   0  -1  -1  -1    6   4   3   4   1   3   8  26   2   4   6   4   2   3   4   9   4   1   2   5  0.10 0.01
  107 C     0  -1  -1  -1   3  -1  -1  -1  -1   1   2  -1   1   0  -1  -1   0  -1  -1   0    5   3   3   3   9   3   4   4   1   6  36   3   1   2   3   4   3   1   2   4  0.06 0.02
  108 D    -1  -1   0   2  -1  -1   0  -1   0  -1  -1  -1  -1   3  -1   0  -1   0   3  -1    4   3   2  14   1   2   3   4   1   3   5   3   1  18   3   8   3   1  16   3  0.11 0.02
  109 K    -1  -1   2   4  -3   0   3  -2  -1  -3  -3   1  -2  -3   3   0  -1  -3  -2  -2    2   1   9  31   0   1  21   1   0   1   2   9   0   1  13   4   1   0   1   1  0.44 0.08
  110 E    -1  -1   0   3  -2   1   3  -2  -1  -2  -2   1  -2  -3  -1   1   2  -3  -2  -2    1   1   1  16   0   7  32   1   0   1   1   5   0   1   1   8  22   0   0   1  0.36 0.08
  111 T    -2  -2  -3  -3  -2  -2  -3  -3  -3   1   4  -1   3   1  -3  -2   0  -2  -1   1    1   0   0   0   0   0   0   1   0   0  65   4   8   4   0   1   8   0   0   6  0.41 0.11
  112 P    -1  -1   1   4  -3   0   3  -1  -1  -3  -3   1  -3  -4   3   0  -1  -4  -3  -3    1   0   4  26   0   0  27   4   0   0   1  13   0   0  16   5   0   0   0   0  0.51 0.10
  113 R     0   2   2   3  -3   1   3  -2  -1  -3  -3   1  -2  -3  -2   0  -1  -3  -2  -3    8  14  11  18   0   5  26   1   0   0   1   8   0   0   0   3   0   0   0   0  0.37 0.08
  114 I     1  -2  -2  -3  -1   0  -2  -2  -3   3   1  -2   1  -1  -2   0   0  -3  -2   2   19   0   0   0   0   5   0   1   0  38   5   0   4   0   0   5   4   0   0  17  0.21 0.08
  115 N    -2  -2   4   5  -4   0   0   2  -1  -4  -4   0  -3  -4  -2   0  -1  -4  -3  -4    0   0  22  46   0   5   0  18   0   0   0   4   0   0   0   4   0   0   0   0  0.68 0.14
  116 L    -1  -3  -4  -4  -3  -3  -4  -4  -3   0   3  -4   2   6  -4  -3  -2  -1   1  -1    4   0   0   0   0   0   0   0   0   0  42   0   4  49   0   0   0   0   0   0  0.72 0.17
  117 S     1   0   3  -1  -2   1   0   0  -1  -3  -2   2  -2  -3  -2   2   1  -3  -2  -2    8   0  17   0   0   7   4   3   0   0   3  19   0   0   0  28  11   0   0   0  0.29 0.09
  118 G    -1  -3   2   1  -4  -2  -2   6   0  -5  -5  -2  -4  -4  -3  -1  -2  -4  -4  -4    0   0  10  10   0   0   0  77   3   0   0   0   0   0   0   0   0   0   0   0  1.08 0.19
  119 N    -2   3   1  -2  -4   0   0  -3  -2  -3  -1   6  -2  -4  -2  -1  -2  -4  -3  -3    0  11   7   0   0   0   0   0   0   0  10  72   0   0   0   0   0   0   0   0  0.70 0.19
  120 K    -1   0  -1  -2  -3  -1  -1  -3  -2   0   0   4  -1  -3   0  -1   3  -4  -2  -1    0   0   0   0   0   0   0   0   0  10  10  42   0   0   4   0  34   0   0   0  0.36 0.14
  121 I    -1  -3  -4  -4   1  -3  -4  -4  -4   4   1  -3   0  -1  -3  -2   0  -4  -2   5    0   0   0   0   4   0   0   0   0  25   4   0   0   0   0   0   5   0   0  62  0.59 0.16
  122 A     5  -3  -2  -3  -2  -2  -2   1  -3  -3  -3  -2  -2  -3  -2   1  -1  -4  -3  -1   87   0   0   0   0   0   0  10   0   0   0   0   0   0   0   3   0   0   0   0  0.79 0.21
  123 L     0  -3  -4  -4   3  -3  -3  -4  -2   1   3  -3   1   0  -3  -2  -2  -2   3   2    7   0   0   0   9   0   0   0   0   7  49   0   0   0   0   0   0   0  14  13  0.38 0.11
  124 Y    -3  -4  -4  -5  -4  -4  -4  -4  -2  -1  -1  -4  -1   8  -5  -4  -3   0   4  -1    0   0   0   0   0   0   0   0   0   0   0   0   0  84   0   0   0   0  12   5  1.35 0.24
  125 G     1  -3  -2  -2  -3  -3  -3   7  -3  -5  -5  -3  -4  -4  -3  -1  -3  -4  -4  -4    7   0   0   0   0   0   0  93   0   0   0   0   0   0   0   0   0   0   0   0  1.42 0.22
  126 L     1  -3  -2  -3   6  -2  -3  -3  -3  -1   2  -2   0  -2  -3   1   0  -3  -2  -1   11   0   0   0  28   0   0   0   0   0  37   0   0   0   0  16   7   0   0   0  0.45 0.13
  127 S    -1  -3  -1  -2  -4  -3  -3   7  -3  -5  -5  -3  -4  -4  -3   0  -2  -4  -4  -4    0   0   0   0   0   0   0  93   0   0   0   0   0   0   0   7   0   0   0   0  1.41 0.22
  128 D    -3  -3   0   7  -5  -2   0  -3  -2  -5  -5  -2  -5  -5  -3  -2  -2  -6  -5  -5    0   0   0 100   0   0   0   0   0   0   0   0   0   0   0   0   0   0   0   0  1.66 0.28
  129 M     0  -1  -1  -2  -3   6   0  -2  -1  -3  -2   0   3  -2  -2   1  -1  -2   2  -2    5   0   0   0   0  58   0   0   0   0   0   0  11   0   0  13   0   0   9   0  0.61 0.19
  130 K    -1   0  -1   1  -2   0   3  -2  -1   1   0   1   0  -2  -1  -1   0  -2  -2   1    1   5   1   6   0   1  28   1   0   8  10   9   0   1   1   1   5   0   1  20  0.13 0.05
  131 A     1  -2   1   2  -2  -1  -1   3  -2  -3  -3  -1  -2  -3  -2   2   1  -3  -3  -2   12   0   5  18   0   0   0  31   0   0   1   0   0   0   0  20   9   0   0   0  0.38 0.08
  132 H    -3  -2  -3  -4  -3  -2  -3  -4   4  -3  -2  -3  -2   2  -4  -3  -3   1   8  -2    1   0   0   0   0   0   0   1  12   0   1   0   0   0   0   1   0   0  81   0  1.41 0.25
  133 T     2  -2  -1  -2  -2  -1  -1   1  -2  -2  -2  -1  -2  -2   4   2   2  -2   1  -2   22   0   0   0   0   0   0   9   0   0   1   0   0   0  22  17  17   0   8   1  0.39 0.09
  134 A     0  -1   0   4  -3   0   4  -2  -1  -3  -2   1  -2  -3  -2  -1  -1  -3  -3  -2    8   0   0  26   0   0  45   1   0   0   5  10   0   0   0   1   1   0   0   1  0.52 0.12
  135 N    -2  -1   5  -1  -3   0   0  -2   3  -3  -3  -1  -2   1  -3  -1   0   3   4  -3    0   0  39   0   0   4   5   0  11   0   0   0   0   4   0   0   5   4  25   0  0.52 0.14
  136 F    -4  -4  -4  -5  -4  -5  -5  -5  -2  -1  -1  -4  -1   8  -5  -4  -3   0   3  -2    0   0   0   0   0   0   0   0   0   0   0   0   0  96   0   0   0   0   4   0  1.61 0.28
  137 Q     0  -3  -3  -3   8   3  -2  -3  -3  -1   0  -2  -1  -3  -3  -2  -2  -3  -3   1    5   0   0   0  49  22   0   0   0   0   8   0   0   0   0   0   0   0   0  17  0.86 0.19
  138 D    -1  -2   1   5  -4  -1   1   3  -2  -4  -4  -1  -3  -4  -2   1  -1  -4  -4  -4    0   0   4  49   0   0  10  25   0   0   0   0   0   0   0  13   0   0   0   0  0.70 0.14
  139 A     5  -3  -2  -3  -2  -2  -2   2  -3  -3  -3  -2  -2  -3  -2   0  -1  -4  -3  -1   88   0   0   0   0   0   0  12   0   0   0   0   0   0   0   0   0   0   0   0  0.82 0.21
  140 M    -2  -3  -4  -4  -2  -2  -3  -4  -3   3   2  -3   5  -1  -3  -3  -1  -3  -2   3    0   0   0   0   0   0   0   0   0  20  20   0  31   0   0   0   0   0   0  30  0.54 0.14
  141 G    -1   1   1   2  -4  -1   0   4  -2  -4  -4  -1  -3   1   1  -1  -2  -3  -2  -3    0   9   5  17   0   0   4  48   0   0   0   0   0   9   7   0   0   0   0   0  0.52 0.12
  142 E     1  -2  -2  -2  -2  -1   1  -2   1   2   0  -1   1   0   0  -1   1  -3  -1   1   17   0   0   0   0   0  15   0   5  19   8   0   4   4   4   0  13   0   0   9  0.10 0.06
  143 L    -2  -3  -4  -4  -2  -3  -4  -5  -4   4   4  -3   1   1  -4  -3  -2  -3  -2   1    0   0   0   0   0   0   0   0   0  39  53   0   0   5   0   0   0   0   0   3  0.61 0.14
  144 A     0   1   0  -1  -3   0   3  -3   4  -3  -3  -1  -2   1  -3  -1  -2  -1   4  -3   11   7   5   0   0   0  35   0  16   0   0   0   0   4   0   0   0   0  21   0  0.44 0.13
  145 A     0  -1   0   4  -3   1   4  -2  -1  -3  -3   0  -3  -4  -2   0  -1  -4  -3  -1   11   0   3  31   0   3  40   0   0   0   0   3   0   0   0   3   0   0   0   5  0.56 0.13
  146 C    -1   1  -2  -2   4  -1  -1  -3  -2   1  -1   4   1   1  -2  -1  -1  -3  -2   0    4   4   0   0  12   0   0   0   0   9   4  48   5   8   0   0   0   0   0   5  0.29 0.12
  147 F     1  -3  -3  -3  -2  -3  -3  -3  -3   3   2  -3   0   4  -3  -2  -1  -2   0   1   14   0   0   0   0   0   0   0   0  28  26   0   0  24   0   0   0   0   0   5  0.32 0.09
  148 E     0   1  -1  -1  -2   1   2  -2  -1  -1  -2   2  -2  -3  -1   2   1  -3  -2  -2    8   7   0   0   0   5  21   0   0   5   0  21   0   0   0  21  10   0   0   0  0.27 0.08
  149 K     1   0   0   0  -3   1   2   1  -1  -3  -3   2  -2  -3   1   1   0  -3  -3  -2   17   0   4   4   0   3  19  10   0   0   0  20   0   0   7  11   4   0   0   0  0.27 0.07
  150 A     0   4   0  -2  -3   1  -1  -3   0  -1   2   2   1  -2  -3  -1  -1  -3  -2  -1   13  32   5   0   0   4   0   0   3   0  29  12   3   0   0   0   0   0   0   0  0.25 0.10
  151 G     0  -3   1  -2  -4  -3  -3   6  -3  -5  -5  -1  -4  -4  -3  -1  -2  -4  -4  -4    5   0   5   0   0   0   0  87   0   0   0   2   0   0   0   0   0   0   0   0  1.27 0.21
  152 A     5  -3  -2  -3  -2  -2  -2   3  -3  -2  -2  -2  -2  -3  -2   0  -1  -4  -3   0   70   0   0   0   0   0   0  20   0   0   0   0   0   0   0   3   0   0   0   7  0.60 0.17
  153 S     0   1   0   0   1   1   1  -2  -1  -2  -2   3  -2  -3  -2   1   2  -3  -2  -1    9   3   2   4   4   7   8   0   0   3   0  34   0   0   0   7  15   0   0   3  0.24 0.08
  154 L    -1  -3  -3  -3  -2  -3  -3  -4  -3   3   2  -3   2   1   0  -2   1  -3  -1   3    0   0   0   0   0   0   0   0   0  21  19   0   4   7   4   0  14   0   0  30  0.29 0.09
  155 Y    -1  -3  -4  -2  -2  -3  -3  -4  -3   4   0  -3   0  -1  -3  -3  -1  -2   3   4    0   0   0   3   0   0   0   0   0  27   0   0   0   0   0   0   0   0  13  57  0.56 0.16
  156 G     1  -3  -1  -2  -3  -2  -3   6  -3  -4  -4  -2  -3  -4  -3  -1  -2  -3  -4  -3   15   0   0   0   0   0   0  85   0   0   0   0   0   0   0   0   0   0   0   0  1.17 0.16
  157 R     0   2   1   1  -3   1   0  -2   1  -3  -2   1  -2   1  -2   2  -1  -2   2  -2    5  14   9   9   0   9   0   0   3   0   0   6   0   9   0  25   0   0  12   0  0.20 0.06
  158 W    -3  -4  -4  -5  -3  -3  -4  -3  -3  -3  -3  -4  -2   1  -4  -1  -1  11   1  -3    0   0   0   0   0   0   0   0   0   0   0   0   0   6   0   6   5  83   0   0  2.40 0.20
  159 S    -1  -2   1  -1  -3  -1  -1  -2  -2  -3  -3  -1  -3  -4   7   2   0  -4  -3  -3    0   0   6   0   0   0   0   0   0   0   0   0   0   0  58  31   4   0   0   0  1.17 0.11
  160 T     0   0   1  -2  -2  -1  -1  -2  -2  -1  -2  -1  -1  -3   1   1   5  -3  -2  -1    5   5   5   0   0   0   0   0   0   4   0   0   0   0   6   4  70   0   0   0  0.49 0.10
  161 L     1  -1  -1   3  -3   0   3  -2  -1  -1   0   1  -1  -3  -2  -1  -1  -3  -2  -1   14   0   0  26   0   0  33   0   0   4  14   9   0   0   0   0   0   0   0   0  0.30 0.06
  162 G    -1  -3  -1   1  -3  -2  -1   6  -3  -4  -4  -2  -3  -4  -3  -1  -2  -3  -4  -4    0   0   0  10   0   0   4  86   0   0   0   0   0   0   0   0   0   0   0   0  1.08 0.11
  163 Y    -3  -3  -3  -4  -3  -2  -3  -4   1  -2  -2  -3  -2   2  -4  -3  -3   1   8  -2    0   0   0   0   0   0   0   0   0   0   0   0   0   0   0   0   0   0 100   0  1.54 0.19
  164 D    -2  -1   2   4  -3   0   2   0   3  -3  -3   0  -3  -3  -2   0   0  -3   0  -3    0   0   8  40   0   0  16   5  13   0   0   5   0   0   0   4   6   0   4   0  0.45 0.06
  165 F    -3  -3  -3  -4  -3  -3  -3  -4   3  -1  -1  -3  -1   7  -4  -3  -3   0   4  -2    0   0   0   0   0   0   0   0   9   0   0   0   0  79   0   0   0   0  12   0  1.02 0.13
  166 E    -1  -1   1   1  -3   2   5  -2  -1  -4  -3   0  -2  -4  -2   1   0  -4  -3  -3    0   0   7   3   0   4  65   0   0   0   0   0   0   0   0  14   6   0   0   0  0.63 0.10
  167 A     2  -1  -1   2   1   0   2   0  -1  -2  -2  -1  -2   0  -2   1  -1  -2   1  -2   36   0   0  13   4   4  17   5   0   0   0   0   0   5   0  10   0   0   6   0  0.21 0.05
  168 S     0  -2   0  -1  -2  -1  -1  -1  -1  -3  -3  -1  -2  -3   1   5   1  -3   0  -2    0   0   0   0   0   0   0   0   0   0   0   0   0   0   6  90   0   0   4   0  0.68 0.14
  169 R     0   3  -1  -2  -3   0   0  -2  -1  -2  -1   4  -1   0  -2   0   0  -3  -2  -2    5  14   0   0   0   0   0   0   0   0   5  60   0   6   0   5   5   0   0   0  0.40 0.08
  170 S     4  -2  -1  -2  -1  -1  -1   1  -2  -2  -2  -1  -2  -3   1   2   0  -3  -2  -1   66   0   0   0   0   0   0   7   0   0   0   0   0   0   6  21   0   0   0   0  0.47 0.09
  171 I    -1  -3  -3  -4  -1  -3  -3  -4  -3   3   3  -3   1  -1  -3  -2  -1  -3  -2   3    0   0   0   0   0   0   0   0   0  15  37   0   0   0   0   0   0   0   0  45  0.40 0.07
  172 W     0  -1  -1   0  -1  -1   0  -1  -1   0   0  -1   0   0   0   0   0   6   0   1   12   3   3   7   1   2   4   4   1   9   5   3   1   2   3   4   3  15   2  13  0.14 0.01
  173 V     1   0   0   0   0   0   0   0  -1   0   0   0   0   0   0   0   0   0   0   1   12   4   4   4   2   3   5   6   2   4   7   5   2   3   4   6   5   1   3  20  0.01 0.00
  174 G     0   0   0   1  -1   0   0   2   0  -1  -1   0  -1  -1   0   0   0   0  -1  -1    6   4   4  10   2   3   5  20   2   4   7   5   2   3   4   6   5   1   3   5  0.06 0.00
  175 A     1   0   0   0   0   0   0   1   0  -1  -1   0   0  -1   0   0   0   0   0   0   21   4   4   4   2   3   5  12   2   4   7   5   2   3   4   6   5   1   3   5  0.04 0.00
  176 E     0   0   0   0  -1   1   2   0   0  -1  -1   0   0  -1   0   0   0   0   0  -1    6   4   4   4   2   9  19   6   2   4   7   5   2   3   4   6   5   1   3   5  0.07 0.00
  177 T     0   0   0   0   0   0   0   0   0   0   0   0   0  -1   0   0   1   0   0   0    7   4   4   5   2   4   5   6   2   4   8   5   2   3   4   6  19   1   3   6  0.04 0.00
  178 P     0   0   0   0  -1   0   0   0   0  -1  -1   0   0  -1   3   0   0   0   0   0    7   4   4   5   2   4   5   6   2   4   8   5   2   3  19   6   5   1   3   6  0.14 0.00
  179 G     0   0   0   0  -1   0   0   2   0  -1  -1   0   0  -1   0   0   0   0   0  -1    7   4   4   5   2   4   5  21   2   4   8   5   2   3   4   6   5   1   3   6  0.05 0.00
  180 A     1   0   0   0   0   0   0   0   0   0   0   0   0  -1   0   0   0   0   0   0   21   4   4   5   2   4   5   6   2   4   8   5   2   3   4   6   5   1   3   6  0.03 0.00
  181 G     0   0   0   0  -1   0   0   2   0  -1  -1   0   0  -1   0   0   0   0   0  -1    7   4   4   5   2   4   5  21   2   4   8   5   2   3   4   6   5   1   3   6  0.05 0.00
  182 G     0   0   0   0  -1   0   0   2   0  -1  -1   0   0  -1   0   0   0   0   0  -1    7   4   4   5   2   4   5  21   2   4   8   5   2   3   4   6   5   1   3   6  0.05 0.00
  183 I     0   0   0   0   0   0   0   0   0   1   0   0   0   0   0   0   0   0   0   0    7   4   4   5   2   4   5   6   2  19   8   5   2   3   4   6   5   1   3   6  0.00 0.00
  184 S     0   0   0   0   0   0   0   0   0  -1   0   0   0  -1   0   1   0   0   0   0    7   4   4   5   2   4   5   6   2   4   8   5   2   3   4  21   5   1   3   6  0.04 0.00
  185 I     0   0   0   0   0   0   0   0   0   1   0   0   0   0   0   0   0   0   0   0    7   4   4   5   2   4   5   6   2  19   8   5   2   3   4   6   5   1   3   6  0.00 0.00
  186 A     1   0   0   0   0   0   0   0   0   0   0   0   0  -1   0   0   0   0   0   0   21   4   4   5   2   4   5   6   2   4   8   5   2   3   4   6   5   1   3   6  0.03 0.00
  187 V     0   0   0   0   0   0   0   0   0   0   0   0   0   0   0   0   0   0   0   1    7   4   4   5   2   4   5   6   2   4   8   5   2   3   4   6   5   1   3  20  0.01 0.00
  188 T     0   0   0   0   0   0   0   0   0   0   0   0   0  -1   0   0   1   0   0   0    7   4   4   5   2   4   5   6   2   4   8   5   2   3   4   6  19   1   3   6  0.04 0.00
  189 T     0   0   0   0   0   0   0   0   0   0   0   0   0  -1   0   0   1   0   0   0    7   4   4   5   2   4   5   6   2   4   8   5   2   3   4   6  19   1   3   6  0.04 0.00
  190 D     0   0   0   2  -1   0   0   0   0  -1  -1   0   0  -1   0   0   0   0   0  -1    7   4   4  19   2   4   5   6   2   4   8   5   2   3   4   6   5   1   3   6  0.05 0.00
  191 P     0   0   0   0  -1   0   0   0   0  -1  -1   0   0  -1   3   0   0   0   0   0    7   4   4   5   2   4   5   6   2   4   8   5   2   3  19   6   5   1   3   6  0.14 0.00
  192 R     0   2   0   0  -1   0   0   0   0  -1   0   1   0  -1   0   0   0   0   0   0    7  19   4   5   2   4   5   6   2   4   8   5   2   3   4   6   5   1   3   6  0.04 0.00
  193 G     0   0   0   0  -1   0   0   2   0  -1  -1   0   0  -1   0   0   0   0   0  -1    7   4   4   5   2   4   5  21   2   4   8   5   2   3   4   6   5   1   3   6  0.05 0.00
  194 D     0   0   0   2  -1   0   0   0   0  -1  -1   0   0  -1   0   0   0   0   0  -1    7   4   4  19   2   4   5   6   2   4   8   5   2   3   4   6   5   1   3   6  0.05 0.00
  195 D     0   0   0   2  -1   0   0   0   0  -1  -1   0   0  -1   0   0   0   0   0  -1    7   4   4  19   2   4   5   6   2   4   8   5   2   3   4   6   5   1   3   6  0.05 0.00
  196 P     0   0   0   0  -1   0   0   0   0  -1  -1   0   0  -1   3   0   0   0   0   0    7   4   4   5   2   4   5   6   2   4   8   5   2   3  19   6   5   1   3   6  0.14 0.00
  197 W    -1  -1  -1  -1  -1   0   0  -1  -1   0   1  -1   0   0   0  -1   0   6   0   0    5   3   3   4   1   3   8   5   1   3  23   4   1   3   3   5   4  15   2   4  0.15 0.01
  198 E    -1   3   1   1  -3   1   3  -2   0  -3  -2   2  -2  -3  -1   0  -1  -3  -2  -2    1  24   8   8   0   1  35   1   0   1   1  13   0   1   1   1   1   0   1   1  0.38 0.05
  199 A     1  -1   3   4  -3   0   1   1  -1  -3  -3   1  -2  -3  -2   0  -1  -3  -3  -3   15   0  25  32   0   0   5  11   0   0   1   8   0   0   0   0   0   0   0   0  0.39 0.05
  200 G    -1  -2   2   2  -3  -1  -1   5  -2  -4  -4   0  -3  -3  -2  -1  -2  -3  -3  -3    0   0   9  17   0   0   0  61   0   0   1   8   0   0   0   0   0   0   0   0  0.67 0.07
  201 M    -1   1   0  -1  -3   1   1  -2   2  -2   0   3   2  -1  -2  -1   0  -2   1  -2    0   5   4   0   0   4  10   0   7   0   6  37  14   0   0   0   4   0   8   0  0.22 0.06
  202 F    -3  -4  -4  -5  -3  -4  -4  -4  -2  -1   0  -4  -1   8  -5  -3  -3   0   2  -2    0   0   0   0   0   0   0   0   0   0   0   0   0 100   0   0   0   0   0   0  1.33 0.16
  203 V    -1  -3  -4  -4  -2  -3  -3  -4  -3   2   2  -3   0  -1  -3  -2  -1  -3   0   5    0   0   0   0   0   0   0   0   0   4  15   0   0   0   0   0   0   0   4  77  0.50 0.10
  204 G     0  -3  -1  -2  -3  -3  -3   7  -3  -5  -5  -2  -4  -4  -3  -1  -2  -3  -4  -4    0   0   0   0   0   0   0 100   0   0   0   0   0   0   0   0   0   0   0   0  1.39 0.14
  205 L    -2  -3  -4  -4  -2  -3  -4  -5  -4   1   5  -3   2   0  -4  -3  -2  -2  -2   0    0   0   0   0   0   0   0   0   0   0 100   0   0   0   0   0   0   0   0   0  0.76 0.12
  206 A     4  -2  -2  -3   1  -2  -2  -1  -3   0  -1  -2  -1  -3   3   0  -1  -3  -2   1   57   0   0   0   4   0   0   0   0   4   0   0   0   0  17   0   0   0   0  19  0.41 0.08
  207 L    -2  -3  -4  -4  -2  -3  -4  -4  -3   3   4  -3   1   1  -4  -3  -2  -2  -1   1    0   0   0   0   0   0   0   0   0  28  66   0   0   6   0   0   0   0   0   0  0.53 0.08
  208 D    -3  -2   1   7  -4  -1   1  -2  -2  -4  -5  -2  -4  -5  -2  -1  -2  -5  -4  -4    0   0   0 100   0   0   0   0   0   0   0   0   0   0   0   0   0   0   0   0  1.38 0.16
  209 E    -1   0  -1   1  -4   3   5  -3  -1  -3  -1   1   1  -3  -2  -1  -1  -3  -2  -2    0   0   0   5   0  15  63   0   0   0   5   6   6   0   0   0   0   0   0   0  0.61 0.10
  210 V    -1  -2   0   5  -3  -1   1  -2  -2   0  -2  -1  -2  -3  -2  -1   0  -4  -3   1    4   0   0  58   0   0   5   0   0   6   0   0   0   0   0   0   6   0   0  21  0.50 0.09
  211 I    -2   3   6   0  -3  -1  -1  -2   0   1  -2   0  -2  -3  -3  -1  -1  -4  -3  -2    0  23  63   0   0   0   0   0   0  14   0   0   0   0   0   0   0   0   0   0  0.59 0.11
  212 Q    -1   0  -1  -1  -3   7   2  -2   2  -3  -3   1  -1  -4  -2  -1  -1  -3  -2  -3    0   0   0   0   0  84   6   0   4   0   1   0   0   0   0   0   0   0   0   0  0.90 0.14
  213 E     1  -1   0   1  -1   0   2  -1  -1  -1  -1   0  -1   0   2   1   0  -1  -1   0   12   2   2   8   1   2  17   3   1   2   4   3   1   7  10  11   3   1   1   9  0.11 0.01
  214 E    -1  -1   1   4  -2   0   3   0  -1  -2  -2   0  -2  -2  -1   0  -1  -2  -2  -2    3   2   5  33   1   2  25   8   1   2   3   2   1   1   2   3   2   1   1   2  0.31 0.03
  215 K     0   1   0   0  -1   2   1  -1   0  -1  -1   3  -1  -1   0   0   0  -1  -1  -1    4   3   2   3   1  18   3   4   1   3   5  36   1   2   3   4   3   1   2   3  0.18 0.02
  216 A     1   0   0   0   0   0   0   0   0   0   0   0   0  -1   0   0   0   0   0   0   20   4   4   4   2   3   5   6   2  11   7   5   2   3   4   6   5   1   3   5  0.02 0.00
  217 P     0   0   0   0  -1   0   0   0   0  -1  -1   0  -1  -1   4   0   0  -1  -1  -1    6   4   4   4   2   3   5   6   2   4   7   5   2   3  25   6   5   1   3   5  0.24 0.00
  218 L     0   0   0   0  -1   0   0   0   0   0   1   0   1   0   0   0   0   0   0   0    6   4   4   4   2   3   5   6   2   4  21   5   9   3   4   6   5   1   3   5  0.01 0.00
  219 T     0  -1  -1  -1  -1  -1  -1  -1  -1  -1  -1  -1  -1   0   4   0   1  -1   2  -1    9   2   2   2   1   2   3   3   1   2   4   3   1   2  25   3  17   1  13   3  0.29 0.02
  220 E     0   0   0   3  -2   1   3  -1   0  -2  -2   0  -1  -2   0   0   0  -1  -1  -1    9   2   2  18   1   2  36   3   1   2   4   3   1   2   2   3   3   1   1   3  0.24 0.02
  221 L    -1  -2  -2  -2  -1  -1  -2  -2  -2   1   4  -2   1   0  -2  -2  -1  -1  -1   0    3   2   1   2   1   1   2   2   1   2  71   2   1   1   2   2   2   0   1   2  0.28 0.04
  222 T     0  -2  -1  -1  -1  -1  -1  -2  -2  -1  -2  -1  -1  -3  -2   2   6  -3  -2  -1    1   0   0   0   0   0   0   1   0   0   1   0   0   0   0  12  82   0   0   0  0.66 0.11
  223 K     0   0   1   4  -3   0   3  -2  -1  -3  -3   2  -2  -4   1   0  -1  -4  -3  -3   12   0   8  31   0   0  26   0   0   0   0  18   0   0   5   0   0   0   0   0  0.44 0.06
  224 Q     0   0   0   2  -4   3   4  -2   0  -3  -2   1  -2  -3  -2  -1  -1  -3   0  -3    5   0   4   8   0  19  49   0   0   0   3   7   0   0   0   0   0   0   4   0  0.48 0.07
  225 R    -2   7  -1  -2  -4   0  -1  -3  -1  -4  -3   2  -2  -4  -3  -2  -2  -4  -3  -3    0 100   0   0   0   0   0   0   0   0   0   0   0   0   0   0   0   0   0   0  1.21 0.15
  226 V    -1  -3  -4  -4  -2  -3  -3  -4  -4   4   2  -3   1  -1  -3  -3  -1  -3  -2   4    0   0   0   0   0   0   0   0   0  42  17   0   0   0   0   0   0   0   0  41  0.48 0.08
  227 A     2   0  -1   1  -2   2   2  -1  -1  -1  -2   2  -1  -3  -1   0  -1  -3  -2  -1   37   0   0   5   0  10  18   0   0   5   0  26   0   0   0   0   0   0   0   0  0.28 0.06
  228 I     1   1  -1  -1  -2   1   0   1  -1   0  -2   2  -1  -3  -2   2   1  -3  -2  -1    9   6   0   0   0   9   5  12   0  14   0  17   0   0   0  21   7   0   0   0  0.14 0.03
  229 W    -4  -4  -5  -6  -4  -3  -4  -4  -4  -4  -3  -4  -3   0  -5  -4  -4  12   1  -4    0   0   0   0   0   0   0   0   0   0   0   0   0   0   0   0   0 100   0   0  3.21 0.24
  230 L    -1  -3  -3  -4   3  -3  -3  -4  -3   2   3  -3   1  -1  -3  -2   0  -3  -2   3    0   0   0   0  10   0   0   0   0   6  35   0   0   0   0   0   5   0   0  44  0.37 0.07
  231 S     1   0  -1   0  -2   1   3  -1  -1  -3  -3   3  -2  -3  -1   2   0  -3  -2  -2   18   0   0   0   0   0  29   0   0   0   0  26   0   0   0  27   0   0   0   0  0.37 0.07
  232 Q     0   0  -1  -1  -3   6   2  -2  -1  -2  -1   2  -1  -3  -2  -1  -1  -3  -2  -1    7   0   0   0   0  63   9   0   0   0   5  10   0   0   0   0   0   0   0   6  0.54 0.10
  233 L    -2  -3  -4  -4  -2  -3  -4  -4  -4   4   3  -3   1   0  -3  -3  -1  -3  -2   2    0   0   0   0   0   0   0   0   0  43  42   0   0   0   0   0   0   0   0  16  0.47 0.07
  234 E     1   0  -1  -1  -2   1   2  -2  -1  -1  -1   3  -1  -2  -2   0  -1  -3   0   0   13   0   0   0   0   6  14   0   0   4   6  40   0   0   0   4   0   0   4   7  0.20 0.05
  235 A     1  -1   1   0  -2   0   1   0  -1  -3  -3  -1  -2  -3   4   1   1  -3  -3  -2   20   0   7   4   0   0  14   6   0   0   0   0   0   0  24  15  10   0   0   0  0.41 0.04
  236 E     0  -1  -1   2  -4   1   5  -2  -1  -4  -3   0  -3  -3  -2   0  -1  -3   0  -3    5   0   0   7   0   0  77   0   0   0   0   0   0   0   0   6   0   0   5   0  0.70 0.09
  237 G    -2  -3  -2  -3  -3  -3  -3   2  -2  -1   0  -3  -1   6  -3  -2  -2   0   2  -1    1   0   0   0   0   0   1  20   0   0   1   0   0  72   0   1   1   0   0   1  0.56 0.05
  238 F    -2  -3  -3  -4  -2  -3  -3  -4  -2   0   2  -3   1   6  -4  -3  -2   0   2   0    0   0   0   0   0   0   0   0   0   0  32   0   0  68   0   0   0   0   0   0  0.52 0.01
  239 P    -1  -2  -2  -2  -3  -2  -2   3  -2  -3  -3  -1  -3  -4   7  -1  -1  -4  -3  -3    0   0   0   0   0   0   0  31   0   0   0   0   0   0  69   0   0   0   0   0  1.36 0.01
  240 L    -2  -2  -4  -4  -1  -2  -3  -4  -3   2   4  -3   2   0  -3  -3  -1  -2  -1   1    0   0   0   0   0   0   0   0   0   0 100   0   0   0   0   0   0   0   0   0  0.46 0.00
  241 S     1  -1   1   0  -1   0   0   0  -1  -3  -3   0  -2  -3  -1   4   1  -3  -2  -2    0   0   0   0   0   0   0   0   0   0   0   0   0   0   0 100   0   0   0   0  0.46 0.00
  242 V    -1  -3  -3  -4  -1  -2  -3  -4  -3   2   3  -3   2   0  -3  -2  -1  -2  -1   3    0   0   0   0   0   0   0   0   0   0  50   0   0   0   0   0   0   0   0  50  0.32 0.00
  243 G     0  -2   0  -1  -2  -2  -2   6  -2  -4  -4  -2  -3  -3  -2   0  -2  -2  -3  -3    0   0   0   0   0   0   0   0   0   0   0   0   0   0   0   0   0   0   0   0  0.00     0.00
  244 V     0  -2  -3  -3  -1  -2  -2  -3  -3   3   1  -2   1  -1  -2  -2   0  -3  -1   4    0   0   0   0   0   0   0   0   0   0   0   0   0   0   0   0   0   0   0   0  0.00     0.00
  245 C     0  -3  -3  -3   8  -3  -4  -2  -3  -1  -1  -3  -1  -2  -3  -1  -1  -2  -2  -1    0   0   0   0   0   0   0   0   0   0   0   0   0   0   0   0   0   0   0   0  0.00     0.00
  246 E    -1   0   0   1  -4   2   5  -2   0  -3  -3   1  -2  -3  -1   0  -1  -3  -2  -2    0   0   0   0   0   0   0   0   0   0   0   0   0   0   0   0   0   0   0   0  0.00     0.00
  247 R    -1   5   0  -2  -3   1   0  -2   0  -3  -2   2  -1  -3  -2  -1  -1  -3  -2  -2    0   0   0   0   0   0   0   0   0   0   0   0   0   0   0   0   0   0   0   0  0.00     0.00
  248 R    -1   5   0  -2  -3   1   0  -2   0  -3  -2   2  -1  -3  -2  -1  -1  -3  -2  -2    0   0   0   0   0   0   0   0   0   0   0   0   0   0   0   0   0   0   0   0  0.00     0.00
  249 R    -1   5   0  -2  -3   1   0  -2   0  -3  -2   2  -1  -3  -2  -1  -1  -3  -2  -2    0   0   0   0   0   0   0   0   0   0   0   0   0   0   0   0   0   0   0   0  0.00     0.00
  250 L    -1  -2  -3  -4  -1  -2  -3  -4  -3   2   4  -2   2   0  -3  -2  -1  -2  -1   1    0   0   0   0   0   0   0   0   0   0   0   0   0   0   0   0   0   0   0   0  0.00     0.00
  251 Q    -1   1   0   0  -3   5   2  -2   0  -3  -2   1   0  -3  -1   0  -1  -2  -1  -2    0   0   0   0   0   0   0   0   0   0   0   0   0   0   0   0   0   0   0   0  0.00     0.00
  252 S     1  -1   1   0  -1   0   0   0  -1  -2  -2   0  -1  -2  -1   4   1  -3  -2  -2    0   0   0   0   0   0   0   0   0   0   0   0   0   0   0   0   0   0   0   0  0.00     0.00
  253 A     4  -1  -2  -2   0  -1  -1   0  -2  -1  -1  -1  -1  -2  -1   1   0  -3  -2   0    0   0   0   0   0   0   0   0   0   0   0   0   0   0   0   0   0   0   0   0  0.00     0.00
  254 A     4  -1  -2  -2   0  -1  -1   0  -2  -1  -1  -1  -1  -2  -1   1   0  -3  -2   0    0   0   0   0   0   0   0   0   0   0   0   0   0   0   0   0   0   0   0   0  0.00     0.00
  255 N    -2   0   6   1  -3   0   0   0   1  -3  -3   0  -2  -3  -2   1   0  -4  -2  -3    0   0   0   0   0   0   0   0   0   0   0   0   0   0   0   0   0   0   0   0  0.00     0.00
  256 A     4  -1  -2  -2   0  -1  -1   0  -2  -1  -1  -1  -1  -2  -1   1   0  -3  -2   0    0   0   0   0   0   0   0   0   0   0   0   0   0   0   0   0   0   0   0   0  0.00     0.00
  257 G     0  -2   0  -1  -2  -2  -2   6  -2  -4  -4  -2  -3  -3  -2   0  -2  -2  -3  -3    0   0   0   0   0   0   0   0   0   0   0   0   0   0   0   0   0   0   0   0  0.00     0.00
  258 P    -1  -2  -2  -1  -3  -1  -1  -2  -2  -3  -3  -1  -2  -4   7  -1  -1  -4  -3  -2    0   0   0   0   0   0   0   0   0   0   0   0   0   0   0   0   0   0   0   0  0.00     0.00
  259 A     4  -1  -2  -2   0  -1  -1   0  -2  -1  -1  -1  -1  -2  -1   1   0  -3  -2   0    0   0   0   0   0   0   0   0   0   0   0   0   0   0   0   0   0   0   0   0  0.00     0.00
  260 A     4  -1  -2  -2   0  -1  -1   0  -2  -1  -1  -1  -1  -2  -1   1   0  -3  -2   0    0   0   0   0   0   0   0   0   0   0   0   0   0   0   0   0   0   0   0   0  0.00     0.00
  261 A     4  -1  -2  -2   0  -1  -1   0  -2  -1  -1  -1  -1  -2  -1   1   0  -3  -2   0    0   0   0   0   0   0   0   0   0   0   0   0   0   0   0   0   0   0   0   0  0.00     0.00
  262 P    -1  -2  -2  -1  -3  -1  -1  -2  -2  -3  -3  -1  -2  -4   7  -1  -1  -4  -3  -2    0   0   0   0   0   0   0   0   0   0   0   0   0   0   0   0   0   0   0   0  0.00     0.00
  263 V     0  -2  -3  -3  -1  -2  -2  -3  -3   3   1  -2   1  -1  -2  -2   0  -3  -1   4    0   0   0   0   0   0   0   0   0   0   0   0   0   0   0   0   0   0   0   0  0.00     0.00
  264 D    -2  -2   1   6  -3   0   1  -1  -1  -3  -4  -1  -3  -3  -1   0  -1  -4  -3  -3    0   0   0   0   0   0   0   0   0   0   0   0   0   0   0   0   0   0   0   0  0.00     0.00
  265 E    -1   0   0   1  -4   2   5  -2   0  -3  -3   1  -2  -3  -1   0  -1  -3  -2  -2    0   0   0   0   0   0   0   0   0   0   0   0   0   0   0   0   0   0   0   0  0.00     0.00
  266 N    -2   0   6   1  -3   0   0   0   1  -3  -3   0  -2  -3  -2   1   0  -4  -2  -3    0   0   0   0   0   0   0   0   0   0   0   0   0   0   0   0   0   0   0   0  0.00     0.00
  267 E    -1   0   0   1  -4   2   5  -2   0  -3  -3   1  -2  -3  -1   0  -1  -3  -2  -2    0   0   0   0   0   0   0   0   0   0   0   0   0   0   0   0   0   0   0   0  0.00     0.00
  268 W    -3  -3  -4  -4  -2  -2  -3  -2  -2  -3  -2  -3  -1   1  -4  -3  -2  10   2  -3    0   0   0   0   0   0   0   0   0   0   0   0   0   0   0   0   0   0   0   0  0.00     0.00
  269 Y    -2  -2  -2  -3  -2  -1  -2  -3   2  -1  -1  -2  -1   3  -3  -2  -2   2   7  -1    0   0   0   0   0   0   0   0   0   0   0   0   0   0   0   0   0   0   0   0  0.00     0.00
  270 A     4  -1  -2  -2   0  -1  -1   0  -2  -1  -1  -1  -1  -2  -1   1   0  -3  -2   0    0   0   0   0   0   0   0   0   0   0   0   0   0   0   0   0   0   0   0   0  0.00     0.00
  271 E    -1   0   0   1  -4   2   5  -2   0  -3  -3   1  -2  -3  -1   0  -1  -3  -2  -2    0   0   0   0   0   0   0   0   0   0   0   0   0   0   0   0   0   0   0   0  0.00     0.00
  272 W    -3  -3  -4  -4  -2  -2  -3  -2  -2  -3  -2  -3  -1   1  -4  -3  -2  10   2  -3    0   0   0   0   0   0   0   0   0   0   0   0   0   0   0   0   0   0   0   0  0.00     0.00
  273 Y    -2  -2  -2  -3  -2  -1  -2  -3   2  -1  -1  -2  -1   3  -3  -2  -2   2   7  -1    0   0   0   0   0   0   0   0   0   0   0   0   0   0   0   0   0   0   0   0  0.00     0.00
  274 A     4  -1  -2  -2   0  -1  -1   0  -2  -1  -1  -1  -1  -2  -1   1   0  -3  -2   0    0   0   0   0   0   0   0   0   0   0   0   0   0   0   0   0   0   0   0   0  0.00     0.00
  275 R    -1   5   0  -2  -3   1   0  -2   0  -3  -2   2  -1  -3  -2  -1  -1  -3  -2  -2    0   0   0   0   0   0   0   0   0   0   0   0   0   0   0   0   0   0   0   0  0.00     0.00
  276 L    -1  -2  -3  -4  -1  -2  -3  -4  -3   2   4  -2   2   0  -3  -2  -1  -2  -1   1    0   0   0   0   0   0   0   0   0   0   0   0   0   0   0   0   0   0   0   0  0.00     0.00
  277 V     0  -2  -3  -3  -1  -2  -2  -3  -3   3   1  -2   1  -1  -2  -2   0  -3  -1   4    0   0   0   0   0   0   0   0   0   0   0   0   0   0   0   0   0   0   0   0  0.00     0.00
  278 C     0  -3  -3  -3   8  -3  -4  -2  -3  -1  -1  -3  -1  -2  -3  -1  -1  -2  -2  -1    0   0   0   0   0   0   0   0   0   0   0   0   0   0   0   0   0   0   0   0  0.00     0.00
  279 W    -3  -3  -4  -4  -2  -2  -3  -2  -2  -3  -2  -3  -1   1  -4  -3  -2  10   2  -3    0   0   0   0   0   0   0   0   0   0   0   0   0   0   0   0   0   0   0   0  0.00     0.00
  280 L    -1  -2  -3  -4  -1  -2  -3  -4  -3   2   4  -2   2   0  -3  -2  -1  -2  -1   1    0   0   0   0   0   0   0   0   0   0   0   0   0   0   0   0   0   0   0   0  0.00     0.00
  281 G     0  -2   0  -1  -2  -2  -2   6  -2  -4  -4  -2  -3  -3  -2   0  -2  -2  -3  -3    0   0   0   0   0   0   0   0   0   0   0   0   0   0   0   0   0   0   0   0  0.00     0.00
  282 A     4  -1  -2  -2   0  -1  -1   0  -2  -1  -1  -1  -1  -2  -1   1   0  -3  -2   0    0   0   0   0   0   0   0   0   0   0   0   0   0   0   0   0   0   0   0   0  0.00     0.00
  283 Q    -1   1   0   0  -3   5   2  -2   0  -3  -2   1   0  -3  -1   0  -1  -2  -1  -2    0   0   0   0   0   0   0   0   0   0   0   0   0   0   0   0   0   0   0   0  0.00     0.00
  284 P    -1  -2  -2  -1  -3  -1  -1  -2  -2  -3  -3  -1  -2  -4   7  -1  -1  -4  -3  -2    0   0   0   0   0   0   0   0   0   0   0   0   0   0   0   0   0   0   0   0  0.00     0.00
  285 L    -1  -2  -3  -4  -1  -2  -3  -4  -3   2   4  -2   2   0  -3  -2  -1  -2  -1   1    0   0   0   0   0   0   0   0   0   0   0   0   0   0   0   0   0   0   0   0  0.00     0.00
  286 D    -2  -2   1   6  -3   0   1  -1  -1  -3  -4  -1  -3  -3  -1   0  -1  -4  -3  -3    0   0   0   0   0   0   0   0   0   0   0   0   0   0   0   0   0   0   0   0  0.00     0.00
  287 L    -1  -2  -3  -4  -1  -2  -3  -4  -3   2   4  -2   2   0  -3  -2  -1  -2  -1   1    0   0   0   0   0   0   0   0   0   0   0   0   0   0   0   0   0   0   0   0  0.00     0.00
  288 R    -1   5   0  -2  -3   1   0  -2   0  -3  -2   2  -1  -3  -2  -1  -1  -3  -2  -2    0   0   0   0   0   0   0   0   0   0   0   0   0   0   0   0   0   0   0   0  0.00     0.00
  289 Q    -1   1   0   0  -3   5   2  -2   0  -3  -2   1   0  -3  -1   0  -1  -2  -1  -2    0   0   0   0   0   0   0   0   0   0   0   0   0   0   0   0   0   0   0   0  0.00     0.00
  290 R    -1   5   0  -2  -3   1   0  -2   0  -3  -2   2  -1  -3  -2  -1  -1  -3  -2  -2    0   0   0   0   0   0   0   0   0   0   0   0   0   0   0   0   0   0   0   0  0.00     0.00
  291 L    -1  -2  -3  -4  -1  -2  -3  -4  -3   2   4  -2   2   0  -3  -2  -1  -2  -1   1    0   0   0   0   0   0   0   0   0   0   0   0   0   0   0   0   0   0   0   0  0.00     0.00
  292 R    -1   5   0  -2  -3   1   0  -2   0  -3  -2   2  -1  -3  -2  -1  -1  -3  -2  -2    0   0   0   0   0   0   0   0   0   0   0   0   0   0   0   0   0   0   0   0  0.00     0.00
  293 E    -1   0   0   1  -4   2   5  -2   0  -3  -3   1  -2  -3  -1   0  -1  -3  -2  -2    0   0   0   0   0   0   0   0   0   0   0   0   0   0   0   0   0   0   0   0  0.00     0.00
  294 C     0  -3  -3  -3   8  -3  -4  -2  -3  -1  -1  -3  -1  -2  -3  -1  -1  -2  -2  -1    0   0   0   0   0   0   0   0   0   0   0   0   0   0   0   0   0   0   0   0  0.00     0.00
  295 P    -1  -2  -2  -1  -3  -1  -1  -2  -2  -3  -3  -1  -2  -4   7  -1  -1  -4  -3  -2    0   0   0   0   0   0   0   0   0   0   0   0   0   0   0   0   0   0   0   0  0.00     0.00
  296 A     4  -1  -2  -2   0  -1  -1   0  -2  -1  -1  -1  -1  -2  -1   1   0  -3  -2   0    0   0   0   0   0   0   0   0   0   0   0   0   0   0   0   0   0   0   0   0  0.00     0.00
  297 A     4  -1  -2  -2   0  -1  -1   0  -2  -1  -1  -1  -1  -2  -1   1   0  -3  -2   0    0   0   0   0   0   0   0   0   0   0   0   0   0   0   0   0   0   0   0   0  0.00     0.00
  298 M    -1  -1  -2  -3  -1   0  -2  -3  -2   1   2  -1   5   0  -2  -1  -1  -1  -1   1    0   0   0   0   0   0   0   0   0   0   0   0   0   0   0   0   0   0   0   0  0.00     0.00
  299 T     0  -1   0  -1  -1  -1  -1  -2  -2  -1  -1  -1  -1  -2  -1   1   5  -2  -2   0    0   0   0   0   0   0   0   0   0   0   0   0   0   0   0   0   0   0   0   0  0.00     0.00
  300 A     4  -1  -2  -2   0  -1  -1   0  -2  -1  -1  -1  -1  -2  -1   1   0  -3  -2   0    0   0   0   0   0   0   0   0   0   0   0   0   0   0   0   0   0   0   0   0  0.00     0.00
  301 Q    -1   1   0   0  -3   5   2  -2   0  -3  -2   1   0  -3  -1   0  -1  -2  -1  -2    0   0   0   0   0   0   0   0   0   0   0   0   0   0   0   0   0   0   0   0  0.00     0.00
  302 L    -1  -2  -3  -4  -1  -2  -3  -4  -3   2   4  -2   2   0  -3  -2  -1  -2  -1   1    0   0   0   0   0   0   0   0   0   0   0   0   0   0   0   0   0   0   0   0  0.00     0.00
  303 K    -1   2   0  -1  -3   1   1  -2  -1  -3  -2   4  -1  -3  -1   0  -1  -3  -2  -2    0   0   0   0   0   0   0   0   0   0   0   0   0   0   0   0   0   0   0   0  0.00     0.00
  304 A     4  -1  -2  -2   0  -1  -1   0  -2  -1  -1  -1  -1  -2  -1   1   0  -3  -2   0    0   0   0   0   0   0   0   0   0   0   0   0   0   0   0   0   0   0   0   0  0.00     0.00
  305 Y    -2  -2  -2  -3  -2  -1  -2  -3   2  -1  -1  -2  -1   3  -3  -2  -2   2   7  -1    0   0   0   0   0   0   0   0   0   0   0   0   0   0   0   0   0   0   0   0  0.00     0.00
  306 V     0  -2  -3  -3  -1  -2  -2  -3  -3   3   1  -2   1  -1  -2  -2   0  -3  -1   4    0   0   0   0   0   0   0   0   0   0   0   0   0   0   0   0   0   0   0   0  0.00     0.00
  307 E    -1   0   0   1  -4   2   5  -2   0  -3  -3   1  -2  -3  -1   0  -1  -3  -2  -2    0   0   0   0   0   0   0   0   0   0   0   0   0   0   0   0   0   0   0   0  0.00     0.00
  308 A     4  -1  -2  -2   0  -1  -1   0  -2  -1  -1  -1  -1  -2  -1   1   0  -3  -2   0    0   0   0   0   0   0   0   0   0   0   0   0   0   0   0   0   0   0   0   0  0.00     0.00
  309 E    -1   0   0   1  -4   2   5  -2   0  -3  -3   1  -2  -3  -1   0  -1  -3  -2  -2    0   0   0   0   0   0   0   0   0   0   0   0   0   0   0   0   0   0   0   0  0.00     0.00
  310 A     4  -1  -2  -2   0  -1  -1   0  -2  -1  -1  -1  -1  -2  -1   1   0  -3  -2   0    0   0   0   0   0   0   0   0   0   0   0   0   0   0   0   0   0   0   0   0  0.00     0.00
  311 P    -1  -2  -2  -1  -3  -1  -1  -2  -2  -3  -3  -1  -2  -4   7  -1  -1  -4  -3  -2    0   0   0   0   0   0   0   0   0   0   0   0   0   0   0   0   0   0   0   0  0.00     0.00
  312 A     4  -1  -2  -2   0  -1  -1   0  -2  -1  -1  -1  -1  -2  -1   1   0  -3  -2   0    0   0   0   0   0   0   0   0   0   0   0   0   0   0   0   0   0   0   0   0  0.00     0.00
  313 A     4  -1  -2  -2   0  -1  -1   0  -2  -1  -1  -1  -1  -2  -1   1   0  -3  -2   0    0   0   0   0   0   0   0   0   0   0   0   0   0   0   0   0   0   0   0   0  0.00     0.00
  314 L    -1  -2  -3  -4  -1  -2  -3  -4  -3   2   4  -2   2   0  -3  -2  -1  -2  -1   1    0   0   0   0   0   0   0   0   0   0   0   0   0   0   0   0   0   0   0   0  0.00     0.00
  315 P    -1  -2  -2  -1  -3  -1  -1  -2  -2  -3  -3  -1  -2  -4   7  -1  -1  -4  -3  -2    0   0   0   0   0   0   0   0   0   0   0   0   0   0   0   0   0   0   0   0  0.00     0.00
  316 T     0  -1   0  -1  -1  -1  -1  -2  -2  -1  -1  -1  -1  -2  -1   1   5  -2  -2   0    0   0   0   0   0   0   0   0   0   0   0   0   0   0   0   0   0   0   0   0  0.00     0.00
  317 P    -1  -2  -2  -1  -3  -1  -1  -2  -2  -3  -3  -1  -2  -4   7  -1  -1  -4  -3  -2    0   0   0   0   0   0   0   0   0   0   0   0   0   0   0   0   0   0   0   0  0.00     0.00
  318 P    -1  -2  -2  -1  -3  -1  -1  -2  -2  -3  -3  -1  -2  -4   7  -1  -1  -4  -3  -2    0   0   0   0   0   0   0   0   0   0   0   0   0   0   0   0   0   0   0   0  0.00     0.00
  319 L    -1  -2  -3  -4  -1  -2  -3  -4  -3   2   4  -2   2   0  -3  -2  -1  -2  -1   1    0   0   0   0   0   0   0   0   0   0   0   0   0   0   0   0   0   0   0   0  0.00     0.00
  320 G     0  -2   0  -1  -2  -2  -2   6  -2  -4  -4  -2  -3  -3  -2   0  -2  -2  -3  -3    0   0   0   0   0   0   0   0   0   0   0   0   0   0   0   0   0   0   0   0  0.00     0.00
  321 A     4  -1  -2  -2   0  -1  -1   0  -2  -1  -1  -1  -1  -2  -1   1   0  -3  -2   0    0   0   0   0   0   0   0   0   0   0   0   0   0   0   0   0   0   0   0   0  0.00     0.00
  322 E    -1   0   0   1  -4   2   5  -2   0  -3  -3   1  -2  -3  -1   0  -1  -3  -2  -2    0   0   0   0   0   0   0   0   0   0   0   0   0   0   0   0   0   0   0   0  0.00     0.00
  323 H    -2   0   1  -1  -3   0   0  -2   7  -3  -3  -1  -2  -1  -2  -1  -2  -2   2  -3    0   0   0   0   0   0   0   0   0   0   0   0   0   0   0   0   0   0   0   0  0.00     0.00
  324 W    -3  -3  -4  -4  -2  -2  -3  -2  -2  -3  -2  -3  -1   1  -4  -3  -2  10   2  -3    0   0   0   0   0   0   0   0   0   0   0   0   0   0   0   0   0   0   0   0  0.00     0.00
  325 L    -1  -2  -3  -4  -1  -2  -3  -4  -3   2   4  -2   2   0  -3  -2  -1  -2  -1   1    0   0   0   0   0   0   0   0   0   0   0   0   0   0   0   0   0   0   0   0  0.00     0.00
  326 D    -2  -2   1   6  -3   0   1  -1  -1  -3  -4  -1  -3  -3  -1   0  -1  -4  -3  -3    0   0   0   0   0   0   0   0   0   0   0   0   0   0   0   0   0   0   0   0  0.00     0.00
  327 V     0  -2  -3  -3  -1  -2  -2  -3  -3   3   1  -2   1  -1  -2  -2   0  -3  -1   4    0   0   0   0   0   0   0   0   0   0   0   0   0   0   0   0   0   0   0   0  0.00     0.00
  328 E    -1   0   0   1  -4   2   5  -2   0  -3  -3   1  -2  -3  -1   0  -1  -3  -2  -2    0   0   0   0   0   0   0   0   0   0   0   0   0   0   0   0   0   0   0   0  0.00     0.00
  329 P    -1  -2  -2  -1  -3  -1  -1  -2  -2  -3  -3  -1  -2  -4   7  -1  -1  -4  -3  -2    0   0   0   0   0   0   0   0   0   0   0   0   0   0   0   0   0   0   0   0  0.00     0.00
  330 G     0  -2   0  -1  -2  -2  -2   6  -2  -4  -4  -2  -3  -3  -2   0  -2  -2  -3  -3    0   0   0   0   0   0   0   0   0   0   0   0   0   0   0   0   0   0   0   0  0.00     0.00
  331 C     0  -3  -3  -3   8  -3  -4  -2  -3  -1  -1  -3  -1  -2  -3  -1  -1  -2  -2  -1    0   0   0   0   0   0   0   0   0   0   0   0   0   0   0   0   0   0   0   0  0.00     0.00
  332 E    -1   0   0   1  -4   2   5  -2   0  -3  -3   1  -2  -3  -1   0  -1  -3  -2  -2    0   0   0   0   0   0   0   0   0   0   0   0   0   0   0   0   0   0   0   0  0.00     0.00
  333 W    -3  -3  -4  -4  -2  -2  -3  -2  -2  -3  -2  -3  -1   1  -4  -3  -2  10   2  -3    0   0   0   0   0   0   0   0   0   0   0   0   0   0   0   0   0   0   0   0  0.00     0.00
  334 V     0  -2  -3  -3  -1  -2  -2  -3  -3   3   1  -2   1  -1  -2  -2   0  -3  -1   4    0   0   0   0   0   0   0   0   0   0   0   0   0   0   0   0   0   0   0   0  0.00     0.00
  335 H    -2   0   1  -1  -3   0   0  -2   7  -3  -3  -1  -2  -1  -2  -1  -2  -2   2  -3    0   0   0   0   0   0   0   0   0   0   0   0   0   0   0   0   0   0   0   0  0.00     0.00
  336 E    -1   0   0   1  -4   2   5  -2   0  -3  -3   1  -2  -3  -1   0  -1  -3  -2  -2    0   0   0   0   0   0   0   0   0   0   0   0   0   0   0   0   0   0   0   0  0.00     0.00
  337 Q    -1   1   0   0  -3   5   2  -2   0  -3  -2   1   0  -3  -1   0  -1  -2  -1  -2    0   0   0   0   0   0   0   0   0   0   0   0   0   0   0   0   0   0   0   0  0.00     0.00
  338 K    -1   2   0  -1  -3   1   1  -2  -1  -3  -2   4  -1  -3  -1   0  -1  -3  -2  -2    0   0   0   0   0   0   0   0   0   0   0   0   0   0   0   0   0   0   0   0  0.00     0.00
  339 A     4  -1  -2  -2   0  -1  -1   0  -2  -1  -1  -1  -1  -2  -1   1   0  -3  -2   0    0   0   0   0   0   0   0   0   0   0   0   0   0   0   0   0   0   0   0   0  0.00     0.00
  340 L    -1  -2  -3  -4  -1  -2  -3  -4  -3   2   4  -2   2   0  -3  -2  -1  -2  -1   1    0   0   0   0   0   0   0   0   0   0   0   0   0   0   0   0   0   0   0   0  0.00     0.00
  341 Q    -1   1   0   0  -3   5   2  -2   0  -3  -2   1   0  -3  -1   0  -1  -2  -1  -2    0   0   0   0   0   0   0   0   0   0   0   0   0   0   0   0   0   0   0   0  0.00     0.00
  342 S     1  -1   1   0  -1   0   0   0  -1  -2  -2   0  -1  -2  -1   4   1  -3  -2  -2    0   0   0   0   0   0   0   0   0   0   0   0   0   0   0   0   0   0   0   0  0.00     0.00
  343 G     0  -2   0  -1  -2  -2  -2   6  -2  -4  -4  -2  -3  -3  -2   0  -2  -2  -3  -3    0   0   0   0   0   0   0   0   0   0   0   0   0   0   0   0   0   0   0   0  0.00     0.00
  344 F    -2  -3  -3  -3  -2  -3  -3  -3  -1   0   0  -3   0   6  -4  -2  -2   1   3  -1    0   0   0   0   0   0   0   0   0   0   0   0   0   0   0   0   0   0   0   0  0.00     0.00
  345 L    -1  -2  -3  -4  -1  -2  -3  -4  -3   2   4  -2   2   0  -3  -2  -1  -2  -1   1    0   0   0   0   0   0   0   0   0   0   0   0   0   0   0   0   0   0   0   0  0.00     0.00
  346 P    -1  -2  -2  -1  -3  -1  -1  -2  -2  -3  -3  -1  -2  -4   7  -1  -1  -4  -3  -2    0   0   0   0   0   0   0   0   0   0   0   0   0   0   0   0   0   0   0   0  0.00     0.00
  347 A     4  -1  -2  -2   0  -1  -1   0  -2  -1  -1  -1  -1  -2  -1   1   0  -3  -2   0    0   0   0   0   0   0   0   0   0   0   0   0   0   0   0   0   0   0   0   0  0.00     0.00
  348 L    -1  -2  -3  -4  -1  -2  -3  -4  -3   2   4  -2   2   0  -3  -2  -1  -2  -1   1    0   0   0   0   0   0   0   0   0   0   0   0   0   0   0   0   0   0   0   0  0.00     0.00
  349 P    -1  -2  -2  -1  -3  -1  -1  -2  -2  -3  -3  -1  -2  -4   7  -1  -1  -4  -3  -2    0   0   0   0   0   0   0   0   0   0   0   0   0   0   0   0   0   0   0   0  0.00     0.00
  350 E    -1   0   0   1  -4   2   5  -2   0  -3  -3   1  -2  -3  -1   0  -1  -3  -2  -2    0   0   0   0   0   0   0   0   0   0   0   0   0   0   0   0   0   0   0   0  0.00     0.00
  351 L    -1  -2  -3  -4  -1  -2  -3  -4  -3   2   4  -2   2   0  -3  -2  -1  -2  -1   1    0   0   0   0   0   0   0   0   0   0   0   0   0   0   0   0   0   0   0   0  0.00     0.00
  352 P    -1  -2  -2  -1  -3  -1  -1  -2  -2  -3  -3  -1  -2  -4   7  -1  -1  -4  -3  -2    0   0   0   0   0   0   0   0   0   0   0   0   0   0   0   0   0   0   0   0  0.00     0.00
  353 Q    -1   1   0   0  -3   5   2  -2   0  -3  -2   1   0  -3  -1   0  -1  -2  -1  -2    0   0   0   0   0   0   0   0   0   0   0   0   0   0   0   0   0   0   0   0  0.00     0.00
  354 L    -1  -2  -3  -4  -1  -2  -3  -4  -3   2   4  -2   2   0  -3  -2  -1  -2  -1   1    0   0   0   0   0   0   0   0   0   0   0   0   0   0   0   0   0   0   0   0  0.00     0.00
  355 P    -1  -2  -2  -1  -3  -1  -1  -2  -2  -3  -3  -1  -2  -4   7  -1  -1  -4  -3  -2    0   0   0   0   0   0   0   0   0   0   0   0   0   0   0   0   0   0   0   0  0.00     0.00
  356 Q    -1   1   0   0  -3   5   2  -2   0  -3  -2   1   0  -3  -1   0  -1  -2  -1  -2    0   0   0   0   0   0   0   0   0   0   0   0   0   0   0   0   0   0   0   0  0.00     0.00
  357 F    -2  -3  -3  -3  -2  -3  -3  -3  -1   0   0  -3   0   6  -4  -2  -2   1   3  -1    0   0   0   0   0   0   0   0   0   0   0   0   0   0   0   0   0   0   0   0  0.00     0.00
  358 R    -1   5   0  -2  -3   1   0  -2   0  -3  -2   2  -1  -3  -2  -1  -1  -3  -2  -2    0   0   0   0   0   0   0   0   0   0   0   0   0   0   0   0   0   0   0   0  0.00     0.00
  359 F    -2  -3  -3  -3  -2  -3  -3  -3  -1   0   0  -3   0   6  -4  -2  -2   1   3  -1    0   0   0   0   0   0   0   0   0   0   0   0   0   0   0   0   0   0   0   0  0.00     0.00
  360 S     1  -1   1   0  -1   0   0   0  -1  -2  -2   0  -1  -2  -1   4   1  -3  -2  -2    0   0   0   0   0   0   0   0   0   0   0   0   0   0   0   0   0   0   0   0  0.00     0.00
  361 L    -1  -2  -3  -4  -1  -2  -3  -4  -3   2   4  -2   2   0  -3  -2  -1  -2  -1   1    0   0   0   0   0   0   0   0   0   0   0   0   0   0   0   0   0   0   0   0  0.00     0.00
  362 P    -1  -2  -2  -1  -3  -1  -1  -2  -2  -3  -3  -1  -2  -4   7  -1  -1  -4  -3  -2    0   0   0   0   0   0   0   0   0   0   0   0   0   0   0   0   0   0   0   0  0.00     0.00
  363 R    -1   5   0  -2  -3   1   0  -2   0  -3  -2   2  -1  -3  -2  -1  -1  -3  -2  -2    0   0   0   0   0   0   0   0   0   0   0   0   0   0   0   0   0   0   0   0  0.00     0.00
  364 M    -1  -1  -2  -3  -1   0  -2  -3  -2   1   2  -1   5   0  -2  -1  -1  -1  -1   1    0   0   0   0   0   0   0   0   0   0   0   0   0   0   0   0   0   0   0   0  0.00     0.00
  365 P    -1  -2  -2  -1  -3  -1  -1  -2  -2  -3  -3  -1  -2  -4   7  -1  -1  -4  -3  -2    0   0   0   0   0   0   0   0   0   0   0   0   0   0   0   0   0   0   0   0  0.00     0.00
  366 A     4  -1  -2  -2   0  -1  -1   0  -2  -1  -1  -1  -1  -2  -1   1   0  -3  -2   0    0   0   0   0   0   0   0   0   0   0   0   0   0   0   0   0   0   0   0   0  0.00     0.00
  367 N    -2   0   6   1  -3   0   0   0   1  -3  -3   0  -2  -3  -2   1   0  -4  -2  -3    0   0   0   0   0   0   0   0   0   0   0   0   0   0   0   0   0   0   0   0  0.00     0.00
  368 L    -1  -2  -3  -4  -1  -2  -3  -4  -3   2   4  -2   2   0  -3  -2  -1  -2  -1   1    0   0   0   0   0   0   0   0   0   0   0   0   0   0   0   0   0   0   0   0  0.00     0.00
  369 L    -1  -2  -3  -4  -1  -2  -3  -4  -3   2   4  -2   2   0  -3  -2  -1  -2  -1   1    0   0   0   0   0   0   0   0   0   0   0   0   0   0   0   0   0   0   0   0  0.00     0.00
  370 P    -1  -2  -2  -1  -3  -1  -1  -2  -2  -3  -3  -1  -2  -4   7  -1  -1  -4  -3  -2    0   0   0   0   0   0   0   0   0   0   0   0   0   0   0   0   0   0   0   0  0.00     0.00
  371 W    -3  -3  -4  -4  -2  -2  -3  -2  -2  -3  -2  -3  -1   1  -4  -3  -2  10   2  -3    0   0   0   0   0   0   0   0   0   0   0   0   0   0   0   0   0   0   0   0  0.00     0.00
  372 G     0  -2   0  -1  -2  -2  -2   6  -2  -4  -4  -2  -3  -3  -2   0  -2  -2  -3  -3    0   0   0   0   0   0   0   0   0   0   0   0   0   0   0   0   0   0   0   0  0.00     0.00
  373 L    -1  -2  -3  -4  -1  -2  -3  -4  -3   2   4  -2   2   0  -3  -2  -1  -2  -1   1    0   0   0   0   0   0   0   0   0   0   0   0   0   0   0   0   0   0   0   0  0.00     0.00
  374 K    -1   2   0  -1  -3   1   1  -2  -1  -3  -2   4  -1  -3  -1   0  -1  -3  -2  -2    0   0   0   0   0   0   0   0   0   0   0   0   0   0   0   0   0   0   0   0  0.00     0.00
  375 K    -1   2   0  -1  -3   1   1  -2  -1  -3  -2   4  -1  -3  -1   0  -1  -3  -2  -2    0   0   0   0   0   0   0   0   0   0   0   0   0   0   0   0   0   0   0   0  0.00     0.00
  376 W    -3  -3  -4  -4  -2  -2  -3  -2  -2  -3  -2  -3  -1   1  -4  -3  -2  10   2  -3    0   0   0   0   0   0   0   0   0   0   0   0   0   0   0   0   0   0   0   0  0.00     0.00
  377 N    -2   0   6   1  -3   0   0   0   1  -3  -3   0  -2  -3  -2   1   0  -4  -2  -3    0   0   0   0   0   0   0   0   0   0   0   0   0   0   0   0   0   0   0   0  0.00     0.00
  378 E    -1   0   0   1  -4   2   5  -2   0  -3  -3   1  -2  -3  -1   0  -1  -3  -2  -2    0   0   0   0   0   0   0   0   0   0   0   0   0   0   0   0   0   0   0   0  0.00     0.00
  379 L    -1  -2  -3  -4  -1  -2  -3  -4  -3   2   4  -2   2   0  -3  -2  -1  -2  -1   1    0   0   0   0   0   0   0   0   0   0   0   0   0   0   0   0   0   0   0   0  0.00     0.00
  380 G     0  -2   0  -1  -2  -2  -2   6  -2  -4  -4  -2  -3  -3  -2   0  -2  -2  -3  -3    0   0   0   0   0   0   0   0   0   0   0   0   0   0   0   0   0   0   0   0  0.00     0.00
  381 G     0  -2   0  -1  -2  -2  -2   6  -2  -4  -4  -2  -3  -3  -2   0  -2  -2  -3  -3    0   0   0   0   0   0   0   0   0   0   0   0   0   0   0   0   0   0   0   0  0.00     0.00
  382 G     0  -2   0  -1  -2  -2  -2   6  -2  -4  -4  -2  -3  -3  -2   0  -2  -2  -3  -3    0   0   0   0   0   0   0   0   0   0   0   0   0   0   0   0   0   0   0   0  0.00     0.00
  383 A     4  -1  -2  -2   0  -1  -1   0  -2  -1  -1  -1  -1  -2  -1   1   0  -3  -2   0    0   0   0   0   0   0   0   0   0   0   0   0   0   0   0   0   0   0   0   0  0.00     0.00
  384 R    -1   5   0  -2  -3   1   0  -2   0  -3  -2   2  -1  -3  -2  -1  -1  -3  -2  -2    0   0   0   0   0   0   0   0   0   0   0   0   0   0   0   0   0   0   0   0  0.00     0.00
  385 S     1  -1   1   0  -1   0   0   0  -1  -2  -2   0  -1  -2  -1   4   1  -3  -2  -2    0   0   0   0   0   0   0   0   0   0   0   0   0   0   0   0   0   0   0   0  0.00     0.00
  386 S     1  -1   1   0  -1   0   0   0  -1  -2  -2   0  -1  -2  -1   4   1  -3  -2  -2    0   0   0   0   0   0   0   0   0   0   0   0   0   0   0   0   0   0   0   0  0.00     0.00
  387 S     1  -1   1   0  -1   0   0   0  -1  -2  -2   0  -1  -2  -1   4   1  -3  -2  -2    0   0   0   0   0   0   0   0   0   0   0   0   0   0   0   0   0   0   0   0  0.00     0.00
  388 K    -1   2   0  -1  -3   1   1  -2  -1  -3  -2   4  -1  -3  -1   0  -1  -3  -2  -2    0   0   0   0   0   0   0   0   0   0   0   0   0   0   0   0   0   0   0   0  0.00     0.00
  389 T     0  -1   0  -1  -1  -1  -1  -2  -2  -1  -1  -1  -1  -2  -1   1   5  -2  -2   0    0   0   0   0   0   0   0   0   0   0   0   0   0   0   0   0   0   0   0   0  0.00     0.00
  390 D    -2  -2   1   6  -3   0   1  -1  -1  -3  -4  -1  -3  -3  -1   0  -1  -4  -3  -3    0   0   0   0   0   0   0   0   0   0   0   0   0   0   0   0   0   0   0   0  0.00     0.00
  391 A     4  -1  -2  -2   0  -1  -1   0  -2  -1  -1  -1  -1  -2  -1   1   0  -3  -2   0    0   0   0   0   0   0   0   0   0   0   0   0   0   0   0   0   0   0   0   0  0.00     0.00
  392 V     0  -2  -3  -3  -1  -2  -2  -3  -3   3   1  -2   1  -1  -2  -2   0  -3  -1   4    0   0   0   0   0   0   0   0   0   0   0   0   0   0   0   0   0   0   0   0  0.00     0.00
  393 E    -1   0   0   1  -4   2   5  -2   0  -3  -3   1  -2  -3  -1   0  -1  -3  -2  -2    0   0   0   0   0   0   0   0   0   0   0   0   0   0   0   0   0   0   0   0  0.00     0.00
  394 P    -1  -2  -2  -1  -3  -1  -1  -2  -2  -3  -3  -1  -2  -4   7  -1  -1  -4  -3  -2    0   0   0   0   0   0   0   0   0   0   0   0   0   0   0   0   0   0   0   0  0.00     0.00
  395 R    -1   5   0  -2  -3   1   0  -2   0  -3  -2   2  -1  -3  -2  -1  -1  -3  -2  -2    0   0   0   0   0   0   0   0   0   0   0   0   0   0   0   0   0   0   0   0  0.00     0.00
  396 A     4  -1  -2  -2   0  -1  -1   0  -2  -1  -1  -1  -1  -2  -1   1   0  -3  -2   0    0   0   0   0   0   0   0   0   0   0   0   0   0   0   0   0   0   0   0   0  0.00     0.00
  397 D    -2  -2   1   6  -3   0   1  -1  -1  -3  -4  -1  -3  -3  -1   0  -1  -4  -3  -3    0   0   0   0   0   0   0   0   0   0   0   0   0   0   0   0   0   0   0   0  0.00     0.00
  398 G     0  -2   0  -1  -2  -2  -2   6  -2  -4  -4  -2  -3  -3  -2   0  -2  -2  -3  -3    0   0   0   0   0   0   0   0   0   0   0   0   0   0   0   0   0   0   0   0  0.00     0.00
  399 T     0  -1   0  -1  -1  -1  -1  -2  -2  -1  -1  -1  -1  -2  -1   1   5  -2  -2   0    0   0   0   0   0   0   0   0   0   0   0   0   0   0   0   0   0   0   0   0  0.00     0.00
  400 L    -1  -2  -3  -4  -1  -2  -3  -4  -3   2   4  -2   2   0  -3  -2  -1  -2  -1   1    0   0   0   0   0   0   0   0   0   0   0   0   0   0   0   0   0   0   0   0  0.00     0.00
  401 V     0  -2  -3  -3  -1  -2  -2  -3  -3   3   1  -2   1  -1  -2  -2   0  -3  -1   4    0   0   0   0   0   0   0   0   0   0   0   0   0   0   0   0   0   0   0   0  0.00     0.00
  402 D    -2  -2   1   6  -3   0   1  -1  -1  -3  -4  -1  -3  -3  -1   0  -1  -4  -3  -3    0   0   0   0   0   0   0   0   0   0   0   0   0   0   0   0   0   0   0   0  0.00     0.00
  403 S     1  -1   1   0  -1   0   0   0  -1  -2  -2   0  -1  -2  -1   4   1  -3  -2  -2    0   0   0   0   0   0   0   0   0   0   0   0   0   0   0   0   0   0   0   0  0.00     0.00
  404 T     0  -1   0  -1  -1  -1  -1  -2  -2  -1  -1  -1  -1  -2  -1   1   5  -2  -2   0    0   0   0   0   0   0   0   0   0   0   0   0   0   0   0   0   0   0   0   0  0.00     0.00
  405 L    -1  -2  -3  -4  -1  -2  -3  -4  -3   2   4  -2   2   0  -3  -2  -1  -2  -1   1    0   0   0   0   0   0   0   0   0   0   0   0   0   0   0   0   0   0   0   0  0.00     0.00
  406 A     4  -1  -2  -2   0  -1  -1   0  -2  -1  -1  -1  -1  -2  -1   1   0  -3  -2   0    0   0   0   0   0   0   0   0   0   0   0   0   0   0   0   0   0   0   0   0  0.00     0.00
  407 A     4  -1  -2  -2   0  -1  -1   0  -2  -1  -1  -1  -1  -2  -1   1   0  -3  -2   0    0   0   0   0   0   0   0   0   0   0   0   0   0   0   0   0   0   0   0   0  0.00     0.00
  408 L    -1  -2  -3  -4  -1  -2  -3  -4  -3   2   4  -2   2   0  -3  -2  -1  -2  -1   1    0   0   0   0   0   0   0   0   0   0   0   0   0   0   0   0   0   0   0   0  0.00     0.00
  409 A     4  -1  -2  -2   0  -1  -1   0  -2  -1  -1  -1  -1  -2  -1   1   0  -3  -2   0    0   0   0   0   0   0   0   0   0   0   0   0   0   0   0   0   0   0   0   0  0.00     0.00
  410 Q    -1   1   0   0  -3   5   2  -2   0  -3  -2   1   0  -3  -1   0  -1  -2  -1  -2    0   0   0   0   0   0   0   0   0   0   0   0   0   0   0   0   0   0   0   0  0.00     0.00
  411 P    -1  -2  -2  -1  -3  -1  -1  -2  -2  -3  -3  -1  -2  -4   7  -1  -1  -4  -3  -2    0   0   0   0   0   0   0   0   0   0   0   0   0   0   0   0   0   0   0   0  0.00     0.00
  412 A     4  -1  -2  -2   0  -1  -1   0  -2  -1  -1  -1  -1  -2  -1   1   0  -3  -2   0    0   0   0   0   0   0   0   0   0   0   0   0   0   0   0   0   0   0   0   0  0.00     0.00
  413 G     0  -2   0  -1  -2  -2  -2   6  -2  -4  -4  -2  -3  -3  -2   0  -2  -2  -3  -3    0   0   0   0   0   0   0   0   0   0   0   0   0   0   0   0   0   0   0   0  0.00     0.00
  414 A     4  -1  -2  -2   0  -1  -1   0  -2  -1  -1  -1  -1  -2  -1   1   0  -3  -2   0    0   0   0   0   0   0   0   0   0   0   0   0   0   0   0   0   0   0   0   0  0.00     0.00
  415 A     4  -1  -2  -2   0  -1  -1   0  -2  -1  -1  -1  -1  -2  -1   1   0  -3  -2   0    0   0   0   0   0   0   0   0   0   0   0   0   0   0   0   0   0   0   0   0  0.00     0.00
  416 A     4  -1  -2  -2   0  -1  -1   0  -2  -1  -1  -1  -1  -2  -1   1   0  -3  -2   0    0   0   0   0   0   0   0   0   0   0   0   0   0   0   0   0   0   0   0   0  0.00     0.00
  417 A     4  -1  -2  -2   0  -1  -1   0  -2  -1  -1  -1  -1  -2  -1   1   0  -3  -2   0    0   0   0   0   0   0   0   0   0   0   0   0   0   0   0   0   0   0   0   0  0.00     0.00
  418 R    -1   5   0  -2  -3   1   0  -2   0  -3  -2   2  -1  -3  -2  -1  -1  -3  -2  -2    0   0   0   0   0   0   0   0   0   0   0   0   0   0   0   0   0   0   0   0  0.00     0.00
  419 A     4  -1  -2  -2   0  -1  -1   0  -2  -1  -1  -1  -1  -2  -1   1   0  -3  -2   0    0   0   0   0   0   0   0   0   0   0   0   0   0   0   0   0   0   0   0   0  0.00     0.00
  420 D    -2  -2   1   6  -3   0   1  -1  -1  -3  -4  -1  -3  -3  -1   0  -1  -4  -3  -3    0   0   0   0   0   0   0   0   0   0   0   0   0   0   0   0   0   0   0   0  0.00     0.00
  421 A     4  -1  -2  -2   0  -1  -1   0  -2  -1  -1  -1  -1  -2  -1   1   0  -3  -2   0    0   0   0   0   0   0   0   0   0   0   0   0   0   0   0   0   0   0   0   0  0.00     0.00
  422 A     4  -1  -2  -2   0  -1  -1   0  -2  -1  -1  -1  -1  -2  -1   1   0  -3  -2   0    0   0   0   0   0   0   0   0   0   0   0   0   0   0   0   0   0   0   0   0  0.00     0.00
  423 Q    -1   1   0   0  -3   5   2  -2   0  -3  -2   1   0  -3  -1   0  -1  -2  -1  -2    0   0   0   0   0   0   0   0   0   0   0   0   0   0   0   0   0   0   0   0  0.00     0.00
  424 A     4  -1  -2  -2   0  -1  -1   0  -2  -1  -1  -1  -1  -2  -1   1   0  -3  -2   0    0   0   0   0   0   0   0   0   0   0   0   0   0   0   0   0   0   0   0   0  0.00     0.00
  425 V     0  -2  -3  -3  -1  -2  -2  -3  -3   3   1  -2   1  -1  -2  -2   0  -3  -1   4    0   0   0   0   0   0   0   0   0   0   0   0   0   0   0   0   0   0   0   0  0.00     0.00
  426 G     0  -2   0  -1  -2  -2  -2   6  -2  -4  -4  -2  -3  -3  -2   0  -2  -2  -3  -3    0   0   0   0   0   0   0   0   0   0   0   0   0   0   0   0   0   0   0   0  0.00     0.00
  427 D    -2  -2   1   6  -3   0   1  -1  -1  -3  -4  -1  -3  -3  -1   0  -1  -4  -3  -3    0   0   0   0   0   0   0   0   0   0   0   0   0   0   0   0   0   0   0   0  0.00     0.00
  428 D    -2  -2   1   6  -3   0   1  -1  -1  -3  -4  -1  -3  -3  -1   0  -1  -4  -3  -3    0   0   0   0   0   0   0   0   0   0   0   0   0   0   0   0   0   0   0   0  0.00     0.00
  429 A     4  -1  -2  -2   0  -1  -1   0  -2  -1  -1  -1  -1  -2  -1   1   0  -3  -2   0    0   0   0   0   0   0   0   0   0   0   0   0   0   0   0   0   0   0   0   0  0.00     0.00
  430 Q    -1   1   0   0  -3   5   2  -2   0  -3  -2   1   0  -3  -1   0  -1  -2  -1  -2    0   0   0   0   0   0   0   0   0   0   0   0   0   0   0   0   0   0   0   0  0.00     0.00
  431 A     4  -1  -2  -2   0  -1  -1   0  -2  -1  -1  -1  -1  -2  -1   1   0  -3  -2   0    0   0   0   0   0   0   0   0   0   0   0   0   0   0   0   0   0   0   0   0  0.00     0.00
  432 V     0  -2  -3  -3  -1  -2  -2  -3  -3   3   1  -2   1  -1  -2  -2   0  -3  -1   4    0   0   0   0   0   0   0   0   0   0   0   0   0   0   0   0   0   0   0   0  0.00     0.00
  433 E    -1   0   0   1  -4   2   5  -2   0  -3  -3   1  -2  -3  -1   0  -1  -3  -2  -2    0   0   0   0   0   0   0   0   0   0   0   0   0   0   0   0   0   0   0   0  0.00     0.00
  434 D    -2  -2   1   6  -3   0   1  -1  -1  -3  -4  -1  -3  -3  -1   0  -1  -4  -3  -3    0   0   0   0   0   0   0   0   0   0   0   0   0   0   0   0   0   0   0   0  0.00     0.00
  435 E    -1   0   0   1  -4   2   5  -2   0  -3  -3   1  -2  -3  -1   0  -1  -3  -2  -2    0   0   0   0   0   0   0   0   0   0   0   0   0   0   0   0   0   0   0   0  0.00     0.00
  436 V     0  -2  -3  -3  -1  -2  -2  -3  -3   3   1  -2   1  -1  -2  -2   0  -3  -1   4    0   0   0   0   0   0   0   0   0   0   0   0   0   0   0   0   0   0   0   0  0.00     0.00
  437 V     0  -2  -3  -3  -1  -2  -2  -3  -3   3   1  -2   1  -1  -2  -2   0  -3  -1   4    0   0   0   0   0   0   0   0   0   0   0   0   0   0   0   0   0   0   0   0  0.00     0.00
  438 V     0  -2  -3  -3  -1  -2  -2  -3  -3   3   1  -2   1  -1  -2  -2   0  -3  -1   4    0   0   0   0   0   0   0   0   0   0   0   0   0   0   0   0   0   0   0   0  0.00     0.00
  439 E    -1   0   0   1  -4   2   5  -2   0  -3  -3   1  -2  -3  -1   0  -1  -3  -2  -2    0   0   0   0   0   0   0   0   0   0   0   0   0   0   0   0   0   0   0   0  0.00     0.00
  440 L    -1  -2  -3  -4  -1  -2  -3  -4  -3   2   4  -2   2   0  -3  -2  -1  -2  -1   1    0   0   0   0   0   0   0   0   0   0   0   0   0   0   0   0   0   0   0   0  0.00     0.00
  441 V     0  -2  -3  -3  -1  -2  -2  -3  -3   3   1  -2   1  -1  -2  -2   0  -3  -1   4    0   0   0   0   0   0   0   0   0   0   0   0   0   0   0   0   0   0   0   0  0.00     0.00
  442 L    -1  -2  -3  -4  -1  -2  -3  -4  -3   2   4  -2   2   0  -3  -2  -1  -2  -1   1    0   0   0   0   0   0   0   0   0   0   0   0   0   0   0   0   0   0   0   0  0.00     0.00
  443 S     1  -1   1   0  -1   0   0   0  -1  -2  -2   0  -1  -2  -1   4   1  -3  -2  -2    0   0   0   0   0   0   0   0   0   0   0   0   0   0   0   0   0   0   0   0  0.00     0.00
  444 A     4  -1  -2  -2   0  -1  -1   0  -2  -1  -1  -1  -1  -2  -1   1   0  -3  -2   0    0   0   0   0   0   0   0   0   0   0   0   0   0   0   0   0   0   0   0   0  0.00     0.00
  445 A     4  -1  -2  -2   0  -1  -1   0  -2  -1  -1  -1  -1  -2  -1   1   0  -3  -2   0    0   0   0   0   0   0   0   0   0   0   0   0   0   0   0   0   0   0   0   0  0.00     0.00
  446 A     4  -1  -2  -2   0  -1  -1   0  -2  -1  -1  -1  -1  -2  -1   1   0  -3  -2   0    0   0   0   0   0   0   0   0   0   0   0   0   0   0   0   0   0   0   0   0  0.00     0.00
  447 G     0  -2   0  -1  -2  -2  -2   6  -2  -4  -4  -2  -3  -3  -2   0  -2  -2  -3  -3    0   0   0   0   0   0   0   0   0   0   0   0   0   0   0   0   0   0   0   0  0.00     0.00
  448 M    -1  -1  -2  -3  -1   0  -2  -3  -2   1   2  -1   5   0  -2  -1  -1  -1  -1   1    0   0   0   0   0   0   0   0   0   0   0   0   0   0   0   0   0   0   0   0  0.00     0.00
  449 A     4  -1  -2  -2   0  -1  -1   0  -2  -1  -1  -1  -1  -2  -1   1   0  -3  -2   0    0   0   0   0   0   0   0   0   0   0   0   0   0   0   0   0   0   0   0   0  0.00     0.00
  450 G     0  -2   0  -1  -2  -2  -2   6  -2  -4  -4  -2  -3  -3  -2   0  -2  -2  -3  -3    0   0   0   0   0   0   0   0   0   0   0   0   0   0   0   0   0   0   0   0  0.00     0.00
  451 A     4  -1  -2  -2   0  -1  -1   0  -2  -1  -1  -1  -1  -2  -1   1   0  -3  -2   0    0   0   0   0   0   0   0   0   0   0   0   0   0   0   0   0   0   0   0   0  0.00     0.00
  452 L    -1  -2  -3  -4  -1  -2  -3  -4  -3   2   4  -2   2   0  -3  -2  -1  -2  -1   1    0   0   0   0   0   0   0   0   0   0   0   0   0   0   0   0   0   0   0   0  0.00     0.00
  453 V     0  -2  -3  -3  -1  -2  -2  -3  -3   3   1  -2   1  -1  -2  -2   0  -3  -1   4    0   0   0   0   0   0   0   0   0   0   0   0   0   0   0   0   0   0   0   0  0.00     0.00
  454 T     0  -1   0  -1  -1  -1  -1  -2  -2  -1  -1  -1  -1  -2  -1   1   5  -2  -2   0    0   0   0   0   0   0   0   0   0   0   0   0   0   0   0   0   0   0   0   0  0.00     0.00
  455 G     0  -2   0  -1  -2  -2  -2   6  -2  -4  -4  -2  -3  -3  -2   0  -2  -2  -3  -3    0   0   0   0   0   0   0   0   0   0   0   0   0   0   0   0   0   0   0   0  0.00     0.00
  456 L    -1  -2  -3  -4  -1  -2  -3  -4  -3   2   4  -2   2   0  -3  -2  -1  -2  -1   1    0   0   0   0   0   0   0   0   0   0   0   0   0   0   0   0   0   0   0   0  0.00     0.00
  457 V     0  -2  -3  -3  -1  -2  -2  -3  -3   3   1  -2   1  -1  -2  -2   0  -3  -1   4    0   0   0   0   0   0   0   0   0   0   0   0   0   0   0   0   0   0   0   0  0.00     0.00
  458 A     4  -1  -2  -2   0  -1  -1   0  -2  -1  -1  -1  -1  -2  -1   1   0  -3  -2   0    0   0   0   0   0   0   0   0   0   0   0   0   0   0   0   0   0   0   0   0  0.00     0.00
  459 V     0  -2  -3  -3  -1  -2  -2  -3  -3   3   1  -2   1  -1  -2  -2   0  -3  -1   4    0   0   0   0   0   0   0   0   0   0   0   0   0   0   0   0   0   0   0   0  0.00     0.00
  460 F    -2  -3  -3  -3  -2  -3  -3  -3  -1   0   0  -3   0   6  -4  -2  -2   1   3  -1    0   0   0   0   0   0   0   0   0   0   0   0   0   0   0   0   0   0   0   0  0.00     0.00
  461 L    -1  -2  -3  -4  -1  -2  -3  -4  -3   2   4  -2   2   0  -3  -2  -1  -2  -1   1    0   0   0   0   0   0   0   0   0   0   0   0   0   0   0   0   0   0   0   0  0.00     0.00
  462 F    -2  -3  -3  -3  -2  -3  -3  -3  -1   0   0  -3   0   6  -4  -2  -2   1   3  -1    0   0   0   0   0   0   0   0   0   0   0   0   0   0   0   0   0   0   0   0  0.00     0.00
  463 R    -1   5   0  -2  -3   1   0  -2   0  -3  -2   2  -1  -3  -2  -1  -1  -3  -2  -2    0   0   0   0   0   0   0   0   0   0   0   0   0   0   0   0   0   0   0   0  0.00     0.00
  464 S     1  -1   1   0  -1   0   0   0  -1  -2  -2   0  -1  -2  -1   4   1  -3  -2  -2    0   0   0   0   0   0   0   0   0   0   0   0   0   0   0   0   0   0   0   0  0.00     0.00
  465 R    -1   5   0  -2  -3   1   0  -2   0  -3  -2   2  -1  -3  -2  -1  -1  -3  -2  -2    0   0   0   0   0   0   0   0   0   0   0   0   0   0   0   0   0   0   0   0  0.00     0.00
  466 S     1  -1   1   0  -1   0   0   0  -1  -2  -2   0  -1  -2  -1   4   1  -3  -2  -2    0   0   0   0   0   0   0   0   0   0   0   0   0   0   0   0   0   0   0   0  0.00     0.00
  467 G     0  -2   0  -1  -2  -2  -2   6  -2  -4  -4  -2  -3  -3  -2   0  -2  -2  -3  -3    0   0   0   0   0   0   0   0   0   0   0   0   0   0   0   0   0   0   0   0  0.00     0.00
  468 S     1  -1   1   0  -1   0   0   0  -1  -2  -2   0  -1  -2  -1   4   1  -3  -2  -2    0   0   0   0   0   0   0   0   0   0   0   0   0   0   0   0   0   0   0   0  0.00     0.00
  469 R    -1   5   0  -2  -3   1   0  -2   0  -3  -2   2  -1  -3  -2  -1  -1  -3  -2  -2    0   0   0   0   0   0   0   0   0   0   0   0   0   0   0   0   0   0   0   0  0.00     0.00
  470 P    -1  -2  -2  -1  -3  -1  -1  -2  -2  -3  -3  -1  -2  -4   7  -1  -1  -4  -3  -2    0   0   0   0   0   0   0   0   0   0   0   0   0   0   0   0   0   0   0   0  0.00     0.00
  471 L    -1  -2  -3  -4  -1  -2  -3  -4  -3   2   4  -2   2   0  -3  -2  -1  -2  -1   1    0   0   0   0   0   0   0   0   0   0   0   0   0   0   0   0   0   0   0   0  0.00     0.00
  472 S     1  -1   1   0  -1   0   0   0  -1  -2  -2   0  -1  -2  -1   4   1  -3  -2  -2    0   0   0   0   0   0   0   0   0   0   0   0   0   0   0   0   0   0   0   0  0.00     0.00
  473 V     0  -2  -3  -3  -1  -2  -2  -3  -3   3   1  -2   1  -1  -2  -2   0  -3  -1   4    0   0   0   0   0   0   0   0   0   0   0   0   0   0   0   0   0   0   0   0  0.00     0.00
  474 G     0  -2   0  -1  -2  -2  -2   6  -2  -4  -4  -2  -3  -3  -2   0  -2  -2  -3  -3    0   0   0   0   0   0   0   0   0   0   0   0   0   0   0   0   0   0   0   0  0.00     0.00
  475 R    -1   5   0  -2  -3   1   0  -2   0  -3  -2   2  -1  -3  -2  -1  -1  -3  -2  -2    0   0   0   0   0   0   0   0   0   0   0   0   0   0   0   0   0   0   0   0  0.00     0.00
  476 R    -1   5   0  -2  -3   1   0  -2   0  -3  -2   2  -1  -3  -2  -1  -1  -3  -2  -2    0   0   0   0   0   0   0   0   0   0   0   0   0   0   0   0   0   0   0   0  0.00     0.00
  477 R    -1   5   0  -2  -3   1   0  -2   0  -3  -2   2  -1  -3  -2  -1  -1  -3  -2  -2    0   0   0   0   0   0   0   0   0   0   0   0   0   0   0   0   0   0   0   0  0.00     0.00
  478 A     4  -1  -2  -2   0  -1  -1   0  -2  -1  -1  -1  -1  -2  -1   1   0  -3  -2   0    0   0   0   0   0   0   0   0   0   0   0   0   0   0   0   0   0   0   0   0  0.00     0.00
  479 A     4  -1  -2  -2   0  -1  -1   0  -2  -1  -1  -1  -1  -2  -1   1   0  -3  -2   0    0   0   0   0   0   0   0   0   0   0   0   0   0   0   0   0   0   0   0   0  0.00     0.00
  480 P    -1  -2  -2  -1  -3  -1  -1  -2  -2  -3  -3  -1  -2  -4   7  -1  -1  -4  -3  -2    0   0   0   0   0   0   0   0   0   0   0   0   0   0   0   0   0   0   0   0  0.00     0.00
  481 V     0  -2  -3  -3  -1  -2  -2  -3  -3   3   1  -2   1  -1  -2  -2   0  -3  -1   4    0   0   0   0   0   0   0   0   0   0   0   0   0   0   0   0   0   0   0   0  0.00     0.00
  482 S     1  -1   1   0  -1   0   0   0  -1  -2  -2   0  -1  -2  -1   4   1  -3  -2  -2    0   0   0   0   0   0   0   0   0   0   0   0   0   0   0   0   0   0   0   0  0.00     0.00
  483 V     0  -2  -3  -3  -1  -2  -2  -3  -3   3   1  -2   1  -1  -2  -2   0  -3  -1   4    0   0   0   0   0   0   0   0   0   0   0   0   0   0   0   0   0   0   0   0  0.00     0.00
  484 A     4  -1  -2  -2   0  -1  -1   0  -2  -1  -1  -1  -1  -2  -1   1   0  -3  -2   0    0   0   0   0   0   0   0   0   0   0   0   0   0   0   0   0   0   0   0   0  0.00     0.00
  485 T     0  -1   0  -1  -1  -1  -1  -2  -2  -1  -1  -1  -1  -2  -1   1   5  -2  -2   0    0   0   0   0   0   0   0   0   0   0   0   0   0   0   0   0   0   0   0   0  0.00     0.00
  486 L    -1  -2  -3  -4  -1  -2  -3  -4  -3   2   4  -2   2   0  -3  -2  -1  -2  -1   1    0   0   0   0   0   0   0   0   0   0   0   0   0   0   0   0   0   0   0   0  0.00     0.00
  487 G     0  -2   0  -1  -2  -2  -2   6  -2  -4  -4  -2  -3  -3  -2   0  -2  -2  -3  -3    0   0   0   0   0   0   0   0   0   0   0   0   0   0   0   0   0   0   0   0  0.00     0.00
  488 A     4  -1  -2  -2   0  -1  -1   0  -2  -1  -1  -1  -1  -2  -1   1   0  -3  -2   0    0   0   0   0   0   0   0   0   0   0   0   0   0   0   0   0   0   0   0   0  0.00     0.00
  489 R    -1   5   0  -2  -3   1   0  -2   0  -3  -2   2  -1  -3  -2  -1  -1  -3  -2  -2    0   0   0   0   0   0   0   0   0   0   0   0   0   0   0   0   0   0   0   0  0.00     0.00
  490 T     0  -1   0  -1  -1  -1  -1  -2  -2  -1  -1  -1  -1  -2  -1   1   5  -2  -2   0    0   0   0   0   0   0   0   0   0   0   0   0   0   0   0   0   0   0   0   0  0.00     0.00
  491 P    -1  -2  -2  -1  -3  -1  -1  -2  -2  -3  -3  -1  -2  -4   7  -1  -1  -4  -3  -2    0   0   0   0   0   0   0   0   0   0   0   0   0   0   0   0   0   0   0   0  0.00     0.00
  492 P    -1  -2  -2  -1  -3  -1  -1  -2  -2  -3  -3  -1  -2  -4   7  -1  -1  -4  -3  -2    0   0   0   0   0   0   0   0   0   0   0   0   0   0   0   0   0   0   0   0  0.00     0.00
  493 C     0  -3  -3  -3   8  -3  -4  -2  -3  -1  -1  -3  -1  -2  -3  -1  -1  -2  -2  -1    0   0   0   0   0   0   0   0   0   0   0   0   0   0   0   0   0   0   0   0  0.00     0.00
  494 G     0  -2   0  -1  -2  -2  -2   6  -2  -4  -4  -2  -3  -3  -2   0  -2  -2  -3  -3    0   0   0   0   0   0   0   0   0   0   0   0   0   0   0   0   0   0   0   0  0.00     0.00
  495 G     0  -2   0  -1  -2  -2  -2   6  -2  -4  -4  -2  -3  -3  -2   0  -2  -2  -3  -3    0   0   0   0   0   0   0   0   0   0   0   0   0   0   0   0   0   0   0   0  0.00     0.00
  496 K    -1   2   0  -1  -3   1   1  -2  -1  -3  -2   4  -1  -3  -1   0  -1  -3  -2  -2    0   0   0   0   0   0   0   0   0   0   0   0   0   0   0   0   0   0   0   0  0.00     0.00
  497 P    -1  -2  -2  -1  -3  -1  -1  -2  -2  -3  -3  -1  -2  -4   7  -1  -1  -4  -3  -2    0   0   0   0   0   0   0   0   0   0   0   0   0   0   0   0   0   0   0   0  0.00     0.00
  498 P    -1  -2  -2  -1  -3  -1  -1  -2  -2  -3  -3  -1  -2  -4   7  -1  -1  -4  -3  -2    0   0   0   0   0   0   0   0   0   0   0   0   0   0   0   0   0   0   0   0  0.00     0.00
  499 P    -1  -2  -2  -1  -3  -1  -1  -2  -2  -3  -3  -1  -2  -4   7  -1  -1  -4  -3  -2    0   0   0   0   0   0   0   0   0   0   0   0   0   0   0   0   0   0   0   0  0.00     0.00
  500 I    -1  -3  -3  -3  -1  -3  -3  -4  -3   4   2  -3   1   0  -3  -2  -1  -3  -1   3    0   0   0   0   0   0   0   0   0   0   0   0   0   0   0   0   0   0   0   0  0.00     0.00
  501 P    -1  -2  -2  -1  -3  -1  -1  -2  -2  -3  -3  -1  -2  -4   7  -1  -1  -4  -3  -2    0   0   0   0   0   0   0   0   0   0   0   0   0   0   0   0   0   0   0   0  0.00     0.00
  502 G     0  -2   0  -1  -2  -2  -2   6  -2  -4  -4  -2  -3  -3  -2   0  -2  -2  -3  -3    0   0   0   0   0   0   0   0   0   0   0   0   0   0   0   0   0   0   0   0  0.00     0.00
  503 S     1  -1   1   0  -1   0   0   0  -1  -2  -2   0  -1  -2  -1   4   1  -3  -2  -2    0   0   0   0   0   0   0   0   0   0   0   0   0   0   0   0   0   0   0   0  0.00     0.00
  504 A     4  -1  -2  -2   0  -1  -1   0  -2  -1  -1  -1  -1  -2  -1   1   0  -3  -2   0    0   0   0   0   0   0   0   0   0   0   0   0   0   0   0   0   0   0   0   0  0.00     0.00
  505 T     0  -1   0  -1  -1  -1  -1  -2  -2  -1  -1  -1  -1  -2  -1   1   5  -2  -2   0    0   0   0   0   0   0   0   0   0   0   0   0   0   0   0   0   0   0   0   0  0.00     0.00
  506 S     1  -1   1   0  -1   0   0   0  -1  -2  -2   0  -1  -2  -1   4   1  -3  -2  -2    0   0   0   0   0   0   0   0   0   0   0   0   0   0   0   0   0   0   0   0  0.00     0.00
  507 V     0  -2  -3  -3  -1  -2  -2  -3  -3   3   1  -2   1  -1  -2  -2   0  -3  -1   4    0   0   0   0   0   0   0   0   0   0   0   0   0   0   0   0   0   0   0   0  0.00     0.00
  508 A     4  -1  -2  -2   0  -1  -1   0  -2  -1  -1  -1  -1  -2  -1   1   0  -3  -2   0    0   0   0   0   0   0   0   0   0   0   0   0   0   0   0   0   0   0   0   0  0.00     0.00
  509 S     1  -1   1   0  -1   0   0   0  -1  -2  -2   0  -1  -2  -1   4   1  -3  -2  -2    0   0   0   0   0   0   0   0   0   0   0   0   0   0   0   0   0   0   0   0  0.00     0.00
  510 D    -2  -2   1   6  -3   0   1  -1  -1  -3  -4  -1  -3  -3  -1   0  -1  -4  -3  -3    0   0   0   0   0   0   0   0   0   0   0   0   0   0   0   0   0   0   0   0  0.00     0.00
  511 A     4  -1  -2  -2   0  -1  -1   0  -2  -1  -1  -1  -1  -2  -1   1   0  -3  -2   0    0   0   0   0   0   0   0   0   0   0   0   0   0   0   0   0   0   0   0   0  0.00     0.00
  512 S     1  -1   1   0  -1   0   0   0  -1  -2  -2   0  -1  -2  -1   4   1  -3  -2  -2    0   0   0   0   0   0   0   0   0   0   0   0   0   0   0   0   0   0   0   0  0.00     0.00
  513 I    -1  -3  -3  -3  -1  -3  -3  -4  -3   4   2  -3   1   0  -3  -2  -1  -3  -1   3    0   0   0   0   0   0   0   0   0   0   0   0   0   0   0   0   0   0   0   0  0.00     0.00
  514 G     0  -2   0  -1  -2  -2  -2   6  -2  -4  -4  -2  -3  -3  -2   0  -2  -2  -3  -3    0   0   0   0   0   0   0   0   0   0   0   0   0   0   0   0   0   0   0   0  0.00     0.00
  515 G     0  -2   0  -1  -2  -2  -2   6  -2  -4  -4  -2  -3  -3  -2   0  -2  -2  -3  -3    0   0   0   0   0   0   0   0   0   0   0   0   0   0   0   0   0   0   0   0  0.00     0.00
  516 N    -2   0   6   1  -3   0   0   0   1  -3  -3   0  -2  -3  -2   1   0  -4  -2  -3    0   0   0   0   0   0   0   0   0   0   0   0   0   0   0   0   0   0   0   0  0.00     0.00
  517 S     1  -1   1   0  -1   0   0   0  -1  -2  -2   0  -1  -2  -1   4   1  -3  -2  -2    0   0   0   0   0   0   0   0   0   0   0   0   0   0   0   0   0   0   0   0  0.00     0.00
  518 G     0  -2   0  -1  -2  -2  -2   6  -2  -4  -4  -2  -3  -3  -2   0  -2  -2  -3  -3    0   0   0   0   0   0   0   0   0   0   0   0   0   0   0   0   0   0   0   0  0.00     0.00
  519 A     4  -1  -2  -2   0  -1  -1   0  -2  -1  -1  -1  -1  -2  -1   1   0  -3  -2   0    0   0   0   0   0   0   0   0   0   0   0   0   0   0   0   0   0   0   0   0  0.00     0.00
  520 Q    -1   1   0   0  -3   5   2  -2   0  -3  -2   1   0  -3  -1   0  -1  -2  -1  -2    0   0   0   0   0   0   0   0   0   0   0   0   0   0   0   0   0   0   0   0  0.00     0.00
  521 L    -1  -2  -3  -4  -1  -2  -3  -4  -3   2   4  -2   2   0  -3  -2  -1  -2  -1   1    0   0   0   0   0   0   0   0   0   0   0   0   0   0   0   0   0   0   0   0  0.00     0.00
  522 M    -1  -1  -2  -3  -1   0  -2  -3  -2   1   2  -1   5   0  -2  -1  -1  -1  -1   1    0   0   0   0   0   0   0   0   0   0   0   0   0   0   0   0   0   0   0   0  0.00     0.00
  523 S     1  -1   1   0  -1   0   0   0  -1  -2  -2   0  -1  -2  -1   4   1  -3  -2  -2    0   0   0   0   0   0   0   0   0   0   0   0   0   0   0   0   0   0   0   0  0.00     0.00
  524 A     4  -1  -2  -2   0  -1  -1   0  -2  -1  -1  -1  -1  -2  -1   1   0  -3  -2   0    0   0   0   0   0   0   0   0   0   0   0   0   0   0   0   0   0   0   0   0  0.00     0.00

                      K         Lambda
Standard Ungapped    0.1323     0.3166
Standard Gapped      0.0372     0.2670
PSI Ungapped         0.1215     0.3176
PSI Gapped           0.0372     0.2670
