
Last position-specific scoring matrix computed, weighted observed percentages rounded down, information per position, and relative weight of gapless real matches to pseudocounts
            A   R   N   D   C   Q   E   G   H   I   L   K   M   F   P   S   T   W   Y   V   A   R   N   D   C   Q   E   G   H   I   L   K   M   F   P   S   T   W   Y   V
    1 G     0  -2   0  -1  -2  -2  -2   6  -2  -4  -4  -2  -3  -3  -2   0  -2  -2  -3  -3    0   0   0   0   0   0   0   0   0   0   0   0   0   0   0   0   0   0   0   0  0.00     0.00
    2 A     4  -1  -2  -2   0  -1  -1   0  -2  -1  -1  -1  -1  -2  -1   1   0  -2  -2   0    0   0   0   0   0   0   0   0   0   0   0   0   0   0   0   0   0   0   0   0  0.00     0.00
    3 M    -1  -1  -2  -3  -1   0  -2  -3  -2   1   2  -1   5   0  -2  -1  -1  -1  -1   1    0   0   0   0   0   0   0   0   0   0   0   0   0   0   0   0   0   0   0   0  0.00     0.00
    4 F    -2  -3  -3  -3  -2  -3  -3  -3  -1   0   0  -3   0   6  -4  -2  -2   1   3  -1    0   0   0   0   0   0   0   0   0   0   0   0   0   0   0   0   0   0   0   0  0.00     0.00
    5 S     3  -1   0  -1  -1  -1  -1   0  -1  -2  -2  -1  -1  -2  -1   3   1  -3  -2  -1   55   0   0   0   0   0   0   0   0   0   0   0   0   0   0  45   0   0   0   0  0.35 0.00
    6 S     0   4   0  -1  -2   1   0  -1  -1  -3  -2   1  -2  -3  -2   2   0  -3  -2  -2    0  55   0   0   0   0   0   0   0   0   0   0   0   0   0  45   0   0   0   0  0.42 0.00
    7 L    -2  -2  -4  -4  -1  -2  -3  -4  -3   2   4  -3   2   0  -3  -3  -1  -2  -1   1    0   0   0   0   0   0   0   0   0   0 100   0   0   0   0   0   0   0   0   0  0.46 0.00
    8 S     1  -1   1   0  -1   0   0   0  -1  -3  -3   0  -2  -3  -1   4   1  -3  -2  -2    0   0   0   0   0   0   0   0   0   0   0   0   0   0   0 100   0   0   0   0  0.46 0.01
    9 F     2  -2  -3  -3  -2  -2  -2  -2  -2  -1   0  -2   0   5  -2  -1  -1   0   2  -1   40   0   0   0   0   0   0   0   0   0   0   0   0  60   0   0   0   0   0   0  0.36 0.02
   10 P    -1  -3  -2  -2  -3  -2  -1  -3  -3  -3  -3  -1  -3  -4   8  -1  -1  -4  -3  -3    0   0   0   0   0   0   0   0   0   0   0   0   0   0 100   0   0   0   0   0  2.14 0.05
   11 R    -2   6  -1  -2  -4   1   0  -3   0  -3  -3   2  -2  -3  -2  -1  -1  -3  -2  -3    0 100   0   0   0   0   0   0   0   0   0   0   0   0   0   0   0   0   0   0  0.87 0.05
   12 R     1   4  -1  -2  -2   0  -1  -1  -1  -1   0   1  -1  -2  -1   0  -1  -2  -1  -1   21  53   1   1   0   1   1   1   0   1  12   1   0   1   1   1   1   0   1   1  0.29 0.03
   13 T     0   2   0  -1  -2   0  -1  -2  -1  -1   0   0   0  -2  -2   2   3  -3  -2  -1    0  22   0   0   0   0   0   0   0   0  18   0   0   0   0  26  34   0   0   0  0.22 0.03
   14 D     0  -2  -1   3  -2  -2  -1   1  -2   0   2  -2   0  -1  -2  -1  -1  -3  -2   1    9   0   0  27   0   0   0  11   0   0  34   0   0   0   0   0   0   0   0  18  0.14 0.02
   15 P    -1  -2  -2  -2  -3  -2  -2  -2  -2  -2   0  -1  -1  -3   7  -1  -1  -3  -3  -2    1   0   0   0   0   0   1   1   0   0  17   1   0   0  75   1   1   0   0   1  1.42 0.07
   16 M    -2   2  -2  -3  -2  -1  -2  -3   1   0   1  -1   5   0  -3  -2  -1   5   1   0    0  20   0   0   0   0   0   0   6   0  10   0  36   0   0   0   0  11   6   6  0.36 0.10
   17 R     0   3  -1  -2  -3   2   0   0  -1  -2  -1   3  -1  -2  -2  -1  -1  -3  -2  -1   11  23   0   0   0  10   0   6   0   0   9  31   0   0   0   0   0   0   0   6  0.24 0.06
   18 T     2  -2  -1  -2  -1  -1  -1  -1  -2  -1  -1  -1  -1  -2   2   2   3  -3  -2   0   29   0   0   0   0   0   0   0   0   0   5   0   0   0  10  18  30   0   0   5  0.32 0.09
   19 S    -1  -2  -2  -3  -2  -2  -2  -3   0   1   4  -2   1   1  -3   0  -1  -2  -1   1    1   0   0   0   0   0   0   0   4   8  57   0   0   8   0  14   0   0   0   5  0.30 0.09
   20 A     1   0  -2  -3  -2  -1  -2   0  -2   1   2  -1   2  -1  -2  -1   0  -2  -2   1   21   9   0   0   0   0   0   9   0   8  28   0   7   0   0   0   7   0   0   7  0.11 0.05
   21 A     3   1  -2  -2  -2  -1  -2   0  -2  -1   1  -1   0  -2  -2   1  -1   3  -2  -1   36  10   0   0   0   0   0   8   0   0  24   0   0   0   0  14   0   4   0   0  0.18 0.08
   22 A     2  -1  -2  -2   3  -1   0  -2   2  -1  -2   1  -1   2  -2   1   0  -2   0   0   35   0   0   0   8   0   5   0  10   0   0  11   0  14   0   7   4   0   0   7  0.18 0.08
   23 V     2  -3  -3  -4  -2  -3  -3  -3  -4   2   0  -3   1  -2  -3  -2  -1  -4  -2   5   23   0   0   0   0   0   0   0   0   7   0   0   5   0   0   0   0   0   0  65  0.53 0.17
   24 T     0  -2  -1  -2   2   1  -1   0   2   0   1  -1   0  -2  -2   0   2  -3  -2   1    6   0   0   0   6  12   0   8   8   4  18   0   0   0   0   5  21   0   0  13  0.12 0.08
   25 L    -2  -3  -4  -4  -2  -3  -4  -2  -3   1   4  -3   0   3  -1  -3  -1   4   2   0    0   0   0   0   0   0   0   3   0   7  51   0   0  16   3   0   5   6   8   0  0.45 0.15
   26 L     0  -3  -3  -4  -2  -3  -3   0  -3   1   3  -3   1   1  -3  -1  -1   2  -1   2    9   0   0   0   0   0   0   7   0   6  47   0   0   5   0   5   0   4   0  18  0.29 0.11
   27 A     4  -3  -3  -3   5  -2  -2  -2  -3  -2  -1  -2  -2   0   1   1  -1  -3  -2   0   48   0   0   0  16   0   0   0   0   0   6   0   0   4   7  11   0   0   0   7  0.45 0.17
   28 A     3   0  -2  -3   3   0  -2   1  -3  -2   0  -1  -2  -3   1   0  -1  -3  -3   0   43   7   0   0   8   4   0  12   0   0   9   0   0   0   7   4   0   0   0   4  0.30 0.15
   29 T     2  -2  -2  -2   1   0  -2  -2   0  -1  -1  -2  -2  -3   3   2   3  -4  -3  -1   21   0   0   0   4   4   0   0   3   3   3   0   0   0  16  16  27   0   0   3  0.37 0.17
   30 A     0   1  -1   1  -2   1  -1   1   0  -1  -2   0   0  -3  -2   1   2  -3  -2   0    7   8   0  12   0   6   0  12   3   2   2   4   3   0   0  16  15   0   0   9  0.14 0.09
   31 W     1  -1   1   0   1  -1   1   2  -2  -2  -2  -1  -2   0   0   1   0   2  -2  -2   18   3   6   4   4   0  12  17   0   0   4   0   0   7   5  13   3   3   0   0  0.16 0.09
   32 G     1  -2  -1   2  -3  -1   0   3   2  -3  -4  -2  -3  -4   1   2  -1  -4  -3  -2    9   0   0  16   0   2   6  23   7   0   0   0   0   0   8  24   0   0   0   3  0.38 0.17
   33 A     2  -2  -1   2  -3   0  -1   0   5  -3  -3  -2  -2  -3   1   3   0  -4  -2   0   17   0   0  11   0   5   0   4  18   0   0   0   0   0   8  25   3   0   0   8  0.36 0.19
   34 D    -2  -1  -1   3  -2  -1   1   1   7  -4  -3   0  -3  -3  -2  -2  -2   2   1  -2    2   3   0  21   1   0   7  10  35   0   1   4   0   0   2   0   2   3   5   3  0.64 0.27
   35 W    -6  -6  -7  -7  -6  -5  -1  -6  -5  -6  -5  -6  -5   2  -7  -6  -6  12   1  -6    0   0   0   0   0   0   5   0   0   0   0   0   0   7   0   0   0  85   3   0  3.80 0.85
   36 V     0   1  -2  -3   4  -2  -3   4  -3  -3  -4  -2  -3  -4  -3   3   2  -4  -4  -2    5   8   0   0  11   0   0  32   0   0   0   0   0   0   0  23  16   0   0   2  0.58 0.28
   37 Y    -4  -4  -5  -5  -5  -4   0  -5  -1  -4  -4  -4  -4   1  -5  -2  -4  -1   9  -4    0   0   0   0   0   0   6   0   0   0   0   0   0   3   0   2   0   0  85   0  2.37 0.71
   38 T     0  -1   0   2  -3   1   2   0  -2  -1  -2   0  -2  -1  -1   0   1  -3  -2  -1    6   2   3  17   0   9  17   8   0   3   1   7   0   3   2   6  11   0   0   6  0.19 0.12
   39 K    -1   1   0   0   2   0   1   3   2  -1  -3   0  -2  -3  -1   1  -2  -3  -2  -2    1   7   4   6   5   4  12  26   7   6   1   7   0   0   2   9   1   0   0   2  0.24 0.14
   40 T    -1  -1   1   1  -3   1   1  -1   3  -2  -2   1  -2   0   1   1   1  -3   0  -2    4   1   6   9   0   8   9   3  12   1   1   9   0   7   5   9  12   0   2   3  0.19 0.12
   41 A     0  -2   3   1   1  -1   0  -1   1   1   0   0  -1  -1  -2  -1   0  -2   1   0    7   1  18  10   3   1   4   5   4   9   8   5   0   0   1   1   5   0   8  10  0.10 0.10
   42 G     0  -1   1  -1   2  -2   0   4   0  -3  -3   0  -3  -3   1   0  -2  -3  -1  -3    6   3   6   3   5   1   6  43   2   1   1   8   0   1   6   5   1   0   2   1  0.47 0.19
   43 T    -2  -2  -2  -1  -3   1   1   1  -2  -3  -3   1  -2  -3   5  -1   0   1  -3  -1    2   1   1   3   0   7  11  11   0   1   2   8   0   1  35   3   8   2   1   4  0.59 0.21
   44 A     0   0   0   2  -1  -1   3   1  -2  -2  -3   0  -2  -2   3   1  -1  -3  -2  -2    8   4   4   9   2   1  24  10   0   2   2   4   0   2  14  10   1   0   1   1  0.30 0.14
   45 S    -1   0   3  -1  -3   0   0  -1   6  -3  -3   0  -3  -1   2   1  -2  -3   0  -3    3   5  18   1   0   4   4   3  25   1   1   6   0   2  10  12   1   0   2   1  0.49 0.22
   46 N    -3  -1   1  -3  -4  -2   1  -2   0  -4  -3  -3  -3   1  -3   0  -2  10   2  -3    1   4   8   1   0   1  11   2   2   1   1   1   0   6   1   9   3  41   7   1  1.29 0.38
   47 A     0  -2   0  -2  -3  -1   0   4   4  -1  -3  -2  -2  -2   0   0  -1   5   0  -2    6   1   4   1   0   2   6  31  14   4   1   1   0   1   5   7   4   9   2   2  0.43 0.20
   48 A     1  -1  -1  -2   5  -1   1   1   1  -2  -1   1  -1  -3  -3  -1  -1   5  -2  -2   13   2   2   1  14   0  11  14   4   1   7  12   1   0   1   2   3   9   0   2  0.30 0.17
   49 D    -1  -2   0   2  -3  -2  -1  -2   3  -1   3   1  -1  -1  -1   0  -2  -3  -2  -2    3   1   5  15   0   0   2   3   9   1  39  11   0   1   2   6   1   0   0   1  0.26 0.19
   50 Q    -1  -1   1   2  -3  -1   0   1  -1  -2  -2   0  -2   1   2   0   0  -2   2   0    1   3   6  13   0   2   4  12   0   1   3   5   0   9   9   7   5   0  11   9  0.13 0.10
   51 E    -3  -3   1   0  -4   0   1  -1   2  -1  -2  -2  -3  -4   6  -2  -3  -5  -4  -3    0   0   7   5   0   5  12   4   6   4   5   2   0   0  48   0   0   0   0   0  1.00 0.36
   52 A     2  -1   0   1  -2   0   2  -1   1  -2  -2   0  -2  -2   2   0  -1   4  -1  -1   19   2   3  10   0   2  13   3   4   2   2   5   0   1  10   8   1   7   2   6  0.20 0.12
   53 T     0  -1   0   0   2   0   1  -1   3  -2  -1   1  -1   1   0   0   1  -2   1  -2    6   1   4   4   5   4  12   5  10   1   5   8   0   9   5   6  10   0   4   1  0.10 0.08
   54 W    -2  -1   1  -3   1  -2  -2  -1  -2  -3  -2  -2  -2  -1  -3   0  -2  11  -1  -2    2   4   6   2   3   1   2   5   1   2   3   2   1   1   2   8   2  50   1   3  1.55 0.34
   55 P     0  -1  -1  -1   1   0   0   1   0  -1  -1   0  -1   0   3   0   0  -1   0   0    6   3   2   2   4   5   5  10   2   2   5   5   1   4  16   7   8   1   4   7  0.12 0.04
   56 G     0   1   1   0  -2   0   1   2  -1  -2  -2   2  -2  -2   0   1   0   3  -2  -1    6   5   7   4   0   4   8  15   1   3   2  18   1   1   3   9   4   5   1   5  0.16 0.08
   57 L     0   0  -1  -1  -2  -1  -1  -2  -1   1   1   0   2  -1   1   0   1  -2  -2   1    6   4   2   4   0   1   1   1   2   6  20   7   8   2   7   6   9   0   1  12  0.08 0.07
   58 C    -2  -6  -5  -6  10  -5  -6  -5  -6   3  -3  -6  -3  -4  -5  -4  -4   2  -5   0    3   0   0   0  69   0   0   0   0  17   0   0   0   0   0   0   0   3   0   6  2.32 0.61
   59 R     3  -1   0  -2   0   2   0   3  -2  -4  -4   1  -3  -4   0   1  -1  -4  -3  -3   26   2   4   0   2  11   4  26   0   0   0   7   0   0   5   9   2   0   0   0  0.41 0.21
   60 Y     0  -1   4   0  -2  -1  -1  -1   0   0  -2   2  -2  -2  -2   0   2  -3  -1   0    5   1  23   4   0   2   2   3   2   8   1  14   0   1   1   5  18   0   3   7  0.22 0.14
   61 G    -2  -4  -3  -4  -5  -1  -4   7   0  -5  -5  -2  -5  -5  -4  -1  -4  -5  -5  -5    0   0   0   0   0   3   0  85   3   0   1   2   0   0   0   3   0   0   0   0  1.72 0.48
   62 K    -2   3   2   2  -4   1   2  -3  -2  -4  -2   3   1  -4   1   0  -1  -4  -3  -3    0  17  10  11   0   7  11   0   0   0   5  20   4   0   7   4   4   0   0   0  0.40 0.20
   63 Q    -2   5   3  -3  -4   1  -2  -4   2  -2   0   2   2  -1  -4  -2  -2  -4   0  -2    2  33  15   0   0   6   0   0   5   2   8  13   7   3   0   0   1   0   3   2  0.50 0.26
   64 Q    -5  -3  -4  -4  -7   9  -2  -6  -3  -7  -6  -2  -4  -7  -5  -4  -4  -6  -5  -6    0   0   0   0   0 100   0   0   0   0   0   0   0   0   0   0   0   0   0   0  2.84 0.84
   65 S    -2  -4  -3  -4  -4  -3  -4  -4  -4  -6  -6  -4  -5  -6  -4   7   0  -6  -5  -5    0   0   0   0   0   0   0   0   0   0   0   0   0   0   0  96   4   0   0   0  2.01 0.72
   66 P    -5  -6  -6  -5  -7  -5  -5  -6  -6  -7  -7  -5  -6  -8   9  -5  -5  -8  -7  -6    0   0   0   0   0   0   0   0   0   0   0   0   0   0 100   0   0   0   0   0  3.30 0.85
   67 I    -4  -6  -6  -6  -4  -6  -6  -7  -6   8  -1  -6  -2  -3  -6  -5  -4  -6  -4   3    0   0   0   0   0   0   0   0   0  82   0   0   0   0   0   0   0   0   0  18  1.89 0.60
   68 D    -3  -4   6   6  -6  -3   1  -4  -3  -6  -7  -3  -6  -6  -5  -3  -3  -7  -6  -6    2   0  39  53   0   0   6   0   0   0   0   0   0   0   0   0   0   0   0   0  1.69 0.56
   69 I    -4  -6  -6  -6  -4  -5  -6  -7  -6   7   3  -5  -1  -3  -6  -5  -3  -5  -4   2    0   0   0   0   0   0   0   0   0  65  27   0   0   0   0   0   0   0   0   8  1.44 0.48
   70 A    -1   2   0   2  -3   3   0  -3   2  -2  -2   1   0  -2   1  -1   1   0  -2   0    2  11   4  12   0  15   5   0   7   1   3   8   3   2   6   2   9   1   0  11  0.19 0.15
   71 T    -1   0   1   2  -3   1   0  -2  -3  -1  -1  -2  -1  -3   1   1   4   2  -3  -2    2   4   5  11   0   7   5   1   0   4   8   0   2   0   7   9  32   3   0   0  0.31 0.22
   72 A     1   1   0   1  -3   0   1  -1   2  -3  -3   3  -2  -3  -1   1   0  -3   1  -2   10   7   2   8   0   1   8   3   5   0   2  24   0   0   2  10   7   0   7   2  0.23 0.16
   73 N    -1   2   1   3  -4   2   2  -2   2  -2  -2   2  -2  -4  -3  -1   0  -4  -3  -2    5  15   6  18   0  10  11   2   5   3   4  11   0   0   0   2   4   0   0   3  0.31 0.18
   74 A     3  -4  -4  -4  -3  -3  -4  -3  -4   1   0  -3   0  -3  -4   0   1  -5  -3   4   30   0   0   0   0   0   0   0   0   7   7   0   1   0   0   8  10   0   0  37  0.58 0.31
   75 V    -1   2  -1  -1  -3   2   0  -2   0   1   0   2  -1  -1  -3   0  -1  -4  -2   1    3  10   3   2   0  14   5   3   2   9   9  20   1   2   0   5   3   0   0  11  0.16 0.14
   76 M    -2   0  -4  -5  -4  -2  -4  -5   5   1  -1  -1   0   3  -3  -3  -3  -2   6   2    2   4   0   0   0   1   0   0  14   6   5   5   2  15   1   1   0   0  29  15  0.69 0.31
   77 A    -1  -1   2   5   1  -2  -1   0   1  -2  -1   0  -3  -4  -3  -1  -2  -5  -3  -1    4   2  11  44   3   0   0   6   4   3   7   4   0   0   0   3   0   0   0   6  0.56 0.26
   78 P     0  -1  -1  -1  -4   0  -2  -3   3  -4  -4  -1  -3  -4   6   1   1  -4   0  -1    6   3   2   3   0   4   0   0   8   0   0   3   0   0  42  14   8   0   3   4  0.85 0.32
   79 Q     1   0   1   1  -3   0   0   0   2  -4  -4   1  -3   0  -1   3   0  -4  -1  -3   13   5   7   7   0   3   3   5   6   0   0   9   0   4   2  30   3   0   1   0  0.28 0.19
   80 L    -3  -1  -5  -5  -4   0  -4  -5  -4   1   5  -4  -1   0  -5  -1  -2  -4   0  -1    0   3   0   0   0   4   0   0   0   5  72   0   0   2   0   5   2   0   3   1  0.90 0.38
   81 A     0   1  -1  -2  -3   3  -1   0   0  -3  -2   4  -1  -3   1   0   0  -3  -1  -3    9   6   2   0   0  14   1   5   2   0   5  31   1   0   5   6   7   0   2   1  0.32 0.19
   82 G    -1  -2  -1   1  -4  -3   0  -1   0  -2  -2   0  -4  -4   6  -1  -2   1  -2  -2    5   2   2   9   0   0   5   6   3   2   4   5   0   0  47   2   2   2   1   3  0.89 0.32
   83 G    -3   1  -1  -4  -3  -1  -3  -1  -1   1   4  -1   0   0  -4  -3  -1   3  -2   0    0  10   3   0   0   2   0   6   1   7  51   3   0   3   0   0   3   5   0   5  0.44 0.25
   84 I    -1   2   0  -1  -3   1   0  -3   0   0   1   0   0   1  -3   1   0  -2   1  -2    2  13   5   3   0   7   4   0   2   6  14   4   2   7   0  17   6   0   6   0  0.12 0.12
   85 V    -1   0  -2  -3  -3   0  -2  -3   1   1   1   1   0   1  -3   0  -1  -2   1   1    3   5   0   0   0   4   0   0   5   8  20  14   1   6   0   8   3   0   6  15  0.13 0.12
   86 P    -1  -2  -1   0  -1   1   0  -1   2  -2  -1  -1  -2   2   2   2   1  -3  -1   0    0   0   0   6   1   7   4   5   6   0   5   4   0  14   9  22   8   0   0   8  0.16 0.15
   87 N    -2  -1   1  -1  -4  -1  -1   2  -1  -3  -2   0  -3  -1  -2   0  -1  -1   6  -2    0   3   9   4   0   2   2  18   0   0   2   5   0   0   1   6   4   0  41   3  0.59 0.28
   88 A    -2  -2   3   2  -3  -2  -1   1  -1  -2   0  -1   0   1   0  -1  -1   2   3  -2    2   0  21  15   0   0   3  10   0   0  11   3   2   5   6   1   2   3  14   1  0.25 0.15
   89 I     0  -1  -2   0  -3   1   1   0   2  -1  -2  -1   1   0   3  -1  -2  -2   2  -1    7   2   0   7   0   8   9   9   6   4   2   1   6   5  17   1   1   0  11   5  0.21 0.12
   90 L     1  -1   1   1  -1  -1  -1   0   0  -1   0   0   1  -1   0   1   0  -2  -1   0   14   1   6   9   1   1   1   7   3   2   8   5   5   3   4  16   7   0   2   7  0.07 0.06
   91 A     0   0   1  -1  -2   2   2   0   0  -1  -1   2   0  -3  -1   1   1  -1  -2  -1    9   3   6   1   0  10  13   5   2   4   3  13   4   0   2   8  14   1   0   3  0.14 0.09
   92 S     1   0   0   0   2  -1  -1  -1   1  -3  -3   2  -2  -3   3   2   0  -3  -2  -2   15   4   5   6   6   1   2   4   4   1   1  14   0   0  14  17   4   0   0   2  0.26 0.13
   93 L    -1   0  -2  -2  -1   0   0   1  -1  -1   2   2  -1  -2  -2   0   0  -3  -2   0    4   5   0   1   1   4   4  11   2   2  27  17   0   0   0   7   6   0   0   6  0.11 0.10
   94 D    -1   1   2   2  -3   1   3  -2   1  -2  -3   1  -2  -3   1   1   0  -3  -1  -3    3   7  11   9   0   7  23   1   4   3   2   7   0   0   7   9   4   0   3   1  0.28 0.13
   95 M     1  -2  -1  -2   0  -1  -2   1  -2   2   0  -2   0   1  -2  -1   1   4  -1   1   17   2   3   1   1   3   1  10   0  18   8   1   2   8   1   1   9   7   0   7  0.13 0.10
   96 T    -2  -1   0   1  -2   1   1  -3  -2  -1  -1  -2  -2  -2   1  -1   4   4  -2   0    1   2   5   8   0   6   9   1   0   4   6   1   0   1   6   2  32   7   0   9  0.29 0.17
   97 P    -2  -3  -3  -3  -2  -2  -3  -3  -3   3   3  -3   3   0  -1  -2  -1  -2  -2   2    1   1   1   1   0   1   1   1   0  23  28   1  11   3   3   1   3   0   1  19  0.40 0.16
   98 R    -1   0  -1  -2  -2   1   0  -3   1   1   0   1  -1  -2  -2   0   1  -2   1   1    1   5   0   1   0   7   7   1   4  14   5  13   0   0   1   5  15   0   6  15  0.12 0.10
   99 N    -4  -3   9  -1  -5  -3  -3  -3  -2  -6  -6  -3  -5  -6  -5  -1  -3  -7  -5  -6    0   0  98   0   0   0   0   0   0   0   0   0   0   0   0   2   0   0   0   0  2.31 0.60
  100 T    -2   2   6   1  -3  -2  -2  -2  -2  -2  -3  -1  -3  -4  -3   0   3  -4  -3   0    1  11  43   5   0   0   0   1   0   2   1   0   0   0   0   2  27   0   0   6  0.69 0.28
  101 G    -2  -4  -2  -3  -4  -1  -4   7  -4  -5  -5  -3  -4  -5  -4  -2  -3  -4  -4  -5    1   0   0   0   0   3   0  90   0   0   1   0   0   0   0   2   0   0   0   0  1.70 0.41
  102 H    -3   1  -2  -3  -4   1  -2  -4   9  -4  -4   2  -3  -3  -3  -3  -3  -4   1  -4    1   8   0   0   0   6   1   1  62   0   1  13   0   0   0   1   1   0   4   1  1.50 0.42
  103 G    -1  -2  -1   1  -3  -2  -2   0   3  -2  -1  -2   0  -2  -3   2   4  -4  -2  -1    3   0   1   8   0   0   0   7  10   0   6   0   2   2   0  22  35   0   0   2  0.40 0.23
  104 F    -1  -4  -4  -5   2   0  -4  -5  -4   3  -1  -4   1   4  -2  -3  -2  -3  -1   4    4   0   0   0   5   5   0   0   0  19   0   0   3  20   2   0   0   0   0  42  0.62 0.28
  105 Q    -1   1   2  -1  -4   5   1  -3   2  -3  -2   0   3  -4  -3   1  -2  -4  -3  -2    4   9  12   2   0  33   7   0   6   0   3   1  12   0   0  10   0   0   0   2  0.47 0.26
  106 L    -1  -1  -4  -4  -3  -3  -2  -4  -4   3   2  -3   3   0  -1  -2  -2  -4  -2   4    3   5   0   0   0   0   2   0   0  16  16   0  11   4   3   2   0   0   0  39  0.46 0.22
  107 D     1   0   3   1  -3   0   1  -2  -1  -2   0   1  -2  -3  -2   1   1   0  -2  -1   12   4  22   9   0   2   8   0   0   1  10   9   0   0   0   8   9   2   0   4  0.19 0.12
  108 P    -3  -3  -4  -4  -3   0  -1  -4  -3   0   3  -3   0   5   2  -3  -3  -2   1   0    0   0   0   0   0   7   4   0   0   2  30   0   2  32  12   0   0   0   4   6  0.52 0.23
  109 S     0  -1   0   2  -4   0   2   0   0  -4  -4   3  -3  -2   3   0   0  -4  -3  -3    5   0   3  14   0   0  19   7   2   0   0  22   0   2  13   7   4   0   0   1  0.36 0.17
  110 N    -2  -1   2   4  -1  -1  -1   0   1  -3  -3  -1  -3   1   2   0  -1   3  -1  -3    1   3  10  33   2   0   0   6   4   0   2   4   0   7  12   6   3   4   2   1  0.38 0.17
  111 K    -1   2   0   2  -3   0   1   1  -2  -2  -2   1  -2  -3   0   2   1  -3  -3  -2    1  11   1  14   0   2  11  11   0   2   3  11   0   0   4  17  11   0   0   1  0.23 0.12
  112 E    -1  -1   0   1  -3   0   1  -1   0  -2  -2  -1   1  -1   3   0   0  -2   3  -1    3   2   5   9   0   2  11   5   2   0   3   0   7   0  16   9   6   0  16   3  0.24 0.14
  113 L     0   0  -1   0  -2  -1   0   0  -2   2   1   0   2  -1  -3  -1  -1  -2   0   1    6   5   3   6   0   0   8   8   0  14  19   5  11   0   0   1   0   0   4  11  0.08 0.09
  114 D     1   1  -1   2  -3   0  -1   1   1  -1  -2   1   1  -2  -1   2  -1  -3  -1  -2   11  11   0  15   0   2   1   9   3   4   3   9   6   1   2  19   0   0   2   1  0.14 0.12
  115 P    -1  -3   1   1  -4  -1  -1   5  -3  -2  -2  -2  -2  -4   2  -1   0  -4  -4  -3    3   0   8   8   0   3   4  47   0   2   4   0   1   0  11   3   6   0   0   0  0.60 0.23
  116 E     0  -1   0  -1  -3  -1   0   5  -3  -2  -2   1  -3  -4  -3   0   0  -4  -4  -2    6   3   3   3   0   2   6  49   0   3   4   8   0   0   0   4   8   0   0   1  0.51 0.21
  117 S    -1  -3   0   0  -3  -2  -2   3  -3   0  -1  -2  -1  -1   4   0  -1  -4  -3   0    2   0   3   5   0   0   0  25   0   7   5   1   1   2  26   8   4   0   0   9  0.43 0.18
  118 L    -1  -1  -3   0  -2  -2  -3  -2  -3   1   3  -2   1  -1   1  -2   0  -2   1   1    3   2   0   6   0   1   0   3   0   6  46   1   2   1   6   0   8   0   7   6  0.27 0.16
  119 L    -1  -1  -2  -2  -2  -1  -1   1  -3   1   2  -2  -1  -2   4   0   1  -3  -2   0    3   3   0   1   0   1   3  11   0  11  24   0   0   0  19   9   9   0   0   3  0.25 0.13
  120 R     0   1   2   1  -3   0   1   1   1  -2  -2   1  -1  -2  -2   0   0  -2   1  -1    5   8  12  10   0   2   9  11   4   0   2   9   2   0   0   5   7   0   7   5  0.13 0.08
  121 E    -1   2   1   2  -3   1   2   2   2  -3  -3   0  -1  -3   1   1  -1  -4  -2  -2    1  13   7  10   0   4  15  16   6   1   0   5   1   0   6  11   1   0   0   2  0.26 0.12
  122 Q    -3  -1  -3  -3  -4   0  -2   0   2  -3  -3  -1  -2   3  -4  -2   1  -1   7  -1    0   2   0   0   0   5   2   7   5   0   0   5   0  10   0   0  12   0  45   5  0.73 0.30
  123 T    -2   4   0   0  -3   1   0  -3   2  -1  -2   2  -2  -3  -1  -1   1  -4  -2  -1    0  36   4   4   0   4   6   0   5   4   2  11   0   0   3   2  13   0   0   5  0.38 0.19
  124 A     3  -3  -4  -4  -3  -3  -3  -3  -2  -2   2  -3  -1   3  -4  -2  -2  -1   5  -2   28   0   0   0   0   0   0   0   0   0  28   0   0  12   0   2   0   0  27   0  0.62 0.28
  125 D     0   2  -1  -1  -3   1   1  -2  -2  -1  -1   3  -1  -1  -2   1   1  -3  -2   0    6  14   1   2   0   5  10   0   0   5   4  22   0   3   0  10  11   0   0   7  0.19 0.12
  126 F    -2  -1  -2  -2  -4   5   1  -4  -2  -1   2   1  -1   1   0  -1  -2  -3  -2  -1    2   0   0   0   0  39   6   0   0   3  27   7   0   6   5   3   0   0   0   2  0.48 0.26
  127 L    -2  -1  -3  -3  -3   1  -1  -4   2   1   3  -1   1   3  -4  -3  -1  -2  -1   1    0   4   0   0   0  10   3   0   7   5  31   3   4  19   0   0   3   0   0  11  0.31 0.18
  128 Q    -3   1   1  -3  -5   5   0  -4   8  -5  -4  -2  -3  -4  -4  -3  -2  -5  -2  -5    0   7   7   0   0  31   4   0  47   0   1   0   0   0   0   0   3   0   0   0  1.37 0.45
  129 V    -3  -4  -5  -5   0  -4  -5  -5  -4   1   3  -4   1   6  -5  -3  -3  -2   0   1    0   0   0   0   2   0   0   0   0   8  33   0   2  40   0   2   0   0   1  12  0.80 0.29
  130 H    -5  -3  -2  -2  -6  -1  -3  -5  11  -6  -3  -4  -4  -4  -5  -4  -5  -5   1  -6    0   0   0   2   0   2   0   0  91   0   2   0   0   0   0   0   0   0   2   0  2.76 0.68
  131 W    -5  -5  -1  -4  -5  -5  -5  -5  -5  -2  -2  -6  -3   5  -6  -5  -5  11   0  -2    0   0   4   1   0   0   0   0   0   1   2   0   0  25   0   0   0  63   0   3  2.61 0.61
  132 H    -3  -3  -2  -3  -5  -3  -3   5   8  -6  -6  -3  -4  -5  -4   0  -4  -5  -2  -5    0   0   0   0   0   0   0  53  41   0   0   0   0   0   0   6   0   0   0   0  1.59 0.47
  133 T     1   0   1  -2  -1   2  -1  -2   3  -3  -3   2  -2  -2  -1   3   0   0  -2  -1   16   5   9   0   1   9   0   0   8   0   0  14   0   2   1  25   5   1   0   4  0.28 0.18
  134 P    -2  -4  -3  -4  -5  -4  -4   6  -4  -5  -5  -4  -5  -1   4  -2  -1  -5  -5  -5    0   0   0   0   0   0   0  74   0   0   0   0   0   3  20   0   3   0   0   0  1.51 0.43
  135 S    -1  -3  -2  -3  -3  -3  -3  -3  -4  -5  -5  -3  -4  -5  -3   7   0  -6  -4  -4    0   0   0   0   0   0   0   0   0   0   0   0   0   0   0  97   3   0   0   0  1.71 0.58
  136 E    -3  -2   0  -1  -6   0   7  -4  -2  -6  -5  -1  -4  -6  -3  -2  -3  -5  -4  -5    0   0   3   0   0   0  97   0   0   0   0   0   0   0   0   0   0   0   0   0  1.83 0.52
  137 N    -4  -3   3  -3  -6  -2  -3  -4  10  -6  -6  -3  -4  -4  -5  -3  -4  -5  -1  -6    0   0  12   0   0   0   0   0  88   0   0   0   0   0   0   0   0   0   0   0  2.53 0.60
  138 T    -1  -1  -2  -2  -3   1   0  -3  -1  -2   0  -2  -1  -2  -3   3   5  -4  -3  -2    2   1   0   0   0   7   6   0   2   1  11   0   1   2   0  22  45   0   0   1  0.48 0.25
  139 I    -2  -4  -5  -5  -2  -4  -4  -5  -5   4   2  -4   1  -1  -4  -3  -2  -4  -2   5    0   0   0   0   0   0   0   0   0  29  20   0   3   2   0   0   0   0   0  47  0.78 0.27
  140 D    -1  -3   5   6  -5  -2   0  -1   2  -5  -5  -1  -4  -4  -3  -1  -2  -5  -1  -4    4   0  30  48   0   0   4   4   5   0   0   2   0   0   0   2   0   0   2   0  0.96 0.31
  141 G    -2  -1  -1  -3  -4  -3  -2   6   1  -5  -5  -2  -4  -3  -4   0  -3  -4  -4  -2    0   4   2   0   0   0   2  78   4   0   0   2   0   1   0   5   0   0   0   3  1.25 0.35
  142 K    -1   3  -2  -2  -3   2   1  -3   2  -1  -2   3   0  -3  -3  -1  -1  -3   0   1    3  18   0   0   0  10   7   0   7   3   3  29   2   0   0   0   3   0   3  12  0.33 0.17
  143 S     0   4  -1  -2   0   1  -1  -1   4  -2  -2   2  -2   1  -3   0  -1  -3  -1  -3    6  29   0   0   2   5   0   4  13   3   1  17   0   9   0   7   3   0   0   0  0.36 0.18
  144 F    -3  -4  -4  -5  -4  -4  -4  -3   0  -2  -2  -3  -2   7  -5  -2   1  -1   6  -3    0   0   0   0   0   0   0   2   1   0   2   2   0  49   0   2   9   0  33   0  1.21 0.37
  145 A     3  -3  -1   0  -3  -2  -2  -2   0  -2  -3  -2  -3  -3   6   2  -2  -5  -3  -1   28   0   1   5   0   0   0   0   2   2   0   0   0   1  40  15   0   0   0   4  0.86 0.28
  146 M     3  -3  -3  -4  -1  -2  -3   0  -3   0   2  -3   6  -2  -3  -1  -2  -4  -3   0   36   0   0   0   1   0   0   7   0   3  17   0  30   0   0   1   0   0   0   5  0.54 0.27
  147 E    -3  -2  -3  -1  -6   0   7  -5  -2  -6  -5  -1  -4  -6  -3  -2  -3  -5  -4  -5    0   0   0   0   0   0 100   0   0   0   0   0   0   0   0   0   0   0   0   0  1.94 0.54
  148 A     2  -3  -4  -4  -2  -3  -2  -2  -4   2   3  -3   5  -2  -4  -2  -2  -3  -3   1   20   0   0   0   0   0   3   2   0  12  37   0  21   0   0   0   0   0   0   5  0.49 0.25
  149 H    -4   0  -1  -3  -6   4  -2  -5  10  -6  -5  -2  -4  -4  -5  -3  -4  -5  -1  -6    0   4   2   0   0  17   0   0  77   0   0   0   0   0   0   0   0   0   0   0  2.18 0.59
  150 F    -3  -4  -5  -5  -3  -4  -4  -5  -4   4   4  -4   4   2  -4  -4  -2  -3  -1   1    0   0   0   0   0   0   0   0   0  28  44   0  11   8   0   0   0   0   2   7  0.70 0.26
  151 V    -2  -4  -2  -2  -3  -4  -4  -5  -5   2   0  -4  -1   0  -4  -3  -2  -4  -1   6    1   0   2   3   0   0   0   0   0   4   3   0   0   4   0   0   1   0   2  81  1.04 0.40
  152 H    -1  -3  -2  -4  -5  -2  -3  -4  10  -5  -4  -3  -1   3  -4  -3  -4  -4   0  -5    7   0   0   0   0   0   0   0  78   0   0   0   2  11   0   0   0   0   0   0  2.04 0.56
  153 Q    -3  -2  -2   1  -4   1   1  -3   2  -3  -2   1  -2   1  -3  -2   0   7   4  -2    0   0   0   7   0   8  12   0   6   0   2  11   0   5   0   0   6  21  19   2  0.64 0.24
  154 L    -1   0   6   2  -3  -1   0  -1   0  -3  -1   1  -2  -3  -3   0  -1  -4  -3  -2    3   4  46  10   0   0   3   2   2   1   8  10   0   0   1   4   1   0   0   4  0.51 0.22
  155 E     0  -2   0  -2  -3   0   0  -2  -1  -2  -2  -1   0   2   0   1   1  -1   5  -1    6   1   4   1   0   4   8   1   0   2   2   3   2  10   4  14   8   0  30   2  0.31 0.17
  156 S     0  -1   1   2  -2   0   0   1  -2  -2  -3   1  -2  -3   1   1   2  -3  -3  -2    5   1   8  17   0   3   5  14   0   1   1   9   1   0   7  10  16   0   0   2  0.24 0.11
  157 K    -1   0   3   2  -3  -1   0   0   1  -3  -2   2  -2  -3   0   2   0  -3  -2  -3    1   2  16  14   0   1   2   5   3   1   3  18   0   1   5  22   5   0   0   1  0.28 0.14
  158 F     0  -2  -3  -3  -2  -2  -2  -2  -1  -1   1  -2   0   5   0  -2  -2   0   4   0    7   1   1   1   0   1   1   3   0   1  15   3   2  31   5   3   1   0  17   8  0.37 0.15
  159 A     0  -1   0   1   1   0   2   1   0  -2  -2   0  -2  -2   0   1   0  -3  -2  -1    8   1   2   8   5   1  19  12   2   1   3   8   0   1   4  14   4   0   1   7  0.15 0.08
  160 E     1  -1   0   2  -2   1   3  -1  -1  -1  -2   0  -2  -3   0   1   1  -3  -2  -1   12   1   3  10   0   4  33   3   0   3   2   2   0   1   4   7  10   0   1   4  0.28 0.13
  161 E     4  -2  -1  -1   1  -1   0  -1  -2  -2  -2  -2  -2   0  -2   0   0  -2   0   0   52   1   2   3   3   1   7   1   0   1   1   1   0   5   1   3   4   0   4   8  0.33 0.18
  162 R     1   1  -1  -2  -2   2   0  -2  -1  -1   0   1   0  -2  -2   1   0  -2  -1   1   16   8   1   1   0  12   2   1   0   1   8  13   3   1   1  16   2   0   2  13  0.13 0.10
  163 G     0   0   1   1  -2   0   0   1   0  -2  -2   2  -2  -2  -2   1   1  -3  -2  -2    8   4   8  10   0   3   2  12   2   1   5  16   0   2   1  16  10   0   0   1  0.16 0.09
  164 G     1   1  -1  -1  -2   2   1   2   2  -2  -3   2  -2  -3  -1   1  -1  -3  -2  -1   13   6   0   1   0  10   8  15   7   1   1  17   0   0   2  11   1   0   0   6  0.21 0.11
  165 T     0   0   0   1   1  -1   1  -2  -2  -1  -1   1  -2  -3   5   0  -1  -3  -2  -2    7   4   4   9   3   1   9   1   0   4   6   9   0   1  31   7   2   0   1   1  0.43 0.13
  166 D    -1   0   2   4  -3   0   0   3   0  -3  -3  -1  -3  -3  -2   0  -1  -3  -3  -3    1   7  14  31   0   3   4  24   3   1   1   1   0   1   1   5   1   0   1   1  0.47 0.17
  167 H     0   1  -1  -1  -3   0   1   5   0  -4  -3   1  -3  -3  -2   0  -2  -3  -3  -3    4   7   1   2   0   2   9  52   3   1   1  10   0   1   1   5   1   0   0   1  0.60 0.20
  168 L    -2  -3  -1  -3  -2  -3  -3  -4  -3   2   4  -3   1   3  -2  -3  -1  -2   0   0    1   0   5   0   0   0   1   1   0  13  53   0   2  13   2   1   2   0   2   3  0.48 0.20
  169 A     5   0  -3  -3  -2  -2  -2  -1  -3  -1  -1  -2  -2  -3  -2   0   0  -3  -3   1   61   7   0   0   0   0   1   3   0   2   6   0   0   0   0   4   4   0   0  10  0.50 0.25
  170 V     0  -4  -4  -4  -2  -4  -4  -4  -4   3  -1  -4  -1  -2  -4  -3  -2  -4  -3   6    8   0   0   0   0   0   0   0   0  15   1   0   0   0   0   0   0   0   0  72  0.97 0.36
  171 V    -2  -3  -4  -4  -2  -3  -4  -4  -4   4   3  -3   2  -1  -4  -3  -1  -3  -2   3    0   0   0   0   0   0   0   0   0  26  37   0   4   0   0   0   3   0   0  28  0.62 0.23
  172 G     3  -3  -2  -3  -3  -2  -3   4  -3  -4  -4  -2  -3  -4  -3   2  -1   3  -3  -3   31   0   0   0   0   0   0  41   0   0   0   0   0   0   0  18   3   4   0   0  0.72 0.27
  173 V     0  -4  -4  -4  -2  -3  -4  -4  -4   3   1  -3   0   2  -3  -2  -2  -3  -2   4   10   0   0   0   0   0   0   0   0  22   7   0   0  10   0   2   0   0   0  47  0.56 0.24
  174 M    -3  -4  -5  -5  -3  -4  -5  -5  -4   0   3  -4   5   6  -5  -4  -3  -2   0   0    0   0   0   0   0   0   0   0   0   3  33   0  19  39   0   0   0   0   0   6  0.94 0.34
  175 Y    -1  -3  -4  -4  -3  -1  -3  -4  -1   2   2  -3   1   3  -4  -3  -2  -1   3   2    4   0   0   0   0   4   0   0   1   9  28   0   4  18   0   0   0   0  13  19  0.43 0.20
  176 E    -2   0   1   1  -4   3   4  -3  -2  -2  -4   4  -3  -4  -3  -1  -1  -4  -3  -3    0   1   5   4   0  16  32   0   0   4   0  32   0   0   0   2   2   0   0   0  0.65 0.27
  177 L     0  -3  -2   0  -2   0   0  -3  -3   2   1  -2   0   1  -3  -2  -1  -3  -1   3    6   0   2   6   0   4   6   0   0  17  14   1   1   5   0   0   2   0   2  32  0.21 0.14
  178 G    -1  -4  -2   0  -4  -3  -3   6  -3  -5  -5  -2  -4  -1  -4   1  -3  -4  -4  -3    3   0   0   7   0   0   0  72   0   0   0   2   0   4   0  10   0   0   0   2  1.14 0.35
  179 E     1   1  -1   3  -3   2   3  -2  -1  -3  -3   2  -2  -3   0   0  -1  -3  -2  -3   12   5   1  18   0  11  21   0   1   0   2  13   0   0   5   7   2   0   1   0  0.35 0.16
  180 C     1  -2  -1   1  -1  -1   3  -2   2  -2  -3   0  -2  -1   1   0   1  -3  -2   0   15   0   0   9   2   0  27   2   6   0   0   3   0   3   7   5  11   0   0   9  0.24 0.15
  181 N    -2  -3   7   3  -5  -2   0  -2   4  -5  -5   0  -4  -5  -4   1  -1  -5  -4  -5    2   0  54  13   0   0   4   1  10   0   0   4   0   0   0   8   3   0   0   0  1.10 0.42
  182 V    -1   0  -2  -1  -3  -1   1   1  -3  -2  -2   0  -3  -3   5   0   0  -4   0   0    4   6   0   2   0   2   8  11   0   2   3   7   0   0  30   5   6   0   5   7  0.44 0.21
  183 Q     1   0   0   0  -3   0   1   0  -1  -2  -1  -1  -2   3   0   0  -1  -2   2  -2   11   7   5   5   0   4   9   9   0   0   5   3   0  18   4   8   4   0   8   0  0.14 0.13
  184 L    -3  -2  -2  -3  -3  -3  -2  -4  -3   1   4  -3   2   3   0  -2  -2  -2   3  -1    0   3   2   1   0   0   3   0   0   6  42   0   4  13   5   2   2   0  13   2  0.46 0.25
  185 D    -1  -1   2   2  -4   4   1  -2   2  -4  -3   0  -3  -3  -3   2   0  -4  -3  -1    3   1  12  11   0  26   7   1   5   0   2   4   0   1   0  16   6   0   0   5  0.44 0.28
  186 R    -1   2   1   0  -3   1  -1  -2   0  -2  -2   3  -1  -4   2   1   1  -4  -3  -2    4  12   6   3   0   5   2   2   2   3   4  23   1   0   9   9  12   0   0   2  0.27 0.18
  187 F    -2   0  -4  -4  -3  -3  -1  -3  -3   4   2  -2   2   2  -4  -3   0  -3   1   1    2   5   0   0   0   0   4   2   0  26  23   2   5  11   0   0   5   0   4  10  0.36 0.21
  188 W    -2   0  -3  -2  -3  -1   0  -1  -3   1   2  -2   0   2  -4  -2  -1   4   1   1    0   5   0   2   0   2   8   5   0   7  30   2   2   9   0   2   3   7   4  12  0.24 0.18
  189 A     0   1   2   4  -4   0   2  -3  -2  -3  -4   0  -3  -4  -3   2  -2  -5  -4  -4    8   9  11  26   0   3  17   0   0   2   0   5   0   0   0  17   0   0   0   0  0.52 0.27
  190 T     2   1   0  -1   0   1   0  -1   3   0  -1   0  -2  -2   2  -1   0  -3  -1  -1   20   8   6   2   2   6   7   2   9   5   3   7   0   2   9   1   6   0   2   5  0.13 0.11
  191 L    -2  -3  -4  -4  -3  -3  -3  -1  -4   1   4  -1   3   0  -4  -3  -2  -3  -2   1    2   1   0   1   0   0   1   6   0   6  56   5   6   4   1   1   2   0   0   8  0.57 0.27
  192 P    -1   0  -1   2  -3   0   1  -2  -1  -1  -3   1  -2  -3   5   1   0  -3  -1  -1    2   4   3  13   0   3   8   2   1   3   2   9   0   1  26  11   4   0   3   4  0.41 0.16
  193 I     0   0   0   1  -2   0   1  -1   1   0  -1   1   1  -2  -2   2   0  -2  -1  -1    4   5   4   8   0   2  10   3   5   6   7  11   5   1   1  19   4   0   2   4  0.09 0.08
  194 E     0   0   1  -3  -2  -1  -1  -3   1   4   0  -1  -1  -2  -2  -2  -1   3  -1   1   10   5   7   1   0   3   4   1   4  36   4   3   0   1   2   1   2   5   2   9  0.26 0.18
  195 K     0   3  -1  -2  -3   1   0  -2   3  -2  -1   3  -2  -3   0  -1   0  -3  -2  -2    9  22   1   1   0   5   6   3   8   3   5  22   0   1   4   3   6   0   1   1  0.31 0.17
  196 G     0  -1   1   2   0   0   1   1   1  -3  -2   1  -2  -2  -1   0   1  -3  -1  -2    6   2   5  17   2   2   8  13   4   1   5  10   0   1   2   7  12   0   2   1  0.17 0.10
  197 T    -1   0   0  -2  -2   1   0  -2   0   0   0   3  -1  -1  -1   0   2  -3  -2   0    3   4   3   1   0   6   5   1   2   6   9  23   0   2   2   6  19   0   1   6  0.17 0.13
  198 A     0   1   0   1  -2   0  -1   2   3   1  -1   0  -1  -1  -1   0  -1  -3  -1  -1    7   8   3   7   0   3   3  17  10  13   3   7   0   3   2   6   3   0   1   3  0.09 0.08
  199 A     1   0   0  -1  -1  -1   1  -1   0  -2  -1   2  -1  -3   1   1   1  -3  -2  -1   10   3   4   2   1   0  10   5   3   2   4  19   2   0   5  15  10   0   0   4  0.15 0.12
  200 S     0   1   1  -1  -2   0   0  -2  -1   0  -1   1   0   1  -1   1  -1  -2   1   0    7  11  10   2   0   2   3   1   0   5   4   9   3   9   3  12   1   0   6   9  0.07 0.08
  201 P    -1   0  -1  -1  -2   1   1   0   0   1  -1   1  -1  -2   3  -1   0  -2   0   0    2   3   2   2   0   9   9   8   2  12   4  11   0   1  13   3   6   0   5   7  0.13 0.09
  202 R    -1   1   1   0  -2   0   1   0   3  -2  -2   1  -2   0   0   0   0  -2   0  -2    3   9   7   5   0   4  11   7  10   1   2  13   1   4   5   7   6   0   3   3  0.14 0.08
  203 G     1  -1  -1  -2  -2   1   0   3   3  -2  -2   0  -1  -1  -2  -1   0  -2   3  -2   13   1   1   1   0   7   5  23  11   1   2   5   2   2   1   3   6   0  12   2  0.25 0.13
  204 E     0   1   0   0  -3   2   3  -1  -2  -2  -3   2  -1  -3  -2  -1   0   3  -2  -1    6   5   5   5   0  10  23   4   0   1   1  17   2   1   1   3   5   5   0   6  0.28 0.16
  205 S     1  -2   2   1  -2   0   1   0  -2  -1  -2   0  -2  -3  -2   1   2  -3  -3   0   17   1  12  10   0   4   7   6   0   3   1   6   0   0   1   8  16   0   0   9  0.19 0.14
  206 K     0  -1   0   1  -3   1   0  -1  -2  -1   0   0   0  -3   2   0   2  -3  -3   0    7   2   4  11   0   9   4   4   0   1  13   5   2   0  11   4  18   0   0   6  0.16 0.13
  207 S     0  -1  -2   0   0   0   0  -2  -2   1   0  -1   1   3  -2   1   0  -3  -1   2    8   2   0   8   2   5   4   1   0   8   9   2   3  16   1  11   3   0   0  17  0.10 0.12
  208 S     1  -1  -1  -2  -2  -2  -1   1  -1   0   0  -1  -2  -2   1   2   2  -3   1   0   11   2   1   1   0   0   3  10   2   4   8   3   0   1   7  16  19   0   5   7  0.14 0.14
  209 K    -2   0   3   2  -1  -1  -1  -1   2  -1  -1   0  -1   0   3  -1  -1  -4  -2  -1    0   6  16  11   2   2   3   4   7   4   7   7   2   5  16   4   2   0   0   3  0.23 0.15
  210 V    -3  -1   0  -2  -3  -3  -3   0  -3   1   2  -3   0   5   1  -2  -2  -2  -1   1    0   3   5   2   0   0   0   8   0   7  20   0   2  30   7   2   1   0   0  11  0.39 0.23
  211 D    -2   0   1   5  -4   1  -1  -3  -3  -4  -2  -1  -3   3  -1  -1   1  -4  -3  -4    3   6   5  44   0   7   2   0   0   0   3   2   0  13   3   2  10   0   0   0  0.66 0.32
  212 L    -2  -2   0   1  -4  -3  -3  -2  -4   1   1  -3  -2  -2   6  -1  -2  -5  -4  -1    3   2   4   7   0   0   0   2   0   9  16   0   0   2  45   3   2   0   0   3  0.86 0.34
  213 L    -1   0   0   0  -1   0   1  -1  -2   0   1  -1  -1   0   0   2   0   1  -2   0    2   5   5   4   1   4   9   3   0   6  15   3   0   6   3  23   4   2   0   5  0.08 0.11
  214 A     0   0   0   2   2   0   1  -1  -2  -3  -2   0   0   0   0   2   1  -3  -2  -2    8   4   2  15   6   4   9   2   0   0   3   4   3   5   4  21   8   0   0   1  0.19 0.14
  215 I    -2  -1   1   0   1   0   0  -3  -2   1   2  -1   1   0   0  -1  -2  -2   1   0    2   2   9   7   4   5   5   1   0  10  28   3   4   3   4   2   1   0   5   6  0.12 0.12
  216 L    -3  -4  -4  -4  -3  -3  -2  -3  -1   0   5  -4   1   2  -2  -4  -3  -3  -2   1    1   0   0   1   0   0   4   2   2   3  65   1   2   8   2   1   1   0   0   7  0.76 0.32
  217 Q    -2  -1   0   1  -3   2   1  -2   0  -2   0  -1  -1  -1   5  -2  -2   2  -3  -3    1   3   4   8   0   9  11   3   2   2  13   2   2   3  31   1   1   3   0   1  0.50 0.22
  218 P    -1   0   1   2  -4  -1   2  -1  -3  -4  -2   1  -3  -4   5   0  -1  -4  -4  -3    5   4   6  15   0   1  13   3   0   0   4   9   0   0  29   7   3   0   0   0  0.57 0.25
  219 L     0  -1   1  -2   2  -1  -1  -2  -2   0   2   0   1   1  -2   1  -1  -3  -2  -1    5   3   9   0   6   2   4   2   0   4  28   6   3   7   1  13   2   0   0   3  0.12 0.13
  220 L    -2   0  -1   1   3  -1   0  -2  -2  -1   2   0  -1   1  -3  -1  -1   2   0  -1    1   6   3   8   8   3   5   3   0   3  32   6   0   6   1   5   4   4   2   1  0.14 0.13
  221 P    -1  -1  -2  -1  -2  -1  -1  -2   2  -2  -1   1  -2  -1   5   0   2  -2   0  -1    2   3   1   3   0   1   2   3   5   1   7   8   1   2  30   9  15   0   4   3  0.45 0.18
  222 G    -1   3   0   1  -2   0   1   0   0  -1  -2   1  -1  -3  -2   1   0  -3  -2   0    3  22   3  11   0   2   8   8   3   2   4   6   1   0   1  16   3   0   0   8  0.16 0.08
  223 G    -2   0   0   5   1   0   1  -1   4  -4  -4   1  -3  -4  -3   1   1  -4  -2  -3    1   4   3  36   3   2   5   3  12   0   0  10   0   0   0   8  12   0   1   0  0.50 0.18
  224 Y    -4  -4  -4  -5  -5  -4  -5  -5  -1  -2  -3  -4  -3   4  -5  -4   0   0   9  -3    0   0   0   0   0   0   0   0   0   2   0   0   0  16   0   0   8   0  75   0  1.91 0.45
  225 Y    -3  -4  -5  -3  -4  -4  -4  -5  -2   1  -2  -4  -2   5  -5  -4  -4   8   7  -1    2   0   0   1   0   0   0   0   0   8   2   0   0  22   0   0   0  21  40   4  1.39 0.34
  226 H    -2   4  -2  -3  -3  -1  -1  -2   0  -1  -3  -1  -3  -4  -3   0   5  -4  -3  -1    1  33   0   0   0   1   2   2   3   2   0   0   0   0   0   3  51   0   0   3  0.81 0.30
  227 W    -4  -4  -4  -5  -4  -3  -4  -5  -1  -3  -3  -4  -3   3  -5  -4  -4   3   9  -3    1   0   0   0   0   0   0   1   0   0   1   0   0   9   0   1   0   3  82   0  2.03 0.43
  228 T    -1   0   1   1  -3   1   2  -2   1  -1   0   0  -1  -2   2   1   0  -3  -2  -2    3   6   8   5   0   6  23   1   4   6  10   2   1   2   9  10   5   0   0   0  0.17 0.08
  229 G    -2  -4  -2  -3  -4  -3  -4   7  -4  -5  -5  -3  -4  -5  -4  -2  -3  -4  -5  -5    1   0   0   0   0   0   0  93   0   0   1   0   0   0   0   1   0   0   0   0  1.81 0.37
  230 S    -1  -2  -1  -2  -3  -2  -2   0  -2  -4  -4  -2  -3  -4  -2   6  -1  -4  -3  -3    1   1   1   1   0   1   1   5   0   1   1   1   0   0   1  85   1   0   0   1  1.15 0.34
  231 L    -3  -3  -4  -4  -3  -3  -4  -4  -4   0   5  -3   1   1  -4  -3  -2  -3  -2  -1    1   1   1   1   0   1   1   1   0   1  83   1   2   5   1   1   1   0   0   1  0.94 0.26
  232 T    -2  -4  -2  -3  -3  -3  -3  -4  -4  -3  -4  -3  -3  -5  -4   0   7  -5  -4  -3    0   0   0   0   0   0   0   0   0   0   0   0   0   0   0   4  96   0   0   0  1.78 0.48
  233 T    -2  -3  -1  -3  -3  -3  -3  -4   2  -1  -3  -3  -3  -2  -3   1   7  -5  -3  -1    1   0   1   0   0   0   0   0   5   4   0   0   0   1   0   5  80   0   0   2  1.24 0.39
  234 P    -3  -4  -4  -3  -4  -3  -3  -4  -4  -1  -4  -3  -4  -5   8  -3  -3  -5  -4  -4    1   0   0   0   0   0   0   1   0   5   1   0   0   0  88   1   0   0   0   0  2.36 0.43
  235 P    -2  -4   1  -2  -4  -3  -3  -1  -3  -3  -4  -3  -4  -5   8  -2  -2  -5  -4  -4    2   0   6   2   0   0   0   5   0   2   1   0   0   0  75   2   2   0   0   0  1.82 0.36
  236 C    -2  -4  -3  -4  10  -3  -4  -4   2  -2   1  -4  -2  -3  -3  -2  -2  -3  -3  -2    1   1   1   1  67   1   1   1   5   1  15   1   0   1   1   1   1   0   0   1  1.72 0.34
  237 T     0  -2   0   0  -2  -1   0  -2   2  -2  -1  -1  -2  -2  -2   3   3  -2   2  -2    4   1   2   4   0   1   6   1   7   1   6   1   0   1   1  34  20   0  10   1  0.31 0.15
  238 E    -1  -2  -2   0  -5   2   6  -3  -2  -4  -4  -1  -3  -5   0  -2  -2  -4  -4  -4    6   0   0   3   0   6  77   1   0   0   1   0   0   0   4   1   0   0   0   0  1.22 0.33
  239 G     0  -2   2   1   2  -1   1   2  -2  -1  -3  -1  -2  -3  -2   2   2  -3  -3  -2    3   0  12   7   6   0   8  15   0   4   1   2   0   0   0  20  19   0   0   0  0.28 0.13
  240 V     0  -4  -4  -4  -2  -3  -4  -4  -4   2   0  -4  -1  -2  -4  -3  -2  -4  -3   6    8   0   0   0   0   0   0   1   0   6   3   0   0   0   0   1   0   0   0  78  1.00 0.30
  241 A    -1  -1  -2  -1  -2  -1  -1  -3   1   2   1  -1   0  -2  -2   1   3  -3  -2   1    3   1   0   2   0   2   3   1   4  12  13   2   2   0   0  12  27   0   0  14  0.18 0.11
  242 W    -5  -2  -5  -6  -5  -4  -5  -5  -4  -5  -4  -5  -4  -2  -5  -5  -5  12  -1  -5    1   2   0   0   0   0   0   1   0   0   1   0   0   0   0   1   0  91   0   0  3.76 0.60
  243 S    -2  -3  -2  -3   3  -3  -3  -3   1   4   1  -3   0   1  -3   0   2  -3  -2   1    1   0   0   0   8   0   0   1   5  34  11   0   0   5   0   5  20   0   0   7  0.34 0.16
  244 L    -2  -4  -4  -4  -2  -3  -4  -4  -4   4   1  -3   0  -2  -4  -3  -2  -4  -2   5    1   0   0   0   0   0   0   1   0  31  13   0   0   0   0   1   0   0   0  50  0.78 0.23
  245 L    -1  -2  -3  -2   1   1  -2  -3  -1   1   2  -2   2   4  -3  -1  -2  -2   1   0    4   0   0   1   4  10   1   1   1   6  24   1   6  26   0   3   0   0   2   7  0.27 0.13
  246 K     0   3   2   0  -3   0   0  -2  -2  -3  -2   4  -2  -3   1  -1  -1  -3  -2  -2    6  17  10   6   0   2   4   1   0   0   3  37   0   0   5   1   3   0   2   1  0.40 0.15
  247 Q    -2   1   1   1   1   3   4  -3   2  -3  -3   1  -1  -3  -1  -1   0  -3  -1  -3    1   9   5   8   3  13  30   1   6   0   1   9   1   0   2   1   8   0   1   0  0.40 0.15
  248 S    -1  -1  -2  -3  -3  -2  -2  -3   0  -2  -2  -2   2  -2   6   0   1  -4  -2   0    5   4   1   0   0   0   0   1   3   2   1   1   8   1  48   5   9   0   1   7  0.88 0.22
  249 T    -1   0  -2  -2  -2  -1  -2  -2  -3   3   1  -2   1  -2  -3  -2   0  -3  -2   3    3   8   2   2   0   3   0   2   0  28  10   1   3   0   0   2   4   0   0  29  0.27 0.13
  250 T    -1   1   2  -1  -2   1   0  -2   0  -2  -2   1  -1  -1   0   1   3  -2   1  -2    3   6  10   1   0   8   5   1   2   1   1   9   2   2   5  13  24   0   6   1  0.21 0.10
  251 V     0  -3  -3  -4  -2  -3  -3  -4  -4   5   2  -3   0  -2  -3  -3  -2  -3  -2   4    6   1   1   1   0   1   1   1   0  39  14   1   2   0   1   1   1   0   0  31  0.58 0.20
  252 C    -1  -2  -1   0   1  -2  -2  -1   3  -3  -3  -1  -3  -3  -2   5   2  -3  -2  -3    2   1   1   4   3   1   1   2   9   1   1   3   0   0   1  56  14   0   0   1  0.66 0.26
  253 Q     0   2   1  -2  -2   1   0  -2   1  -2  -2   1   0  -1   2   2  -1  -3  -1  -1    4  12   6   0   1   8   3   0   3   0   2  10   3   3  10  26   0   0   2   5  0.23 0.13
  254 R     1   1   0   2  -3   1   3  -1   1  -2  -1   1   0  -1  -2   0   0  -3  -2  -2   14   6   4  14   0   3  23   4   3   2   4   7   3   3   0   5   3   0   0   0  0.20 0.10
  255 Q    -2   1  -3  -3  -5   8  -1  -5   1  -5  -4  -1   0  -5  -4  -3  -3  -4   1  -2    2   6   0   0   0  81   0   0   2   0   0   0   2   0   0   0   0   0   5   2  1.69 0.52
  256 V    -2  -4  -4  -5  -3  -3  -4  -5  -4   3   3  -4   5   1  -1  -3  -2   2  -2   2    2   0   0   0   0   0   0   0   0  19  30   0  18   6   3   0   1   3   0  18  0.58 0.22
  257 D     1   1   0   0  -2  -1   3  -3   3  -2   0   0  -2  -2  -3   0  -1   3   0  -1   14  10   5   5   1   0  23   0  10   1   9   3   0   0   0   8   1   4   3   3  0.21 0.14
  258 K     0   0  -1  -2  -3   1   1   0  -1  -2  -1   3   0  -3  -2   0   0  -4  -3   1   10   3   2   0   0   8   7   7   1   0   6  30   3   0   0   6   5   0   0  14  0.20 0.14
  259 L    -4  -4  -5  -5  -4  -4  -3  -5  -3  -1   4  -4  -1   6  -5  -4  -3   2   3  -1    0   0   0   0   0   0   2   0   0   1  44   0   0  38   0   0   0   2   9   3  0.98 0.31
  260 K    -2   6  -2  -3   0   2   1  -4  -2  -4  -4   2  -1  -4  -3   1  -1  -4  -1  -4    2  51   0   0   2   7   7   0   0   0   0  11   2   0   0  13   3   0   2   0  0.79 0.29
  261 A     0   0   2   2  -3   1   1  -1   1  -2   0   0  -2  -3  -2   2   1  -4  -2  -1    4   3  11  11   0   8  10   2   4   0  10   3   0   0   0  18  13   0   0   4  0.20 0.12
  262 A     1  -1  -2  -3  -2  -2  -2  -3  -3   0   3   0   3  -2   0   0   0  -3  -2   1   17   2   2   0   0   0   0   0   0   2  32   6  10   0   4   7   7   0   0  10  0.20 0.13
  263 L    -1  -2  -1  -3  -1  -1  -1  -3  -1   1   3  -2   1   1  -3  -1  -1  -2   0   2    3   2   3   0   1   3   5   1   2   4  39   0   3   4   0   6   2   0   4  18  0.23 0.13
  264 A    -1  -2   0   0  -1   1   1   1   2  -2  -1  -2  -1   3  -3   1   0  -2   2  -1    4   0   3   4   1   7   8  11   7   0   7   0   2  16   0  11   8   0   7   2  0.13 0.11
  265 T    -2  -2   3   1  -3   0  -1  -2   1  -3  -2   0   0  -1   3   2   2  -3   1  -3    0   0  19   8   0   3   2   0   4   1   2   4   3   2  15  18  13   0   7   0  0.35 0.18
  266 S     1   0   2   1  -3   1   2   0   3  -3  -3   1   0  -3   0   0   0  -3  -2  -2   14   5  10   6   0   8  14   5  11   0   0   6   3   0   4   7   3   0   0   3  0.22 0.11
  267 Q    -2   2  -1   1  -4   3   4  -3  -1  -4  -2   0  -3  -4   3  -1  -1  -4  -3  -3    2  10   2   6   0  14  37   1   1   0   4   3   0   0  13   3   3   0   0   0  0.57 0.23
  268 N    -1   0   2   1  -3   0   0   3  -2  -2   0  -1  -2  -3   1   0  -2  -3  -3  -2    1   4  15   7   0   6   6  28   0   3  11   1   0   0   6   8   0   0   0   2  0.27 0.14
  269 G     0  -1   1   1  -3   0   3   1  -2  -3  -2   1  -2  -4   2   1  -1  -4  -3  -3    6   2   6   7   0   0  29  11   0   0   3   9   1   0   9  13   3   0   0   0  0.32 0.15
  270 V    -2  -3  -3  -1  -3  -2  -1  -4  -3   1   3  -3   6   0   2  -2   1  -3  -1   0    1   0   0   3   0   0   3   1   0   7  26   0  28   4   9   2  10   0   2   3  0.43 0.21
  271 D    -1  -1  -1   0   0   1   0  -2   2   1   0   1  -1  -1   0   0   0  -3  -1   1    1   2   0   4   2   8   8   2   6   9  10  10   0   3   5   6   4   0   0  18  0.06 0.07
  272 V    -1  -1   2   3  -3   1   0   1   1  -2  -2   0  -2  -3  -1   1   0  -4  -3   0    0   1  12  22   0   7   4   9   4   0   4   7   0   0   3  11   5   0   0   9  0.23 0.13
  273 N    -2  -3   8  -1  -5  -3  -3  -3  -2  -6  -4  -1  -5  -6  -5  -2  -1  -7  -5  -6    2   0  89   2   0   0   0   0   0   0   2   2   0   0   0   0   2   0   0   0  2.04 0.59
  274 N     0  -3   2  -4  -4  -3  -4  -1   1   0  -1  -3  -2   4  -4  -1  -3   6   5  -1    7   0  11   0   0   0   0   4   3   5   5   0   0  20   0   4   0  12  23   5  0.63 0.26
  275 R    -4   8  -3  -5  -7  -2  -3  -5  -3  -6  -5  -1  -4  -6  -5  -4  -4  -6  -5  -6    0 100   0   0   0   0   0   0   0   0   0   0   0   0   0   0   0   0   0   0  2.45 0.65
  276 V    -1  -1  -1  -4  -5  -1  -2  -5  -4  -5  -4  -1  -1  -6   8  -2  -3  -6  -5  -2    3   4   3   0   0   2   2   0   0   0   1   3   2   0  74   3   0   0   0   3  1.86 0.49
  277 V     0  -3  -3  -3   0   0  -3  -4  -3   1   2  -3  -1  -2   3  -2   2  -4  -3   2   10   0   0   0   2   6   0   0   0   9  27   0   0   0  16   0  15   0   0  16  0.36 0.19
  278 Q    -4  -2  -3  -3  -6   8  -1  -5   1  -6  -5   0  -3  -5  -4  -3  -4  -5   0  -5    0   0   0   0   0  90   0   0   3   0   0   3   0   0   0   0   0   0   4   0  2.11 0.63
  279 P    -2   0  -1   1  -5  -2  -1  -4  -3  -5  -5   2  -4  -5   7  -1  -2  -5  -1  -4    2   5   2   7   0   1   3   0   0   0   0  13   0   0  59   4   2   0   3   0  1.34 0.37
  280 I    -3  -3   1  -4  -3  -3  -3  -4  -4   1   5  -1   0   0  -1  -2  -1  -4  -3  -1    0   0  11   0   0   0   1   0   0   5  65   4   0   3   3   1   4   0   0   1  0.62 0.27
  281 N     0  -1   6   0  -4  -2  -1   0  -2  -5  -4   3  -1  -1  -4  -1  -2  -5  -4  -4    7   2  49   2   0   0   2   8   0   0   0  25   2   3   0   1   0   0   0   0  0.83 0.33
  282 Q    -1  -2   2   2  -4   1   1   4   3  -4  -4   0  -3  -4  -3   0  -2  -4  -3  -1    2   0  13  13   0   7   8  32   9   0   0   5   0   0   0   4   0   0   0   7  0.47 0.20
  283 R    -4   8  -3  -4  -6  -2  -3  -5  -3  -5  -5  -1  -4  -5  -5  -3   0  -5  -4  -2    0  90   0   0   0   0   0   0   0   0   0   0   0   0   0   0   7   0   0   4  1.93 0.53
  284 V    -1   0  -2  -1   0   1  -1  -3  -2   1   1   0   0  -2   0  -1   2  -3  -1   2    4   5   1   3   2   9   1   0   1   6  11   7   1   0   4   2  14   0   1  26  0.13 0.12
  285 V    -3  -5  -5  -5  -3  -4  -5  -6  -5   3   0  -5  -1  -2  -5  -4  -2  -4   2   6    0   0   0   0   0   0   0   0   0  15   5   0   0   0   0   0   0   0   8  72  1.18 0.39
  286 V    -2   4  -2  -3  -2  -1   1  -4   0   0  -2   2  -2   3  -3  -1  -2   2   3  -1    2  26   0   0   1   0   8   0   2   7   0  15   0  18   0   4   0   3  12   4  0.40 0.20
  287 Q     3   0  -1  -2  -2   1   0   0   0  -2  -1   1  -2  -2  -2   1   1  -4  -2  -2   37   5   2   0   0   6   7   7   3   1   5   8   0   2   0   9   9   0   0   0  0.25 0.15
  288 S     0  -3   4  -2  -4  -2  -3  -3  -2  -5  -5  -3  -4  -2  -4   5  -1  -4   3  -4    4   0  23   0   0   0   0   0   0   0   0   0   0   1   0  60   0   0  13   0  1.05 0.45
  289 T    -2   1  -1  -2  -4  -2  -3  -4   0   2  -1  -2  -2   6  -1  -2  -1  -2   2  -2    3   9   3   2   0   2   0   0   2  16   0   2   0  48   3   3   3   0   4   0  0.64 0.27
  290 P     0  -1   1   1  -3   3   0  -1  -2  -3  -3  -1  -2  -4   5   0   0  -4  -3   0    6   2   8   7   0  19   4   4   0   0   0   0   0   0  31   5   5   0   0   8  0.54 0.16
  291 A     2   0  -1  -2  -2  -1  -1   0   1  -1  -1   0  -1  -1   1   2   0  -3  -2   0   27   6   0   0   0   0   0   6   5   0   5   7   0   4   8  17   4   0   0   7  0.15 0.08
  292 S     0   1  -1   1  -3  -1  -1   2  -2  -3  -3   2  -3  -2   3   1  -1   3   0  -3    8   8   0   9   0   0   0  20   0   0   0  15   0   0  13  13   3   5   5   0  0.31 0.10
  293 A     2   0   0  -2  -2  -1   1  -2   5  -1   0  -1  -1  -2  -2   0   1  -3  -1   0   26   6   3   0   0   0  10   0  21   0   9   0   0   0   0   6  11   0   0   9  0.22 0.11
  294 T    -2  -2  -1   2  -3   2   1  -3  -2  -3  -3   0  -2  -3   4   0   1   6  -2  -2    0   0   0  17   0  11  10   0   0   0   0   6   0   0  21   6  14  13   0   3  0.54 0.14
  295 G    -1   2   1  -1  -3   1   1   4   2  -4  -4   2  -3  -4  -2   1  -1  -3  -2  -3    0  12   5   0   0   7   7  34   8   0   0  16   0   0   0  12   0   0   0   0  0.42 0.11
  296 L     0   0  -1  -1  -2   1   2  -3   1  -1   1   0   1  -1  -2   0   0  -2   2  -1    7   5   0   0   0   5  18   0   5   0  26   7   5   0   0   8   5   0   9   0  0.12 0.06
  297 M    -1   2  -1   2  -3  -1  -1  -3  -2  -1   0  -1   4  -2   0  -1   2  -3  -2   0    5  19   0  18   0   0   0   0   0   0   6   0  24   0   5   0  18   0   0   5  0.22 0.11
  298 L    -2  -3  -4  -4  -2  -3  -3  -4  -4   3   4  -3   2   0  -3  -3  -1  -3  -2   3    0   0   0   0   0   0   0   0   0  19  52   0   6   0   0   0   0   0   0  23  0.48 0.09
  299 A     2  -2  -1  -2   6  -2  -2   1  -2  -2  -2  -2  -2  -3   1   2   1  -3  -3  -1   32   0   0   0  23   0   0  13   0   0   0   0   0   0   7  18   7   0   0   0  0.42 0.08
  300 D     0  -1   0   3  -2   1   0  -1  -1  -3  -3  -1  -2  -3  -2   4   0   4  -2  -3    0   0   0  28   0   9   0   0   0   0   0   0   0   0   0  55   0   9   0   0  0.51 0.10
  301 E     1  -1  -1  -1  -2   0   1  -1  -1  -1  -2   1  -1   0   2   3   0  -3  -1  -1    9   0   0   0   0   0  12   0   0   8   0  15   0   8   9  40   0   0   0   0  0.22 0.06
  302 L    -2  -2  -3  -3   4  -2   1  -4  -3   0   3  -2   1   2  -3  -2  -2  -2  -1   0    0   0   0   0  13   0  15   0   0   0  60   0   0  12   0   0   0   0   0   0  0.34 0.08
  303 P    -1  -3  -3  -2  -3  -2  -2  -3  -3  -3  -3  -1  -3  -4   8  -1  -2  -4  -3  -3    0   0   0   0   0   0   0   0   0   0   0   0   0   0 100   0   0   0   0   0  2.19 0.08
  304 E     0   0   0   1  -3   1   5  -2   0  -3  -3   0  -2  -3  -1   2   0  -3  -2  -2    0   0   0   0   0   0  69   0   0   0   0   0   0   0   0  31   0   0   0   0  0.54 0.02
  305 R    -2   3   5   1  -3   0   0  -1   0  -3  -3   1  -2  -3  -2   0   0  -4  -2  -3    0  30  70   0   0   0   0   0   0   0   0   0   0   0   0   0   0   0   0   0  0.59 0.02
  306 V     0  -3  -3  -3  -1  -2  -3  -3  -3   3   1  -3   1  -1  -3  -2   0  -3  -1   4    0   0   0   0   0   0   0   0   0   0   0   0   0   0   0   0   0   0   0 100  0.40 0.02
  307 M    -1  -2  -2  -3  -2  -1  -2  -3   1   0   1  -2   4   2  -3  -2  -1   1   5   0    0   0   0   0   0   0   0   0   0   0   0   0  50   0   0   0   0   0  50   0  0.39 0.01
  308 M    -1  -2  -3  -3  -1  -1  -2  -3  -2   2   2  -2   4   0  -3  -2   0  -2  -1   3    0   0   0   0   0   0   0   0   0   0   0   0  50   0   0   0   0   0   0  50  0.27 0.00
  309 P    -1  -1  -1   0  -3   1   4  -2  -1  -3  -3   0  -2  -4   6  -1  -1  -3  -3  -3    0   0   0   0   0   0  50   0   0   0   0   0   0   0  50   0   0   0   0   0  1.01 0.00
  310 L    -1  -2  -3  -4  -1  -1  -3  -3  -2   1   3  -2   5   0  -3  -2  -1  -2  -1   1    0   0   0   0   0   0   0   0   0   0  50   0  50   0   0   0   0   0   0   0  0.35 0.00
  311 D    -2  -2   1   6  -3   0   1  -1  -1  -3  -4  -1  -3  -3  -1   0  -1  -4  -3  -3    0   0   0   0   0   0   0   0   0   0   0   0   0   0   0   0   0   0   0   0  0.00     0.00
  312 Q    -1   1   0   0  -3   5   2  -2   0  -3  -2   1   0  -3  -1   0  -1  -2  -1  -2    0   0   0   0   0   0   0   0   0   0   0   0   0   0   0   0   0   0   0   0  0.00     0.00
  313 A     4  -1  -2  -2   0  -1  -1   0  -2  -1  -1  -1  -1  -2  -1   1   0  -2  -2   0    0   0   0   0   0   0   0   0   0   0   0   0   0   0   0   0   0   0   0   0  0.00     0.00
  314 G     0  -2   0  -1  -2  -2  -2   6  -2  -4  -4  -2  -3  -3  -2   0  -2  -2  -3  -3    0   0   0   0   0   0   0   0   0   0   0   0   0   0   0   0   0   0   0   0  0.00     0.00
  315 E    -1   0   0   1  -4   2   5  -2   0  -3  -3   1  -2  -3  -1   0  -1  -3  -2  -2    0   0   0   0   0   0   0   0   0   0   0   0   0   0   0   0   0   0   0   0  0.00     0.00
  316 T     0  -1   0  -1  -1  -1  -1  -2  -2  -1  -1  -1  -1  -2  -1   1   4  -2  -2   0    0   0   0   0   0   0   0   0   0   0   0   0   0   0   0   0   0   0   0   0  0.00     0.00
  317 D    -2  -2   1   6  -3   0   1  -1  -1  -3  -4  -1  -3  -3  -1   0  -1  -4  -3  -3    0   0   0   0   0   0   0   0   0   0   0   0   0   0   0   0   0   0   0   0  0.00     0.00
  318 V     0  -2  -3  -3  -1  -2  -2  -3  -3   3   1  -2   1  -1  -2  -2   0  -3  -1   4    0   0   0   0   0   0   0   0   0   0   0   0   0   0   0   0   0   0   0   0  0.00     0.00
  319 A     4  -1  -2  -2   0  -1  -1   0  -2  -1  -1  -1  -1  -2  -1   1   0  -2  -2   0    0   0   0   0   0   0   0   0   0   0   0   0   0   0   0   0   0   0   0   0  0.00     0.00
  320 M    -1  -1  -2  -3  -1   0  -2  -3  -2   1   2  -1   5   0  -2  -1  -1  -1  -1   1    0   0   0   0   0   0   0   0   0   0   0   0   0   0   0   0   0   0   0   0  0.00     0.00
  321 G     0  -2   0  -1  -2  -2  -2   6  -2  -4  -4  -2  -3  -3  -2   0  -2  -2  -3  -3    0   0   0   0   0   0   0   0   0   0   0   0   0   0   0   0   0   0   0   0  0.00     0.00
  322 Q    -1   1   0   0  -3   5   2  -2   0  -3  -2   1   0  -3  -1   0  -1  -2  -1  -2    0   0   0   0   0   0   0   0   0   0   0   0   0   0   0   0   0   0   0   0  0.00     0.00
  323 A     4  -1  -2  -2   0  -1  -1   0  -2  -1  -1  -1  -1  -2  -1   1   0  -2  -2   0    0   0   0   0   0   0   0   0   0   0   0   0   0   0   0   0   0   0   0   0  0.00     0.00
  324 D    -2  -2   1   6  -3   0   1  -1  -1  -3  -4  -1  -3  -3  -1   0  -1  -4  -3  -3    0   0   0   0   0   0   0   0   0   0   0   0   0   0   0   0   0   0   0   0  0.00     0.00
  325 M    -1  -1  -2  -3  -1   0  -2  -3  -2   1   2  -1   5   0  -2  -1  -1  -1  -1   1    0   0   0   0   0   0   0   0   0   0   0   0   0   0   0   0   0   0   0   0  0.00     0.00
  326 E    -1   0   0   1  -4   2   5  -2   0  -3  -3   1  -2  -3  -1   0  -1  -3  -2  -2    0   0   0   0   0   0   0   0   0   0   0   0   0   0   0   0   0   0   0   0  0.00     0.00
  327 G     0  -2   0  -1  -2  -2  -2   6  -2  -4  -4  -2  -3  -3  -2   0  -2  -2  -3  -3    0   0   0   0   0   0   0   0   0   0   0   0   0   0   0   0   0   0   0   0  0.00     0.00
  328 G     0  -2   0  -1  -2  -2  -2   6  -2  -4  -4  -2  -3  -3  -2   0  -2  -2  -3  -3    0   0   0   0   0   0   0   0   0   0   0   0   0   0   0   0   0   0   0   0  0.00     0.00
  329 G     0  -2   0  -1  -2  -2  -2   6  -2  -4  -4  -2  -3  -3  -2   0  -2  -2  -3  -3    0   0   0   0   0   0   0   0   0   0   0   0   0   0   0   0   0   0   0   0  0.00     0.00
  330 D    -2  -2   1   6  -3   0   1  -1  -1  -3  -4  -1  -3  -3  -1   0  -1  -4  -3  -3    0   0   0   0   0   0   0   0   0   0   0   0   0   0   0   0   0   0   0   0  0.00     0.00
  331 D    -2  -2   1   6  -3   0   1  -1  -1  -3  -4  -1  -3  -3  -1   0  -1  -4  -3  -3    0   0   0   0   0   0   0   0   0   0   0   0   0   0   0   0   0   0   0   0  0.00     0.00
  332 D    -2  -2   1   6  -3   0   1  -1  -1  -3  -4  -1  -3  -3  -1   0  -1  -4  -3  -3    0   0   0   0   0   0   0   0   0   0   0   0   0   0   0   0   0   0   0   0  0.00     0.00
  333 G     0  -2   0  -1  -2  -2  -2   6  -2  -4  -4  -2  -3  -3  -2   0  -2  -2  -3  -3    0   0   0   0   0   0   0   0   0   0   0   0   0   0   0   0   0   0   0   0  0.00     0.00
  334 D    -2  -2   1   6  -3   0   1  -1  -1  -3  -4  -1  -3  -3  -1   0  -1  -4  -3  -3    0   0   0   0   0   0   0   0   0   0   0   0   0   0   0   0   0   0   0   0  0.00     0.00
  335 D    -2  -2   1   6  -3   0   1  -1  -1  -3  -4  -1  -3  -3  -1   0  -1  -4  -3  -3    0   0   0   0   0   0   0   0   0   0   0   0   0   0   0   0   0   0   0   0  0.00     0.00
  336 G     0  -2   0  -1  -2  -2  -2   6  -2  -4  -4  -2  -3  -3  -2   0  -2  -2  -3  -3    0   0   0   0   0   0   0   0   0   0   0   0   0   0   0   0   0   0   0   0  0.00     0.00
  337 D    -2  -2   1   6  -3   0   1  -1  -1  -3  -4  -1  -3  -3  -1   0  -1  -4  -3  -3    0   0   0   0   0   0   0   0   0   0   0   0   0   0   0   0   0   0   0   0  0.00     0.00
  338 D    -2  -2   1   6  -3   0   1  -1  -1  -3  -4  -1  -3  -3  -1   0  -1  -4  -3  -3    0   0   0   0   0   0   0   0   0   0   0   0   0   0   0   0   0   0   0   0  0.00     0.00
  339 N    -2   0   6   1  -3   0   0   0   1  -3  -3   0  -2  -3  -2   1   0  -4  -2  -3    0   0   0   0   0   0   0   0   0   0   0   0   0   0   0   0   0   0   0   0  0.00     0.00
  340 V     0  -2  -3  -3  -1  -2  -2  -3  -3   3   1  -2   1  -1  -2  -2   0  -3  -1   4    0   0   0   0   0   0   0   0   0   0   0   0   0   0   0   0   0   0   0   0  0.00     0.00
  341 Q    -1   1   0   0  -3   5   2  -2   0  -3  -2   1   0  -3  -1   0  -1  -2  -1  -2    0   0   0   0   0   0   0   0   0   0   0   0   0   0   0   0   0   0   0   0  0.00     0.00
  342 P    -1  -2  -2  -1  -3  -1  -1  -2  -2  -3  -3  -1  -2  -4   7  -1  -1  -4  -3  -2    0   0   0   0   0   0   0   0   0   0   0   0   0   0   0   0   0   0   0   0  0.00     0.00
  343 L    -1  -2  -3  -4  -1  -2  -3  -4  -3   2   4  -2   2   0  -3  -2  -1  -2  -1   1    0   0   0   0   0   0   0   0   0   0   0   0   0   0   0   0   0   0   0   0  0.00     0.00
  344 M    -1  -1  -2  -3  -1   0  -2  -3  -2   1   2  -1   5   0  -2  -1  -1  -1  -1   1    0   0   0   0   0   0   0   0   0   0   0   0   0   0   0   0   0   0   0   0  0.00     0.00
  345 V     0  -2  -3  -3  -1  -2  -2  -3  -3   3   1  -2   1  -1  -2  -2   0  -3  -1   4    0   0   0   0   0   0   0   0   0   0   0   0   0   0   0   0   0   0   0   0  0.00     0.00
  346 L    -1  -2  -3  -4  -1  -2  -3  -4  -3   2   4  -2   2   0  -3  -2  -1  -2  -1   1    0   0   0   0   0   0   0   0   0   0   0   0   0   0   0   0   0   0   0   0  0.00     0.00
  347 L    -1  -2  -3  -4  -1  -2  -3  -4  -3   2   4  -2   2   0  -3  -2  -1  -2  -1   1    0   0   0   0   0   0   0   0   0   0   0   0   0   0   0   0   0   0   0   0  0.00     0.00
  348 V     0  -2  -3  -3  -1  -2  -2  -3  -3   3   1  -2   1  -1  -2  -2   0  -3  -1   4    0   0   0   0   0   0   0   0   0   0   0   0   0   0   0   0   0   0   0   0  0.00     0.00
  349 I    -1  -3  -3  -3  -1  -3  -3  -4  -3   4   2  -3   1   0  -3  -2  -1  -3  -1   3    0   0   0   0   0   0   0   0   0   0   0   0   0   0   0   0   0   0   0   0  0.00     0.00
  350 E    -1   0   0   1  -4   2   5  -2   0  -3  -3   1  -2  -3  -1   0  -1  -3  -2  -2    0   0   0   0   0   0   0   0   0   0   0   0   0   0   0   0   0   0   0   0  0.00     0.00
  351 V     0  -2  -3  -3  -1  -2  -2  -3  -3   3   1  -2   1  -1  -2  -2   0  -3  -1   4    0   0   0   0   0   0   0   0   0   0   0   0   0   0   0   0   0   0   0   0  0.00     0.00
  352 T     0  -1   0  -1  -1  -1  -1  -2  -2  -1  -1  -1  -1  -2  -1   1   4  -2  -2   0    0   0   0   0   0   0   0   0   0   0   0   0   0   0   0   0   0   0   0   0  0.00     0.00
  353 L    -1  -2  -3  -4  -1  -2  -3  -4  -3   2   4  -2   2   0  -3  -2  -1  -2  -1   1    0   0   0   0   0   0   0   0   0   0   0   0   0   0   0   0   0   0   0   0  0.00     0.00
  354 I    -1  -3  -3  -3  -1  -3  -3  -4  -3   4   2  -3   1   0  -3  -2  -1  -3  -1   3    0   0   0   0   0   0   0   0   0   0   0   0   0   0   0   0   0   0   0   0  0.00     0.00
  355 L    -1  -2  -3  -4  -1  -2  -3  -4  -3   2   4  -2   2   0  -3  -2  -1  -2  -1   1    0   0   0   0   0   0   0   0   0   0   0   0   0   0   0   0   0   0   0   0  0.00     0.00
  356 L    -1  -2  -3  -4  -1  -2  -3  -4  -3   2   4  -2   2   0  -3  -2  -1  -2  -1   1    0   0   0   0   0   0   0   0   0   0   0   0   0   0   0   0   0   0   0   0  0.00     0.00
  357 V     0  -2  -3  -3  -1  -2  -2  -3  -3   3   1  -2   1  -1  -2  -2   0  -3  -1   4    0   0   0   0   0   0   0   0   0   0   0   0   0   0   0   0   0   0   0   0  0.00     0.00
  358 A     4  -1  -2  -2   0  -1  -1   0  -2  -1  -1  -1  -1  -2  -1   1   0  -2  -2   0    0   0   0   0   0   0   0   0   0   0   0   0   0   0   0   0   0   0   0   0  0.00     0.00
  359 V     0  -2  -3  -3  -1  -2  -2  -3  -3   3   1  -2   1  -1  -2  -2   0  -3  -1   4    0   0   0   0   0   0   0   0   0   0   0   0   0   0   0   0   0   0   0   0  0.00     0.00
  360 G     0  -2   0  -1  -2  -2  -2   6  -2  -4  -4  -2  -3  -3  -2   0  -2  -2  -3  -3    0   0   0   0   0   0   0   0   0   0   0   0   0   0   0   0   0   0   0   0  0.00     0.00
  361 A     4  -1  -2  -2   0  -1  -1   0  -2  -1  -1  -1  -1  -2  -1   1   0  -2  -2   0    0   0   0   0   0   0   0   0   0   0   0   0   0   0   0   0   0   0   0   0  0.00     0.00
  362 L    -1  -2  -3  -4  -1  -2  -3  -4  -3   2   4  -2   2   0  -3  -2  -1  -2  -1   1    0   0   0   0   0   0   0   0   0   0   0   0   0   0   0   0   0   0   0   0  0.00     0.00
  363 L    -1  -2  -3  -4  -1  -2  -3  -4  -3   2   4  -2   2   0  -3  -2  -1  -2  -1   1    0   0   0   0   0   0   0   0   0   0   0   0   0   0   0   0   0   0   0   0  0.00     0.00
  364 L    -1  -2  -3  -4  -1  -2  -3  -4  -3   2   4  -2   2   0  -3  -2  -1  -2  -1   1    0   0   0   0   0   0   0   0   0   0   0   0   0   0   0   0   0   0   0   0  0.00     0.00
  365 G     0  -2   0  -1  -2  -2  -2   6  -2  -4  -4  -2  -3  -3  -2   0  -2  -2  -3  -3    0   0   0   0   0   0   0   0   0   0   0   0   0   0   0   0   0   0   0   0  0.00     0.00
  366 Y    -2  -2  -2  -3  -2  -1  -2  -3   2  -1  -1  -2  -1   3  -3  -2  -2   2   7  -1    0   0   0   0   0   0   0   0   0   0   0   0   0   0   0   0   0   0   0   0  0.00     0.00
  367 Y    -2  -2  -2  -3  -2  -1  -2  -3   2  -1  -1  -2  -1   3  -3  -2  -2   2   7  -1    0   0   0   0   0   0   0   0   0   0   0   0   0   0   0   0   0   0   0   0  0.00     0.00
  368 C     0  -3  -3  -3   8  -3  -4  -2  -3  -1  -1  -3  -1  -2  -3  -1  -1  -2  -2  -1    0   0   0   0   0   0   0   0   0   0   0   0   0   0   0   0   0   0   0   0  0.00     0.00
  369 L    -1  -2  -3  -4  -1  -2  -3  -4  -3   2   4  -2   2   0  -3  -2  -1  -2  -1   1    0   0   0   0   0   0   0   0   0   0   0   0   0   0   0   0   0   0   0   0  0.00     0.00
  370 K    -1   2   0  -1  -3   1   1  -2  -1  -3  -2   4  -1  -3  -1   0  -1  -3  -2  -2    0   0   0   0   0   0   0   0   0   0   0   0   0   0   0   0   0   0   0   0  0.00     0.00
  371 R    -1   5   0  -2  -3   1   0  -2   0  -3  -2   2  -1  -3  -2  -1  -1  -3  -2  -2    0   0   0   0   0   0   0   0   0   0   0   0   0   0   0   0   0   0   0   0  0.00     0.00
  372 L    -1  -2  -3  -4  -1  -2  -3  -4  -3   2   4  -2   2   0  -3  -2  -1  -2  -1   1    0   0   0   0   0   0   0   0   0   0   0   0   0   0   0   0   0   0   0   0  0.00     0.00
  373 G     0  -2   0  -1  -2  -2  -2   6  -2  -4  -4  -2  -3  -3  -2   0  -2  -2  -3  -3    0   0   0   0   0   0   0   0   0   0   0   0   0   0   0   0   0   0   0   0  0.00     0.00
  374 F    -2  -3  -3  -3  -2  -3  -3  -3  -1   0   0  -3   0   6  -4  -2  -2   1   3  -1    0   0   0   0   0   0   0   0   0   0   0   0   0   0   0   0   0   0   0   0  0.00     0.00
  375 V     0  -2  -3  -3  -1  -2  -2  -3  -3   3   1  -2   1  -1  -2  -2   0  -3  -1   4    0   0   0   0   0   0   0   0   0   0   0   0   0   0   0   0   0   0   0   0  0.00     0.00
  376 V     0  -2  -3  -3  -1  -2  -2  -3  -3   3   1  -2   1  -1  -2  -2   0  -3  -1   4    0   0   0   0   0   0   0   0   0   0   0   0   0   0   0   0   0   0   0   0  0.00     0.00
  377 V     0  -2  -3  -3  -1  -2  -2  -3  -3   3   1  -2   1  -1  -2  -2   0  -3  -1   4    0   0   0   0   0   0   0   0   0   0   0   0   0   0   0   0   0   0   0   0  0.00     0.00
  378 K    -1   2   0  -1  -3   1   1  -2  -1  -3  -2   4  -1  -3  -1   0  -1  -3  -2  -2    0   0   0   0   0   0   0   0   0   0   0   0   0   0   0   0   0   0   0   0  0.00     0.00
  379 K    -1   2   0  -1  -3   1   1  -2  -1  -3  -2   4  -1  -3  -1   0  -1  -3  -2  -2    0   0   0   0   0   0   0   0   0   0   0   0   0   0   0   0   0   0   0   0  0.00     0.00
  380 A     4  -1  -2  -2   0  -1  -1   0  -2  -1  -1  -1  -1  -2  -1   1   0  -2  -2   0    0   0   0   0   0   0   0   0   0   0   0   0   0   0   0   0   0   0   0   0  0.00     0.00
  381 M    -1  -1  -2  -3  -1   0  -2  -3  -2   1   2  -1   5   0  -2  -1  -1  -1  -1   1    0   0   0   0   0   0   0   0   0   0   0   0   0   0   0   0   0   0   0   0  0.00     0.00
  382 T     0  -1   0  -1  -1  -1  -1  -2  -2  -1  -1  -1  -1  -2  -1   1   4  -2  -2   0    0   0   0   0   0   0   0   0   0   0   0   0   0   0   0   0   0   0   0   0  0.00     0.00
  383 A     4  -1  -2  -2   0  -1  -1   0  -2  -1  -1  -1  -1  -2  -1   1   0  -2  -2   0    0   0   0   0   0   0   0   0   0   0   0   0   0   0   0   0   0   0   0   0  0.00     0.00
  384 L    -1  -2  -3  -4  -1  -2  -3  -4  -3   2   4  -2   2   0  -3  -2  -1  -2  -1   1    0   0   0   0   0   0   0   0   0   0   0   0   0   0   0   0   0   0   0   0  0.00     0.00
  385 A     4  -1  -2  -2   0  -1  -1   0  -2  -1  -1  -1  -1  -2  -1   1   0  -2  -2   0    0   0   0   0   0   0   0   0   0   0   0   0   0   0   0   0   0   0   0   0  0.00     0.00
  386 A     4  -1  -2  -2   0  -1  -1   0  -2  -1  -1  -1  -1  -2  -1   1   0  -2  -2   0    0   0   0   0   0   0   0   0   0   0   0   0   0   0   0   0   0   0   0   0  0.00     0.00
  387 D    -2  -2   1   6  -3   0   1  -1  -1  -3  -4  -1  -3  -3  -1   0  -1  -4  -3  -3    0   0   0   0   0   0   0   0   0   0   0   0   0   0   0   0   0   0   0   0  0.00     0.00
  388 D    -2  -2   1   6  -3   0   1  -1  -1  -3  -4  -1  -3  -3  -1   0  -1  -4  -3  -3    0   0   0   0   0   0   0   0   0   0   0   0   0   0   0   0   0   0   0   0  0.00     0.00
  389 A     4  -1  -2  -2   0  -1  -1   0  -2  -1  -1  -1  -1  -2  -1   1   0  -2  -2   0    0   0   0   0   0   0   0   0   0   0   0   0   0   0   0   0   0   0   0   0  0.00     0.00
  390 Q    -1   1   0   0  -3   5   2  -2   0  -3  -2   1   0  -3  -1   0  -1  -2  -1  -2    0   0   0   0   0   0   0   0   0   0   0   0   0   0   0   0   0   0   0   0  0.00     0.00
  391 T     0  -1   0  -1  -1  -1  -1  -2  -2  -1  -1  -1  -1  -2  -1   1   4  -2  -2   0    0   0   0   0   0   0   0   0   0   0   0   0   0   0   0   0   0   0   0   0  0.00     0.00
  392 K    -1   2   0  -1  -3   1   1  -2  -1  -3  -2   4  -1  -3  -1   0  -1  -3  -2  -2    0   0   0   0   0   0   0   0   0   0   0   0   0   0   0   0   0   0   0   0  0.00     0.00
  393 A     4  -1  -2  -2   0  -1  -1   0  -2  -1  -1  -1  -1  -2  -1   1   0  -2  -2   0    0   0   0   0   0   0   0   0   0   0   0   0   0   0   0   0   0   0   0   0  0.00     0.00
  394 P    -1  -2  -2  -1  -3  -1  -1  -2  -2  -3  -3  -1  -2  -4   7  -1  -1  -4  -3  -2    0   0   0   0   0   0   0   0   0   0   0   0   0   0   0   0   0   0   0   0  0.00     0.00
  395 V     0  -2  -3  -3  -1  -2  -2  -3  -3   3   1  -2   1  -1  -2  -2   0  -3  -1   4    0   0   0   0   0   0   0   0   0   0   0   0   0   0   0   0   0   0   0   0  0.00     0.00
  396 V     0  -2  -3  -3  -1  -2  -2  -3  -3   3   1  -2   1  -1  -2  -2   0  -3  -1   4    0   0   0   0   0   0   0   0   0   0   0   0   0   0   0   0   0   0   0   0  0.00     0.00
  397 A     4  -1  -2  -2   0  -1  -1   0  -2  -1  -1  -1  -1  -2  -1   1   0  -2  -2   0    0   0   0   0   0   0   0   0   0   0   0   0   0   0   0   0   0   0   0   0  0.00     0.00
  398 D    -2  -2   1   6  -3   0   1  -1  -1  -3  -4  -1  -3  -3  -1   0  -1  -4  -3  -3    0   0   0   0   0   0   0   0   0   0   0   0   0   0   0   0   0   0   0   0  0.00     0.00
  399 A     4  -1  -2  -2   0  -1  -1   0  -2  -1  -1  -1  -1  -2  -1   1   0  -2  -2   0    0   0   0   0   0   0   0   0   0   0   0   0   0   0   0   0   0   0   0   0  0.00     0.00
  400 E    -1   0   0   1  -4   2   5  -2   0  -3  -3   1  -2  -3  -1   0  -1  -3  -2  -2    0   0   0   0   0   0   0   0   0   0   0   0   0   0   0   0   0   0   0   0  0.00     0.00
  401 A     4  -1  -2  -2   0  -1  -1   0  -2  -1  -1  -1  -1  -2  -1   1   0  -2  -2   0    0   0   0   0   0   0   0   0   0   0   0   0   0   0   0   0   0   0   0   0  0.00     0.00
  402 P    -1  -2  -2  -1  -3  -1  -1  -2  -2  -3  -3  -1  -2  -4   7  -1  -1  -4  -3  -2    0   0   0   0   0   0   0   0   0   0   0   0   0   0   0   0   0   0   0   0  0.00     0.00
  403 S     1  -1   1   0  -1   0   0   0  -1  -2  -2   0  -1  -2  -1   4   1  -3  -2  -2    0   0   0   0   0   0   0   0   0   0   0   0   0   0   0   0   0   0   0   0  0.00     0.00
  404 A     4  -1  -2  -2   0  -1  -1   0  -2  -1  -1  -1  -1  -2  -1   1   0  -2  -2   0    0   0   0   0   0   0   0   0   0   0   0   0   0   0   0   0   0   0   0   0  0.00     0.00
  405 D    -2  -2   1   6  -3   0   1  -1  -1  -3  -4  -1  -3  -3  -1   0  -1  -4  -3  -3    0   0   0   0   0   0   0   0   0   0   0   0   0   0   0   0   0   0   0   0  0.00     0.00
  406 M    -1  -1  -2  -3  -1   0  -2  -3  -2   1   2  -1   5   0  -2  -1  -1  -1  -1   1    0   0   0   0   0   0   0   0   0   0   0   0   0   0   0   0   0   0   0   0  0.00     0.00
  407 S     1  -1   1   0  -1   0   0   0  -1  -2  -2   0  -1  -2  -1   4   1  -3  -2  -2    0   0   0   0   0   0   0   0   0   0   0   0   0   0   0   0   0   0   0   0  0.00     0.00
  408 Q    -1   1   0   0  -3   5   2  -2   0  -3  -2   1   0  -3  -1   0  -1  -2  -1  -2    0   0   0   0   0   0   0   0   0   0   0   0   0   0   0   0   0   0   0   0  0.00     0.00

                      K         Lambda
Standard Ungapped    0.1304     0.3154
Standard Gapped      0.0418     0.2670
PSI Ungapped         0.1367     0.3176
PSI Gapped           0.0418     0.2670
