
Last position-specific scoring matrix computed, weighted observed percentages rounded down, information per position, and relative weight of gapless real matches to pseudocounts
            A   R   N   D   C   Q   E   G   H   I   L   K   M   F   P   S   T   W   Y   V   A   R   N   D   C   Q   E   G   H   I   L   K   M   F   P   S   T   W   Y   V
    1 E    -1   0   0   1  -4   2   5  -2   0  -3  -3   1  -2  -3  -1   0  -1  -3  -2  -2    0   0   0   0   0   0   0   0   0   0   0   0   0   0   0   0   0   0   0   0  0.00     0.00
    2 D    -2  -2   1   6  -3   0   1  -1  -1  -3  -4  -1  -3  -3  -1   0  -1  -4  -3  -3    0   0   0   0   0   0   0   0   0   0   0   0   0   0   0   0   0   0   0   0  0.00     0.00
    3 Q    -1   1   0   0  -3   5   2  -2   0  -3  -2   1   0  -3  -1   0  -1  -2  -1  -2    0   0   0   0   0   0   0   0   0   0   0   0   0   0   0   0   0   0   0   0  0.00     0.00
    4 T     0  -1   0  -1  -1  -1  -1  -2  -2  -1  -1  -1  -1  -2  -1   1   4  -2  -2   0    0   0   0   0   0   0   0   0   0   0   0   0   0   0   0   0   0   0   0   0  0.00     0.00
    5 Y    -2  -2  -2  -3  -2  -1  -2  -3   2  -1  -1  -2  -1   3  -3  -2  -2   2   7  -1    0   0   0   0   0   0   0   0   0   0   0   0   0   0   0   0   0   0   0   0  0.00     0.00
    6 E    -1   0   0   1  -4   2   5  -2   0  -3  -3   1  -2  -3  -1   0  -1  -3  -2  -2    0   0   0   0   0   0   0   0   0   0   0   0   0   0   0   0   0   0   0   0  0.00     0.00
    7 R    -1   5   0  -2  -3   1   0  -2   0  -3  -2   2  -1  -3  -2  -1  -1  -3  -2  -2    0   0   0   0   0   0   0   0   0   0   0   0   0   0   0   0   0   0   0   0  0.00     0.00
    8 W    -2  -3  -4  -4  -2  -2  -3  -2  -2  -3  -2  -3  -1   1  -4  -3  -2  10   2  -3    0   0   0   0   0   0   0   0   0   0   0   0   0   0   0   0   0   0   0   0  0.00     0.00
    9 L    -1  -2  -3  -4  -1  -2  -3  -4  -3   2   4  -2   2   0  -3  -2  -1  -2  -1   1    0   0   0   0   0   0   0   0   0   0   0   0   0   0   0   0   0   0   0   0  0.00     0.00
   10 R    -1   5   0  -2  -3   1   0  -2   0  -3  -2   2  -1  -3  -2  -1  -1  -3  -2  -2    0   0   0   0   0   0   0   0   0   0   0   0   0   0   0   0   0   0   0   0  0.00     0.00
   11 S     1  -1   1   0  -1   0   0   0  -1  -2  -2   0  -1  -2  -1   4   1  -3  -2  -2    0   0   0   0   0   0   0   0   0   0   0   0   0   0   0   0   0   0   0   0  0.00     0.00
   12 T     0  -1   0  -1  -1  -1  -1  -2  -2  -1  -1  -1  -1  -2  -1   1   4  -2  -2   0    0   0   0   0   0   0   0   0   0   0   0   0   0   0   0   0   0   0   0   0  0.00     0.00
   13 E    -1   0   0   1  -4   2   5  -2   0  -3  -3   1  -2  -3  -1   0  -1  -3  -2  -2    0   0   0   0   0   0   0   0   0   0   0   0   0   0   0   0   0   0   0   0  0.00     0.00
   14 R    -1   5   0  -2  -3   1   0  -2   0  -3  -2   2  -1  -3  -2  -1  -1  -3  -2  -2    0   0   0   0   0   0   0   0   0   0   0   0   0   0   0   0   0   0   0   0  0.00     0.00
   15 P    -1  -2  -2  -1  -3  -1  -1  -2  -2  -3  -3  -1  -2  -4   7  -1  -1  -4  -3  -2    0   0   0   0   0   0   0   0   0   0   0   0   0   0   0   0   0   0   0   0  0.00     0.00
   16 P    -1  -2  -2  -1  -3  -1  -1  -2  -2  -3  -3  -1  -2  -4   7  -1  -1  -4  -3  -2    0   0   0   0   0   0   0   0   0   0   0   0   0   0   0   0   0   0   0   0  0.00     0.00
   17 T     0  -1   0  -1  -1  -1  -1  -2  -2  -1  -1  -1  -1  -2  -1   1   4  -2  -2   0    0   0   0   0   0   0   0   0   0   0   0   0   0   0   0   0   0   0   0   0  0.00     0.00
   18 R    -1   5   0  -2  -3   1   0  -2   0  -3  -2   2  -1  -3  -2  -1  -1  -3  -2  -2    0   0   0   0   0   0   0   0   0   0   0   0   0   0   0   0   0   0   0   0  0.00     0.00
   19 S     1  -1   1   0  -1   0   0   0  -1  -2  -2   0  -1  -2  -1   4   1  -3  -2  -2    0   0   0   0   0   0   0   0   0   0   0   0   0   0   0   0   0   0   0   0  0.00     0.00
   20 I    -1  -3  -3  -3  -1  -3  -3  -4  -3   4   2  -3   1   0  -3  -2  -1  -3  -1   3    0   0   0   0   0   0   0   0   0   0   0   0   0   0   0   0   0   0   0   0  0.00     0.00
   21 M    -1  -1  -2  -3  -1   0  -2  -3  -2   1   2  -1   5   0  -2  -1  -1  -1  -1   1    0   0   0   0   0   0   0   0   0   0   0   0   0   0   0   0   0   0   0   0  0.00     0.00
   22 C     0  -3  -3  -3   8  -3  -4  -2  -3  -1  -1  -3  -1  -2  -3  -1  -1  -2  -2  -1    0   0   0   0   0   0   0   0   0   0   0   0   0   0   0   0   0   0   0   0  0.00     0.00
   23 S     1  -1   1   0  -1   0   0   0  -1  -2  -2   0  -1  -2  -1   4   1  -3  -2  -2    0   0   0   0   0   0   0   0   0   0   0   0   0   0   0   0   0   0   0   0  0.00     0.00
   24 L    -1  -2  -3  -4  -1  -2  -3  -4  -3   2   4  -2   2   0  -3  -2  -1  -2  -1   1    0   0   0   0   0   0   0   0   0   0   0   0   0   0   0   0   0   0   0   0  0.00     0.00
   25 I    -1  -3  -3  -3  -1  -3  -3  -4  -3   4   2  -3   1   0  -3  -2  -1  -3  -1   3    0   0   0   0   0   0   0   0   0   0   0   0   0   0   0   0   0   0   0   0  0.00     0.00
   26 T     0  -1   0  -1  -1  -1  -1  -2  -2  -1  -1  -1  -1  -2  -1   1   4  -2  -2   0    0   0   0   0   0   0   0   0   0   0   0   0   0   0   0   0   0   0   0   0  0.00     0.00
   27 T     0  -1   0  -1  -1  -1  -1  -2  -2  -1  -1  -1  -1  -2  -1   1   4  -2  -2   0    0   0   0   0   0   0   0   0   0   0   0   0   0   0   0   0   0   0   0   0  0.00     0.00
   28 L    -1  -2  -3  -4  -1  -2  -3  -4  -3   2   4  -2   2   0  -3  -2  -1  -2  -1   1    0   0   0   0   0   0   0   0   0   0   0   0   0   0   0   0   0   0   0   0  0.00     0.00
   29 L    -1  -2  -3  -4  -1  -2  -3  -4  -3   2   4  -2   2   0  -3  -2  -1  -2  -1   1    0   0   0   0   0   0   0   0   0   0   0   0   0   0   0   0   0   0   0   0  0.00     0.00
   30 T     0  -1   0  -1  -1  -1  -1  -2  -2  -1  -1  -1  -1  -2  -1   1   4  -2  -2   0    0   0   0   0   0   0   0   0   0   0   0   0   0   0   0   0   0   0   0   0  0.00     0.00
   31 A     4  -1  -2  -2   0  -1  -1   0  -2  -1  -1  -1  -1  -2  -1   1   0  -2  -2   0    0   0   0   0   0   0   0   0   0   0   0   0   0   0   0   0   0   0   0   0  0.00     0.00
   32 L    -1  -2  -3  -4  -1  -2  -3  -4  -3   2   4  -2   2   0  -3  -2  -1  -2  -1   1    0   0   0   0   0   0   0   0   0   0   0   0   0   0   0   0   0   0   0   0  0.00     0.00
   33 L    -1  -2  -3  -4  -1  -2  -3  -4  -3   2   4  -2   2   0  -3  -2  -1  -2  -1   1    0   0   0   0   0   0   0   0   0   0   0   0   0   0   0   0   0   0   0   0  0.00     0.00
   34 A     4  -1  -2  -2   0  -1  -1   0  -2  -1  -1  -1  -1  -2  -1   1   0  -2  -2   0    0   0   0   0   0   0   0   0   0   0   0   0   0   0   0   0   0   0   0   0  0.00     0.00
   35 A     4  -1  -2  -2   0  -1  -1   0  -2  -1  -1  -1  -1  -2  -1   1   0  -2  -2   0    0   0   0   0   0   0   0   0   0   0   0   0   0   0   0   0   0   0   0   0  0.00     0.00
   36 P    -1  -2  -2  -1  -3  -1  -1  -2  -2  -3  -3  -1  -2  -4   7  -1  -1  -4  -3  -2    0   0   0   0   0   0   0   0   0   0   0   0   0   0   0   0   0   0   0   0  0.00     0.00
   37 L    -1  -2  -3  -4  -1  -2  -3  -4  -3   2   4  -2   2   0  -3  -2  -1  -2  -1   1    0   0   0   0   0   0   0   0   0   0   0   0   0   0   0   0   0   0   0   0  0.00     0.00
   38 N    -2   0   6   1  -3   0   0   0   1  -3  -3   0  -2  -3  -2   1   0  -4  -2  -3    0   0   0   0   0   0   0   0   0   0   0   0   0   0   0   0   0   0   0   0  0.00     0.00
   39 L    -1  -2  -3  -4  -1  -2  -3  -4  -3   2   4  -2   2   0  -3  -2  -1  -2  -1   1    0   0   0   0   0   0   0   0   0   0   0   0   0   0   0   0   0   0   0   0  0.00     0.00
   40 G     0  -2   0  -1  -2  -2  -2   6  -2  -4  -4  -2  -3  -3  -2   0  -2  -2  -3  -3    0   0   0   0   0   0   0   0   0   0   0   0   0   0   0   0   0   0   0   0  0.00     0.00
   41 E    -1   0   0   1  -4   2   5  -2   0  -3  -3   1  -2  -3  -1   0  -1  -3  -2  -2    0   0   0   0   0   0   0   0   0   0   0   0   0   0   0   0   0   0   0   0  0.00     0.00
   42 P    -1  -2  -2  -1  -3  -1  -1  -2  -2  -3  -3  -1  -2  -4   7  -1  -1  -4  -3  -2    0   0   0   0   0   0   0   0   0   0   0   0   0   0   0   0   0   0   0   0  0.00     0.00
   43 I    -1  -3  -3  -3  -1  -3  -3  -4  -3   4   2  -3   1   0  -3  -2  -1  -3  -1   3    0   0   0   0   0   0   0   0   0   0   0   0   0   0   0   0   0   0   0   0  0.00     0.00
   44 V     0  -2  -3  -3  -1  -2  -2  -3  -3   3   1  -2   1  -1  -2  -2   0  -3  -1   4    0   0   0   0   0   0   0   0   0   0   0   0   0   0   0   0   0   0   0   0  0.00     0.00
   45 A     4  -1  -2  -2   0  -1  -1   0  -2  -1  -1  -1  -1  -2  -1   1   0  -2  -2   0    0   0   0   0   0   0   0   0   0   0   0   0   0   0   0   0   0   0   0   0  0.00     0.00
   46 T     0  -1   0  -1  -1  -1  -1  -2  -2  -1  -1  -1  -1  -2  -1   1   4  -2  -2   0    0   0   0   0   0   0   0   0   0   0   0   0   0   0   0   0   0   0   0   0  0.00     0.00
   47 V     0  -2  -3  -3  -1  -2  -2  -3  -3   3   1  -2   1  -1  -2  -2   0  -3  -1   4    0   0   0   0   0   0   0   0   0   0   0   0   0   0   0   0   0   0   0   0  0.00     0.00
   48 S     1  -1   1   0  -1   0   0   0  -1  -2  -2   0  -1  -2  -1   4   1  -3  -2  -2    0   0   0   0   0   0   0   0   0   0   0   0   0   0   0   0   0   0   0   0  0.00     0.00
   49 G     0  -2   0  -1  -2  -2  -2   6  -2  -4  -4  -2  -3  -3  -2   0  -2  -2  -3  -3    0   0   0   0   0   0   0   0   0   0   0   0   0   0   0   0   0   0   0   0  0.00     0.00
   50 A     4  -1  -2  -2   0  -1  -1   0  -2  -1  -1  -1  -1  -2  -1   1   0  -2  -2   0    0   0   0   0   0   0   0   0   0   0   0   0   0   0   0   0   0   0   0   0  0.00     0.00
   51 G     0  -2   0  -1  -2  -2  -2   6  -2  -4  -4  -2  -3  -3  -2   0  -2  -2  -3  -3    0   0   0   0   0   0   0   0   0   0   0   0   0   0   0   0   0   0   0   0  0.00     0.00
   52 G     0  -2   0  -1  -2  -2  -2   6  -2  -4  -4  -2  -3  -3  -2   0  -2  -2  -3  -3    0   0   0   0   0   0   0   0   0   0   0   0   0   0   0   0   0   0   0   0  0.00     0.00
   53 V     0  -2  -3  -3  -1  -2  -2  -3  -3   3   1  -2   1  -1  -2  -2   0  -3  -1   4    0   0   0   0   0   0   0   0   0   0   0   0   0   0   0   0   0   0   0   0  0.00     0.00
   54 A     4  -1  -2  -2   0  -1  -1   0  -2  -1  -1  -1  -1  -2  -1   1   0  -2  -2   0    0   0   0   0   0   0   0   0   0   0   0   0   0   0   0   0   0   0   0   0  0.00     0.00
   55 E    -1   0   0   1  -4   2   5  -2   0  -3  -3   1  -2  -3  -1   0  -1  -3  -2  -2    0   0   0   0   0   0   0   0   0   0   0   0   0   0   0   0   0   0   0   0  0.00     0.00
   56 D    -2  -2   1   6  -3   0   1  -1  -1  -3  -4  -1  -3  -3  -1   0  -1  -4  -3  -3    0   0   0   0   0   0   0   0   0   0   0   0   0   0   0   0   0   0   0   0  0.00     0.00
   57 Q    -1   1   0   0  -3   5   2  -2   0  -3  -2   1   0  -3  -1   0  -1  -2  -1  -2    0   0   0   0   0   0   0   0   0   0   0   0   0   0   0   0   0   0   0   0  0.00     0.00
   58 T     0  -1   0  -1  -1  -1  -1  -2  -2  -1  -1  -1  -1  -2  -1   1   4  -2  -2   0    0   0   0   0   0   0   0   0   0   0   0   0   0   0   0   0   0   0   0   0  0.00     0.00
   59 Y    -2  -2  -2  -3  -2  -1  -2  -3   2  -1  -1  -2  -1   3  -3  -2  -2   2   7  -1    0   0   0   0   0   0   0   0   0   0   0   0   0   0   0   0   0   0   0   0  0.00     0.00
   60 E    -1   0   0   1  -4   2   5  -2   0  -3  -3   1  -2  -3  -1   0  -1  -3  -2  -2    0   0   0   0   0   0   0   0   0   0   0   0   0   0   0   0   0   0   0   0  0.00     0.00
   61 R    -1   5   0  -2  -3   1   0  -2   0  -3  -2   2  -1  -3  -2  -1  -1  -3  -2  -2    0   0   0   0   0   0   0   0   0   0   0   0   0   0   0   0   0   0   0   0  0.00     0.00
   62 W    -2  -3  -4  -4  -2  -2  -3  -2  -2  -3  -2  -3  -1   1  -4  -3  -2  10   2  -3    0   0   0   0   0   0   0   0   0   0   0   0   0   0   0   0   0   0   0   0  0.00     0.00
   63 L    -1  -2  -3  -4  -1  -2  -3  -4  -3   2   4  -2   2   0  -3  -2  -1  -2  -1   1    0   0   0   0   0   0   0   0   0   0   0   0   0   0   0   0   0   0   0   0  0.00     0.00
   64 R    -1   5   0  -2  -3   1   0  -2   0  -3  -2   2  -1  -3  -2  -1  -1  -3  -2  -2    0   0   0   0   0   0   0   0   0   0   0   0   0   0   0   0   0   0   0   0  0.00     0.00
   65 S     1  -1   1   0  -1   0   0   0  -1  -2  -2   0  -1  -2  -1   4   1  -3  -2  -2    0   0   0   0   0   0   0   0   0   0   0   0   0   0   0   0   0   0   0   0  0.00     0.00
   66 T     0  -1   0  -1  -1  -1  -1  -2  -2  -1  -1  -1  -1  -2  -1   1   4  -2  -2   0    0   0   0   0   0   0   0   0   0   0   0   0   0   0   0   0   0   0   0   0  0.00     0.00
   67 E    -1   0   0   1  -4   2   5  -2   0  -3  -3   1  -2  -3  -1   0  -1  -3  -2  -2    0   0   0   0   0   0   0   0   0   0   0   0   0   0   0   0   0   0   0   0  0.00     0.00
   68 H    -2   0   1  -1  -3   0   0  -2   7  -3  -3  -1  -2  -1  -2  -1  -2  -2   2  -3    0   0   0   0   0   0   0   0   0   0   0   0   0   0   0   0   0   0   0   0  0.00     0.00
   69 A     4  -1  -2  -2   0  -1  -1   0  -2  -1  -1  -1  -1  -2  -1   1   0  -2  -2   0    0   0   0   0   0   0   0   0   0   0   0   0   0   0   0   0   0   0   0   0  0.00     0.00
   70 R    -1   5   0  -2  -3   1   0  -2   0  -3  -2   2  -1  -3  -2  -1  -1  -3  -2  -2    0   0   0   0   0   0   0   0   0   0   0   0   0   0   0   0   0   0   0   0  0.00     0.00
   71 R    -1   5   0  -2  -3   1   0  -2   0  -3  -2   2  -1  -3  -2  -1  -1  -3  -2  -2    0   0   0   0   0   0   0   0   0   0   0   0   0   0   0   0   0   0   0   0  0.00     0.00
   72 S     1  -1   1   0  -1   0   0   0  -1  -2  -2   0  -1  -2  -1   4   1  -3  -2  -2    0   0   0   0   0   0   0   0   0   0   0   0   0   0   0   0   0   0   0   0  0.00     0.00
   73 L    -1  -2  -3  -4  -1  -2  -3  -4  -3   2   4  -2   2   0  -3  -2  -1  -2  -1   1    0   0   0   0   0   0   0   0   0   0   0   0   0   0   0   0   0   0   0   0  0.00     0.00
   74 E    -1   0   0   1  -4   2   5  -2   0  -3  -3   1  -2  -3  -1   0  -1  -3  -2  -2    0   0   0   0   0   0   0   0   0   0   0   0   0   0   0   0   0   0   0   0  0.00     0.00
   75 Q    -1   1   0   0  -3   5   2  -2   0  -3  -2   1   0  -3  -1   0  -1  -2  -1  -2    0   0   0   0   0   0   0   0   0   0   0   0   0   0   0   0   0   0   0   0  0.00     0.00
   76 A     4  -1  -2  -2   0  -1  -1   0  -2  -1  -1  -1  -1  -2  -1   1   0  -2  -2   0    0   0   0   0   0   0   0   0   0   0   0   0   0   0   0   0   0   0   0   0  0.00     0.00
   77 E    -1   0   0   1  -4   2   5  -2   0  -3  -3   1  -2  -3  -1   0  -1  -3  -2  -2    0   0   0   0   0   0   0   0   0   0   0   0   0   0   0   0   0   0   0   0  0.00     0.00
   78 A     4  -1  -2  -2   0  -1  -1   0  -2  -1  -1  -1  -1  -2  -1   1   0  -2  -2   0    0   0   0   0   0   0   0   0   0   0   0   0   0   0   0   0   0   0   0   0  0.00     0.00
   79 M    -1  -1  -2  -3  -1   0  -2  -3  -2   1   2  -1   5   0  -2  -1  -1  -1  -1   1    0   0   0   0   0   0   0   0   0   0   0   0   0   0   0   0   0   0   0   0  0.00     0.00
   80 E    -1   0   0   1  -4   2   5  -2   0  -3  -3   1  -2  -3  -1   0  -1  -3  -2  -2    0   0   0   0   0   0   0   0   0   0   0   0   0   0   0   0   0   0   0   0  0.00     0.00
   81 E    -1   0   0   1  -4   2   5  -2   0  -3  -3   1  -2  -3  -1   0  -1  -3  -2  -2    0   0   0   0   0   0   0   0   0   0   0   0   0   0   0   0   0   0   0   0  0.00     0.00
   82 L    -1  -2  -3  -4  -1  -2  -3  -4  -3   2   4  -2   2   0  -3  -2  -1  -2  -1   1    0   0   0   0   0   0   0   0   0   0   0   0   0   0   0   0   0   0   0   0  0.00     0.00
   83 L    -1  -2  -3  -4  -1  -2  -3  -4  -3   2   4  -2   2   0  -3  -2  -1  -2  -1   1    0   0   0   0   0   0   0   0   0   0   0   0   0   0   0   0   0   0   0   0  0.00     0.00
   84 R    -1   5   0  -2  -3   1   0  -2   0  -3  -2   2  -1  -3  -2  -1  -1  -3  -2  -2    0   0   0   0   0   0   0   0   0   0   0   0   0   0   0   0   0   0   0   0  0.00     0.00
   85 Q    -1   1   0   0  -3   5   2  -2   0  -3  -2   1   0  -3  -1   0  -1  -2  -1  -2    0   0   0   0   0   0   0   0   0   0   0   0   0   0   0   0   0   0   0   0  0.00     0.00
   86 R    -1   5   0  -2  -3   1   0  -2   0  -3  -2   2  -1  -3  -2  -1  -1  -3  -2  -2    0   0   0   0   0   0   0   0   0   0   0   0   0   0   0   0   0   0   0   0  0.00     0.00
   87 L    -1  -2  -3  -4  -1  -2  -3  -4  -3   2   4  -2   2   0  -3  -2  -1  -2  -1   1    0   0   0   0   0   0   0   0   0   0   0   0   0   0   0   0   0   0   0   0  0.00     0.00
   88 G     0  -2   0  -1  -2  -2  -2   6  -2  -4  -4  -2  -3  -3  -2   0  -2  -2  -3  -3    0   0   0   0   0   0   0   0   0   0   0   0   0   0   0   0   0   0   0   0  0.00     0.00
   89 L    -1  -2  -3  -4  -1  -2  -3  -4  -3   2   4  -2   2   0  -3  -2  -1  -2  -1   1    0   0   0   0   0   0   0   0   0   0   0   0   0   0   0   0   0   0   0   0  0.00     0.00
   90 D    -2  -2   1   6  -3   0   1  -1  -1  -3  -4  -1  -3  -3  -1   0  -1  -4  -3  -3    0   0   0   0   0   0   0   0   0   0   0   0   0   0   0   0   0   0   0   0  0.00     0.00
   91 E    -1   0   0   1  -4   2   5  -2   0  -3  -3   1  -2  -3  -1   0  -1  -3  -2  -2    0   0   0   0   0   0   0   0   0   0   0   0   0   0   0   0   0   0   0   0  0.00     0.00
   92 A     4  -1  -2  -2   0  -1  -1   0  -2  -1  -1  -1  -1  -2  -1   1   0  -2  -2   0    0   0   0   0   0   0   0   0   0   0   0   0   0   0   0   0   0   0   0   0  0.00     0.00
   93 E    -1   0   0   1  -4   2   5  -2   0  -3  -3   1  -2  -3  -1   0  -1  -3  -2  -2    0   0   0   0   0   0   0   0   0   0   0   0   0   0   0   0   0   0   0   0  0.00     0.00
   94 L    -1  -2  -3  -4  -1  -2  -3  -4  -3   2   4  -2   2   0  -3  -2  -1  -2  -1   1    0   0   0   0   0   0   0   0   0   0   0   0   0   0   0   0   0   0   0   0  0.00     0.00
   95 K    -1   2   0  -1  -3   1   1  -2  -1  -3  -2   4  -1  -3  -1   0  -1  -3  -2  -2    0   0   0   0   0   0   0   0   0   0   0   0   0   0   0   0   0   0   0   0  0.00     0.00
   96 G     0  -2   0  -1  -2  -2  -2   6  -2  -4  -4  -2  -3  -3  -2   0  -2  -2  -3  -3    0   0   0   0   0   0   0   0   0   0   0   0   0   0   0   0   0   0   0   0  0.00     0.00
   97 L    -1  -2  -3  -4  -1  -2  -3  -4  -3   2   4  -2   2   0  -3  -2  -1  -2  -1   1    0   0   0   0   0   0   0   0   0   0   0   0   0   0   0   0   0   0   0   0  0.00     0.00
   98 V     0  -2  -3  -3  -1  -2  -2  -3  -3   3   1  -2   1  -1  -2  -2   0  -3  -1   4    0   0   0   0   0   0   0   0   0   0   0   0   0   0   0   0   0   0   0   0  0.00     0.00
   99 C     0  -3  -3  -3   8  -3  -4  -2  -3  -1  -1  -3  -1  -2  -3  -1  -1  -2  -2  -1    0   0   0   0   0   0   0   0   0   0   0   0   0   0   0   0   0   0   0   0  0.00     0.00
  100 S     1  -1   1   0  -1   0   0   0  -1  -2  -2   0  -1  -2  -1   4   1  -3  -2  -2    0   0   0   0   0   0   0   0   0   0   0   0   0   0   0   0   0   0   0   0  0.00     0.00
  101 R    -1   5   0  -2  -3   1   0  -2   0  -3  -2   2  -1  -3  -2  -1  -1  -3  -2  -2    0   0   0   0   0   0   0   0   0   0   0   0   0   0   0   0   0   0   0   0  0.00     0.00
  102 S     1  -1   1   0  -1   0   0   0  -1  -2  -2   0  -1  -2  -1   4   1  -3  -2  -2    0   0   0   0   0   0   0   0   0   0   0   0   0   0   0   0   0   0   0   0  0.00     0.00
  103 S     1  -1   1   0  -1   0   0   0  -1  -2  -2   0  -1  -2  -1   4   1  -3  -2  -2    0   0   0   0   0   0   0   0   0   0   0   0   0   0   0   0   0   0   0   0  0.00     0.00
  104 I    -1  -3  -3  -3  -1  -3  -3  -4  -3   4   2  -3   1   0  -3  -2  -1  -3  -1   3    0   0   0   0   0   0   0   0   0   0   0   0   0   0   0   0   0   0   0   0  0.00     0.00
  105 L    -1  -2  -3  -4  -1  -2  -3  -4  -3   2   4  -2   2   0  -3  -2  -1  -2  -1   1    0   0   0   0   0   0   0   0   0   0   0   0   0   0   0   0   0   0   0   0  0.00     0.00
  106 Q    -1   1   0   0  -3   5   2  -2   0  -3  -2   1   0  -3  -1   0  -1  -2  -1  -2    0   0   0   0   0   0   0   0   0   0   0   0   0   0   0   0   0   0   0   0  0.00     0.00
  107 M    -1  -1  -2  -3  -1   0  -2  -3  -2   1   2  -1   5   0  -2  -1  -1  -1  -1   1    0   0   0   0   0   0   0   0   0   0   0   0   0   0   0   0   0   0   0   0  0.00     0.00
  108 S     1  -1   1   0  -1   0   0   0  -1  -2  -2   0  -1  -2  -1   4   1  -3  -2  -2    0   0   0   0   0   0   0   0   0   0   0   0   0   0   0   0   0   0   0   0  0.00     0.00
  109 Y    -2  -2  -2  -3  -2  -1  -2  -3   2  -1  -1  -2  -1   3  -3  -2  -2   2   7  -1    0   0   0   0   0   0   0   0   0   0   0   0   0   0   0   0   0   0   0   0  0.00     0.00
  110 P    -1  -2  -2  -1  -3  -1  -1  -2  -2  -3  -3  -1  -2  -4   7  -1  -1  -4  -3  -2    0   0   0   0   0   0   0   0   0   0   0   0   0   0   0   0   0   0   0   0  0.00     0.00
  111 E    -1   0   0   1  -4   2   5  -2   0  -3  -3   1  -2  -3  -1   0  -1  -3  -2  -2    0   0   0   0   0   0   0   0   0   0   0   0   0   0   0   0   0   0   0   0  0.00     0.00
  112 V     0  -2  -3  -3  -1  -2  -2  -3  -3   3   1  -2   1  -1  -2  -2   0  -3  -1   4    0   0   0   0   0   0   0   0   0   0   0   0   0   0   0   0   0   0   0   0  0.00     0.00
  113 V     0  -2  -3  -3  -1  -2  -2  -3  -3   3   1  -2   1  -1  -2  -2   0  -3  -1   4    0   0   0   0   0   0   0   0   0   0   0   0   0   0   0   0   0   0   0   0  0.00     0.00
  114 E    -1   0   0   1  -4   2   5  -2   0  -3  -3   1  -2  -3  -1   0  -1  -3  -2  -2    0   0   0   0   0   0   0   0   0   0   0   0   0   0   0   0   0   0   0   0  0.00     0.00
  115 P    -1  -2  -2  -1  -3  -1  -1  -2  -2  -3  -3  -1  -2  -4   7  -1  -1  -4  -3  -2    0   0   0   0   0   0   0   0   0   0   0   0   0   0   0   0   0   0   0   0  0.00     0.00
  116 W    -2  -3  -4  -4  -2  -2  -3  -2  -2  -3  -2  -3  -1   1  -4  -3  -2  10   2  -3    0   0   0   0   0   0   0   0   0   0   0   0   0   0   0   0   0   0   0   0  0.00     0.00
  117 I    -1  -3  -3  -3  -1  -3  -3  -4  -3   4   2  -3   1   0  -3  -2  -1  -3  -1   3    0   0   0   0   0   0   0   0   0   0   0   0   0   0   0   0   0   0   0   0  0.00     0.00
  118 S     1  -1   1   0  -1   0   0   0  -1  -2  -2   0  -1  -2  -1   4   1  -3  -2  -2    0   0   0   0   0   0   0   0   0   0   0   0   0   0   0   0   0   0   0   0  0.00     0.00
  119 R    -1   5   0  -2  -3   1   0  -2   0  -3  -2   2  -1  -3  -2  -1  -1  -3  -2  -2    0   0   0   0   0   0   0   0   0   0   0   0   0   0   0   0   0   0   0   0  0.00     0.00
  120 L    -1  -2  -3  -4  -1  -2  -3  -4  -3   2   4  -2   2   0  -3  -2  -1  -2  -1   1    0   0   0   0   0   0   0   0   0   0   0   0   0   0   0   0   0   0   0   0  0.00     0.00
  121 E    -1   0   0   1  -4   2   5  -2   0  -3  -3   1  -2  -3  -1   0  -1  -3  -2  -2    0   0   0   0   0   0   0   0   0   0   0   0   0   0   0   0   0   0   0   0  0.00     0.00
  122 A     4  -1  -2  -2   0  -1  -1   0  -2  -1  -1  -1  -1  -2  -1   1   0  -2  -2   0    0   0   0   0   0   0   0   0   0   0   0   0   0   0   0   0   0   0   0   0  0.00     0.00
  123 R    -1   5   0  -2  -3   1   0  -2   0  -3  -2   2  -1  -3  -2  -1  -1  -3  -2  -2    0   0   0   0   0   0   0   0   0   0   0   0   0   0   0   0   0   0   0   0  0.00     0.00
  124 L    -1  -2  -3  -4  -1  -2  -3  -4  -3   2   4  -2   2   0  -3  -2  -1  -2  -1   1    0   0   0   0   0   0   0   0   0   0   0   0   0   0   0   0   0   0   0   0  0.00     0.00
  125 G     0  -2   0  -1  -2  -2  -2   6  -2  -4  -4  -2  -3  -3  -2   0  -2  -2  -3  -3    0   0   0   0   0   0   0   0   0   0   0   0   0   0   0   0   0   0   0   0  0.00     0.00
  126 L    -1  -2  -3  -4  -1  -2  -3  -4  -3   2   4  -2   2   0  -3  -2  -1  -2  -1   1    0   0   0   0   0   0   0   0   0   0   0   0   0   0   0   0   0   0   0   0  0.00     0.00
  127 D    -2  -2   1   6  -3   0   1  -1  -1  -3  -4  -1  -3  -3  -1   0  -1  -4  -3  -3    0   0   0   0   0   0   0   0   0   0   0   0   0   0   0   0   0   0   0   0  0.00     0.00
  128 A     4  -1  -2  -2   0  -1  -1   0  -2  -1  -1  -1  -1  -2  -1   1   0  -2  -2   0    0   0   0   0   0   0   0   0   0   0   0   0   0   0   0   0   0   0   0   0  0.00     0.00
  129 A     4  -1  -2  -2   0  -1  -1   0  -2  -1  -1  -1  -1  -2  -1   1   0  -2  -2   0    0   0   0   0   0   0   0   0   0   0   0   0   0   0   0   0   0   0   0   0  0.00     0.00
  130 G     0  -2   0  -1  -2  -2  -2   6  -2  -4  -4  -2  -3  -3  -2   0  -2  -2  -3  -3    0   0   0   0   0   0   0   0   0   0   0   0   0   0   0   0   0   0   0   0  0.00     0.00
  131 L    -1  -2  -3  -4  -1  -2  -3  -4  -3   2   4  -2   2   0  -3  -2  -1  -2  -1   1    0   0   0   0   0   0   0   0   0   0   0   0   0   0   0   0   0   0   0   0  0.00     0.00
  132 K    -1   2   0  -1  -3   1   1  -2  -1  -3  -2   4  -1  -3  -1   0  -1  -3  -2  -2    0   0   0   0   0   0   0   0   0   0   0   0   0   0   0   0   0   0   0   0  0.00     0.00
  133 E    -1   0   0   1  -4   2   5  -2   0  -3  -3   1  -2  -3  -1   0  -1  -3  -2  -2    0   0   0   0   0   0   0   0   0   0   0   0   0   0   0   0   0   0   0   0  0.00     0.00
  134 L    -1  -2  -3  -4  -1  -2  -3  -4  -3   2   4  -2   2   0  -3  -2  -1  -2  -1   1    0   0   0   0   0   0   0   0   0   0   0   0   0   0   0   0   0   0   0   0  0.00     0.00
  135 L    -1  -2  -3  -4  -1  -2  -3  -4  -3   2   4  -2   2   0  -3  -2  -1  -2  -1   1    0   0   0   0   0   0   0   0   0   0   0   0   0   0   0   0   0   0   0   0  0.00     0.00
  136 L    -1  -2  -3  -4  -1  -2  -3  -4  -3   2   4  -2   2   0  -3  -2  -1  -2  -1   1    0   0   0   0   0   0   0   0   0   0   0   0   0   0   0   0   0   0   0   0  0.00     0.00
  137 A     4  -1  -2  -2   0  -1  -1   0  -2  -1  -1  -1  -1  -2  -1   1   0  -2  -2   0    0   0   0   0   0   0   0   0   0   0   0   0   0   0   0   0   0   0   0   0  0.00     0.00
  138 R    -1   5   0  -2  -3   1   0  -2   0  -3  -2   2  -1  -3  -2  -1  -1  -3  -2  -2    0   0   0   0   0   0   0   0   0   0   0   0   0   0   0   0   0   0   0   0  0.00     0.00
  139 P    -1  -2  -2  -1  -3  -1  -1  -2  -2  -3  -3  -1  -2  -4   7  -1  -1  -4  -3  -2    0   0   0   0   0   0   0   0   0   0   0   0   0   0   0   0   0   0   0   0  0.00     0.00
  140 E    -1   0   0   1  -4   2   5  -2   0  -3  -3   1  -2  -3  -1   0  -1  -3  -2  -2    0   0   0   0   0   0   0   0   0   0   0   0   0   0   0   0   0   0   0   0  0.00     0.00
  141 L    -1  -2  -3  -4  -1  -2  -3  -4  -3   2   4  -2   2   0  -3  -2  -1  -2  -1   1    0   0   0   0   0   0   0   0   0   0   0   0   0   0   0   0   0   0   0   0  0.00     0.00
  142 L    -1  -2  -3  -4  -1  -2  -3  -4  -3   2   4  -2   2   0  -3  -2  -1  -2  -1   1    0   0   0   0   0   0   0   0   0   0   0   0   0   0   0   0   0   0   0   0  0.00     0.00
  143 A     4  -1  -2  -2   0  -1  -1   0  -2  -1  -1  -1  -1  -2  -1   1   0  -2  -2   0    0   0   0   0   0   0   0   0   0   0   0   0   0   0   0   0   0   0   0   0  0.00     0.00
  144 S     1  -1   1   0  -1   0   0   0  -1  -2  -2   0  -1  -2  -1   4   1  -3  -2  -2    0   0   0   0   0   0   0   0   0   0   0   0   0   0   0   0   0   0   0   0  0.00     0.00
  145 S     1  -1   1   0  -1   0   0   0  -1  -2  -2   0  -1  -2  -1   4   1  -3  -2  -2    0   0   0   0   0   0   0   0   0   0   0   0   0   0   0   0   0   0   0   0  0.00     0.00
  146 Y    -2  -2  -2  -3  -2  -1  -2  -3   2  -1  -1  -2  -1   3  -3  -2  -2   2   7  -1    0   0   0   0   0   0   0   0   0   0   0   0   0   0   0   0   0   0   0   0  0.00     0.00
  147 E    -1   0   0   1  -4   2   5  -2   0  -3  -3   1  -2  -3  -1   0  -1  -3  -2  -2    0   0   0   0   0   0   0   0   0   0   0   0   0   0   0   0   0   0   0   0  0.00     0.00
  148 D    -2  -2   1   6  -3   0   1  -1  -1  -3  -4  -1  -3  -3  -1   0  -1  -4  -3  -3    0   0   0   0   0   0   0   0   0   0   0   0   0   0   0   0   0   0   0   0  0.00     0.00
  149 I    -1  -3  -3  -3  -1  -3  -3  -4  -3   4   2  -3   1   0  -3  -2  -1  -3  -1   3    0   0   0   0   0   0   0   0   0   0   0   0   0   0   0   0   0   0   0   0  0.00     0.00
  150 I    -1  -3  -3  -3  -1  -3  -3  -4  -3   4   2  -3   1   0  -3  -2  -1  -3  -1   3    0   0   0   0   0   0   0   0   0   0   0   0   0   0   0   0   0   0   0   0  0.00     0.00
  151 E    -1   0   0   1  -4   2   5  -2   0  -3  -3   1  -2  -3  -1   0  -1  -3  -2  -2    0   0   0   0   0   0   0   0   0   0   0   0   0   0   0   0   0   0   0   0  0.00     0.00
  152 P    -1  -2  -2  -1  -3  -1  -1  -2  -2  -3  -3  -1  -2  -4   7  -1  -1  -4  -3  -2    0   0   0   0   0   0   0   0   0   0   0   0   0   0   0   0   0   0   0   0  0.00     0.00
  153 S     1  -1   1   0  -1   0   0   0  -1  -2  -2   0  -1  -2  -1   4   1  -3  -2  -2    0   0   0   0   0   0   0   0   0   0   0   0   0   0   0   0   0   0   0   0  0.00     0.00
  154 L    -1  -2  -3  -4  -1  -2  -3  -4  -3   2   4  -2   2   0  -3  -2  -1  -2  -1   1    0   0   0   0   0   0   0   0   0   0   0   0   0   0   0   0   0   0   0   0  0.00     0.00
  155 E    -1   0   0   1  -4   2   5  -2   0  -3  -3   1  -2  -3  -1   0  -1  -3  -2  -2    0   0   0   0   0   0   0   0   0   0   0   0   0   0   0   0   0   0   0   0  0.00     0.00
  156 A     4  -1  -2  -2   0  -1  -1   0  -2  -1  -1  -1  -1  -2  -1   1   0  -2  -2   0    0   0   0   0   0   0   0   0   0   0   0   0   0   0   0   0   0   0   0   0  0.00     0.00
  157 L    -1  -2  -3  -4  -1  -2  -3  -4  -3   2   4  -2   2   0  -3  -2  -1  -2  -1   1    0   0   0   0   0   0   0   0   0   0   0   0   0   0   0   0   0   0   0   0  0.00     0.00
  158 Q    -1   1   0   0  -3   5   2  -2   0  -3  -2   1   0  -3  -1   0  -1  -2  -1  -2    0   0   0   0   0   0   0   0   0   0   0   0   0   0   0   0   0   0   0   0  0.00     0.00
  159 G     0  -2   0  -1  -2  -2  -2   6  -2  -4  -4  -2  -3  -3  -2   0  -2  -2  -3  -3    0   0   0   0   0   0   0   0   0   0   0   0   0   0   0   0   0   0   0   0  0.00     0.00
  160 R    -1   5   0  -2  -3   1   0  -2   0  -3  -2   2  -1  -3  -2  -1  -1  -3  -2  -2    0   0   0   0   0   0   0   0   0   0   0   0   0   0   0   0   0   0   0   0  0.00     0.00
  161 P    -1  -2  -2  -1  -3  -1  -1  -2  -2  -3  -3  -1  -2  -4   7  -1  -1  -4  -3  -2    0   0   0   0   0   0   0   0   0   0   0   0   0   0   0   0   0   0   0   0  0.00     0.00
  162 L    -1  -2  -3  -4  -1  -2  -3  -4  -3   2   4  -2   2   0  -3  -2  -1  -2  -1   1    0   0   0   0   0   0   0   0   0   0   0   0   0   0   0   0   0   0   0   0  0.00     0.00
  163 G     0  -2   0  -1  -2  -2  -2   6  -2  -4  -4  -2  -3  -3  -2   0  -2  -2  -3  -3    0   0   0   0   0   0   0   0   0   0   0   0   0   0   0   0   0   0   0   0  0.00     0.00
  164 L    -1  -2  -3  -4  -1  -2  -3  -4  -3   2   4  -2   2   0  -3  -2  -1  -2  -1   1    0   0   0   0   0   0   0   0   0   0   0   0   0   0   0   0   0   0   0   0  0.00     0.00
  165 S     1  -1   1   0  -1   0   0   0  -1  -2  -2   0  -1  -2  -1   4   1  -3  -2  -2    0   0   0   0   0   0   0   0   0   0   0   0   0   0   0   0   0   0   0   0  0.00     0.00
  166 D    -2  -2   1   6  -3   0   1  -1  -1  -3  -4  -1  -3  -3  -1   0  -1  -4  -3  -3    0   0   0   0   0   0   0   0   0   0   0   0   0   0   0   0   0   0   0   0  0.00     0.00
  167 A     4  -1  -2  -2   0  -1  -1   0  -2  -1  -1  -1  -1  -2  -1   1   0  -2  -2   0    0   0   0   0   0   0   0   0   0   0   0   0   0   0   0   0   0   0   0   0  0.00     0.00
  168 E    -1   0   0   1  -4   2   5  -2   0  -3  -3   1  -2  -3  -1   0  -1  -3  -2  -2    0   0   0   0   0   0   0   0   0   0   0   0   0   0   0   0   0   0   0   0  0.00     0.00
  169 L    -1  -2  -3  -4  -1  -2  -3  -4  -3   2   4  -2   2   0  -3  -2  -1  -2  -1   1    0   0   0   0   0   0   0   0   0   0   0   0   0   0   0   0   0   0   0   0  0.00     0.00
  170 K    -1   2   0  -1  -3   1   1  -2  -1  -3  -2   4  -1  -3  -1   0  -1  -3  -2  -2    0   0   0   0   0   0   0   0   0   0   0   0   0   0   0   0   0   0   0   0  0.00     0.00
  171 Q    -1   1   0   0  -3   5   2  -2   0  -3  -2   1   0  -3  -1   0  -1  -2  -1  -2    0   0   0   0   0   0   0   0   0   0   0   0   0   0   0   0   0   0   0   0  0.00     0.00
  172 L    -1  -2  -3  -4  -1  -2  -3  -4  -3   2   4  -2   2   0  -3  -2  -1  -2  -1   1    0   0   0   0   0   0   0   0   0   0   0   0   0   0   0   0   0   0   0   0  0.00     0.00
  173 L    -1  -2  -3  -4  -1  -2  -3  -4  -3   2   4  -2   2   0  -3  -2  -1  -2  -1   1    0   0   0   0   0   0   0   0   0   0   0   0   0   0   0   0   0   0   0   0  0.00     0.00
  174 L    -1  -2  -3  -4  -1  -2  -3  -4  -3   2   4  -2   2   0  -3  -2  -1  -2  -1   1    0   0   0   0   0   0   0   0   0   0   0   0   0   0   0   0   0   0   0   0  0.00     0.00
  175 A     4  -1  -2  -2   0  -1  -1   0  -2  -1  -1  -1  -1  -2  -1   1   0  -2  -2   0    0   0   0   0   0   0   0   0   0   0   0   0   0   0   0   0   0   0   0   0  0.00     0.00
  176 H    -2   0   1  -1  -3   0   0  -2   7  -3  -3  -1  -2  -1  -2  -1  -2  -2   2  -3    0   0   0   0   0   0   0   0   0   0   0   0   0   0   0   0   0   0   0   0  0.00     0.00
  177 P    -1  -2  -2  -1  -3  -1  -1  -2  -2  -3  -3  -1  -2  -4   7  -1  -1  -4  -3  -2    0   0   0   0   0   0   0   0   0   0   0   0   0   0   0   0   0   0   0   0  0.00     0.00
  178 A     4  -1  -2  -2   0  -1  -1   0  -2  -1  -1  -1  -1  -2  -1   1   0  -2  -2   0    0   0   0   0   0   0   0   0   0   0   0   0   0   0   0   0   0   0   0   0  0.00     0.00
  179 A     4  -1  -2  -2   0  -1  -1   0  -2  -1  -1  -1  -1  -2  -1   1   0  -2  -2   0    0   0   0   0   0   0   0   0   0   0   0   0   0   0   0   0   0   0   0   0  0.00     0.00
  180 L    -1  -2  -3  -4  -1  -2  -3  -4  -3   2   4  -2   2   0  -3  -2  -1  -2  -1   1    0   0   0   0   0   0   0   0   0   0   0   0   0   0   0   0   0   0   0   0  0.00     0.00
  181 D    -2  -2   1   6  -3   0   1  -1  -1  -3  -4  -1  -3  -3  -1   0  -1  -4  -3  -3    0   0   0   0   0   0   0   0   0   0   0   0   0   0   0   0   0   0   0   0  0.00     0.00
  182 C     0  -3  -3  -3   8  -3  -4  -2  -3  -1  -1  -3  -1  -2  -3  -1  -1  -2  -2  -1    0   0   0   0   0   0   0   0   0   0   0   0   0   0   0   0   0   0   0   0  0.00     0.00
  183 S     1  -1   1   0  -1   0   0   0  -1  -2  -2   0  -1  -2  -1   4   1  -3  -2  -2    0   0   0   0   0   0   0   0   0   0   0   0   0   0   0   0   0   0   0   0  0.00     0.00
  184 P    -1  -2  -2  -1  -3  -1  -1  -2  -2  -3  -3  -1  -2  -4   7  -1  -1  -4  -3  -2    0   0   0   0   0   0   0   0   0   0   0   0   0   0   0   0   0   0   0   0  0.00     0.00
  185 R    -1   5   0  -2  -3   1   0  -2   0  -3  -2   2  -1  -3  -2  -1  -1  -3  -2  -2    0   0   0   0   0   0   0   0   0   0   0   0   0   0   0   0   0   0   0   0  0.00     0.00
  186 G     0  -2   0  -1  -2  -2  -2   6  -2  -4  -4  -2  -3  -3  -2   0  -2  -2  -3  -3    0   0   0   0   0   0   0   0   0   0   0   0   0   0   0   0   0   0   0   0  0.00     0.00
  187 E    -1   0   0   1  -4   2   5  -2   0  -3  -3   1  -2  -3  -1   0  -1  -3  -2  -2    0   0   0   0   0   0   0   0   0   0   0   0   0   0   0   0   0   0   0   0  0.00     0.00
  188 E    -1   0   0   1  -4   2   5  -2   0  -3  -3   1  -2  -3  -1   0  -1  -3  -2  -2    0   0   0   0   0   0   0   0   0   0   0   0   0   0   0   0   0   0   0   0  0.00     0.00
  189 S     1  -1   1   0  -1   0   0   0  -1  -2  -2   0  -1  -2  -1   4   1  -3  -2  -2    0   0   0   0   0   0   0   0   0   0   0   0   0   0   0   0   0   0   0   0  0.00     0.00
  190 K    -1   2   0  -1  -3   1   1  -2  -1  -3  -2   4  -1  -3  -1   0  -1  -3  -2  -2    0   0   0   0   0   0   0   0   0   0   0   0   0   0   0   0   0   0   0   0  0.00     0.00
  191 V     0  -2  -3  -3  -1  -2  -2  -3  -3   3   1  -2   1  -1  -2  -2   0  -3  -1   4    0   0   0   0   0   0   0   0   0   0   0   0   0   0   0   0   0   0   0   0  0.00     0.00
  192 Q    -1   1   0   0  -3   5   2  -2   0  -3  -2   1   0  -3  -1   0  -1  -2  -1  -2    0   0   0   0   0   0   0   0   0   0   0   0   0   0   0   0   0   0   0   0  0.00     0.00
  193 W    -2  -3  -4  -4  -2  -2  -3  -2  -2  -3  -2  -3  -1   1  -4  -3  -2  10   2  -3    0   0   0   0   0   0   0   0   0   0   0   0   0   0   0   0   0   0   0   0  0.00     0.00
  194 S     1  -1   1   0  -1   0   0   0  -1  -2  -2   0  -1  -2  -1   4   1  -3  -2  -2    0   0   0   0   0   0   0   0   0   0   0   0   0   0   0   0   0   0   0   0  0.00     0.00
  195 S     1  -1   1   0  -1   0   0   0  -1  -2  -2   0  -1  -2  -1   4   1  -3  -2  -2    0   0   0   0   0   0   0   0   0   0   0   0   0   0   0   0   0   0   0   0  0.00     0.00
  196 L    -1  -2  -3  -4  -1  -2  -3  -4  -3   2   4  -2   2   0  -3  -2  -1  -2  -1   1    0   0   0   0   0   0   0   0   0   0   0   0   0   0   0   0   0   0   0   0  0.00     0.00
  197 T     0  -1   0  -1  -1  -1  -1  -2  -2  -1  -1  -1  -1  -2  -1   1   4  -2  -2   0    0   0   0   0   0   0   0   0   0   0   0   0   0   0   0   0   0   0   0   0  0.00     0.00
  198 A     4  -1  -2  -2   0  -1  -1   0  -2  -1  -1  -1  -1  -2  -1   1   0  -2  -2   0    0   0   0   0   0   0   0   0   0   0   0   0   0   0   0   0   0   0   0   0  0.00     0.00
  199 L    -1  -2  -3  -4  -1  -2  -3  -4  -3   2   4  -2   2   0  -3  -2  -1  -2  -1   1    0   0   0   0   0   0   0   0   0   0   0   0   0   0   0   0   0   0   0   0  0.00     0.00
  200 Q    -1   1   0   0  -3   5   2  -2   0  -3  -2   1   0  -3  -1   0  -1  -2  -1  -2    0   0   0   0   0   0   0   0   0   0   0   0   0   0   0   0   0   0   0   0  0.00     0.00
  201 Q    -1   1   0   0  -3   5   2  -2   0  -3  -2   1   0  -3  -1   0  -1  -2  -1  -2    0   0   0   0   0   0   0   0   0   0   0   0   0   0   0   0   0   0   0   0  0.00     0.00
  202 R    -1   5   0  -2  -3   1   0  -2   0  -3  -2   2  -1  -3  -2  -1  -1  -3  -2  -2    0   0   0   0   0   0   0   0   0   0   0   0   0   0   0   0   0   0   0   0  0.00     0.00
  203 L    -1  -2  -3  -4  -1  -2  -3  -4  -3   2   4  -2   2   0  -3  -2  -1  -2  -1   1    0   0   0   0   0   0   0   0   0   0   0   0   0   0   0   0   0   0   0   0  0.00     0.00
  204 S     1  -1   1   0  -1   0   0   0  -1  -2  -2   0  -1  -2  -1   4   1  -3  -2  -2    0   0   0   0   0   0   0   0   0   0   0   0   0   0   0   0   0   0   0   0  0.00     0.00
  205 L    -1  -2  -3  -4  -1  -2  -3  -4  -3   2   4  -2   2   0  -3  -2  -1  -2  -1   1    0   0   0   0   0   0   0   0   0   0   0   0   0   0   0   0   0   0   0   0  0.00     0.00
  206 S     1  -1   1   0  -1   0   0   0  -1  -2  -2   0  -1  -2  -1   4   1  -3  -2  -2    0   0   0   0   0   0   0   0   0   0   0   0   0   0   0   0   0   0   0   0  0.00     0.00
  207 D    -2  -2   1   6  -3   0   1  -1  -1  -3  -4  -1  -3  -3  -1   0  -1  -4  -3  -3    0   0   0   0   0   0   0   0   0   0   0   0   0   0   0   0   0   0   0   0  0.00     0.00
  208 A     4  -1  -2  -2   0  -1  -1   0  -2  -1  -1  -1  -1  -2  -1   1   0  -2  -2   0    0   0   0   0   0   0   0   0   0   0   0   0   0   0   0   0   0   0   0   0  0.00     0.00
  209 E    -1   0   0   1  -4   2   5  -2   0  -3  -3   1  -2  -3  -1   0  -1  -3  -2  -2    0   0   0   0   0   0   0   0   0   0   0   0   0   0   0   0   0   0   0   0  0.00     0.00
  210 L    -1  -2  -3  -4  -1  -2  -3  -4  -3   2   4  -2   2   0  -3  -2  -1  -2  -1   1    0   0   0   0   0   0   0   0   0   0   0   0   0   0   0   0   0   0   0   0  0.00     0.00
  211 R    -1   5   0  -2  -3   1   0  -2   0  -3  -2   2  -1  -3  -2  -1  -1  -3  -2  -2    0   0   0   0   0   0   0   0   0   0   0   0   0   0   0   0   0   0   0   0  0.00     0.00
  212 Q    -1   1   0   0  -3   5   2  -2   0  -3  -2   1   0  -3  -1   0  -1  -2  -1  -2    0   0   0   0   0   0   0   0   0   0   0   0   0   0   0   0   0   0   0   0  0.00     0.00
  213 L    -1  -2  -3  -4  -1  -2  -3  -4  -3   2   4  -2   2   0  -3  -2  -1  -2  -1   1    0   0   0   0   0   0   0   0   0   0   0   0   0   0   0   0   0   0   0   0  0.00     0.00
  214 V     0  -2  -3  -3  -1  -2  -2  -3  -3   3   1  -2   1  -1  -2  -2   0  -3  -1   4    0   0   0   0   0   0   0   0   0   0   0   0   0   0   0   0   0   0   0   0  0.00     0.00
  215 L    -1  -2  -3  -4  -1  -2  -3  -4  -3   2   4  -2   2   0  -3  -2  -1  -2  -1   1    0   0   0   0   0   0   0   0   0   0   0   0   0   0   0   0   0   0   0   0  0.00     0.00
  216 A     4  -1  -2  -2   0  -1  -1   0  -2  -1  -1  -1  -1  -2  -1   1   0  -2  -2   0    0   0   0   0   0   0   0   0   0   0   0   0   0   0   0   0   0   0   0   0  0.00     0.00
  217 L    -1  -2  -3  -4  -1  -2  -3  -4  -3   2   4  -2   2   0  -3  -2  -1  -2  -1   1    0   0   0   0   0   0   0   0   0   0   0   0   0   0   0   0   0   0   0   0  0.00     0.00
  218 P    -1  -2  -2  -1  -3  -1  -1  -2  -2  -3  -3  -1  -2  -4   7  -1  -1  -4  -3  -2    0   0   0   0   0   0   0   0   0   0   0   0   0   0   0   0   0   0   0   0  0.00     0.00
  219 A     4  -1  -2  -2   0  -1  -1   0  -2  -1  -1  -1  -1  -2  -1   1   0  -2  -2   0    0   0   0   0   0   0   0   0   0   0   0   0   0   0   0   0   0   0   0   0  0.00     0.00
  220 L    -1  -2  -3  -4  -1  -2  -3  -4  -3   2   4  -2   2   0  -3  -2  -1  -2  -1   1    0   0   0   0   0   0   0   0   0   0   0   0   0   0   0   0   0   0   0   0  0.00     0.00
  221 L    -1  -2  -3  -4  -1  -2  -3  -4  -3   2   4  -2   2   0  -3  -2  -1  -2  -1   1    0   0   0   0   0   0   0   0   0   0   0   0   0   0   0   0   0   0   0   0  0.00     0.00
  222 G     0  -2   0  -1  -2  -2  -2   6  -2  -4  -4  -2  -3  -3  -2   0  -2  -2  -3  -3    0   0   0   0   0   0   0   0   0   0   0   0   0   0   0   0   0   0   0   0  0.00     0.00
  223 R    -1   5   0  -2  -3   1   0  -2   0  -3  -2   2  -1  -3  -2  -1  -1  -3  -2  -2    0   0   0   0   0   0   0   0   0   0   0   0   0   0   0   0   0   0   0   0  0.00     0.00
  224 S     1  -1   1   0  -1   0   0   0  -1  -2  -2   0  -1  -2  -1   4   1  -3  -2  -2    0   0   0   0   0   0   0   0   0   0   0   0   0   0   0   0   0   0   0   0  0.00     0.00
  225 Y    -2  -2  -2  -3  -2  -1  -2  -3   2  -1  -1  -2  -1   3  -3  -2  -2   2   7  -1    0   0   0   0   0   0   0   0   0   0   0   0   0   0   0   0   0   0   0   0  0.00     0.00
  226 D    -2  -2   1   6  -3   0   1  -1  -1  -3  -4  -1  -3  -3  -1   0  -1  -4  -3  -3    0   0   0   0   0   0   0   0   0   0   0   0   0   0   0   0   0   0   0   0  0.00     0.00
  227 A     4  -1  -2  -2   0  -1  -1   0  -2  -1  -1  -1  -1  -2  -1   1   0  -2  -2   0    0   0   0   0   0   0   0   0   0   0   0   0   0   0   0   0   0   0   0   0  0.00     0.00
  228 E    -1   0   0   1  -4   2   5  -2   0  -3  -3   1  -2  -3  -1   0  -1  -3  -2  -2    0   0   0   0   0   0   0   0   0   0   0   0   0   0   0   0   0   0   0   0  0.00     0.00
  229 V     0  -2  -3  -3  -1  -2  -2  -3  -3   3   1  -2   1  -1  -2  -2   0  -3  -1   4    0   0   0   0   0   0   0   0   0   0   0   0   0   0   0   0   0   0   0   0  0.00     0.00
  230 E    -1   0   0   1  -4   2   5  -2   0  -3  -3   1  -2  -3  -1   0  -1  -3  -2  -2    0   0   0   0   0   0   0   0   0   0   0   0   0   0   0   0   0   0   0   0  0.00     0.00
  231 P    -1  -2  -2  -1  -3  -1  -1  -2  -2  -3  -3  -1  -2  -4   7  -1  -1  -4  -3  -2    0   0   0   0   0   0   0   0   0   0   0   0   0   0   0   0   0   0   0   0  0.00     0.00
  232 L    -1  -2  -3  -4  -1  -2  -3  -4  -3   2   4  -2   2   0  -3  -2  -1  -2  -1   1    0   0   0   0   0   0   0   0   0   0   0   0   0   0   0   0   0   0   0   0  0.00     0.00
  233 L    -1  -2  -3  -4  -1  -2  -3  -4  -3   2   4  -2   2   0  -3  -2  -1  -2  -1   1    0   0   0   0   0   0   0   0   0   0   0   0   0   0   0   0   0   0   0   0  0.00     0.00
  234 T     0  -1   0  -1  -1  -1  -1  -2  -2  -1  -1  -1  -1  -2  -1   1   4  -2  -2   0    0   0   0   0   0   0   0   0   0   0   0   0   0   0   0   0   0   0   0   0  0.00     0.00
  235 G     0  -2   0  -1  -2  -2  -2   6  -2  -4  -4  -2  -3  -3  -2   0  -2  -2  -3  -3    0   0   0   0   0   0   0   0   0   0   0   0   0   0   0   0   0   0   0   0  0.00     0.00
  236 L    -1  -2  -3  -4  -1  -2  -3  -4  -3   2   4  -2   2   0  -3  -2  -1  -2  -1   1    0   0   0   0   0   0   0   0   0   0   0   0   0   0   0   0   0   0   0   0  0.00     0.00
  237 E    -1   0   0   1  -4   2   5  -2   0  -3  -3   1  -2  -3  -1   0  -1  -3  -2  -2    0   0   0   0   0   0   0   0   0   0   0   0   0   0   0   0   0   0   0   0  0.00     0.00
  238 K    -1   2   0  -1  -3   1   1  -2  -1  -3  -2   4  -1  -3  -1   0  -1  -3  -2  -2    0   0   0   0   0   0   0   0   0   0   0   0   0   0   0   0   0   0   0   0  0.00     0.00
  239 T     0  -1   0  -1  -1  -1  -1  -2  -2  -1  -1  -1  -1  -2  -1   1   4  -2  -2   0    0   0   0   0   0   0   0   0   0   0   0   0   0   0   0   0   0   0   0   0  0.00     0.00
  240 W    -2  -3  -4  -4  -2  -2  -3  -2  -2  -3  -2  -3  -1   1  -4  -3  -2  10   2  -3    0   0   0   0   0   0   0   0   0   0   0   0   0   0   0   0   0   0   0   0  0.00     0.00
  241 G     0  -2   0  -1  -2  -2  -2   6  -2  -4  -4  -2  -3  -3  -2   0  -2  -2  -3  -3    0   0   0   0   0   0   0   0   0   0   0   0   0   0   0   0   0   0   0   0  0.00     0.00
  242 L    -1  -2  -3  -4  -1  -2  -3  -4  -3   2   4  -2   2   0  -3  -2  -1  -2  -1   1    0   0   0   0   0   0   0   0   0   0   0   0   0   0   0   0   0   0   0   0  0.00     0.00
  243 K    -1   2   0  -1  -3   1   1  -2  -1  -3  -2   4  -1  -3  -1   0  -1  -3  -2  -2    0   0   0   0   0   0   0   0   0   0   0   0   0   0   0   0   0   0   0   0  0.00     0.00
  244 K    -1   2   0  -1  -3   1   1  -2  -1  -3  -2   4  -1  -3  -1   0  -1  -3  -2  -2    0   0   0   0   0   0   0   0   0   0   0   0   0   0   0   0   0   0   0   0  0.00     0.00
  245 P    -1  -2  -2  -1  -3  -1  -1  -2  -2  -3  -3  -1  -2  -4   7  -1  -1  -4  -3  -2    0   0   0   0   0   0   0   0   0   0   0   0   0   0   0   0   0   0   0   0  0.00     0.00
  246 A     4  -1  -2  -2   0  -1  -1   0  -2  -1  -1  -1  -1  -2  -1   1   0  -2  -2   0    0   0   0   0   0   0   0   0   0   0   0   0   0   0   0   0   0   0   0   0  0.00     0.00
  247 D    -2  -2   1   6  -3   0   1  -1  -1  -3  -4  -1  -3  -3  -1   0  -1  -4  -3  -3    0   0   0   0   0   0   0   0   0   0   0   0   0   0   0   0   0   0   0   0  0.00     0.00
  248 L    -1  -2  -3  -4  -1  -2  -3  -4  -3   2   4  -2   2   0  -3  -2  -1  -2  -1   1    0   0   0   0   0   0   0   0   0   0   0   0   0   0   0   0   0   0   0   0  0.00     0.00
  249 K    -1   2   0  -1  -3   1   1  -2  -1  -3  -2   4  -1  -3  -1   0  -1  -3  -2  -2    0   0   0   0   0   0   0   0   0   0   0   0   0   0   0   0   0   0   0   0  0.00     0.00
  250 K    -1   2   0  -1  -3   1   1  -2  -1  -3  -2   4  -1  -3  -1   0  -1  -3  -2  -2    0   0   0   0   0   0   0   0   0   0   0   0   0   0   0   0   0   0   0   0  0.00     0.00
  251 F    -2  -3  -3  -3  -2  -3  -3  -3  -1   0   0  -3   0   6  -4  -2  -2   1   3  -1    0   0   0   0   0   0   0   0   0   0   0   0   0   0   0   0   0   0   0   0  0.00     0.00
  252 V     0  -2  -3  -3  -1  -2  -2  -3  -3   3   1  -2   1  -1  -2  -2   0  -3  -1   4    0   0   0   0   0   0   0   0   0   0   0   0   0   0   0   0   0   0   0   0  0.00     0.00
  253 L    -1  -2  -3  -4  -1  -2  -3  -4  -3   2   4  -2   2   0  -3  -2  -1  -2  -1   1    0   0   0   0   0   0   0   0   0   0   0   0   0   0   0   0   0   0   0   0  0.00     0.00
  254 K    -1   2   0  -1  -3   1   1  -2  -1  -3  -3   5  -1  -3  -1   0  -1  -3  -2  -2    0   0   0   0   0   0   0   0   0   0   0 100   0   0   0   0   0   0   0   0  0.52 0.00
  255 M    -1  -2  -3  -4  -1  -1  -3  -3  -2   1   3  -2   5   0  -3  -2  -1  -2  -1   1    0   0   0   0   0   0   0   0   0   0  50   0  50   0   0   0   0   0   0   0  0.35 0.00
  256 P    -1  -2  -2  -2  -3  -1  -2  -3   0  -2  -2  -2  -2   1   6  -1  -1   1   5  -2    0   0   0   0   0   0   0   0   0   0   0   0   0   0  50   0   0   0  50   0  0.98 0.00
  257 S     1  -1   1   0  -1   0   0   0  -1  -3  -3   0  -2  -3  -1   4   1  -3  -2  -2    0   0   0   0   0   0   0   0   0   0   0   0   0   0   0 100   0   0   0   0  0.46 0.00
  258 A     4  -2  -2  -2  -1  -1  -1   0  -2  -1  -2  -1  -1  -2  -1   1   0  -3  -2   0  100   0   0   0   0   0   0   0   0   0   0   0   0   0   0   0   0   0   0   0  0.43 0.01
  259 L    -2  -2  -1   3  -2  -2  -1  -3  -2   1   3  -2   1   0  -3  -2  -1  -2  -2   0    0   0   0  31   0   0   0   0   0   0  69   0   0   0   0   0   0   0   0   0  0.27 0.01
  260 G     2  -2  -1  -1  -1  -1  -1   4  -2  -2  -2  -1  -2  -3  -1   1   2  -3  -2  -1   31   0   0   0   0   0   0  38   0   0   0   0   0   0   0   0  31   0   0   0  0.38 0.01
  261 I    -2  -2   3  -1  -2  -2  -2  -2  -2   2   2  -2   1  -1  -3  -1  -1  -3  -2   1    0   0  31   0   0   0   0   0   0  38  31   0   0   0   0   0   0   0   0   0  0.18 0.01
  262 I     2  -3  -3  -3  -1  -2  -2  -2  -3   3   1  -2   0  -1  -2  -1  -1  -3  -2   2   37   0   0   0   0   0   0   0   0  63   0   0   0   0   0   0   0   0   0   0  0.23 0.02
  263 Y    -1  -1   2   2  -3   0   1  -2   0  -1  -1  -1  -1   0  -2  -1  -1  -1   4   0    0   0  17  16   0   0  17   0   0   0   0   0   0   0   0   0   0   0  30  20  0.21 0.01
  264 E     1   2   0   0  -3   3   3  -2   0  -3  -2   2  -1  -3  -1   0  -1  -3  -2  -2   17  17   0   0   0  20  30   0   0   0   0  16   0   0   0   0   0   0   0   0  0.37 0.01
  265 E     1   0   0   1  -3   2   4  -2  -1  -3  -2   0  -2  -3  -1   0   1  -3  -2  -2   17   0   0   0   0  14  55   0   0   0   0   0   0   0   0   0  14   0   0   0  0.43 0.02
  266 P     0  -1   0   0  -2   2   2  -1  -1  -3  -3   0  -2  -3   4   3   0  -3  -2  -2    0   0   0   0   0  13  14   0   0   0   0   0   0   0  27  46   0   0   0   0  0.54 0.02
  267 K     0   1   0  -1  -2   1   0  -1  -1  -3  -3   4  -1  -3  -1   2   2  -3  -2  -2    0   0   0   0   0   0   0   0   0   0   0  54   0   0   0  32  14   0   0   0  0.35 0.02
  268 V    -1  -3  -3  -4  -1  -3  -3  -4  -3   4   2  -3   1   0  -3  -2  -1  -3  -1   3    0   0   0   0   0   0   0   0   0  60  14   0   0   0   0   0   0   0   0  27  0.38 0.02
  269 S     2  -1   0  -1  -1  -1  -1   2  -1  -3  -3  -1  -2  -3  -1   4   1  -3  -2  -2   13   0   0   0   0   0   0  15   0   0   0   0   0   0   0  71   0   0   0   0  0.41 0.03
  270 Q     1   0   0   2  -2   4   1  -2  -1  -2   0   1   0  -2  -2   0  -1  -3  -2  -1   17   0   0  15   0  41   0   0   0   0  14  13   0   0   0   0   0   0   0   0  0.25 0.02
  271 E    -1   0   0   1  -4   2   6  -2   0  -4  -3   1  -2  -4  -1   0  -1  -3  -2  -3    0   0   0   0   0   0 100   0   0   0   0   0   0   0   0   0   0   0   0   0  0.83 0.04
  272 P    -1   2  -1  -1  -2   0   0  -2  -1  -1   0   3  -1  -2   4  -1  -1  -2  -2  -1    1  16   1   1   0   1   1   1   0   1  15  31   0   1  27   1   1   0   0   1  0.40 0.01
  273 Q    -1   0   0   1  -3   4   4  -2   0  -3  -2   1  -1  -3  -1   0  -1  -2  -2  -2    1   1   1   1   0  44  43   1   0   1   1   1   0   1   1   1   1   0   0   1  0.51 0.02
  274 F    -1   0  -1   0  -2   2   3  -2   0  -1  -1   0  -1   3  -1  -1  -1  -1   1  -1    2   1   1   1   1  15  34   2   1   1   2   2   1  28   1   2   2   0   1   2  0.21 0.01
  275 T     0   1   0   0  -2   1   2  -1  -1  -1  -2   2  -1  -2  -1   0   2  -2  -1  -1    2   1   1   1   1   1  19   2   1   1   2  31   1   1   1   2  28   0   1   2  0.20 0.01
  276 V    -1  -2  -2  -2  -1  -2  -2  -2  -2   3   2  -2   1   0  -2  -1   0  -2  -1   2    2   1   1   1   1   1   2   2   1  32  18   2   1   1   1   2   2   0   1  28  0.15 0.01
  277 T     0  -1   0   2  -1   0   2  -1  -1  -1  -2   0  -1  -2  -1   1   2  -2  -1  -1    2   1   1  18   1   1  17   2   1   1   2   2   1   1   1  16  28   0   1   2  0.22 0.01
  278 R    -1   4   0  -1  -2   2   0  -1   0  -2  -2   2  -1  -2  -1   0  -1  -2  -1  -2    2  45   1   1   1  15   2   2   1   1   2  17   1   1   1   2   2   0   1   2  0.35 0.01
  279 A     2   0  -1  -1  -1   0   1  -1  -1  -1   0   1   0  -2  -1   0   0  -2  -2  -1   43   1   1   1   0   1  14   1   0   1  15  18   0   1   1   1   1   0   0   1  0.14 0.01
  280 G     1  -1  -1  -2  -2  -1  -1   3  -2  -1   1   1   2  -1  -1   0  -1  -2  -2  -1   15   1   1   1   0   1   1  28   0   1  17  18  14   1   1   1   1   0   0   1  0.13 0.01
  281 G     0   0   0   0  -3   2   3   3  -1  -3  -3   2  -2  -3  -1   0  -1  -2  -2  -2    1   1   1   1   0  18  30  28   0   1   1  15   0   1   1   1   1   0   0   1  0.33 0.01
  282 R    -1   4   0  -1  -3   3   1  -2  -1  -3  -3   4  -1  -3  -2   0  -1  -3  -2  -3    0  27   0   0   0  17   0   0   0   0   0  56   0   0   0   0   0   0   0   0  0.53 0.02
  283 S     0   1   0  -1  -2   3   1  -2  -1  -2   0   2   0  -2  -1   2   0  -3  -2  -2    0   0   0   0   0  31   0   0   0   0  15  27   0   0   0  27   0   0   0   0  0.24 0.02
  284 K    -1   1  -1   0  -3   3   2  -2  -1  -2   0   3  -1  -3  -1  -1  -1  -3  -2  -2    0   0   0   0   0  27  15   0   0   0  14  44   0   0   0   0   0   0   0   0  0.34 0.02
  285 A     3   2  -1   2  -2   0   0  -1  -1  -2  -2   1  -2  -3  -1   0  -1  -3  -2  -1   54  15   0  17   0   0   0   0   0   0   0  14   0   0   0   0   0   0   0   0  0.26 0.02
  286 D    -1   1   0   3  -4   1   3  -2  -1  -3  -3   3  -2  -4  -1   0  -1  -4  -2  -3    0   0   0  27   0   0  31   0   0   0   0  42   0   0   0   0   0   0   0   0  0.49 0.02
  287 P     1  -1  -1   0  -3   2   3  -2  -1  -3  -3   0  -2  -3   4   0  -1  -3  -2  -2   17   0   0   0   0  15  41   0   0   0   0   0   0   0  27   0   0   0   0   0  0.58 0.02
  288 M     0   0  -2  -1  -2   2   2  -2  -1   0   2   1   3  -1  -2  -1  -1  -2  -2   0    9   0   0   0   0  11  18   0   0   0  28  12  22   0   0   0   0   0   0   0  0.15 0.02
  289 A     3  -1  -1  -2  -1  -1  -1   2  -2  -1  -2   1  -1  -3  -1   0  -1  -3  -2   0   55   0   0   0   0   0   0  18   0   0   0  15   0   0   0   0   0   0   0  12  0.27 0.04
  290 R    -1   5  -1  -1  -4   3   2  -2   0  -3  -3   2  -2  -3  -2  -1  -1  -3  -2  -3    0  52   0   0   0  15  21   0   0   0   0  13   0   0   0   0   0   0   0   0  0.59 0.05
  291 G    -1   1   0   0  -3   1   3   3  -1  -3  -3   0  -2  -3  -2   0   1  -3  -3  -3    0   9   0   0   0   7  38  35   0   0   0   0   0   0   0   0  12   0   0   0  0.41 0.04
  292 Q    -1   4  -1   0  -4   4   3  -2   0  -3  -3   2  -2  -4  -2  -1  -1  -3  -2  -3    0  39   0   0   0  31  23   0   0   0   0   6   0   0   0   0   0   0   0   0  0.59 0.06
  293 D    -1   0   1   3  -3   0   3  -2  -1   0  -1   0  -1  -2  -2   0  -1  -3  -2  -1    0   5   6  27   0   0  33   0   0  16   7   0   0   0   0   7   0   0   0   0  0.29 0.03
  294 M     0  -1  -2  -2  -2   0   0  -3  -2   0   2   1   3  -1  -2  -1  -1  -2  -2   0   11   0   0   0   0   6   5   0   0   0  38  19  15   0   0   0   0   0   0   7  0.15 0.03
  295 Q     1   0  -1   0  -3   4   3  -2  -1  -2  -1   2  -1  -3  -2   0   0  -3  -2  -2   17   0   0   0   0  37  23   0   0   0   5  13   0   0   0   0   6   0   0   0  0.37 0.05
  296 K    -1   3  -1  -1  -4   2   0  -2  -1  -3  -3   5  -2  -4  -2  -1  -1  -3  -2  -3    0  16   0   0   0   6   0   0   0   0   0  77   0   0   0   0   0   0   0   0  0.67 0.08
  297 K    -1   2  -1  -1  -4   1   0  -2  -1  -3  -2   6  -2  -3  -2  -1  -1  -4  -2  -3    0   5   0   0   0   0   0   0   0   0   5  90   0   0   0   0   0   0   0   0  0.69 0.10
  298 E     1   0  -1   0  -2   2   3  -2  -1  -1   1   2   0  -2  -2   0  -1  -3  -2  -1   18   0   0   0   0   9  35   0   0   0  22  16   0   0   0   0   0   0   0   0  0.23 0.04
  299 D     1  -1   1   2  -2   1   0  -1  -1  -2  -1  -1  -1  -3  -1   2   1  -3  -2  -1   17   0   5  19   0  11   0   0   0   0   9   0   0   0   0  27  12   0   0   0  0.22 0.04
  300 A     2  -1  -1  -2  -1   1  -1  -1  -2   0  -1   0  -1  -2  -1   2   0  -3  -2   1   30   0   0   0   0  11   0   0   0   0   0   5   0   0   0  31   0   0   0  22  0.21 0.05
  301 Q    -1   3  -1  -1  -3   3   0  -2  -1  -2  -2   3  -1  -3   3   0  -1  -3  -2  -1    0  15   0   0   0  19   0   0   0   0   0  38   0   0  16   4   0   0   0   8  0.44 0.06
  302 L    -1  -2  -3  -3   2   0  -2  -4  -3   3   2  -2   1  -1  -3  -2   0  -3  -2   3    0   0   0   0   5  10   0   0   0  25  19   0   0   0   0   0   7   0   0  34  0.25 0.05
  303 V    -1  -1  -3  -3  -2  -2  -3  -3  -3   4   1  -1   0  -1  -3   0  -1  -3  -2   3    0   4   0   0   0   0   0   0   0  58   0   5   0   0   0  10   0   0   0  24  0.33 0.08
  304 I    -1   1  -2  -2  -2  -1  -1  -3  -2   3   0   3   0  -2  -2  -1  -1  -3  -2   2    0   4   0   0   0   0   0   0   0  32   0  41   0   0   0   4   0   0   0  20  0.24 0.07
  305 E    -1   5  -1  -1  -3   1   2  -3  -1  -3  -3   3  -2  -3  -2  -1   1  -3  -2  -2    0  48   0   0   0   0  16   0   0   0   0  20   0   0   0   0  15   0   0   0  0.55 0.08
  306 L    -1   1  -3  -3  -2  -2  -1  -3  -3   3   2  -1   1  -1  -3  -1  -1  -3  -2   2    4  11   0   0   0   0   4   0   0  40  15   0   0   0   0   5   0   0   0  22  0.22 0.05
  307 A     2  -1   2   0  -3   1   4  -2  -1  -3  -3   0  -2  -4  -2   0  -1  -4  -3  -2   26   0  15   0   0   4  55   0   0   0   0   0   0   0   0   0   0   0   0   0  0.52 0.09
  308 K    -2   7  -1  -2  -4   0  -1  -3  -1  -4  -3   3  -2  -4  -3  -1  -2  -4  -3  -3    0  89   0   0   0   0   0   0   0   0   0  11   0   0   0   0   0   0   0   0  1.08 0.14
  309 V     0   1   4   0  -2  -1   0   0  -1  -2  -2  -1  -2  -3  -2   1   2  -4  -2   0    8   9  39   0   0   0   4   4   0   0   0   0   0   0   0   3  23   0   0  11  0.29 0.06
  310 K    -1   3  -1  -2  -4   1   0  -2  -1  -4  -3   6  -2  -4   0  -1  -1  -4  -3  -3    0  12   0   0   0   0   0   0   0   0   0  84   0   0   4   0   0   0   0   0  0.78 0.12
  311 G    -2   6  -1  -2  -4   0  -1   2  -1  -4  -3   2  -2  -4  -3  -1  -2  -3  -3  -3    0  69   0   0   0   0   0  20   0   0   0  12   0   0   0   0   0   0   0   0  0.75 0.11
  312 K    -2   2  -1  -1  -4   1   0  -2  -2  -4  -3   6  -2  -4  -2  -1  -1  -4  -3  -3    0   0   0   0   0   0   0   0   0   0   0 100   0   0   0   0   0   0   0   0  0.95 0.15
  313 K    -2   1  -1  -2   2   0   1  -3   6  -3  -2   1  -2   1  -3   0  -1  -1   3  -3    0   6   0   0   7   0   9   0  34   0   0  11   0   8   0   8   0   0  17   0  0.40 0.07
  314 V    -1  -3  -3  -4  -2  -1  -3  -4  -3   3   1  -3   2  -1  -3  -2  -1  -3  -2   5    0   0   0   0   0   5   0   0   0  17   0   0   7   0   0   0   0   0   0  72  0.49 0.10
  315 T    -1  -2  -1  -2  -2  -2  -2  -3  -3   2  -1  -2  -1  -2  -2   0   5  -3  -2   1    0   0   0   0   0   0   0   0   0  17   0   0   0   0   0   0  71   0   0  11  0.52 0.11
  316 K     1   1  -1  -2  -2   0   0  -2   1   0  -1   1  -1  -2  -2   1   0  -3  -2   2   14   8   0   0   0   0   3   0   5   0   0  16   0   0   0  17   3   0   0  33  0.13 0.05
  317 V    -1  -4  -4  -4  -2  -3  -4  -4  -4   5   1  -3   1  -1  -3  -3  -1  -3  -2   4    0   0   0   0   0   0   0   0   0  58   0   0   0   0   0   0   0   0   0  42  0.59 0.10
  318 S     1  -1   0  -1   3   2   1  -1  -1  -2  -2   0  -2  -3  -1   3   2  -3  -2  -2    8   0   0   0   8  11   9   0   0   0   0   4   0   0   0  40  20   0   0   0  0.32 0.06
  319 G    -1  -3   0  -2  -3  -2  -3   6  -3  -5  -5  -2  -3  -4  -3  -1  -2  -3  -4  -4    0   0   5   0   0   0   0  95   0   0   0   0   0   0   0   0   0   0   0   0  1.29 0.13
  320 I    -2  -3  -4  -4  -2  -3  -4  -4  -4   2   5  -3   2   0  -4  -3  -2  -2  -2   1    0   0   0   0   0   0   0   0   0  11  89   0   0   0   0   0   0   0   0   0  0.67 0.10
  321 D     0  -1   0   4  -4   1   5  -2  -1  -4  -3   0  -3  -4  -2   0  -1  -4  -3  -3   12   0   0  27   0   0  58   0   0   0   0   0   0   0   0   4   0   0   0   0  0.67 0.09
  322 D     1  -2  -2   1  -1  -2  -1  -2  -3   1   0  -2   0  -2   2   0   1  -3  -2   2   13   0   0  11   0   0   0   0   0   3  10   0   0   0   9   2  16   0   0  36  0.17 0.05
  323 F    -3  -3  -3  -4  -3  -3  -3  -4   2  -1  -1  -3  -1   7  -4  -3  -3   1   5  -2    0   0   0   0   0   0   0   0   7   0   0   0   0  72   0   0   0   0  21   0  1.00 0.13
  324 G    -1  -2   1   3  -4   0   2   4  -1  -4  -4  -1  -3  -4  -2  -1  -2  -4  -3  -4    0   0   5  23   0   3  23  46   0   0   0   0   0   0   0   0   0   0   0   0  0.61 0.07
  325 V    -2  -3  -4  -4  -2  -3  -4  -4  -4   5   3  -3   1  -1  -3  -3  -1  -3  -2   3    0   0   0   0   0   0   0   0   0  60  25   0   0   0   0   0   0   0   0  15  0.52 0.08
  326 D    -2  -1   0   6  -4   0   4  -2  -1  -4  -4   0  -3  -4  -2  -1  -2  -4  -3  -4    0   0   0  64   0   0  30   0   0   0   0   6   0   0   0   0   0   0   0   0  0.91 0.11
  327 A     0  -2   1  -2  -2  -2  -2  -3  -2   0   3  -2   4  -1  -1  -1   0  -2  -2   0   11   0  13   0   0   0   0   0   0   0  48   0  23   0   3   0   3   0   0   0  0.26 0.07
  328 A     1   1  -1  -1  -3   1   1  -2  -1  -3  -3   5  -2  -4  -2   0  -1  -4  -3  -3   11   0   0   0   0   0   9   0   0   0   0  75   0   0   0   6   0   0   0   0  0.58 0.11
  329 A     0   1  -1   2  -3   0   1  -2  -2  -2  -3   4  -2  -3  -2  -1  -1  -4  -3  -1   11   0   0  19   0   0   4   0   0   0   0  59   0   0   0   0   0   0   0   8  0.41 0.08
  330 A     3  -2  -3  -3  -1  -2  -2  -2  -3   1   2  -2   1  -1  -2  -1  -1  -3  -2   2   40   0   0   0   0   0   0   0   0   3  38   0   0   0   0   0   0   0   0  19  0.27 0.06
  331 A     4  -2  -1  -2  -1   1  -1  -1  -2  -2  -2  -1  -2  -3  -1   2   0  -3  -2  -1   70   0   0   0   0   8   0   0   0   0   0   0   0   0   0  22   0   0   0   0  0.49 0.10
  332 K    -2   3  -1  -1  -4   1   0  -2  -1  -4  -3   6  -2  -4  -2  -1  -1  -4  -3  -3    0   8   0   0   0   0   0   0   0   0   0  92   0   0   0   0   0   0   0   0  0.87 0.14
  333 I    -1  -2  -1   1  -2   0   1  -3  -2   1   0  -1   0   3  -2  -1   2  -2   0   0    0   0   0  10   0   5  12   0   0  11   4   0   3  21   0   0  29   0   0   6  0.15 0.05
  334 F    -3  -3  -4  -4  -3  -3  -4  -4  -2   0   2  -4   2   6  -4  -3  -2   0   2  -1    0   0   0   0   0   0   0   0   0   0  25   0   6  69   0   0   0   0   0   0  0.80 0.11
  335 S     3  -1  -1  -2  -2  -1  -1   3  -2  -3  -3   0  -2  -3  -2   2  -1  -3  -3  -2   51   0   0   0   0   0   0  26   0   0   0   9   0   0   0  14   0   0   0   0  0.42 0.07
  336 K     1   0   0  -1  -2   2   0   0  -1  -3  -3   3  -2  -3  -1   2   0  -3  -2  -2    9   0   3   0   0  12   0   5   0   0   0  35   0   0   0  32   4   0   0   0  0.33 0.07
  337 K    -2   2  -1  -1  -4   1   0  -2  -1  -4  -3   6  -2  -4  -2  -1  -1  -4  -3  -3    0   6   0   0   0   0   0   0   0   0   0  94   0   0   0   0   0   0   0   0  0.88 0.14
  338 C    -3  -4  -4  -4   3  -4  -4  -4  -2  -1   1  -4   0   7  -4  -3  -3   0   2  -1    0   0   0   0  11   0   0   0   0   0   9   0   0  80   0   0   0   0   0   0  0.96 0.13
  339 A     5  -2  -2  -2  -1  -1  -1   0  -2  -2  -2  -1  -2  -3  -1   2   0  -3  -2  -1   86   0   0   0   0   0   0   0   0   0   0   0   0   0   0  14   0   0   0   0  0.62 0.12
  340 C    -1  -3  -2  -3   7  -2  -3  -3  -3  -2  -2  -2  -2  -3  -2   0   5  -3  -3  -1    0   0   0   0  41   0   0   0   0   0   0   0   0   0   0   0  59   0   0   0  0.90 0.14
  341 G     0  -3  -1  -2  -3  -3  -3   7  -3  -5  -5  -2  -4  -4  -3  -1  -2  -3  -4  -4    0   0   0   0   0   0   0 100   0   0   0   0   0   0   0   0   0   0   0   0  1.39 0.14
  342 A     3  -2  -1  -2   5  -1  -2   1  -2  -2  -2  -1  -2  -3  -2   3   0  -3  -3  -1   38   0   0   0  21   0   0   9   0   0   0   0   0   0   0  33   0   0   0   0  0.45 0.08
  343 A     2  -2   0  -1  -1  -1  -1  -1  -2  -3  -3  -1  -2  -3  -1   5   2  -3  -2  -2   11   0   0   0   0   0   0   0   0   0   0   0   0   0   0  80   9   0   0   0  0.62 0.12
  344 S    -1  -3  -3  -3  -1  -3  -3  -3  -3   2   0  -3   1  -2  -3   0   0  -4  -2   5    0   0   0   0   0   0   0   0   0   3   0   0   3   0   0  11   0   0   0  83  0.50 0.11
  345 Q     0  -1   0  -1  -1   1  -1  -2  -2  -1  -2  -1  -1  -2  -1   2   4  -3  -2   0    1   0   0   0   0  11   1   1   0   0   1   1   0   0   0  20  53   0   0   9  0.36 0.07
  346 K    -1   2   0  -1  -2   1   0  -1  -1  -2  -2   5  -1  -2  -1   0  -1  -2  -2  -2    2   7   1   1   0   1   2   2   1   1   2  71   1   1   1   2   1   0   1   2  0.47 0.07
  347 G     0  -1   3   0  -1  -1  -1   1  -1  -1  -2  -1  -1  -2  -1   2   2  -2  -2   0    2   1  26   1   0   1   2  12   1   1   2   1   1   1   1  18  16   0   1  11  0.18 0.03
  348 K     3  -1  -1  -1  -1   0  -1  -1  -1  -1  -2   1  -1  -2   3   1   0  -2  -2   0   42   1   1   1   0   1   2   2   1   1   2  12   1   1  17   8   1   0   1   5  0.27 0.04
  349 N     0  -1   2   2  -2   1   2   0   0  -2  -2   0  -2  -2  -1   1   0  -2  -2  -2   11   1  18  11   0   6  24   5   1   1   2   1   1   1   1  11   1   0   1   2  0.23 0.03
  350 G    -1   0  -1  -1  -3  -1  -1   5  -2  -3  -3   3  -2  -3   1  -1  -2  -3  -3  -3    1   0   0   0   0   0   1  57   0   0   1  30   0   0   6   1   1   0   0   1  0.60 0.07
  351 E     0   0   1   1  -3   1   2   1  -1  -2  -2   3  -2  -3  -2   0   0  -3  -2  -1    4   0   8   4   0   0  23  12   0   0   3  38   0   0   0   0   3   0   0   4  0.28 0.06
  352 P    -2  -1   0   4  -4   1   4  -2  -1  -4  -4   0  -3  -4   2   0  -1  -4  -3  -3    0   0   0  39   0   3  41   0   0   0   0   0   0   0  11   6   0   0   0   0  0.70 0.09
  353 G    -1  -1  -1   1  -4   1   6   1  -1  -4  -4   0  -3  -4  -2   1  -1  -4  -3  -3    0   0   0   0   0   0  80  11   0   0   0   0   0   0   0   9   0   0   0   0  0.78 0.12
  354 F    -1  -2  -2   0  -1  -2  -2  -2  -2   3   0  -2   0   2  -2   0  -1  -2  -1   2    1   1   1   7   0   1   1   1   0  44   1   1   0  11   1  10   1   0   1  16  0.17 0.04
  355 I    -1  -3  -4  -4  -2  -3  -4  -4  -4   5   1  -3   1  -1  -3  -3  -1  -3  -2   4    0   0   0   0   0   0   0   0   0  57   3   0   0   0   0   0   0   0   0  40  0.57 0.09
  356 Q     0   0   0   1  -1   2   1  -1   0  -1  -1   0  -1  -1   0   0   2  -1  -1  -1    5   3   3   9   1  13  13   4   1   3   5   3   1   2   3   4  19   1   2   4  0.10 0.01
  357 M    -1  -3  -4  -4  -2  -3  -3  -4  -4   4   2  -3   3  -1  -3  -2  -1  -3  -2   4    0   0   0   0   0   0   0   0   0  35   9   0  11   0   0   0   0   0   0  45  0.46 0.08
  358 Q    -2   0  -1  -1  -4   7   1  -3   0  -4  -3   1  -1  -4  -2  -1  -2  -3  -2  -3    0   0   0   0   0 100   0   0   0   0   0   0   0   0   0   0   0   0   0   0  1.21 0.18
  359 G     0  -3  -1  -2  -3  -3  -3   7  -3  -5  -5  -2  -4  -4  -3  -1  -2  -3  -4  -4    0   0   0   0   0   0   0 100   0   0   0   0   0   0   0   0   0   0   0   0  1.39 0.14
  360 H    -2  -2   2   6  -4  -1   1  -2   3  -4  -4  -1  -4  -4  -2  -1  -2  -5  -3  -4    0   0   9  80   0   0   0   0  11   0   0   0   0   0   0   0   0   0   0   0  1.04 0.13
  361 V    -1  -3  -3  -3  -1  -2  -3  -3  -3   2   1  -3   0   2  -3  -2  -1  -2   0   4    1   0   0   0   0   0   1   1   0   4   8   1   0  14   0   1   1   0   0  68  0.37 0.08
  362 D     1   0   1   1  -1   0   0  -1   2  -2  -1   1   0  -2  -1   2   0  -2  -1  -1    9   1   4  12   0   1   1   2  10   1   7   9   3   1   1  32   1   0   1   2  0.14 0.03
  363 T    -1   1   0   2   0   0   0   2  -1  -2  -2   0  -1  -2  -1   0   2  -2   0  -1    2  11   1  19   3   1   5  20   1   1   3   2   1   1   1   2  20   0   4   2  0.15 0.02
  364 K    -2  -1   0   5  -4   1   4  -2  -1  -3  -3   1  -3  -4  -2  -1  -1  -4  -3  -3    1   0   0  40   0   0  43   1   0   0   1  11   0   0   0   1   0   0   0   0  0.66 0.08
  365 T    -1   1   0   4  -3   0   3  -1  -1  -2  -2   0  -2  -3  -2   0   1  -3  -2  -1    3  10   0  36   0   0  22   4   0   0   1   1   0   0   0   1  11   0   0   9  0.33 0.05
  366 L     0  -1  -3  -3  -1  -2  -3  -3  -3   3   2  -2   1  -1  -2  -2  -1  -2  -1   3    6   3   0   0   0   0   1   1   0  29  25   1   0   0   0   1   1   0   0  31  0.26 0.04
  367 A     1   0  -1  -2  -2   1   0  -2   1   1   0   2   0   0  -2  -1  -1  -2  -1   1   19   3   0   0   0   5   7   0   6   8   7  22   0   7   0   0   0   0   0  17  0.07 0.03
  368 P    -1  -1   0   4  -4   0   4  -2  -1  -3  -3   0  -3  -4   2   0  -1  -4  -3  -3    4   0   0  39   0   0  36   0   0   0   0   3   0   0  11   5   0   0   0   0  0.62 0.08
  369 F    -1  -2  -3  -3  -2  -2  -2  -3  -2   0   2  -2   1   3  -3  -2  -2   6   2   1    4   0   0   0   0   0   3   0   0   0  31   3   5  23   0   0   0  13   5  12  0.35 0.05
  370 I    -2  -3  -4  -4  -2  -3  -4  -4  -2   4   3  -3   1   0  -3  -3  -1  -2   2   1    0   0   0   0   0   0   0   0   0  52  36   0   0   0   0   0   0   0  12   0  0.46 0.08
  371 V     0   0  -2  -1  -2   1   1  -3  -2   1   1  -1   0  -1   1  -1   0  -3  -2   1    9   5   0   0   0   8  18   0   0  15  18   0   0   0   8   0   3   0   0  15  0.12 0.03
  372 E    -2   0  -1   1  -4   3   5  -3   2  -4  -3   1  -2  -4  -2  -1  -1  -3  -2  -3    0   0   0   0   0  17  71   0   6   0   0   6   0   0   0   0   0   0   0   0  0.79 0.11
  373 K    -1   1   0  -1  -3   1   0  -2  -1  -2  -1   5   0  -3  -2   0  -1  -3  -2   0    0   0   3   0   0   5   0   0   0   0   5  67   3   0   0   6   0   0   0  10  0.40 0.09
  374 F    -2  -3  -3  -4  -3  -2  -3   0   1  -1   1  -3   0   3  -4  -2  -2   7   5   0    0   0   0   0   0   0   0  10   3   0  22   0   0  16   0   0   0  17  28   5  0.54 0.07
  375 A     1  -1  -2  -2  -2  -1  -1   2  -2  -1   1   2   1  -2   3  -1  -1  -3  -2  -1   16   0   0   0   0   0   0  19   0   0  18  25   7   0  15   0   0   0   0   0  0.22 0.05
  376 E    -1   0   0   1  -3   2   4  -2  -1  -3  -3   3  -2  -3  -1   0  -1  -3  -2  -2    1   1   1   5   0   3  51   1   0   1   1  29   0   1   1   1   1   0   0   1  0.50 0.06
  377 Q    -1   0   0   1  -2   3   3   1  -1  -2  -2   1  -1  -3  -1   0   0  -2  -2  -1    1   1   4   7   0  21  30  10   0   1   2   5   0   1   1   1   8   0   1   6  0.26 0.03
  378 I    -1  -2  -3  -3  -2  -1  -1  -3  -3   3   1   0   0  -1  -2  -2  -1  -3  -2   3    0   0   0   0   0   4   4   0   0  31   3  12   0   0   0   0   0   0   0  45  0.26 0.06
  379 G     0  -2  -1   1  -3  -1  -1   3  -2  -3  -4   0  -3  -4   5  -1   0  -4  -3  -3    3   0   0  11   0   0   0  32   0   0   0  10   0   0  40   0   5   0   0   0  0.79 0.07
  380 I    -1  -1  -1   1  -2   0   3  -3  -2   1   2   0   1  -1  -2  -1  -1  -3  -2   1    5   0   0  11   0   0  29   0   0  12  26   4   4   0   0   0   0   0   0  10  0.17 0.04
  381 K     0   0   2   4  -3   0   2  -2  -1  -3  -3   2  -2  -4  -2   1  -1  -4  -3  -3    6   0  10  32   0   0  18   0   0   0   0  22   0   0   0  12   0   0   0   0  0.44 0.06
  382 E    -1  -1   4   0  -3   3   3  -1   0  -3  -3   0  -2  -3  -2   1   0  -3  -2  -1    0   0  35   0   0  17  28   4   0   0   0   0   0   0   0   6   6   0   0   5  0.42 0.07
  383 I    -2  -4  -4  -4  -2  -3  -4  -4  -4   5   1  -3   1  -1  -3  -3  -1  -3  -2   3    0   0   0   0   0   0   0   0   0  74   3   0   0   0   0   0   0   0   0  23  0.62 0.10
  384 Y    -1   0  -1   1  -3   1   4  -2   0  -2  -2   3  -2  -1  -2  -1  -1  -1   3  -1    0   0   0   6   0   0  39   0   0   0   0  27   0   0   0   0   0   0  20   5  0.37 0.06
  385 I    -1  -3  -2   2  -2  -2  -2  -3  -3   3   2  -2   1   1  -3  -2  -1  -2  -1   2    0   0   0  17   0   0   0   0   0  27  22   0   0   8   0   0   0   0   0  23  0.20 0.04
  386 V    -1  -2  -2  -1  -2  -1   2  -3  -2   2   2  -1   1  -1  -2  -2  -1  -3  -2   3    0   0   0   0   0   0  22   0   0  13  26   0   0   0   0   0   0   0   0  35  0.20 0.04
  387 Q    -1   0   0   2  -3   4   4   2  -1  -3  -3   0  -2  -3  -2   0  -1  -3  -2  -3    0   0   0   8   0  30  39  18   0   0   1   0   0   0   0   0   0   0   0   0  0.49 0.06
  388 P    -2  -2   0   5  -3  -1   1  -2  -2   0  -2  -1  -2  -3   3   0  -1  -4  -3  -1    0   0   0  54   0   0   7   0   0  12   0   0   0   0  17   5   0   0   0   5  0.56 0.07
  389 G    -1   0   0   2  -3   2   0   1  -1  -2  -2   3  -1  -3  -1   0   1  -3  -2  -1    1   0   0  18   0  11   0  13   0   0   1  33   0   0   0   1  12   0   0   7  0.22 0.04
  390 K    -1   2  -1  -1  -4   1   2  -2  -1  -3  -3   5  -2  -4  -2  -1  -1  -4  -2  -3    0   0   0   0   0   0  16   0   0   0   0  84   0   0   0   0   0   0   0   0  0.70 0.10
  391 K    -1   3   0  -1  -4   1   0  -2  -1  -3  -3   5  -2  -4  -2   0  -1  -4  -2  -3    0  12   4   0   0   0   0   0   0   0   0  78   0   0   0   5   0   0   0   0  0.63 0.09
  392 K    -1   2  -1  -1  -4   1   0  -2  -1  -3  -3   6  -2  -4  -1  -1  -1  -4  -2  -3    0   0   0   0   0   0   0   0   0   0   0 100   0   0   0   0   0   0   0   0  0.72 0.08
  393 T     1   1  -1  -1  -2   0   0  -2  -1  -1  -2   4  -1  -3  -1   1   2  -3  -2   0   12   0   0   0   0   0   0   0   0   0   0  52   0   0   0   5  20   0   0  11  0.26 0.04
  394 R     0   3   0  -1  -3   1   1  -2  -1  -3  -3   4  -2  -3  -1   1  -1  -3  -2  -2    7  16   0   0   0   0   7   0   0   0   0  58   0   0   0  12   0   0   0   0  0.43 0.04
  395 A     3  -1  -1  -1  -1   0  -1  -1  -2  -2  -2   1  -1  -3   3   1   1  -3  -2  -1   47   0   0   0   0   0   0   0   0   0   0  15   0   0  15  11  12   0   0   0  0.34 0.02
  396 D    -1  -1   0   4  -4   1   5  -2  -1  -4  -3   0  -3  -4  -1   0  -1  -4  -3  -3    0   0   0  29   0   0  71   0   0   0   0   0   0   0   0   0   0   0   0   0  0.71 0.02
  397 K    -1   2   0  -1  -3   1   1  -2  -1  -3  -2   4  -1  -3  -1   0  -1  -3  -2  -2    0   0   0   0   0   0   0   0   0   0   0   0   0   0   0   0   0   0   0   0  0.00     0.00
  398 Q    -1   1   0   0  -3   5   2  -2   0  -3  -2   1   0  -3  -1   0  -1  -2  -1  -2    0   0   0   0   0   0   0   0   0   0   0   0   0   0   0   0   0   0   0   0  0.00     0.00

                      K         Lambda
Standard Ungapped    0.1316     0.3145
Standard Gapped      0.0408     0.2670
PSI Ungapped         0.1333     0.3183
PSI Gapped           0.0408     0.2670
