
Last position-specific scoring matrix computed, weighted observed percentages rounded down, information per position, and relative weight of gapless real matches to pseudocounts
            A   R   N   D   C   Q   E   G   H   I   L   K   M   F   P   S   T   W   Y   V   A   R   N   D   C   Q   E   G   H   I   L   K   M   F   P   S   T   W   Y   V
    1 A     5  -2  -2  -2  -1  -1  -1   0  -2  -2  -2  -1  -1  -3  -1   1   0  -3  -2  -1  100   0   0   0   0   0   0   0   0   0   0   0   0   0   0   0   0   0   0   0  0.60 0.08
    2 A     2  -1   0  -1  -1  -1  -1   1  -2  -2  -3  -1  -2  -3  -1   4   2  -3  -2  -2   17   0   0   0   0   0   0   6   0   0   0   0   0   0   0  66  11   0   0   0  0.45 0.06
    3 F    -3  -3  -4  -4  -3  -4  -4  -4  -2  -1   1  -4   0   7  -4  -3  -3   0   2  -1    0   0   0   0   0   0   0   0   0   0  11   0   0  89   0   0   0   0   0   0  1.04 0.12
    4 M    -1  -2  -1  -2  -2  -1  -2  -2  -2  -1   0  -1   3  -2  -2   2   5  -3  -2  -1    0   0   0   0   0   0   0   0   0   0   6   0  15   0   0  13  66   0   0   0  0.48 0.10
    5 M     0  -2  -1  -2   2  -1  -1  -2  -2  -1  -1  -1   4   0  -2   4   1  -3  -2  -1    0   0   0   0   7   0   0   0   0   0   0   0  25   5   0  57   6   0   0   0  0.36 0.10
    6 A     3  -2  -1  -2  -1  -1  -1  -1  -2  -1  -2  -1   1  -3  -2   2   4  -3  -2  -1   36   0   0   0   0   0   0   0   0   0   0   0   5   0   0  14  45   0   0   0  0.42 0.09
    7 S     2  -2  -1  -2  -1  -1  -1   2  -2  -1  -2  -1  -1  -3  -2   3   1  -3  -2   0   26   0   0   0   0   0   0  20   0   5   0   0   0   0   0  34   6   0   0   9  0.30 0.06
    8 I    -1  -2  -3  -3  -2  -1  -1  -3  -2   2   2  -2   3   3  -3  -2  -1  -2   0   1    4   0   0   0   0   4   4   0   0  17  30   0  19  18   0   0   0   0   0   4  0.27 0.06
    9 S     1  -1   1   0  -2   1   0  -2  -2  -1  -2  -1   0  -3  -2   2   3  -3  -2   0    9   0   5   5   0   7   5   0   0   0   0   0   5   0   0  22  34   0   0   9  0.28 0.11
   10 I     1  -2  -3  -2  -3   1   0  -3  -3   0  -3   0  -2  -4   7  -1  -2  -4  -3  -1   13   0   0   0   0   8   5   0   0   7   0   5   0   0  59   0   0   0   0   4  1.12 0.18
   11 E    -2   0  -1   0  -4   1   5  -3   3  -2  -3  -1  -2  -3   0   0   0  -3   0   0    0   4   0   0   0   3  53   0   8   0   0   0   0   0   4   4   7   0   5  11  0.48 0.17
   12 S     1  -1  -1   0  -2  -1   0   0  -2  -2  -2   1  -2  -3  -2   2   4  -3  -3  -1   11   0   0   5   0   0   4   6   0   0   0  10   0   0   0  12  47   0   0   4  0.38 0.15
   13 S     1   0  -1  -1  -2  -1   0   0  -2  -1  -3   1  -2  -3   3   2   2  -4  -3  -2   13   3   0   0   0   0   5   4   0   3   0  14   0   0  16  27  15   0   0   0  0.35 0.13
   14 P     2  -2   1  -2  -2  -1  -1   1   2   0  -2  -1  -2  -3   3   1  -1  -4  -2  -2   27   0  10   0   0   0   3  12   8   9   0   0   0   0  16  14   0   0   0   0  0.32 0.13
   15 A     2  -1  -1   0  -3   0   3  -2  -2  -2  -1   1   2  -3   1   1   0  -4  -3  -1   20   0   0   3   0   0  30   0   0   0   3   7  10   0   8   9   7   0   0   3  0.29 0.14
   16 R     1   4   0   2  -3   1   0  -2  -2  -2   0   1  -1  -1  -2   0  -1  -3  -2  -2   18  29   2  12   0   5   4   0   0   0  15   7   0   3   0   5   0   0   0   0  0.25 0.14
   17 C     3  -2  -2  -2   3  -1   2  -2  -2  -2  -2   0  -2   0   1   0   0  -3  -2  -1   41   0   0   0   8   0  16   0   0   0   3   5   0   6   8   5   4   0   0   3  0.30 0.16
   18 V    -1  -2  -3  -3   2  -2  -1  -3  -3   2   2   0   1  -1  -3  -1   0  -3  -2   3    2   0   0   0   6   0   3   0   0  15  25   8   3   0   0   3   4   0   0  29  0.27 0.12
   19 M    -1  -2  -3  -3  -2  -1  -1  -2  -2   3   2  -2   3   2  -3  -1  -1  -2  -1   2    3   1   0   1   0   3   3   3   0  21  20   1  13  12   1   6   1   0   0  12  0.22 0.11
   20 I     1  -1   0   2  -2  -1   0  -1  -2   0   0   0  -1   1  -2   1   1  -2  -1  -1   12   1   3  17   0   0   4   3   0   9   9   6   0   9   1  13  13   0   0   1  0.10 0.07
   21 V    -1  -2   0   0   0   0   2  -1   0   0   0  -1   1   1  -2  -1   0  -2  -1   1    4   0   6   6   3   5  18   6   3   0   9   1   4   8   1   2   4   0   0  21  0.06 0.07
   22 L     0   0  -1   1  -2  -1   0  -2  -1  -1   1   1  -1  -1   0   1   1  -2   0   0    5   2   0  13   0   0   3   1   0   3  16  12   0   2   3  17  10   0   5   6  0.08 0.07
   23 V     0  -2  -2   0  -1  -1   0   0  -2   1   1  -2   1  -2  -3  -1  -1  -3   0   4    5   0   0   5   1   3   8   7   0   2  10   0   4   0   0   3   2   0   4  44  0.21 0.15
   24 L    -2  -3  -3  -2  -3  -3  -3  -4  -2   1   2  -3   1   5  -4  -1  -1   3   3   0    2   0   0   2   0   0   0   0   0   5  26   0   4  34   0   5   2   5  11   3  0.56 0.20
   25 S     0   0  -2  -2  -3  -1   1  -1   0  -2   0  -1  -2   5  -1   2  -2  -2   0  -2    6   5   0   0   0   0  15   5   2   0   7   2   0  33   2  21   0   0   0   0  0.32 0.18
   26 D    -1  -2   1   5  -4  -1   0   0   0  -3  -2  -1   2  -3   2  -1  -2  -4  -3  -2    3   0   7  46   0   1   3   8   2   0   4   3   7   0   9   2   0   0   0   2  0.57 0.21
   27 S     1  -2  -2  -2  -2  -2   0  -2   0   2   0  -2   0  -2   1   1   0  -3   0   1   18   1   0   0   0   0   6   1   3  23   6   0   1   0   5  15   5   0   5   8  0.15 0.13
   28 A     2  -1  -1  -1  -2   1   2  -1  -1  -2  -2   0  -2  -2   0   2   2  -3  -2  -1   20   0   1   0   0   8  13   1   1   1   3   5   0   2   3  22  13   0   0   5  0.23 0.15
   29 L     0   1   0  -1  -1  -1   2  -3   0   1   0   0   1   1  -2  -1   0  -2   0   0    8   9   4   1   1   0  18   0   3  15   9   3   6   7   0   3   4   0   3   5  0.07 0.08
   30 A     2  -2   0   0  -3  -2  -2   2  -3  -1  -2  -2   1  -3   4   0  -1  -4  -3   0   24   1   4   6   0   0   1  16   0   4   0   0   5   0  23   7   3   0   0   6  0.41 0.17
   31 G     1  -1   0   0  -3   0  -2   4  -2  -3  -2   1  -2  -3   1   1   0  -3  -3  -3   14   2   3   5   0   3   0  36   0   0   3   9   0   0   8  12   4   0   0   0  0.40 0.16
   32 K    -1   0   1   0  -3   1   0  -2   0  -3  -3   4  -2  -4   1   1   2  -4  -3  -3    3   2   5   4   0   7   5   2   1   0   2  39   0   0   7   8  14   0   0   0  0.41 0.19
   33 N    -1  -1   4   1  -3  -1   0  -1   0  -3  -3   1  -2  -3   1   1   1  -3  -2  -1    3   2  31   6   0   1   5   4   1   1   2  13   0   1   6  10  10   0   0   4  0.32 0.14
   34 P     2  -2   0  -2  -3  -2  -1   2  -3  -2  -3  -2  -3  -3   6  -1  -1  -3  -3  -1   20   1   4   1   0   1   2  17   0   2   1   1   0   1  39   3   3   0   0   3  0.75 0.21
   35 M    -2   1  -1  -2  -2   0  -1  -3   1   2   0   2   2   1  -2  -1   1  -2   3   0    1   9   2   1   0   3   3   1   3  15   5  16   6   6   1   2  11   0  12   4  0.15 0.12
   36 A     2  -2  -3  -3   0  -1  -1  -3  -3   0  -1  -2  -1  -3  -3   0   0  -4  -3   5   19   1   1   1   2   3   3   1   0   2   2   1   0   0   1   6   4   0   0  52  0.55 0.27
   37 I    -1   0  -2  -1  -2  -1  -1  -3  -2   3   1  -2   0   1  -3  -1   2  -2   1   1    4   8   1   3   0   1   5   1   0  25  10   1   1   7   1   4  15   0   6   8  0.17 0.13
   38 M    -2  -3  -1   0  -3  -3  -3   1  -3   2   3  -3   4   2  -3  -3  -2  -2  -2   0    2   1   3   6   0   0   1  11   0  14  33   1  12  12   1   1   1   0   0   2  0.35 0.19
   39 E    -1  -1   1   3  -3   1   2   0   3  -2  -3   1  -2  -3  -2   0   0  -3  -1  -1    3   2   6  20   0   4  15   9  11   3   1   8   0   0   1   5   5   0   2   4  0.29 0.15
   40 T    -1  -2  -2  -2  -3   0   1  -3  -3   0  -1   0  -1  -3  -3  -1   6  -4  -3  -1    3   1   1   1   0   3   9   1   0   6   4   5   1   0   1   2  57   0   0   4  0.74 0.33
   41 S    -1  -2   3  -1  -3  -1  -1  -2  -3  -4  -3   0  -3  -3   4   3   2  -5  -4  -2    2   1  18   3   0   2   2   2   0   0   2   5   0   1  20  25  16   0   0   2  0.58 0.27
   42 M     1  -1  -2  -1  -2   0  -2  -3   1   1   2   1   2   0  -3  -1  -1  -3   0   0   16   3   0   3   0   4   1   0   4   9  22  13   8   4   0   3   2   0   4   5  0.13 0.12
   43 G    -2  -5  -3  -4  -5  -5  -5   7  -5  -6  -6  -4  -6  -6  -5  -3  -5  -5  -6  -6    2   0   0   0   0   0   0  96   0   0   0   0   0   0   0   0   0   0   0   0  2.31 0.60
   44 T    -2   5   1   4  -5  -2   0  -4  -3  -4  -3   0  -4  -5   2  -1   0  -5  -4  -4    1  37   8  27   0   0   3   0   0   1   2   2   0   0   9   4   5   0   0   0  0.78 0.33
   45 L    -4  -6  -6  -6  -4  -5  -6  -6  -6   7   2  -5   1   0  -6  -5  -3  -5  -4   2    0   0   0   0   0   0   0   0   0  67  16   0   3   3   0   0   0   0   0  11  1.42 0.46
   46 K     0  -1   1  -1  -3   0   1  -2   0   1  -2   1  -1  -3  -3  -1   2  -4  -2   3    5   1   7   2   0   3  12   3   3   7   1   9   1   0   0   2  16   0   1  27  0.22 0.18
   47 A    -2  -5  -5  -6   0  -4  -5  -5  -5   5   2  -5   4   4  -5  -4  -3  -4  -2   2    3   0   0   0   2   0   0   0   0  35  23   0  10  17   0   0   0   0   0  10  0.85 0.33
   48 E    -2  -1  -2   2  -5   0   5   1  -3  -5  -3   1  -1  -5  -4  -1  -3  -5  -4  -3    2   2   1  11   0   2  52  13   0   0   2   9   2   0   0   2   1   0   0   2  0.84 0.36
   49 L    -4  -5  -6  -6  -4  -5  -6  -3  -6   0   6  -5   0   1  -6  -5  -3  -4  -4   0    0   0   0   0   0   0   0   2   0   2  85   0   1   4   0   0   1   0   0   4  1.45 0.49
   50 F    -3   0  -2  -1  -5  -3  -3  -5   2  -3  -1  -3  -3   6  -6  -4  -4   4   6  -3    2   5   2   5   0   1   1   0   5   0   4   1   0  39   0   0   0   6  29   1  1.22 0.42
   51 L     1  -1   1   1   3  -2  -2   2  -2  -3  -2   0  -3  -2   3   1   0  -1  -1  -1   12   2   9   7   7   1   1  16   0   0   2   5   0   1  13   9   6   1   2   5  0.23 0.14
   52 N    -2  -1   2   5  -5   0   2  -3  -1  -4  -4   2  -4  -4  -3  -2   0  -5  -1  -3    3   1   9  40   0   2  14   1   1   0   1  16   0   0   1   1   7   0   2   1  0.72 0.30
   53 Q     0  -1  -1   0  -1   0   2  -2   2   0  -1   1   0  -2  -2   0   0  -3   0   1    5   1   1   4   1   4  16   2   8   6   6  11   2   1   0   4   7   0   3  17  0.11 0.11
   54 M     4  -2  -4  -4   3  -3  -4  -3  -4  -1  -3  -2   0  -2  -4   0   0  -5  -4   4   39   2   0   0   7   0   0   0   0   1   0   1   2   1   0   7   6   0   0  34  0.70 0.35
   55 P    -5  -6  -6  -5  -7  -5  -5  -6  -6  -7  -7  -5  -6  -8   9  -5  -5  -8  -7  -6    0   0   0   0   0   0   0   0   0   0   0   0   0   0 100   0   0   0   0   0  3.36 0.85
   56 L    -2   2   0  -2   1   0   0  -3  -1  -1  -1   5  -2  -4  -4  -3  -3  -5  -4  -1    3  12   4   1   3   3   4   1   1   5   7  52   1   0   0   0   0   0   0   4  0.71 0.33
   57 T     1  -4  -1  -4   0  -4  -4  -2   0  -2  -3  -4  -2  -5  -4   0   6  -5  -4  -1   13   0   2   0   1   0   0   3   3   2   1   0   1   0   0   4  67   0   0   3  1.20 0.49
   58 V     3  -5  -5  -5   6  -4  -4  -4  -5  -2  -3  -4  -3  -4  -4  -1   0  -5  -4   5   29   0   0   0  20   0   0   0   0   0   0   0   0   0   0   3   7   0   0  41  1.06 0.42
   59 S     0   1   0   1  -2   0   4  -1  -1  -4  -3   1  -1  -3  -3  -1  -1   1  -2  -4    8   9   5   7   1   1  38   5   1   0   3   9   2   1   0   4   2   2   1   0  0.45 0.24
   60 N    -5  -1   8  -2  -6   0  -3  -4   1  -6  -6  -2  -5  -6  -5  -1  -1  -7  -5  -3    0   3  80   0   0   4   0   0   3   0   0   2   0   0   0   3   3   0   0   2  1.94 0.62
   61 F    -6  -7  -7  -7  -6  -7  -7  -7  -5   1  -3  -7  -3   9  -7  -6  -6  -3  -1  -4    0   0   0   0   0   0   0   0   0   6   0   0   0  94   0   0   0   0   0   0  2.82 0.74
   62 I    -1   3  -3  -4  -1  -1  -2  -4  -3   2   2   0   0   0  -4  -2  -1  -3   0   2    4  25   0   0   1   1   1   0   0  11  23   6   1   4   0   2   2   0   3  16  0.33 0.20
   63 D     2   0  -1   2  -2   3   0  -1  -1  -3  -3   3  -1  -4  -3   1   0  -4  -3  -2   20   2   1  12   1  17   3   4   1   0   0  20   2   0   0   9   5   0   0   2  0.37 0.26
   64 L    -4  -4  -3  -5  -4  -4  -5  -6   1   0   5  -5   1   1  -5  -3  -4  -4   1  -2    0   0   1   0   0   0   0   0   4   4  74   0   3   5   0   2   0   0   4   0  1.13 0.49
   65 V     2  -6  -5  -6   9  -5  -6  -5  -6  -1  -3  -5  -4  -4  -5  -1  -1  -5  -5   3   15   0   0   0  54   0   0   0   0   2   2   0   0   0   0   4   4   0   0  19  1.77 0.63
   66 Q     0   1  -1  -1  -4   3   3  -2  -1  -3  -1   3  -1  -4  -3   0   1  -4  -3  -3    7   6   2   1   0  15  21   2   1   0   7  20   1   0   0   6  11   0   0   0  0.40 0.27
   67 S    -1   1   1   2  -1   1   1   1  -1  -2  -2   2  -2  -3  -2   1  -1  -4  -1  -1    3   9   5  11   1   5   8  12   1   2   4  20   1   0   1  12   1   0   2   4  0.21 0.16
   68 G    -2  -3  -1   0  -5  -2   0   6   1  -5  -5   2  -4  -5  -4  -2  -3  -5  -4  -5    1   0   3   4   0   1   6  59   4   0   1  17   0   0   0   1   1   0   0   0  1.07 0.45
   69 F     0  -3  -3  -4  -4  -3  -4  -1   4  -2  -2  -1  -3   5  -4  -1  -2   0   6  -2    9   0   0   0   0   0   0   5  13   1   1   4   0  24   0   4   2   1  32   1  0.91 0.42
   70 Y    -6  -6  -6  -7  -6  -5  -6  -7  -2  -4  -4  -6  -5   3  -7  -6  -5   2   9  -5    0   0   0   0   0   0   0   0   0   0   1   0   0  12   0   0   0   2  85   0  2.82 0.91
   71 D    -2   1   4   4  -5  -1   0  -3  -2  -3  -5   4  -4  -5  -3  -2  -1  -6  -4  -2    3   5  24  24   0   2   3   0   0   1   0  31   0   0   0   0   2   0   0   3  0.79 0.40
   72 G    -2  -1   3   1  -5  -3  -3   5  -3  -5  -3  -2  -4   0  -4  -2  -2  -5  -3  -5    1   3  19   7   0   0   1  57   0   0   3   2   0   5   0   1   2   0   1   0  1.03 0.45
   73 L    -1  -3   1  -3   3  -2  -3  -2  -2  -1   0  -1   1  -2  -3   3   3  -4  -3   0    3   0   7   0   6   0   0   2   1   3   8   4   5   2   0  31  21   0   0   6  0.40 0.31
   74 H    -1  -1  -2  -1  -1  -1   0  -2   0   2  -1   1  -2  -2   3  -1   2  -4  -3   1    5   1   1   3   1   1   5   1   3  18   5  11   0   1  15   4  16   0   0   8  0.22 0.18
   75 F    -5  -6  -6  -7   0  -6  -6  -6  -5   0  -1  -3  -3   8  -7  -6  -5  -1  -1  -1    0   0   0   0   2   0   0   0   0   5   4   2   0  82   0   0   0   1   0   4  2.18 0.74
   76 H    -5  -3   0  -1  -6   1  -3  -5  10  -3  -5  -2  -4   0  -5  -2  -4  -5   0  -2    0   0   4   3   0   5   0   0  71   2   0   2   0   4   0   2   0   0   2   3  2.12 0.73
   77 R    -4   7   0  -4  -6  -2  -2  -5  -1  -6  -5   1  -4  -6  -5  -1  -2  -6  -5  -5    0  77   4   0   0   0   2   0   1   0   0   7   0   0   0   5   3   0   0   0  1.77 0.66
   78 V    -3  -4   0  -5  -2  -4  -4  -5  -5   4   1  -4   0  -3  -4  -1  -2  -5  -3   5    0   0   5   0   0   0   0   0   0  20  11   0   1   0   0   4   0   0   0  57  0.97 0.44
   79 I    -2  -2  -4  -2  -3   0  -1  -4  -4   6   0  -2   1  -1  -4  -3  -1  -4  -2   2    3   2   0   2   0   6   4   0   0  52   3   2   4   2   0   1   2   0   1  14  0.68 0.35
   80 A    -1   0  -1   1  -5  -1  -2  -4   0  -5  -5   4  -4  -5   6  -1  -1  -5  -4  -4    4   4   2   8   0   2   0   0   2   0   0  32   0   0  38   4   3   0   0   0  1.03 0.44
   81 D    -2  -1   4   3  -4  -1  -1   4   0  -5  -5  -1  -4  -2  -3   0  -2  -4  -4  -4    1   4  22  19   0   3   3  35   2   0   0   3   0   2   0   6   0   0   0   0  0.71 0.33
   82 F    -4  -5  -2  -5  -5  -5  -4  -3  -3  -3  -2  -3  -3   8  -3  -4  -4  -2   3  -3    1   0   2   0   0   0   1   2   0   0   3   2   0  76   2   1   0   0   8   0  1.89 0.62
   83 M    -3  -4  -4  -5  -3  -3  -4  -5  -4   1   1  -4   8  -2  -4  -2  -1   0   0   2    1   0   0   0   0   0   0   1   0   8   9   0  51   0   0   3   3   1   3  17  1.21 0.51
   84 V     1  -4  -4  -4   4  -1  -3  -4  -4   5   0  -3  -1   0  -3  -2  -1   0  -2   3   13   0   0   0   9   3   0   1   0  37   7   0   0   4   0   2   2   1   0  18  0.53 0.28
   85 Q    -4  -2  -3  -3  -1   8  -2  -4   1  -5  -5  -2  -3  -5  -4  -3  -4  -5  -4  -3    1   0   0   0   1  87   0   1   3   0   1   0   0   0   0   1   0   0   0   2  2.22 0.80
   86 F     1  -4  -2  -3   1  -3  -3   5  -4  -4  -4  -3  -3  -2  -3   0   2  -4  -4  -2    9   0   0   0   3   0   1  56   0   0   1   1   0   2   0   4  18   0   0   2  0.96 0.40
   87 G    -1  -4  -3  -4  -4  -4  -4   7  -4  -5  -5  -4  -4  -5  -4  -3  -4  -4  -5  -5    3   1   0   1   0   0   1  89   0   1   1   1   0   0   1   1   1   0   0   1  1.95 0.61
   88 C    -3  -4  -2   7   2  -3  -1  -1   2  -1  -4  -3  -4  -4  -4  -3  -3  -5  -4  -3    2   1   0  73   4   0   1   5   5   4   1   1   0   0   1   1   1   0   0   2  1.50 0.54
   89 P    -1   0  -2  -2  -2  -1  -1  -2  -2  -1  -2  -1  -2   1   6   0  -1  -2  -2   0    3   5   2   2   1   2   3   3   1   5   4   2   1   6  41   9   2   1   1   7  0.67 0.19
   90 Y     0   0   0  -1  -1   0   0  -1   0  -1   0   0  -1  -1   1   1   1  -1   1  -1   10   3   4   3   1   3   6   5   2   3  10   8   1   2   6  12  11   1   6   4  0.05 0.03
   91 S     0  -1   0  -1  -1   0   0   3   0  -1  -1   0  -1   0   0   1   0  -1   0  -1    6   3   4   3   1   4   6  24   2   3   6   4   1   4   4  10   5   1   5   4  0.11 0.04
   92 R     0   0   0   1  -1   0   0   1  -1  -1  -1   0  -1   0   3   0   1  -1  -1  -1    6   5   4   9   1   3   4  11   1   3   6   3   1   4  15   6  10   1   2   4  0.13 0.04
   93 Y     0   0   0   0  -1   0   0   1   0   0   0   0   0  -1   0   0   0  -1   0   0    8   3   5   7   1   4   8  11   2   5   7   3   4   3   4   5   5   1   3  10  0.02 0.01
   94 T     0   0   0   0  -1   1   1   0   0  -1  -1   0   0  -1   0   0   1   1  -1  -1    9   6   4   6   1   5   8   6   2   5   6   5   3   2   4   8  11   3   2   4  0.04 0.01
   95 P     0  -1   0   0  -1   0   0   1   0  -1   0   0  -1  -1   2   0   0  -1  -1   0    9   3   3   7   1   3   4  16   2   3   8   6   1   2  10   6   6   1   2   6  0.08 0.02
   96 F    -1  -1   0   0  -1   0   1   1  -1  -1   0   0   0   3   0  -1  -1  -1   0   0    4   3   4   4   1   2  12  11   1   3   6   6   3  20   3   4   4   1   2   6  0.07 0.04
   97 D     0   0   0   1  -1   0   1   0   0   0  -1   0  -1   0   1   0   1  -1   0   0    5   6   3   9   1   2   9   6   2   8   5   3   1   4   6   9  12   1   3   4  0.05 0.02
   98 I     0   0   1   1  -1   0   0   0   0  -1  -1   0   0  -1   0   0   0  -1  -1   0    9   4   9   9   1   4   6   9   2   4   6   6   2   4   3   8   4   1   2   7  0.04 0.01
   99 D     0   0   0   0  -1   0   0   0   1   0  -1   0  -1   0   1   0   0   2   1  -1    7   4   3   7   1   3   4   9   6   7   6   4   1   4   8   7   7   3   5   4  0.04 0.01
  100 I     0  -1   2   0  -1   0  -1   0  -1   0   0  -1  -1   2  -1   0   1   0   0  -1    6   2  12   5   1   3   2   7   1   7   6   4   1  14   3   7  11   1   3   4  0.05 0.05
  101 G     0  -1   0   0  -1  -1  -1   3  -1  -1  -1  -1  -1  -2   1   0   2  -2  -2   0    8   2   3   4   1   2   2  23   1   3   4   4   1   1   6   6  18   1   1   7  0.17 0.09
  102 T    -1   0   1  -1  -2  -1   0  -1   0  -1  -2   1  -1  -2  -1   0   4  -2  -1   0    4   5   9   2   1   2   5   3   2   1   3  11   1   1   3   4  33   0   1   8  0.25 0.16
  103 G    -1  -2  -1  -1  -3  -1   0   6  -2  -3  -3  -1  -3  -3  -2  -2  -2  -3  -2  -3    4   1   2   2   1   3   6  63   1   1   2   4   1   1   1   2   2   0   1   2  0.92 0.30
  104 G     0   0   1   2  -2  -1  -1   3  -2  -1  -2   0  -1  -2  -1   1   2  -3  -1  -2    6   4   7  14   0   1   1  22   0   3   2   5   1   1   3   8  16   0   2   1  0.24 0.14
  105 P    -1   1  -2  -2  -3  -1   0   4  -1  -1  -1   1  -2  -2   2  -1  -1  -3  -2  -1    2   7   1   1   0   1   8  35   1   3   8   9   1   2  11   4   2   0   1   3  0.32 0.17
  106 D    -1   2   0   1  -2   0   0  -2  -1  -2  -2   1   0  -3  -2   2   2  -3  -2  -1    4  11   3  10   0   4   3   2   1   2   2  10   3   1   1  21  18   0   1   4  0.24 0.16
  107 G    -1  -3   0  -2  -3  -2  -3   5  -3   3  -2  -3  -2  -3  -3  -2  -2   1  -2   0    3   1   5   1   0   1   1  49   0  19   3   1   0   1   1   2   2   2   1   5  0.66 0.28
  108 A     0   0  -2  -1  -2  -2  -1   4  -1  -3  -1  -1  -2  -2   1   0  -2  -2   3  -2    7   5   1   3   1   1   3  37   1   1   5   3   1   1   7   6   1   0  15   2  0.42 0.21
  109 S     0   0   0   0   0   0   2   1  -1   0   0   0   0  -2  -2   1   0  -2  -2  -1    4   4   3   4   2   4  18  11   0   5  14   6   1   1   1  13   5   0   1   3  0.09 0.09
  110 S     0  -2  -1   1   0  -1   2  -2   0  -2  -3  -1  -2  -3  -2   4   0  -3   0  -1    5   1   1   8   2   1  15   1   3   2   2   2   0   1   1  45   2   0   3   5  0.47 0.27
  111 F    -2  -1  -1  -3  -2  -2  -1  -2  -3   5  -1   0   0  -1   1  -1  -2  -3  -2   1    2   4   3   1   0   1   4   3   0  48   2   7   1   2   8   4   1   0   1   8  0.45 0.24
  112 F    -1  -2  -2  -3  -3  -2  -2  -1  -1  -2  -1  -1   2   2  -3  -1  -2   8   6  -2    4   1   1   1   1   1   3   6   1   1   4   3   7   6   1   4   2  20  30   2  0.86 0.30
  113 N     0  -2   1  -1  -2  -2   0   4   0  -2  -3  -1  -2  -2   1   1  -1  -3  -2  -1    5   1   8   2   0   1   6  40   3   1   2   2   1   2   8   9   1   0   1   6  0.41 0.18
  114 L     0   1   0   1  -2   0   2  -1   0  -1   0   1   0  -1   1   0   0  -2   0  -1    5   8   3   6   1   3  16   3   2   5   9  11   3   1   6   9   4   0   3   3  0.09 0.05
  115 Q     0   1   0   0  -2   1   0   1   1  -1   0   2  -1  -1   0   0  -1  -1   0  -1    7   6   4   6   1   7   6  11   3   4   9  17   1   2   3   4   2   1   4   3  0.07 0.04
  116 T     0   0   0   0  -1   1   2   0  -1  -1  -1   0  -1   0   0   0   0  -1  -1  -1    8   3   3   5   1  10  15   9   1   3   5   6   2   5   5   6   6   1   2   5  0.08 0.03
  117 N     0   1   0   0  -1   0   1   0   0  -1   0   0  -1   0   1   0   0  -1  -1  -1    9  11   4   3   1   3   9   8   2   4  10   5   1   4   8   8   5   1   2   4  0.05 0.02
  118 R     0   0   1   0   0   0   0   0   0  -1  -1   0   0   0   1   0   0  -1   0   0    5   5   7   6   3   3   7  10   2   3   7   5   2   4   7   6   8   1   3   8  0.04 0.01
  119 K     0   0   0   0  -1   1   1   0  -1  -1  -1   1   0  -1   2   0   0  -1   0  -1    7   5   2   3   1   5  13   6   1   3   5   9   4   3  10   8   5   1   5   4  0.09 0.03
  120 V     0   0   0  -1   1   0   0   0   0   0   0   0   0   0   0   0   0  -1   0   0    6   5   5   3   5   3   7   7   4   9  10   8   3   3   4   5   4   1   4   5  0.00 0.00
  121 D     0   0   1   1  -1   1   1   0   0  -1  -1   0  -1  -1   1   0   0  -1   1  -1    4   4   8   9   1   5  12   7   1   5   5   4   1   2   7   7   4   1   8   5  0.07 0.03
  122 R     0   1   0   0  -1   0   1   0   1  -1  -1   1  -1  -1   0   0   1  -1   0   0    9   8   3   5   1   2   8   8   4   3   5   9   1   2   4   5  11   1   3   7  0.05 0.02
  123 D     0   0   1   1  -1   0   1   0  -1  -1  -1   0  -1   0   2   0   0  -1  -1  -1    7   4   8   7   1   3  10   6   1   3   7   6   1   5   9   7   6   1   2   5  0.07 0.02
  124 K     0   0   0   0  -1   1   1  -1  -1   0   0   1   0  -1   1   0   0  -1  -1   0    6   4   3   5   1   6   9   4   1   9   7  10   3   3   9   7   7   1   2   4  0.06 0.02
  125 Y     1   0   1  -1  -1   0   0  -1   0  -1   0   0   0   0   0   0   0  -1   2   0   14   5   8   3   1   2   5   4   2   3  11   6   1   2   5   5   5   1  11   7  0.04 0.03
  126 G     0   0   0  -1  -1  -1  -1   2  -1  -1  -1   0  -1  -1   3   0  -1  -1  -1  -1    8   4   3   2   1   2   4  23   1   2   8   6   1   2  14   7   3   1   2   4  0.19 0.07
  127 C     0   0   0  -1   0   0   0   0  -1  -1  -1   1   0   0   2   0   1  -2  -1   0    4   5   4   3   2   2   5   8   1   2   5  11   3   5  13   6  11   0   2   9  0.10 0.06
  128 I    -4  -4   0  -3  -2  -2  -4  -4  -3   1   1  -4  -2   7  -2  -3  -2  -2   1   0    1   0   6   1   1   2   0   1   0   6  10   0   0  55   2   1   1   0   4   8  1.02 0.42
  129 S     0   0   1   2  -3   0   2   0  -1  -3  -3   2  -3  -4   3   0  -1  -4  -1  -3   10   3   6  10   0   4  18   5   1   0   2  16   0   0  16   5   1   0   2   0  0.36 0.20
  130 D     0  -2   1   6  -2  -2   1  -2  -3  -1  -4   0  -4  -4   0  -1  -2  -5  -4  -3    7   1   5  57   1   0   6   3   0   4   1   4   0   0   5   2   1   0   0   1  0.94 0.39
  131 E    -2  -2  -3   0  -4   0   6  -2  -2  -3  -3   0  -3  -4  -3  -2  -3  -4  -1  -1    3   1   1   3   0   2  72   2   0   2   2   5   0   0   1   1   1   0   2   4  1.25 0.50
  132 F     0  -2   4  -1  -2  -1  -2  -2  -2   1   0  -1  -2   4  -2  -1  -2  -3   0   0    8   1  29   2   1   2   1   2   0   8  11   4   0  20   1   3   1   0   1   5  0.35 0.24
  133 T    -3   1   1  -1  -3  -2  -1  -3   5  -2  -1  -1  -2   5   1  -1  -1  -2   0  -2    1   7   8   4   0   0   4   1  15   1   5   2   0  30   8   4   4   0   2   3  0.45 0.26
  134 S     0  -1   1   1  -3   0   0  -2  -2  -1  -1   1  -2  -3   3   2   0  -4  -2   0    6   1   6   7   0   4   5   2   0   5   5  13   0   0  16  17   6   0   1   6  0.22 0.16
  135 R    -2   2  -2  -3  -3  -2  -1  -1  -1  -1   4   0   1  -2   1  -3  -2  -4  -2   0    1  13   2   1   0   0   5   5   1   1  46   7   2   0   8   1   1   0   1   4  0.37 0.27
  136 V    -1   2  -1  -3  -3  -1  -1  -3  -2   0   1   4  -2  -1   1  -1  -1  -4  -3   0    3   9   3   0   0   1   3   0   0   5  19  34   0   3   8   4   2   0   0   6  0.33 0.24
  137 S    -3   1  -3  -4  -5  -2  -3  -4   9  -3  -2   2  -4   1  -1  -2  -4  -4  -1  -5    1   9   0   0   0   1   0   0  56   1   4  14   0   7   3   2   0   0   0   0  1.51 0.57
  138 N    -2  -3   5   3  -4  -2   0  -3   2  -3  -2  -2  -3  -1  -1   0   2  -4   0  -2    2   0  31  20   0   0   3   0   6   0   4   1   0   2   3   6  13   0   4   4  0.54 0.31
  139 G     0   3  -2  -2  -4   0   1   2  -1  -3  -3   2  -2  -4   1   0   0  -4  -3  -1    8  22   0   1   0   2  10  16   2   0   2  16   0   0   5   5   5   0   0   6  0.31 0.21
  140 P     0   5  -3  -2  -5  -1  -2  -4  -2  -4  -4   1  -1  -1   5  -2  -1  -4   1  -4    8  35   1   2   0   2   1   0   0   1   0   7   2   4  30   1   3   0   5   0  0.88 0.41
  141 G    -3  -5  -3  -4  -5  -4  -3   7  -4  -6  -6  -1  -3   1  -5  -3  -4  -5   0  -6    0   0   0   0   0   0   1  84   0   0   0   3   1   6   0   0   0   0   3   0  1.82 0.64
  142 T     0   0  -3  -3  -1  -3  -3  -4  -3   2   2  -3   1  -2  -3  -1   3   1  -1   1    7   5   0   0   1   0   0   0   0  12  27   0   2   0   0   2  28   2   2  10  0.39 0.27
  143 L    -3  -4  -5  -5  -3  -4  -4  -5  -5   2   5  -2   1  -2  -4  -4  -3  -4  -3   4    0   0   0   0   0   0   0   0   0   7  55   3   3   0   0   0   0   0   0  29  0.95 0.42
  144 A     3  -3  -2  -3  -3  -3  -3   2  -4  -4  -2  -3  -4  -5  -3   5  -2  -3  -4  -4   22   0   0   0   0   0   0  14   0   0   3   0   0   0   0  57   0   0   0   0  1.00 0.50
  145 M    -3  -5  -5  -6  -2  -4  -5  -6  -5  -2   0  -5  10  -1  -5  -4  -4   1  -4  -1    1   0   0   0   1   0   0   0   0   0   5   0  82   2   0   1   0   2   0   4  2.48 0.85
  146 A     6  -3  -4  -2   0  -3  -3  -1  -4  -3  -4  -3  -3  -4  -3  -1  -3  -5  -4   0   84   0   0   2   1   0   0   2   0   0   0   0   0   0   0   1   0   0   0   5  1.35 0.55
  147 N    -3   3   6  -2  -1  -2  -2  -3   2  -3  -3  -2  -3  -4   0  -1  -1  -4  -2  -3    1  19  52   1   1   0   1   1   6   1   2   1   0   0   4   2   3   0   1   2  0.95 0.40
  148 Q     3   1   0  -1  -1   0   0  -1  -2  -2  -2   0  -2  -2  -2   2   1  -3   0  -1   31   6   5   3   1   2   7   2   0   1   2   7   0   2   1  16   7   0   4   2  0.22 0.17
  149 G    -1  -2  -1  -1  -4   0   0   5  -3  -4  -4  -2  -4  -4   0   0  -1  -4  -4  -4    2   1   2   3   0   5   7  58   0   0   1   1   0   0   6   7   4   0   0   1  0.87 0.33
  150 K     0   1   1   2  -2   0   1  -1  -1  -1  -1   1   0   0  -1   0  -1  -2  -1  -1    7   7   8  14   1   4   7   3   1   4   3  13   2   4   2   9   2   1   1   6  0.10 0.05
  151 P    -2   0  -2   0  -3  -2   0  -2  -2  -3  -3   0  -3  -3   7  -1  -2  -3  -3  -1    2   6   1   5   0   1   7   3   1   1   2   6   1   1  52   4   1   0   1   5  1.05 0.31
  152 N    -3  -2   6   4  -5  -2  -1   1   3  -5  -5  -2  -4  -5  -2  -1  -2  -5  -4  -5    0   1  44  27   0   0   2   9   8   0   1   0   0   0   1   3   1   0   0   0  1.04 0.42
  153 T    -2  -3  -1   1  -3  -2  -1  -1  -3  -2  -3  -2  -2  -4  -1   3   5  -4  -4  -2    1   0   2   9   0   1   2   5   0   2   1   1   1   0   3  20  49   0   0   2  0.71 0.37
  154 V     1  -3   7  -1   0  -2  -3  -1  -1  -4  -4  -1  -4  -2  -4   0  -2  -4   0  -2   14   0  59   2   2   1   0   4   1   0   1   2   0   1   0   4   0   0   4   3  1.01 0.43
  155 G    -1  -1   1  -3  -4  -1  -2   6  -3  -5  -5  -2  -4  -5  -4   1   1  -4  -4  -4    3   3   6   0   0   2   1  63   0   0   0   1   0   0   0  10   9   0   0   0  1.06 0.40
  156 S    -1  -3  -2  -3   1  -3  -3  -3  -3  -4  -3  -3  -4  -2  -3   6   0  -5  -4  -3    3   0   0   0   3   0   0   0   0   0   2   0   0   2   0  81   4   0   0   2  1.35 0.58
  157 Q    -4  -2  -3  -3  -5   8   1  -4  -1  -5  -5  -1  -3  -6  -4  -2  -2  -5  -4  -5    0   0   0   0   0  81   8   0   1   0   0   2   0   0   0   2   2   0   0   0  1.95 0.70
  158 F    -5  -6  -6  -6  -3  -6  -6  -6  -4  -2  -2  -6  -3   9  -3  -5  -5   1   0  -3    1   0   0   0   0   0   0   0   0   2   1   0   0  90   2   0   0   2   0   1  2.42 0.73
  159 F    -5  -5  -5  -6  -5  -3  -5  -6  -2   1  -1  -5   0   8  -6  -3  -4  -2   2  -1    0   0   0   0   0   1   0   0   1   7   2   0   2  77   0   2   0   0   4   3  1.87 0.61
  160 F    -4  -6  -6  -6  -4  -5  -6  -6  -6   7   0  -5   1   3  -6  -5  -3   2  -3   1    0   0   0   0   0   0   0   0   0  72   4   0   3  13   0   0   0   3   0   6  1.48 0.54
  161 N    -2  -4   1  -4   3  -3  -2  -4  -1  -3  -1  -3  -1  -2  -4  -2   6  -5  -1   0    2   0   7   0   7   0   2   0   1   0   6   0   1   2   0   0  64   0   2   6  1.02 0.49
  162 M    -1  -3  -3  -4   0  -3  -3  -4  -1  -1   3  -2   1   2  -4  -1   3  -3   2   1    3   0   0   0   2   0   0   0   2   0  34   2   3   8   0   2  27   0   7   8  0.47 0.29
  163 A     2   0  -2   1  -3  -1  -1   1  -1  -1  -2   1  -2  -2  -3   0   0  -3   0   2   24   6   0   8   0   1   3  12   1   1   0  11   0   2   0   5   4   0   3  19  0.18 0.17
  164 D     0  -1   0   4  -4   0   1  -2  -3  -4  -4   2  -3  -5   4  -1  -2  -5  -4  -3   10   2   3  30   0   3  10   1   0   0   1  15   0   0  20   1   2   0   0   1  0.63 0.29
  165 N     1  -2   3  -2   2   0  -1   0  -1   0  -2  -2  -2  -3  -2   1   4  -4  -3  -1   15   0  17   0   6   4   2   5   1   7   2   0   0   0   1   7  29   0   0   1  0.36 0.24
  166 S     0  -1  -1   1  -3  -1   1  -1  -2  -3  -3   0  -3  -4   6   1   0  -4  -3  -3    6   3   1  10   0   3   9   3   0   1   1   4   0   1  41  11   4   0   0   1  0.77 0.27
  167 F    -2  -2  -2   0  -3  -1   1  -1   5  -3  -2  -2  -2   3  -1  -2  -2   8   1  -3    2   1   1   5   0   2  11   4  20   1   3   2   1  13   3   3   1  22   3   2  0.75 0.26
  168 L    -2  -3  -3  -3  -1  -3  -3  -3  -3   0   5  -3   0  -1  -2  -1  -2  -1  -2  -1    2   1   1   2   1   1   1   1   0   3  73   1   0   2   2   4   1   1   1   1  0.82 0.32
  169 N    -1  -1   4   2  -1   0   1   0  -1  -1  -1   0  -1  -1   0   0   0  -1  -1  -1    5   3  24  16   1   3   7   7   1   3   5   3   1   2   4   4   6   1   2   4  0.21 0.07
  170 W     0   0   0   1  -1   0   0   1   1  -1  -1   0   0   0   0   0   0   1   2   0    6   5   3   8   1   3   4  10   4   4   7   4   2   4   4   5   4   2  12   6  0.04 0.01
  171 W     0   0   0   0  -1   0   0   0  -1   0   1   0   0   0   0   0   0   1   0   0    8   5   4   4   1   3   4   6   2   4  23   4   2   3   4   9   5   2   2   5  0.02 0.01
  172 D     0   0   0   1  -1   0   0   0   0   0  -1   0   0  -1   0   1   1   0   0   0    6   5   5   9   1   3   6   6   2   4   7   5   2   3   4  11   9   1   3   8  0.04 0.00
  173 T     0   0   0   0  -1   0   0   0   0   0   0   0   0  -1   2   0   0   0   0   0    7   4   4   5   2   4   7   6   2   4  10   8   2   3   9   6   7   1   3   5  0.04 0.00
  174 H     0   0   0   0  -1   0   0   0   0   0   0   0   0   0   1   0   0   0   0   0    7   4   4   6   2   4   7   8   3   4  10   5   2   3   6  10   6   1   3   6  0.03 0.00
  175 N     0   0   1   0  -1   0   0   1   0  -1   0   0   0  -1   0   0   0   0   0  -1    6   5   8   6   2   4   5  12   2   4   8   5   2   3   5   8   5   1   4   5  0.03 0.00
  176 Q     0   1   0   0  -1   0   1   0   0  -1   0   0   0   0   0   0   0   0   0   0    8   8   6   4   2   5   9   7   2   4   8   5   2   5   4   8   7   1   3   5  0.03 0.00
  177 F     0   0   1   0  -1   0   0   1   0  -1  -1   0   0   0   1   0   0  -1   0  -1    6   6   8   7   1   3   7  11   2   4   8   4   2   4   7   7   4   1   2   6  0.04 0.00
  178 A     0   0   0   0  -1   1   1   0   0   0   0   0   0   0   0   0   0   2   0   0    7   4   3   4   1  10   9   7   2   7  10   4   2   6   4   5   4   4   3   5  0.03 0.01
  179 A     0   0   0   0  -1   0   0   0  -1   0   1   0   1   0   0   0   0  -1  -1   0    9   6   3   6   1   5   4   7   2   4  24   4   3   3   4   5   4   1   2   6  0.02 0.01
  180 E    -2  -2   0   6  -3  -1   1  -2  -2  -3  -3  -2  -3  -3  -1  -1  -2  -3  -3  -3    2   1   3  61   1   1   9   3   1   2   3   2   1   1   3   2   2   0   1   2  1.00 0.30
  181 S    -1   0   1  -2  -3  -1  -1   5  -3  -4  -4  -1  -3  -1  -1  -1  -2   1  -3  -3    2   5   7   1   0   3   4  58   0   1   1   2   0   3   3   4   2   2   1   1  0.80 0.29
  182 R    -2   3  -1  -1  -4   2   0   0  -1  -4  -3   5  -3  -4  -3  -2  -2  -4  -3  -2    1  15   2   3   0  10   5   7   1   1   1  48   0   0   1   1   1   0   0   3  0.72 0.32
  183 H    -1  -3   0  -3  -1  -2  -3  -4   8  -4  -2  -3  -3   0  -4  -1  -3  -3   5  -4    6   0   3   0   2   1   1   1  51   0   4   1   0   3   0   4   1   0  22   1  1.44 0.50
  184 S     1  -4  -3  -4   0  -3  -3  -4  -4   0  -2  -3  -2  -3  -2   0   4  -5  -3   4   14   0   0   0   1   0   0   0   0   3   0   0   0   0   1   7  34   0   0  37  0.72 0.39
  185 V    -2  -5  -6  -6  -4  -5  -5  -6  -6   3   0  -5   0  -3  -3  -4  -2  -5  -4   6    1   0   0   0   0   0   0   0   0  14   5   0   2   0   1   0   1   0   0  76  1.41 0.54
  186 F    -5  -6  -6  -7  -6  -6  -7  -6  -5   1  -2  -6  -2   9  -7  -6  -5  -2   0  -3    0   0   0   0   0   0   0   0   0   7   1   0   1  90   0   0   0   0   1   1  2.49 0.76
  187 A    -1  -5  -4  -4  -6  -5  -5   7  -5  -7  -7  -5  -6  -6  -5  -3  -5  -6  -6  -6    3   0   0   0   0   0   0  97   0   0   0   0   0   0   0   0   0   0   0   0  2.33 0.71
  188 K    -3   3  -2  -3  -5   3   2  -4   1  -5  -4   5  -2  -3  -4  -2   0  -4   2  -4    0  16   0   0   0  16  11   0   3   0   0  38   1   1   0   0   5   0   8   0  0.78 0.39
  189 I    -3  -5  -5  -6  -3  -5  -5  -6  -6   3   0  -5  -2  -3  -5  -4  -1  -5  -4   6    0   0   0   0   0   0   0   0   0  14   8   0   0   0   0   0   3   0   0  74  1.38 0.53
  190 I     0  -3  -3  -4  -1  -3  -3  -4  -4   3   1  -2   0  -2  -4  -1   2  -4  -1   3    6   0   0   0   1   0   1   0   0  21  14   3   1   0   0   2  18   0   2  29  0.46 0.26
  191 E     0  -1  -1   3  -4   1   4   0  -1  -4  -4   2  -3  -4  -3   0  -2  -4  -3  -3    6   1   1  19   0   5  38   6   1   0   1  11   0   0   0   7   1   0   1   1  0.61 0.28
  192 G    -3  -4   0  -3  -5  -4  -5   7  -5  -7  -6  -4  -5  -6  -5  -1  -4  -5  -6  -6    0   1   4   1   0   0   0  90   0   0   0   0   0   0   0   4   0   0   0   0  2.03 0.64
  193 Y    -2  -1  -2   1  -4   1   0  -3  -1  -1   2   1   5   2  -3  -2  -2  -2   0  -2    1   1   1   9   0   8   5   2   1   1  19  11  25   8   1   1   1   0   3   1  0.36 0.27
  194 D    -2  -2   0   6  -5  -1   2  -1  -3  -5  -4  -1  -4  -5  -3   1   0  -6  -5  -4    3   1   3  49   0   2  14   5   0   0   2   2   0   0   0  12   7   0   0   0  0.87 0.38
  195 V    -2  -4  -3  -5  -3  -3  -4  -5  -5   3   0  -4  -1  -2  -4  -3   3  -5  -4   5    2   0   1   0   0   1   0   0   0  14   6   0   0   1   0   0  21   0   0  54  0.94 0.43
  196 A    -1  -4  -5  -5  -3  -4  -4  -2  -4   1   3  -4   2  -1  -4  -4  -3  -3   2   4    5   0   0   0   0   0   0   3   0   3  35   0   4   1   0   0   0   0   8  40  0.72 0.36
  197 L    -2   2   1   4  -4   1   2  -2   1  -4  -2   1  -3  -3  -3   0   0  -4  -1  -3    2  16   6  26   0   6  12   2   3   0   4  11   0   1   0   4   5   0   2   0  0.42 0.23
  198 A     1   1   0   0  -4   1   1  -3  -1  -2  -1   5   1  -4  -3  -1  -1  -4  -2  -1   12   4   3   4   0   7   6   0   1   1   5  42   4   0   0   3   2   0   1   6  0.42 0.27
  199 I    -4  -5  -6  -6  -4  -5  -5  -6  -5   6   2  -5   5  -2  -5  -5  -3  -5  -4   1    0   0   0   0   0   0   0   0   0  61  18   0  15   0   0   0   0   0   0   6  1.34 0.50
  200 S     1   1   2  -1  -4   0   5  -3  -2  -4  -3   2  -3  -5  -3   0  -2  -5  -4  -4   10   5  11   1   0   2  48   1   0   1   2  10   0   0   0   7   0   0   0   0  0.73 0.36
  201 N    -1   0   3   0  -3   1   2   0   0  -1  -2   2  -2  -3  -2   1   0  -3  -1  -2    4   4  19   4   0   6  13   6   2   5   4  14   1   0   0  13   4   0   2   1  0.21 0.15
  202 A     2  -2  -1  -2   0   0  -2   2  -1   0   0  -2   1  -1  -2  -1   1  -3  -1   2   18   1   2   1   2   4   2  17   2   4   5   1   4   2   1   2   9   0   1  24  0.17 0.14
  203 Q    -1  -1  -1   0  -3   2   3   1  -2  -1  -2   2  -2   0   2  -1  -2  -3  -1  -2    5   2   2   5   0   8  21  13   0   5   2  14   1   5  13   2   1   0   1   0  0.27 0.17
  204 I    -1  -3  -3  -3   0  -2  -1  -2  -3   2  -1  -1  -2  -3  -3   1   4  -4  -2   3    3   0   0   0   2   0   3   3   0  10   4   3   0   0   0   9  30   0   1  31  0.45 0.28
  205 R     0   1   0   3  -3   0   2   0   0  -1  -2   1  -2  -3   1   0  -1  -3  -1   0    7   8   4  22   0   4  14   5   2   2   3   7   0   1   6   3   3   0   2   8  0.19 0.11
  206 I     0   0   1   0  -1   0   1  -1  -1   0  -1   0  -1  -2  -1   1   2  -2   0   0    4   6   6   5   1   1  12   4   0   7   4   5   1   1   2  15  16   0   4   6  0.10 0.09
  207 P    -1  -1   1   4  -4  -1   2   3  -2  -4  -4   0  -3  -4   1   0  -1  -4  -1  -3    3   3   5  24   0   2  12  25   0   0   1   4   0   0   8   7   2   0   2   1  0.43 0.21
  208 G     0  -1   0   1  -2  -1   0   3  -1  -2  -2   1  -2  -2  -1   1  -1  -3  -1  -2    8   3   5   8   0   1   5  31   1   1   3   9   1   2   3  11   3   0   3   3  0.25 0.13
  209 E    -1   1   1   1  -2   3   1  -1   1  -1  -2   1  -2  -2  -2   0   2  -2  -1  -1    5   8   7   7   0  16  11   4   4   3   2   7   1   1   1   3  15   0   2   2  0.20 0.12
  210 D    -2  -1   3   4  -3  -1   1   0  -1  -3  -3   0  -2   0   0   0  -1  -3  -1  -3    2   3  13  35   0   1   8   7   1   1   2   4   0   5   4   7   1   0   2   1  0.42 0.18
  211 I    -1   4  -1  -2  -2   1  -1  -2   0  -1  -1   3   0  -2  -2  -1   0  -3   0   0    2  30   2   1   1   4   1   2   2   2   7  18   2   1   1   4   5   0   3  10  0.30 0.18
  212 P    -1  -3  -1  -2  -3  -3  -3  -3  -3  -2  -2  -2  -3  -4   7  -2  -1  -4  -2   0    3   1   3   2   1   1   1   1   0   2   3   2   0   0  66   1   3   0   1   6  1.54 0.46
  213 K    -1   0   1  -1  -2   0   0  -2  -1   0   1   2   0  -1  -2   0   1  -2   1   1    3   3   7   3   0   2   3   1   1   2  13  18   2   1   1   9  10   0   5  15  0.09 0.11
  214 K    -1   2   0   0  -3   2   1  -3   1  -2  -1   2  -1  -2   0   0  -1  -2   2  -1    2  10   4   3   0  12  11   1   4   2   5  19   0   1   5   6   3   0   8   3  0.22 0.15
  215 P    -2  -2  -2   3  -4  -2   1  -3  -3  -4  -4  -1  -4  -5   6  -1  -1  -5  -4  -2    1   1   1  19   0   0  10   1   0   0   1   2   0   0  50   4   4   0   0   3  1.21 0.42
  216 I    -1  -3  -3  -2  -1  -3  -3  -4  -1   4   1  -3   1  -1  -2  -2  -1  -1   1   4    3   1   0   2   1   0   1   0   2  28   8   1   2   2   2   2   1   1   5  38  0.50 0.26
  217 K    -1   3  -2  -3  -3   1   0  -2  -1   0  -2   4  -2  -4  -1  -1   0  -4  -3   2    2  17   0   0   0   6   4   2   1   5   1  34   1   0   3   2   5   0   0  16  0.43 0.27
  218 M    -2  -2   0   1  -4  -4  -3  -5  -2   6  -1  -1   1  -3  -5  -3  -1  -5  -4   0    2   2   6   8   0   0   1   0   1  65   3   4   3   0   0   1   2   0   0   2  0.89 0.42
  219 I     0   0   0  -1   0  -1   1  -3  -1   2   0   0   0  -2  -3  -1   2  -4  -2   2    7   5   5   1   2   2  11   0   1  19   4   5   3   0   0   1  14   0   0  20  0.16 0.15
  220 K    -1   3   1   0  -3   0   1  -1   2  -2  -3   2  -2  -4  -3   2   0  -4  -3  -1    1  17   7   5   0   2  11   4   6   2   0  11   0   0   0  22   6   0   0   6  0.28 0.18
  221 I     0  -4  -4  -4   5  -4  -4  -4  -4   5  -1  -4  -1  -3  -4  -1   1  -4  -3   3    8   0   0   0  13   0   0   0   0  43   1   0   0   0   0   4   7   0   0  23  0.78 0.34
  222 T     0  -1  -2  -1  -3   0   1  -1   1  -1  -1   0  -2  -2  -2   0   3  -4  -2   1    6   1   0   3   0   4  11   4   3   1   6   6   0   1   0   7  31   0   0  15  0.23 0.19
  223 I    -2  -3  -2   2  -3  -2   0  -3  -1   4   0  -2  -1  -2  -3  -2  -1  -4  -3   3    2   1   1  16   0   1   5   1   2  35   8   2   1   0   0   1   2   0   0  22  0.39 0.23
  224 E    -1  -1  -1   1   5  -1   2  -1   3  -1  -1   0  -2  -3  -1   0  -1  -3  -2  -2    2   1   2  10  17   1  19   5  11   6   7   6   0   1   3   6   1   0   0   1  0.26 0.15
  225 G    -1  -1   0   1  -2  -1   0   4  -2  -1  -2  -1  -2  -2   2   0  -1  -2   0  -1    3   4   4  11   0   1   4  35   0   4   2   1   0   1  11   9   1   0   4   4  0.32 0.12
  226 L    -2  -3  -2  -2  -2  -2   1  -2  -2   1   3  -2   0   3  -1  -2  -1  -2   0   1    1   0   1   1   0   0  13   3   0  10  34   0   1  16   2   2   4   0   3   8  0.23 0.14
  227 A     0  -2   0   2  -2   0   1  -1  -1   0   0  -1  -1   1  -1  -1  -1   2   0   0   13   0   3  16   0   5   9   5   1   4  14   2   0   8   2   0   2   4   3  10  0.07 0.07
  228 A     0  -2   1   4  -3  -1   1   0   1  -1  -2  -1  -2  -2   0   0   1  -3   0  -1   10   0   6  31   0   0   8   7   4   5   1   2   0   1   4   4   8   0   3   6  0.24 0.12
  229 P     0  -2  -2   1  -4   0  -2  -2  -3  -3  -2  -1  -2  -1   6   0  -2  -4   0  -3    9   1   0  10   0   3   1   3   0   0   5   2   1   3  50   6   1   0   3   1  0.93 0.26
  230 K    -2   0  -2   2  -3   0   1  -2  -2  -1  -1   2  -2   4   0  -1  -2  -2   1  -1    1   5   0  13   0   2   7   1   0   3   4  21   0  27   4   4   0   0   5   3  0.26 0.15
  231 E    -1   0  -1   3  -4   0   3   0  -2  -2  -3   0  -3  -2   2   0   0  -4  -2  -2    2   5   0  21   0   3  31   8   0   2   0   5   0   2   9   3   6   0   1   1  0.40 0.16
  232 K     0   0   0   2  -3   2   2  -2  -1  -1  -2   2  -2  -1   2  -1  -1  -3  -1  -1    9   4   2  14   0  12  15   1   0   3   3  14   0   2  11   1   1   0   2   6  0.23 0.10
  233 K     0   1  -1   0   1   0   0  -2   2  -1  -1   2   1  -1   2   0  -1   0   0   0    5   6   0   7   5   2   4   1   6   2   5  18   6   1  12   6   2   1   4   7  0.12 0.07
  234 N     1   0   2   2  -3   1   2  -2  -1  -2  -1   0  -2  -3   1   0   0  -3  -3  -2   13   5  11  14   0   8  20   0   0   1   6   5   0   0   6   2   6   0   0   1  0.25 0.11
  235 T     1   1   0   0  -2   0   0   1  -1  -2  -2   1  -1   0   0   1   1  -2  -1  -1   13   6   3   4   0   3   5  13   1   1   2  13   0   6   4   8  14   0   0   3  0.11 0.06
  236 N     1   1   2   1   1   0   0  -1  -1  -1   0   1   0   0  -1   0   0  -2   0  -1   14   7  14   7   4   1   7   2   0   4   9   9   2   5   2   4   2   0   5   1  0.05 0.05
  237 K    -1   1   0   0  -3   1   3  -2  -1  -2  -1   2   0  -3   1   0  -1  -3  -2   0    3   7   2   4   0   4  27   1   0   0   5  17   4   0   8   5   1   0   0   9  0.25 0.12
  238 F     0   0  -1   0  -3   3   2  -1  -1  -1  -1   1   0   2   1   0  -1  -2  -1  -1    8   4   0   3   0  18  13   3   0   3   7   7   2  16   8   4   1   0   0   2  0.17 0.10
  239 K     0   2  -1   1  -3   1   1   0  -2  -2  -2   2  -2  -3   3  -1  -1  -1  -3  -2    7  12   0  11   0   4  12   7   0   4   2  20   0   0  15   2   2   1   0   0  0.30 0.11
  240 N     0   1   1   2  -2   1   1  -2  -1  -1  -1   1  -2  -3   2   1   0  -3  -2  -2   10   7   9  16   0   7   7   1   0   4   5  10   0   0  11  10   3   0   0   2  0.21 0.08
  241 S     1   1  -1   0  -3   3   1  -1  -1  -1  -2   0  -2  -3   2   1   0  -3  -2  -1   15   8   2   4   0  21  11   2   0   4   2   5   0   0   9  10   3   0   1   2  0.24 0.11
  242 C     1  -1  -1   1   1   0   2  -1  -1   0  -1   0  -1  -2   0   2   0  -2   0   0    9   0   0   6   5   4  15   2   0   7   5   7   0   0   4  21   5   0   4   5  0.11 0.08
  243 E     0   0  -2   0  -3   1   3  -3  -2  -3  -2   0  -2  -3   5  -1  -2  -3   0  -2    9   3   0   3   0   7  25   1   0   0   3   5   0   0  34   2   0   0   5   2  0.65 0.20
  244 R     0   1   0  -1   0   2   1  -2  -1  -1   0   1   0  -1   2   0   0  -3  -1  -1    6  12   3   1   2  11  13   1   0   4  15   7   1   1  10   5   4   0   2   0  0.13 0.08
  245 R    -1   3   0   0  -1   0   0  -2  -1  -2  -2   3  -2  -3   2   0  -1  -3  -1  -2    2  26   5   4   1   2   6   2   0   2   2  22   0   0  11   7   2   0   3   2  0.33 0.14
  246 R     0   1  -1  -1  -3   0   1   1  -2   0  -1   2  -1  -3   2   1   0  -3  -2   0    4   8   1   1   0   3   9  10   0   7   4  18   0   0   9  11   6   0   0   8  0.14 0.08
  247 R    -1   4   0   1  -4   1   1  -3  -1  -3  -2   3  -1  -4   0  -1   0  -4  -3  -3    3  25   4   9   0   7   8   0   0   0   4  26   1   0   4   1   5   0   0   0  0.41 0.16
  248 L     0  -1   0   0  -2   0   0  -2   2   0   2   1   0  -1  -1  -1  -1  -3  -2   0    8   1   5   7   0   3   3   0   8   2  30  16   0   2   3   3   2   0   0   6  0.10 0.09
  249 E     0  -1   0   1  -3   4   3  -2  -1  -1  -3   1  -2  -3   0   0   0   0  -1  -2    5   0   2   8   0  23  29   0   0   4   0   8   0   0   5   8   3   2   2   0  0.41 0.17
  250 A     2  -1  -1  -1  -2   0   1   0  -2  -1   0   1   0  -1  -2   0   0  -3   0  -1   29   0   0   2   0   1  10   6   0   3  12  15   3   2   0   6   3   0   3   3  0.12 0.10
  251 N     2  -1   1   1  -2  -1   1   1  -1  -2  -2   1  -2  -3   0   1   1  -3  -1  -1   20   2   8   8   0   0   9  10   0   2   0  12   0   0   2  13   7   0   2   6  0.17 0.09
  252 S     0   2  -1  -1  -2   0   0  -2  -2   0   0   1  -1   0   1   1   1  -3  -2   0    9  14   0   1   0   3   6   0   0   5   9  12   0   5   6  11  13   0   0   4  0.11 0.08
  253 A     1   1  -1   3  -3  -1   1  -2  -1   0  -1   1  -1  -3  -1  -1   0  -4  -2   1   16   9   2  20   0   0   8   2   2   4   2   9   0   0   1   0   7   0   0  19  0.16 0.12
  254 E     0   2  -1   2  -3   0   2   0  -2   0   0   1  -1  -3   0  -1  -1  -3  -3  -1    6  17   0  13   0   0  19   6   0   8  11   9   0   0   3   2   3   0   0   4  0.16 0.10
  255 A     1   0  -2   0  -2   1   1  -1   1   0  -1   2   0  -2   1  -1  -1  -3  -2   0   19   2   0   4   0   5  12   3   4   7   6  17   4   0   6   0   1   0   0  10  0.11 0.09
  256 N    -1   0   3   3  -4   0   3  -2  -1  -3  -3   1  -3  -4  -1   0   0  -4  -3  -2    5   3  19  17   0   0  29   1   0   0   2  11   0   0   1   3   5   0   0   3  0.43 0.17
  257 D    -2   0   0   5  -4   0   3  -3  -2  -4  -3   2  -3  -3  -3  -2  -1  -3   2  -3    0   4   2  36   0   2  26   0   0   0   2  16   0   0   0   0   2   0   9   2  0.63 0.23
  258 A     0   0  -1   0  -3   2   3  -1  -1  -2   0   1  -1  -3   1   1   1  -3  -2  -1    5   5   0   2   0   9  26   4   0   1  10  10   2   0   7   9  10   0   0   2  0.22 0.11
  259 E    -2   1  -1   3  -4   1   3  -1  -1  -2  -2   3  -1  -3  -1   0   0  -3   0  -3    0   6   0  19   0   5  25   3   0   3   2  21   2   0   2   3   4   0   5   0  0.36 0.15
  260 A     1   1  -1  -1  -2   1   1   0   0  -1  -1   1   0  -1  -1   0   0  -3  -1  -1   17   8   0   2   0   9  10   8   2   0   6  11   5   3   1   6   4   0   2   5  0.09 0.06
  261 Q    -1   1  -1   1  -3   2   1   0   1  -2  -2   4  -1  -4   1   1  -1  -4  -3  -3    2   3   0   8   0   8   9   8   3   2   2  36   2   0   5  10   0   0   0   0  0.32 0.14
  262 S     0   1  -1   2  -3   1   1   1  -1  -2  -1   1   1  -3   0   1  -1  -3  -2  -2    8  10   0  14   0   5  10  11   0   0   6   8   6   0   4  17   0   0   0   0  0.18 0.09
  263 S     0   1   1   1  -3   2   1  -2  -1  -2  -2   1  -1  -3   0   1   2  -3  -2  -1    5   9   6  10   0  11   9   0   0   2   0   9   2   0   4  10  20   0   0   2  0.24 0.10
  264 M     1   2  -1  -1  -3   0   0   1   0  -1  -2   2   2  -3  -2   0  -1  -3  -2   0   14  15   0   2   0   0   6  11   2   2   0  21  12   0   0   7   0   0   0   7  0.19 0.11
  265 S    -1   0   3   3  -3   1   2  -2   1  -3  -3   2  -1  -4  -2   1  -1  -4  -3  -3    4   2  20  19   0   5  14   0   3   0   0  16   2   0   0  16   0   0   0   0  0.41 0.13
  266 V     0   0  -1   3  -3   0   1  -3   2  -1   0   0  -1   1   1  -1  -1  -3  -1   1    6   3   0  22   0   4   7   0   8   0  11   7   0  10   6   0   2   0   0  14  0.13 0.09
  267 S     0   0   1   2  -3   1   3   1  -1  -4  -3   1  -3  -4   1   1  -1  -4  -3  -3    9   2   4  13   0   5  30   9   0   0   0   6   0   0   5  16   0   0   0   0  0.37 0.12
  268 S     0  -1  -1   1  -2   1   1  -2  -2  -1   1   1  -1  -2   2   1  -1  -3  -2  -1    8   2   0   6   0   6  13   0   0   3  22  10   0   0  10  18   0   0   0   2  0.16 0.09
  269 M     0  -1  -1  -3  -2   2  -2  -3  -2   1   3   0   3  -1  -3   0  -1  -3  -2   0    7   3   3   0   0  14   0   0   0   7  38   4  16   0   0   6   0   0   0   2  0.25 0.13
  270 S    -1   1   0   1  -3   1   2  -1  -1  -3  -3   2  -1  -3  -2   2   1  -3  -2  -2    0   6   3   9   0   4  12   3   0   0   0  22   3   0   0  27  10   0   0   0  0.32 0.12
  271 W    -2  -2  -2  -2  -3   1   2  -3  -1  -1   0   0  -1   3   1  -2  -2   6   3   0    0   0   0   0   0   7  17   0   0   0   9   6   0  21   6   0   0  14   9   7  0.39 0.12
  272 R    -2   5   2   0  -3   0  -1   0  -1  -2  -2   2   0  -3  -2  -1   0  -3  -2  -1    1  48  11   4   0   0   0   8   0   0   1  10   5   0   0   1   5   0   0   4  0.45 0.13
  273 E    -1   1  -1   1  -3   2   3  -1  -1   0  -1   1  -1  -3  -2  -1   0  -3  -2  -1    1  11   0   7   0  14  29   5   0  11   4   7   0   0   0   1   4   0   0   4  0.24 0.08
  274 R     0   4  -1  -1  -3   1   1   0  -1  -3  -2   2   0  -3  -2   0  -1  -3  -2  -2    9  39   0   0   0   5  13   7   0   0   1  13   5   0   0   4   0   0   0   1  0.38 0.10
  275 L     1   3  -1  -2  -2   0   0  -2  -1   0   1   1   0  -2  -2   0  -1  -2  -2   1   16  27   1   1   0   1   6   1   0   1  23   6   0   0   1   4   1   0   0  13  0.14 0.06
  276 E     1  -1   0   0  -2   0   3   0  -1  -3  -3   0  -2  -3   2   0   1  -3  -2  -2   14   0   5   0   0   0  38   8   0   0   0   5   0   0   9   4  15   0   0   0  0.33 0.09
  277 C     1   0  -1  -1   3   1   0  -2   3  -2  -2   2  -1  -2  -1   0   2  -3  -1  -1   12   0   0   0  12  10   0   1  13   0   1  20   0   0   0   1  27   0   0   1  0.24 0.06
  278 W     0  -2  -2   1  -2  -2  -2   0  -2  -3  -2  -2  -2   0  -3  -1   0   9   3  -2   11   0   0  13   0   0   0   8   0   0   1   0   0   0   0   1   7  44  12   1  0.96 0.11
  279 I     0  -3  -3  -3  -1  -2  -3  -3  -3   4   2  -2   1  -1  -2  -2  -1  -2  -2   2    8   0   0   1   0   0   1   1   0  61  15   1   0   0   1   1   1   0   0   8  0.34 0.06
  280 D    -1  -1   1   3  -3  -1   0   3   1  -2  -1   1  -1  -2  -2  -1  -1  -3  -2  -2    1   0   7  26   0   0   1  30   7   0  12  13   0   0   1   1   1   0   0   1  0.27 0.04
  281 D    -1  -1   0   3  -2   0   2  -2  -1  -2   0   0  -1  -2   3   0   1  -3  -2  -2    1   0   0  25   0   0  21   1   0   0  12   8   0   0  14   1  15   0   0   1  0.30 0.04
  282 R     1   3  -1  -1  -2   1   2  -2   0  -2  -2   2  -1  -2  -1   0  -1  -2   1  -2   14  26   0   1   0   0  18   1   0   0   1  20   0   0   1   8   1   0   8   1  0.27 0.04
  283 L     0  -2  -3  -3  -1  -2  -2  -3  -2   1   3  -2   3   0  -2  -2  -1  -2  -1   1   14   0   0   1   0   0   1   1   0   0  60   1  11   0   1   1   1   0   0   8  0.30 0.06
  284 G     0  -1   0   1  -2  -1  -1   3  -2  -1  -2   0  -1  -2  -1   0   2  -2  -2   0    1   1   1  13   0   1   1  29   0   1   1   8   0   1   1   1  27   0   1  12  0.20 0.04
  285 A     3  -1  -1   2  -1   0   0   1  -1  -2  -2   1  -1  -2  -1   0  -1  -2  -2  -1   42   1   1  15   0   1   1  13   0   1   2  17   0   1   1   1   1   0   1   1  0.21 0.04
  286 S     2   0   0   1  -1  -1   0  -1  -1  -2  -2   0  -2  -1   2   2   0  -2   1  -1   30   8   0  12   0   0   1   1   0   1   1   1   0   0   9  26   1   0   9   1  0.22 0.04
  287 M    -1  -2  -2  -2  -1  -1   0  -3  -2   1   3  -2   3   0  -2   0   0  -2  -1   0    1   1   0   1   0   0   8   1   0   1  55   1  13   0   1   8   9   0   0   1  0.22 0.05
  288 H     0  -1   1   2  -2   0   1  -1   5  -3  -3   1  -2  -2   2   1  -1  -3  -1  -2    8   1   9  13   0   0   8   1  27   1   1   9   0   0  12   9   1   0   0   1  0.32 0.04
  289 D    -1  -1   0   3  -2   2   3  -1   2  -3  -3   0  -2  -3  -1   1   1  -3  -2  -2    1   1   0  25   0  13  23   1   8   1   1   1   0   0   1  14   9   0   0   1  0.35 0.04
  290 P     0   0  -2  -2  -3  -1   0  -2  -2  -3  -3  -1  -2  -4   7  -1   0  -4  -3  -2   11   8   0   0   0   0   7   0   0   0   0   0   0   0  65   0   9   0   0   0  1.22 0.10
  291 D     1  -1   0   4  -2   2   2  -1  -1  -3  -3   0  -2  -3  -1   1   1  -3  -3  -2   19   0   0  38   0  12  15   0   0   0   0   0   0   0   0   7   9   0   0   0  0.42 0.06
  292 A     3   2  -1  -1  -2   1   1  -1  -1  -2  -2   0  -1  -3   2   0   1  -3  -2  -1   45  15   0   0   0  10  14   0   0   0   0   0   0   0   8   0   8   0   0   0  0.29 0.05
  293 S     1   2   0   1  -2   2   0  -1  -1  -2  -2   0  -1  -3  -1   2   1  -3  -2  -2   14  15   0  10   0  19   0   0   0   0   0   0   0   0   0  31  12   0   0   0  0.28 0.04
  294 A     3  -1  -1  -1  -1   1   2  -1  -1  -2  -2   0  -1  -3  -1   1   1  -3  -2  -1   49   0   0   0   0   9  23   0   0   0   0   0   0   0   0  10   8   0   0   0  0.32 0.05
  295 D    -1   0   0   4  -3   0   2  -2  -1  -3  -3   2  -2  -3  -1   1   1  -4  -3  -2    0   0   0  37   0   0  15   0   0   0   0  25   0   0   0  12  11   0   0   0  0.44 0.05
  296 T     1  -1  -1  -1  -1   1   1  -1  -1  -1  -2   0  -1  -2   2   1   3  -2  -2  -1   16   1   1   1   0  11  11   1   0   1   1   1   0   0  11   1  42   0   0   1  0.29 0.04
  297 S     2  -1  -1  -1  -1   0   1  -1  -1   0  -1   0  -1  -2  -1   2   1  -2  -2   0   28   1   1   1   0   1  15   1   0  11   1   1   0   0   1  26  11   0   0   1  0.18 0.03
  298 V    -1  -2  -2  -1  -1  -1   0  -2  -2   1   1  -1   0  -1   3  -1   1  -2  -2   2    1   1   1   1   0   1  11   1   0   1  16   1   0   0  16   1  13   0   0  36  0.20 0.03
  299 H    -1  -1   1  -1  -2   0   1  -2   5  -3  -2  -1  -2  -2   4   0   1  -3  -1  -2    1   1  11   1   0   1  11   1  30   1   1   1   0   0  28   1  11   0   0   1  0.53 0.05
  300 S     0   0   2   0  -2   0   1  -1  -1  -2  -2   1  -1   1  -1   1   2  -2  -1  -1    1   1  15   1   0   1  11   1   0   1   1  11   0  11   1  16  28   0   0   1  0.18 0.03
  301 A     2  -2  -1   2  -1  -1  -1  -1  -2   1  -1  -1   0  -2  -1   0   0  -3  -2   2   38   1   1  16   0   1   1   1   0  11   1   1   0   0   1   1   1   0   0  26  0.14 0.03
  302 D    -2  -1   1   6  -4  -1   1   2  -2  -4  -4   1  -3  -4  -2  -1  -1  -4  -3  -4    0   0   0  73   0   0   0  15   0   0   0  12   0   0   0   0   0   0   0   0  0.77 0.08
  303 E    -1   0   0   3  -4   1   4  -2  -1  -3  -3   2  -2  -4   3   0  -1  -4  -3  -3    0   0   0  16   0   0  50   0   0   0   0  16   0   0  18   0   0   0   0   0  0.61 0.04
  304 Q     1   2   0   2  -3   2   2  -2  -1  -3  -3   0  -2  -3   3   0  -1  -3  -2  -2   17  16   0  16   0  18  15   0   0   0   0   0   0   0  18   0   0   0   0   0  0.40 0.03
  305 T     0  -2  -1  -1  -2  -1  -1  -2  -2  -2  -2  -1  -2  -3   5   2   4  -3  -2  -1    0   0   0   0   0   0   0   0   0   0   0   0   0   0  31  18  51   0   0   0  0.65 0.05
  306 A     2   2   0  -1  -2   0  -1   2  -1  -2  -2   0  -1  -3  -1   2   2  -3  -2  -1   21  23   0   0   0   0   0  19   0   0   0   0   0   0   0  19  18   0   0   0  0.26 0.02
  307 L     0  -1  -1  -2   6  -1  -1  -1  -2   0   1  -1   0  -1  -1   1   0  -2  -1   0    2   1   1   1  28   1   1   2   1   1  28   1   1   1   1  25   1   0   1   1  0.21 0.01
  308 A     4  -1  -1  -1  -1   0   2   0  -1  -2  -2   0  -1  -3  -1   1   0  -3  -2  -1   76   0   0   0   0   0  24   0   0   0   0   0   0   0   0   0   0   0   0   0  0.36 0.02
  309 P     0  -2  -1  -1  -2  -1  -1  -2  -2  -3  -3  -1  -2  -3   7   2   0  -4  -3  -2    0   0   0   0   0   0   0   0   0   0   0   0   0   0  72  28   0   0   0   0  1.39 0.03
  310 L    -2  -2  -4  -4  -1  -2  -3  -4  -3   2   4  -3   2   0  -3  -3  -1  -2  -1   1    0   0   0   0   0   0   0   0   0   0 100   0   0   0   0   0   0   0   0   0  0.48 0.01
  311 A     3  -2  -2  -2  -1  -1  -2  -1  -2  -1  -1  -1  -1   3  -2   0  -1  -1   1   0   67   0   0   0   0   0   0   0   0   0   0   0   0  33   0   0   0   0   0   0  0.27 0.01
  312 A     3  -2  -1  -2  -1  -1  -1   3  -2  -2  -2  -1  -2  -3  -1   1  -1  -3  -2  -1   65   0   0   0   0   0   0  35   0   0   0   0   0   0   0   0   0   0   0   0  0.44 0.01
  313 A     2   0  -1  -1  -2   0   0  -1  -2  -2  -2   2  -2  -3   5   0  -1  -3  -2  -2   33   0   0   0   0   0   0   0   0   0   0  33   0   0  35   0   0   0   0   0  0.58 0.01
  314 A     3  -2  -2  -2  -1  -1  -1  -1  -2   1  -1  -1   0  -2  -1   0   0  -3  -2   2   67   0   0   0   0   0   0   0   0   0   0   0   0   0   0   0   0   0   0  33  0.25 0.01
  315 I    -1  -3  -3  -3  -2  -2  -2  -3  -3   2   2  -2   1  -1   5  -2  -1  -3  -2   1    0   0   0   0   0   0   0   0   0  33  33   0   0   0  35   0   0   0   0   0  0.53 0.01
  316 A     3  -2  -2  -2  -1  -1  -2  -1  -2  -1  -1  -1  -1   3  -2   0  -1  -1   1   0   67   0   0   0   0   0   0   0   0   0   0   0   0  33   0   0   0   0   0   0  0.27 0.01
  317 S     0  -1   0  -1  -1  -1  -1  -1  -1  -2  -1  -1  -1   3  -2   3   1  -1   1  -1    0   0   0   0   0   0   0   0   0   0   0   0   0  33   0  67   0   0   0   0  0.28 0.01
  318 A     2  -2  -1  -2  -2  -1  -1   3  -2  -3  -3  -1  -2  -3   5   0  -1  -3  -3  -2   33   0   0   0   0   0   0  33   0   0   0   0   0   0  35   0   0   0   0   0  0.69 0.01
  319 G     0  -3  -1  -2  -2  -2  -2   5  -3   0  -1  -2  -1  -2  -2  -1  -1  -3  -2   1    0   0   0   0   0   0   0  67   0   0   0   0   0   0   0   0   0   0   0  33  0.52 0.01
  320 V    -1  -2  -3  -4  -1  -2  -3  -4  -3   2   3  -2   1   0  -3  -2  -1  -2  -1   3    0   0   0   0   0   0   0   0   0   0  50   0   0   0   0   0   0   0   0  50  0.32 0.00
  321 T     0  -2  -1  -2  -1  -1  -2  -2  -2   1   0  -1   0  -1  -2   0   3  -3  -1   3    0   0   0   0   0   0   0   0   0   0   0   0   0   0   0   0  50   0   0  50  0.25 0.00
  322 L    -2  -2  -4  -4  -1  -2  -3  -4  -3   2   4  -3   2   0  -3  -3  -1  -2  -1   1    0   0   0   0   0   0   0   0   0   0 100   0   0   0   0   0   0   0   0   0  0.46 0.00
  323 G     0  -2   0  -1  -3  -2  -2   6  -2  -4  -4  -2  -3  -3  -2   0  -2  -3  -3  -3    0   0   0   0   0   0   0 100   0   0   0   0   0   0   0   0   0   0   0   0  1.04 0.00
  324 A     2  -2  -2  -3  -1  -1  -2  -1  -2   0   2  -2   1  -1  -2   0  -1  -2  -1   0   50   0   0   0   0   0   0   0   0   0  50   0   0   0   0   0   0   0   0   0  0.20 0.00
  325 L    -1  -2  -3  -4  -1  -2  -3  -4  -3   2   3  -2   1   0  -3  -2  -1  -2  -1   3    0   0   0   0   0   0   0   0   0   0  50   0   0   0   0   0   0   0   0  50  0.32 0.00
  326 L    -2  -2  -4  -4  -1  -2  -3  -4  -3   2   4  -3   2   0  -3  -3  -1  -2  -1   1    0   0   0   0   0   0   0   0   0   0 100   0   0   0   0   0   0   0   0   0  0.46 0.00
  327 M    -1  -2  -2  -3  -2  -1  -2  -3   1   0   1  -2   4   2  -3  -2  -1   1   5   0    0   0   0   0   0   0   0   0   0   0   0   0  50   0   0   0   0   0  50   0  0.39 0.00
  328 L    -1  -3  -3  -4  -1  -3  -3  -4  -3   3   3  -3   2   0  -3  -3  -1  -2  -1   2    0   0   0   0   0   0   0   0   0  50  50   0   0   0   0   0   0   0   0   0  0.37 0.00
  329 G    -1   4   0  -2  -3   0  -1   4  -1  -4  -3   1  -2  -3  -2  -1  -1  -3  -2  -3    0  50   0   0   0   0   0  50   0   0   0   0   0   0   0   0   0   0   0   0  0.56 0.00
  330 F    -2  -3  -3  -4  -2  -3  -3  -4  -2   1   3  -3   1   5  -3  -3  -2   0   2   0    0   0   0   0   0   0   0   0   0   0  50   0   0  50   0   0   0   0   0   0  0.43 0.00
  331 L    -1  -1  -1  -1  -1  -1  -1  -1  -1   1   3  -1   1   0  -1  -1   0  -1  -1   0    4   3   2   3   1   2   3   4   1   3  55   3   1   2   3   4   3   1   2   3  0.09 0.00
  332 A     3  -1  -1  -1   0   0   0   0  -1  -1  -1   0  -1  -1   0   1   0  -1  -1   0   54   3   2   3   1   2   3   4   1   3   5   3   1   2   3   4   3   1   2   3  0.14 0.00
  333 R    -2   6   0  -2  -4   1   0  -2   0  -3  -2   2  -1  -3  -2  -1  -1  -3  -2  -3    0 100   0   0   0   0   0   0   0   0   0   0   0   0   0   0   0   0   0   0  0.75 0.00
  334 P    -1   4  -1  -2  -3   0  -1  -2  -1  -3  -3   1  -2  -3   6  -1  -1  -3  -2  -3    0  50   0   0   0   0   0   0   0   0   0   0   0   0  50   0   0   0   0   0  0.98 0.00
  335 A     4  -2  -2  -2   0  -1  -1   0  -2  -1  -2  -1  -1  -2  -1   1   0  -3  -2   0  100   0   0   0   0   0   0   0   0   0   0   0   0   0   0   0   0   0   0   0  0.41 0.00
  336 K    -1   1  -1  -1  -3   0   0  -2  -1  -3  -3   3  -2  -4   6  -1  -1  -3  -2  -2    0   0   0   0   0   0   0   0   0   0   0  50   0   0  50   0   0   0   0   0  0.92 0.00
  337 K    -1   2   0  -1  -3   1   1  -2  -1  -3  -3   5  -1  -3  -1   0  -1  -3  -2  -2    0   0   0   0   0   0   0   0   0   0   0 100   0   0   0   0   0   0   0   0  0.52 0.00
  338 G     0  -2   0  -1  -3  -2  -2   6  -2  -4  -4  -2  -3  -3  -2   0  -2  -3  -3  -3    0   0   0   0   0   0   0 100   0   0   0   0   0   0   0   0   0   0   0   0  1.04 0.00
  339 T     0  -1   0  -1  -1  -1  -1  -2  -2  -1  -1  -1  -1  -2  -1   1   5  -3  -2   0    0   0   0   0   0   0   0   0   0   0   0   0   0   0   0   0 100   0   0   0  0.48 0.00
  340 S     1  -1   1   0  -1   0   0   0  -1  -2  -2   0  -1  -2  -1   4   1  -3  -2  -2    0   0   0   0   0   0   0   0   0   0   0   0   0   0   0   0   0   0   0   0  0.00     0.00
  341 S     1  -1   1   0  -1   0   0   0  -1  -2  -2   0  -1  -2  -1   4   1  -3  -2  -2    0   0   0   0   0   0   0   0   0   0   0   0   0   0   0   0   0   0   0   0  0.00     0.00
  342 D    -2  -2   1   6  -3   0   1  -1  -1  -3  -3  -1  -3  -3  -1   0  -1  -4  -3  -3    0   0   0   0   0   0   0   0   0   0   0   0   0   0   0   0   0   0   0   0  0.00     0.00
  343 S     1  -1   1   0  -1   0   0   0  -1  -2  -2   0  -1  -2  -1   4   1  -3  -2  -2    0   0   0   0   0   0   0   0   0   0   0   0   0   0   0   0   0   0   0   0  0.00     0.00
  344 G     0  -2   0  -1  -2  -2  -2   5  -2  -4  -3  -1  -3  -3  -2   0  -2  -2  -3  -3    0   0   0   0   0   0   0   0   0   0   0   0   0   0   0   0   0   0   0   0  0.00     0.00
  345 S     1  -1   1   0  -1   0   0   0  -1  -2  -2   0  -1  -2  -1   4   1  -3  -2  -2    0   0   0   0   0   0   0   0   0   0   0   0   0   0   0   0   0   0   0   0  0.00     0.00
  346 R    -1   5   0  -2  -3   1   0  -2   0  -3  -2   2  -1  -3  -2  -1  -1  -3  -2  -2    0   0   0   0   0   0   0   0   0   0   0   0   0   0   0   0   0   0   0   0  0.00     0.00
  347 G     0  -2   0  -1  -2  -2  -2   5  -2  -4  -3  -1  -3  -3  -2   0  -2  -2  -3  -3    0   0   0   0   0   0   0   0   0   0   0   0   0   0   0   0   0   0   0   0  0.00     0.00
  348 R    -1   5   0  -2  -3   1   0  -2   0  -3  -2   2  -1  -3  -2  -1  -1  -3  -2  -2    0   0   0   0   0   0   0   0   0   0   0   0   0   0   0   0   0   0   0   0  0.00     0.00
  349 V     0  -2  -3  -3  -1  -2  -2  -3  -3   2   1  -2   1  -1  -2  -2   0  -3  -1   4    0   0   0   0   0   0   0   0   0   0   0   0   0   0   0   0   0   0   0   0  0.00     0.00
  350 C     0  -3  -3  -3   8  -3  -3  -2  -3  -1  -1  -3  -1  -2  -3  -1  -1  -2  -2  -1    0   0   0   0   0   0   0   0   0   0   0   0   0   0   0   0   0   0   0   0  0.00     0.00
  351 E    -1   0   0   1  -3   2   5  -2   0  -3  -3   1  -2  -3  -1   0  -1  -3  -2  -2    0   0   0   0   0   0   0   0   0   0   0   0   0   0   0   0   0   0   0   0  0.00     0.00
  352 A     4  -1  -1  -2   0  -1  -1   0  -2  -1  -1  -1  -1  -2  -1   1   0  -2  -2   0    0   0   0   0   0   0   0   0   0   0   0   0   0   0   0   0   0   0   0   0  0.00     0.00
  353 P    -1  -2  -2  -1  -3  -1  -1  -2  -2  -3  -3  -1  -2  -3   7  -1  -1  -4  -3  -2    0   0   0   0   0   0   0   0   0   0   0   0   0   0   0   0   0   0   0   0  0.00     0.00
  354 P    -1  -2  -2  -1  -3  -1  -1  -2  -2  -3  -3  -1  -2  -3   7  -1  -1  -4  -3  -2    0   0   0   0   0   0   0   0   0   0   0   0   0   0   0   0   0   0   0   0  0.00     0.00
  355 R    -1   5   0  -2  -3   1   0  -2   0  -3  -2   2  -1  -3  -2  -1  -1  -3  -2  -2    0   0   0   0   0   0   0   0   0   0   0   0   0   0   0   0   0   0   0   0  0.00     0.00
  356 P    -1  -2  -2  -1  -3  -1  -1  -2  -2  -3  -3  -1  -2  -3   7  -1  -1  -4  -3  -2    0   0   0   0   0   0   0   0   0   0   0   0   0   0   0   0   0   0   0   0  0.00     0.00
  357 P    -1  -2  -2  -1  -3  -1  -1  -2  -2  -3  -3  -1  -2  -3   7  -1  -1  -4  -3  -2    0   0   0   0   0   0   0   0   0   0   0   0   0   0   0   0   0   0   0   0  0.00     0.00
  358 L    -1  -2  -3  -3  -1  -2  -3  -3  -3   1   4  -2   2   0  -3  -2  -1  -2  -1   1    0   0   0   0   0   0   0   0   0   0   0   0   0   0   0   0   0   0   0   0  0.00     0.00
  359 T     0  -1   0  -1  -1  -1  -1  -2  -2  -1  -1  -1  -1  -2  -1   1   4  -2  -2   0    0   0   0   0   0   0   0   0   0   0   0   0   0   0   0   0   0   0   0   0  0.00     0.00
  360 A     4  -1  -1  -2   0  -1  -1   0  -2  -1  -1  -1  -1  -2  -1   1   0  -2  -2   0    0   0   0   0   0   0   0   0   0   0   0   0   0   0   0   0   0   0   0   0  0.00     0.00
  361 D    -2  -2   1   6  -3   0   1  -1  -1  -3  -3  -1  -3  -3  -1   0  -1  -4  -3  -3    0   0   0   0   0   0   0   0   0   0   0   0   0   0   0   0   0   0   0   0  0.00     0.00
  362 R    -1   5   0  -2  -3   1   0  -2   0  -3  -2   2  -1  -3  -2  -1  -1  -3  -2  -2    0   0   0   0   0   0   0   0   0   0   0   0   0   0   0   0   0   0   0   0  0.00     0.00
  363 A     4  -1  -1  -2   0  -1  -1   0  -2  -1  -1  -1  -1  -2  -1   1   0  -2  -2   0    0   0   0   0   0   0   0   0   0   0   0   0   0   0   0   0   0   0   0   0  0.00     0.00
  364 Q    -1   1   0   0  -3   5   2  -2   0  -3  -2   1   0  -3  -1   0  -1  -2  -1  -2    0   0   0   0   0   0   0   0   0   0   0   0   0   0   0   0   0   0   0   0  0.00     0.00
  365 G     0  -2   0  -1  -2  -2  -2   5  -2  -4  -3  -1  -3  -3  -2   0  -2  -2  -3  -3    0   0   0   0   0   0   0   0   0   0   0   0   0   0   0   0   0   0   0   0  0.00     0.00
  366 N    -1   0   5   1  -3   0   0   0   1  -3  -3   0  -2  -3  -2   1   0  -4  -2  -3    0   0   0   0   0   0   0   0   0   0   0   0   0   0   0   0   0   0   0   0  0.00     0.00
  367 S     1  -1   1   0  -1   0   0   0  -1  -2  -2   0  -1  -2  -1   4   1  -3  -2  -2    0   0   0   0   0   0   0   0   0   0   0   0   0   0   0   0   0   0   0   0  0.00     0.00
  368 V     0  -2  -3  -3  -1  -2  -2  -3  -3   2   1  -2   1  -1  -2  -2   0  -3  -1   4    0   0   0   0   0   0   0   0   0   0   0   0   0   0   0   0   0   0   0   0  0.00     0.00

                      K         Lambda
Standard Ungapped    0.1304     0.3173
Standard Gapped      0.0385     0.2670
PSI Ungapped         0.1259     0.3176
PSI Gapped           0.0385     0.2670
