
Last position-specific scoring matrix computed, weighted observed percentages rounded down, information per position, and relative weight of gapless real matches to pseudocounts
            A   R   N   D   C   Q   E   G   H   I   L   K   M   F   P   S   T   W   Y   V   A   R   N   D   C   Q   E   G   H   I   L   K   M   F   P   S   T   W   Y   V
    1 S     1  -1   1   0  -1   0   0   0  -1  -2  -2   0  -1  -2  -1   4   1  -3  -2  -2    0   0   0   0   0   0   0   0   0   0   0   0   0   0   0   0   0   0   0   0  0.00     0.00
    2 D    -2  -2   1   6  -3   0   2  -1  -1  -3  -4  -1  -3  -3  -1   0  -1  -4  -3  -3    0   0   0   0   0   0   0   0   0   0   0   0   0   0   0   0   0   0   0   0  0.00     0.00
    3 S     1  -1   1   0  -1   0   0   0  -1  -2  -2   0  -1  -2  -1   4   1  -3  -2  -2    0   0   0   0   0   0   0   0   0   0   0   0   0   0   0   0   0   0   0   0  0.00     0.00
    4 R    -1   5   0  -2  -3   1   0  -2   0  -3  -2   2  -1  -3  -2  -1  -1  -3  -2  -2    0   0   0   0   0   0   0   0   0   0   0   0   0   0   0   0   0   0   0   0  0.00     0.00
    5 P    -1  -2  -2  -1  -3  -1  -1  -2  -2  -3  -3  -1  -2  -4   7  -1  -1  -4  -3  -2    0   0   0   0   0   0   0   0   0   0   0   0   0   0   0   0   0   0   0   0  0.00     0.00
    6 P    -1  -2  -2  -1  -3  -1  -1  -2  -2  -3  -3  -1  -2  -4   7  -1  -1  -4  -3  -2    0   0   0   0   0   0   0   0   0   0   0   0   0   0   0   0   0   0   0   0  0.00     0.00
    7 L    -1  -2  -3  -4  -1  -2  -3  -4  -3   2   4  -2   2   0  -3  -2  -1  -2  -1   1    0   0   0   0   0   0   0   0   0   0   0   0   0   0   0   0   0   0   0   0  0.00     0.00
    8 L    -1  -2  -3  -4  -1  -2  -3  -4  -3   2   4  -2   2   0  -3  -2  -1  -2  -1   1    0   0   0   0   0   0   0   0   0   0   0   0   0   0   0   0   0   0   0   0  0.00     0.00
    9 I    -1  -3  -3  -3  -1  -3  -3  -4  -3   4   2  -3   1   0  -3  -2  -1  -3  -1   3    0   0   0   0   0   0   0   0   0   0   0   0   0   0   0   0   0   0   0   0  0.00     0.00
   10 A     4  -1  -2  -2   0  -1  -1   0  -2  -1  -1  -1  -1  -2  -1   1   0  -3  -2   0    0   0   0   0   0   0   0   0   0   0   0   0   0   0   0   0   0   0   0   0  0.00     0.00
   11 E    -1   0   0   2  -4   2   5  -2   0  -3  -3   1  -2  -3  -1   0  -1  -3  -2  -2    0   0   0   0   0   0   0   0   0   0   0   0   0   0   0   0   0   0   0   0  0.00     0.00
   12 D    -2  -2   1   6  -3   0   2  -1  -1  -3  -4  -1  -3  -3  -1   0  -1  -4  -3  -3    0   0   0   0   0   0   0   0   0   0   0   0   0   0   0   0   0   0   0   0  0.00     0.00
   13 G     0  -2   0  -1  -2  -2  -2   6  -2  -4  -4  -2  -3  -3  -2   0  -2  -2  -3  -3    0   0   0   0   0   0   0   0   0   0   0   0   0   0   0   0   0   0   0   0  0.00     0.00
   14 H    -2   0   1  -1  -3   0   0  -2   7  -3  -3  -1  -2  -1  -2  -1  -2  -2   2  -3    0   0   0   0   0   0   0   0   0   0   0   0   0   0   0   0   0   0   0   0  0.00     0.00
   15 M    -1  -1  -2  -3  -1   0  -2  -3  -2   1   2  -1   5   0  -2  -1  -1  -1  -1   1    0   0   0   0   0   0   0   0   0   0   0   0   0   0   0   0   0   0   0   0  0.00     0.00
   16 L    -1  -2  -3  -4  -1  -2  -3  -4  -3   2   4  -2   2   0  -3  -2  -1  -2  -1   1    0   0   0   0   0   0   0   0   0   0   0   0   0   0   0   0   0   0   0   0  0.00     0.00
   17 L    -1  -2  -3  -4  -1  -2  -3  -4  -3   2   4  -2   2   0  -3  -2  -1  -2  -1   1    0   0   0   0   0   0   0   0   0   0   0   0   0   0   0   0   0   0   0   0  0.00     0.00
   18 L    -1  -2  -3  -4  -1  -2  -3  -4  -3   2   4  -2   2   0  -3  -2  -1  -2  -1   1    0   0   0   0   0   0   0   0   0   0   0   0   0   0   0   0   0   0   0   0  0.00     0.00
   19 L    -1  -2  -3  -4  -1  -2  -3  -4  -3   2   4  -2   2   0  -3  -2  -1  -2  -1   1    0   0   0   0   0   0   0   0   0   0   0   0   0   0   0   0   0   0   0   0  0.00     0.00
   20 L    -1  -2  -3  -4  -1  -2  -3  -4  -3   2   4  -2   2   0  -3  -2  -1  -2  -1   1    0   0   0   0   0   0   0   0   0   0   0   0   0   0   0   0   0   0   0   0  0.00     0.00
   21 G     0  -3  -1  -1  -3  -2  -2   6  -2  -4  -4  -2  -3  -3  -2   0  -2  -3  -3  -3    0   0   0   0   0   0   0 100   0   0   0   0   0   0   0   0   0   0   0   0  1.07 0.02
   22 L    -1  -1  -2   0  -2   0   3  -3  -1   2   2  -1   0  -1  -2  -1  -1  -3  -2   0    0   0   0   0   0   0  48   0   0  26  26   0   0   0   0   0   0   0   0   0  0.23 0.02
   23 A     3  -1  -1  -1  -1  -1  -1   0  -2  -2  -2  -1  -1  -3  -1   3   1  -3  -2  -1   57   0   0   0   0   0   0   0   0   0   0   0   0   0   0  43   0   0   0   0  0.39 0.03
   24 A     3   0  -1   0  -2   0   3  -1  -1  -2  -2   2  -2  -3  -1   0  -1  -3  -2  -1   54   0   0   0   0   0  30   0   0   0   0  16   0   0   0   0   0   0   0   0  0.33 0.04
   25 V     0  -2   3   1  -2  -1  -1  -2  -1   1   1  -1   1  -1  -2   0   0  -3  -2   1    8   0  23  10   0   0   0   0   0  13  13   0   9   0   0  11   0   0   0  12  0.10 0.02
   26 A     3  -2  -1  -1  -1  -1  -1  -1  -2  -2  -2  -1  -1  -3   3   2   2  -3  -2  -1   47   0   0   0   0   0   0   0   0   0   0   0   0   0  13  20  19   0   0   0  0.39 0.04
   27 A     2   0   1  -1  -1   0  -1  -1  -1  -1  -2   2  -1  -3  -1   1   2  -3  -2   0   25   0   9   0   0   0   0   0   0   0   0  22   0   0   0  10  21   0   0  13  0.18 0.03
   28 L    -1   0  -1   0  -3   1   2  -2  -1  -2   0   3  -1  -2  -2   1   0  -3  -2  -2    0   0   0   0   0   0  25   0   0   0  18  34   0   0   0  23   0   0   0   0  0.24 0.05
   29 P    -1  -1   1   2  -3   0   2  -2  -2  -3  -3   0  -3  -4   6  -1   0  -4  -3  -3    0   0   7  12   0   0  16   0   0   0   0   7   0   0  51   0   8   0   0   0  0.95 0.09
   30 R    -1   1   0   1  -2   1   0   1  -1  -2   0   2   1  -2  -2   0   0  -3  -2  -2    0   8   0  12   0   9   0  10   0   0  11  25   9   0   0   8   8   0   0   0  0.14 0.05
   31 Q    -1  -1   1  -2  -2   1  -1  -2  -2  -1   0   2  -1  -3  -2   1   4  -3  -2   0    0   0   6   0   0   6   0   0   0   0   9  18   0   0   0   8  45   0   0   8  0.30 0.13
   32 V    -2  -4  -4  -4  -2  -3  -4  -5  -4   4   1  -4   0  -1  -4  -3  -1  -4  -2   5    0   0   0   0   0   0   0   0   0  37   8   0   0   0   0   0   0   0   0  55  0.70 0.21
   33 C    -1  -4  -4  -5   3  -3  -4  -4  -3   0   4  -4   0   4  -4  -3  -2  -2  -1  -1    5   0   0   0   9   0   0   0   0   0  64   0   0  23   0   0   0   0   0   0  0.68 0.22
   34 V    -2  -4  -4  -5  -2  -4  -4  -5  -4   3   1  -4   0  -2  -4  -3  -1  -4  -2   5    0   0   0   0   0   0   0   0   0  18   8   0   0   0   0   0   0   0   0  73  0.82 0.26
   35 T     2  -3  -2  -3  -2  -2  -2  -3  -3   2  -1  -2  -1  -3  -2   0   5  -4  -3   2   18   0   0   0   0   0   0   0   0  14   0   0   0   0   0   4  49   0   0  16  0.47 0.21
   36 G    -1  -4  -2  -3  -4  -3  -4   7  -4  -5  -5  -3  -4  -5  -4  -2  -3  -4  -5  -5    0   0   0   0   0   0   0 100   0   0   0   0   0   0   0   0   0   0   0   0  1.77 0.36
   37 A     5  -3  -2  -3  -2  -2  -2   2  -3  -3  -3  -2  -2  -4  -2   1  -1  -4  -3  -2   76   0   0   0   0   0   0  17   0   0   0   0   0   0   0   8   0   0   0   0  0.79 0.27
   38 G    -1  -2   1  -2  -2  -2  -2   3  -3  -3  -3  -2  -2  -4  -2   2   5  -4  -3  -2    0   0   5   0   0   0   0  24   0   0   0   0   0   0   0  17  54   0   0   0  0.67 0.24
   39 G    -1   0  -2  -3  -4  -3  -3   7  -3  -5  -5  -3  -4  -5  -4  -2  -3  -4  -5  -5    0   6   0   0   0   0   0  94   0   0   0   0   0   0   0   0   0   0   0   0  1.55 0.33
   40 Q    -1   1  -1  -2  -3   3  -1   0  -1  -2  -1   1  -1   3  -3   1   1  -1   3  -2    0   5   0   0   0  18   0   6   0   0   4  13   0  17   0  10  13   0  14   0  0.23 0.13
   41 T     0  -3  -3  -4  -2  -3  -3  -4  -4   4   2  -3   0   1  -3  -2   2  -3  -2   2    6   0   0   0   0   0   0   0   0  38  17   0   0   5   0   0  16   0   0  18  0.38 0.15
   42 G    -1  -4  -2  -3  -4  -3  -4   7  -4  -5  -5  -3  -4  -5  -4  -2  -3  -4  -5  -5    0   0   0   0   0   0   0 100   0   0   0   0   0   0   0   0   0   0   0   0  1.77 0.36
   43 M    -1   3   0  -2  -3   3   0  -2  -1  -1  -1   2   1  -3  -2   2  -1  -3  -2  -2    0  23   4   0   0  23   0   0   0   6   6  13   4   0   0  20   0   0   0   0  0.34 0.16
   44 I    -2   4  -2  -2   2   2   1  -3  -1   0   0   0  -1   1  -3  -2  -2   3   1  -2    0  35   0   0   5  16   8   0   0   9   8   0   0   8   0   0   0   4   6   0  0.33 0.16
   45 V     0  -3  -4  -4  -2  -3  -3  -4  -4   4   2  -3   0   1  -3  -2   0  -3  -2   3    7   0   0   0   0   0   0   0   0  32  16   0   0   5   0   0   5   0   0  34  0.43 0.15
   46 M     0  -4  -4  -4  -2  -3  -4  -4  -4   3   0  -3   1   0  -4  -3  -1  -3   1   5    6   0   0   0   0   0   0   0   0  12   0   0   4   4   0   0   0   0   5  69  0.65 0.23
   47 S    -1   4   1  -1  -3   2   0  -2  -1  -3  -3   4  -2  -3  -2   1  -1   2  -2  -3    1  32   5   0   0   8   4   1   0   0   1  32   0   0   0  10   0   3   0   1  0.51 0.16
   48 K    -1   1  -1  -1  -3   2   3  -3  -1  -2   0   2   1  -3  -2   0   2  -3  -2  -2    0   6   0   0   0   8  27   0   0   0  12  21   5   0   0   3  17   0   0   0  0.29 0.13
   49 L    -1  -3  -4  -5  -2  -3  -4  -4  -4   1   4  -3   3   2  -4  -3  -2  -2  -1   1    6   0   0   0   0   0   0   0   0   0  65   0   9   8   0   0   0   0   0  12  0.58 0.20
   50 L    -2  -2  -3  -3  -2   1  -2  -4  -3   2   3   1   1  -1  -3  -2  -2  -3  -2   1    0   0   0   0   0  12   0   0   0  16  48  13   0   0   0   0   0   0   0  12  0.36 0.16
   51 G     0   1  -1   2  -3   2   2  -1  -1  -1  -3   2  -2  -3  -2   0  -1  -4  -3  -2   10   6   0  16   0  13  19   4   0   4   0  17   0   0   0   8   0   0   0   2  0.29 0.11
   52 R     0   4   1  -1  -2   1   1  -1  -1  -2  -1   1  -1   0  -2  -1   0  -2  -1  -2    6  39   6   1   0   6  11   4   1   1   5   1   1   5   1   2   7   0   1   2  0.26 0.09
   53 M     0   0   1   1  -2   0   1   0  -1  -2  -1   1   0  -2   1   1   1  -2  -1  -1    3   2  11   8   1   2  12   9   1   2   3   8   5   1   7  11  10   0   1   2  0.13 0.03
   54 K    -1   0   1   3  -2   0   2  -2   1  -2   0   2  -1  -2   1  -1  -1  -2  -2  -2    2   1   6  26   0   1  13   2   4   1  15  16   1   1   6   2   1   0   1   2  0.21 0.07
   55 Q     0   0  -1  -1  -3   1   2   4  -2  -3  -3   1  -2  -3   0   0  -1  -3  -3  -3    6   3   0   0   0   7  19  39   0   0   1  11   0   0   4   5   0   0   0   1  0.43 0.13
   56 F    -2  -2  -3  -3  -2  -2  -3  -3  -1  -1   1  -1  -1   6  -3  -2   0   0   4   0    1   1   1   1   0   1   1   1   0   1  11   6   0  47   1   1   5   0  14   7  0.52 0.16
   57 E    -1   1   2  -1   2   2   1  -2   3  -1  -2   1  -1  -3  -2   1  -1  -3  -1  -2    4   9  11   0   7  16   8   0  12   5   4  12   0   0   0  10   0   0   0   0  0.23 0.10
   58 P     0  -1  -3  -3  -2  -2   0  -3  -3   2  -1  -2  -1  -2   1  -1   0  -4  -2   4    7   5   0   0   0   0  10   0   0  12   0   0   0   0   7   5   5   0   0  50  0.30 0.16
   59 V     0   3  -2  -3  -2  -1  -2  -3  -2   2   0   1   0  -2   0  -2  -1  -3  -2   3    5  25   0   0   0   0   0   0   0  21   7   7   0   0   5   0   0   0   0  29  0.26 0.13
   60 I     2   2  -2  -1   3  -1  -2   0  -2   0   0   0  -1  -2  -2  -1  -1  -2   1   0   29  21   0   3   9   0   0   5   0   5   9   3   0   0   0   0   0   0   7   8  0.15 0.11
   61 G     2  -1  -1   0  -2  -1  -2   4  -2  -2  -1  -1   0  -2  -2   0   0  -3  -2  -2   21   4   1   5   0   1   1  42   0   1   7   3   4   1   1   1   8   0   0   1  0.35 0.11
   62 I     0  -3  -3  -4  -2  -3  -3  -3  -3   3   2  -3   2  -1  -3  -1  -1  -2   1   4    5   0   0   0   0   0   0   0   0  17  19   0   5   0   0   3   0   0   6  43  0.37 0.14
   63 V     0   4   0   0  -3  -1  -2  -3  -2   0  -2   0  -1   1   0   0  -1  -3  -2   2    9  36   5   5   0   0   0   0   0   4   0   0   0   8   6   5   0   0   0  23  0.24 0.14
   64 R    -1   5   2   3  -4   0   0  -1  -1  -4  -4   1  -3  -4  -3   1  -1  -4  -3  -3    4  45  12  17   0   0   5   3   0   0   0   5   0   0   0   9   0   0   0   0  0.55 0.18
   65 T     1   0  -1   0  -2  -1  -1  -1  -2  -1   0   0  -1  -1   2   1   3  -3  -2   0   12   4   0   5   0   0   0   3   0   0  12   8   0   3  10   6  28   0   0   8  0.16 0.09
   66 A     1   2   0  -1  -3   2   3   0  -1  -2  -3   0  -2  -3   1  -1  -1  -3  -3  -2   20  15   4   0   0   9  31   6   0   3   0   3   0   0   8   0   0   0   0   0  0.32 0.13
   67 K     1   2  -1   1  -3   1   2  -2  -1  -2   0   3  -1  -3  -2   0  -1  -3  -2  -2   16   9   0   8   0   3  13   0   0   0  10  33   0   0   0   3   3   0   0   0  0.26 0.11
   68 A     3   0  -1  -2  -2   1  -1   2   0  -3  -2   1  -2   0  -2   2   0  -3  -2  -2   32   3   0   0   0   8   0  15   3   0   0   9   0   5   0  18   5   0   0   0  0.25 0.11
   69 R    -1   2   0  -1  -3   3   2   0  -1  -3  -1   3  -1  -3  -2   0  -1  -3  -2  -2    0  14   3   0   0  18  13   7   0   0  10  27   0   0   0   4   0   0   0   0  0.32 0.12
   70 K     0   0   1   2  -3   2   3  -2  -1  -1  -1   0  -1  -3  -2   0   1  -3  -2  -1    6   3   8  11   0  10  26   1   0   5   8   5   0   0   0   6  10   0   0   1  0.21 0.08
   71 S     0   0  -1  -1  -2   2   2  -1  -1  -2  -2   2  -2  -1  -2   2   0  -3  -2  -2    5   0   0   0   0   8  20   4   0   0   5  22   0   3   0  26   4   0   0   1  0.26 0.12
   72 L    -2  -1  -1  -3  -2  -2  -2  -1   2   1   2  -2   2   2   2  -2  -1  -2   0   0    1   3   4   0   0   0   1   5   9  11  31   1   6  11   9   1   1   0   0   5  0.16 0.08
   73 A     2   0   2   1  -2   1   0   0  -1  -2   0   1  -1  -2  -2   1  -1  -3  -2  -1   22   5  13   6   0   7   5   7   0   0  11   7   0   0   0  11   1   0   0   3  0.12 0.06
   74 L     0   1   0   0  -2   0   0   1  -1  -1   0   1   1  -1  -2   0  -1  -2   0  -1   12  11   5   7   0   4   6  10   0   0  17  10   6   0   0   6   0   0   5   1  0.07 0.04
   75 T    -1   0   1   0  -3  -1   1   1  -1  -1   0   0  -1   2   0   0   0  -2  -1  -1    3   3  10   4   0   0  17  15   0   0  14   3   0  14   3   5   5   0   0   3  0.08 0.06
   76 L     0  -1  -1   1  -2   2  -1  -2  -1   0   1   0   0   1   0   0   0  -2   1   0    6   0   0   9   0  14   1   1   0   0  25   9   0   6   4   8   3   0   7   7  0.07 0.07
   77 G    -1  -1   2   1  -3   1   3   2  -1  -3  -3   1  -2  -3  -2   0   1  -3  -3  -3    1   0  10   4   0   4  33  18   0   0   1  10   0   0   0   7  10   0   0   1  0.35 0.12
   78 L     1  -1  -1   0  -2   1   1   0  -2   0   0   1  -1  -2  -2   0   0  -3  -2   0   16   0   0   6   0   5  14   8   0   9  12  15   0   0   0   1   4   0   0   9  0.07 0.05
   79 Y     1  -2   0   0  -2  -1  -1   0  -2   0  -1   0  -1  -1   1  -1   0   5   0   1   19   0   4   7   0   0   1   9   0   5   1   6   0   0   6   1   8   9   5  19  0.13 0.07
   80 E     0   2  -1   0  -3   0   2   1  -1  -2  -1   2  -2  -3   0   0  -1  -3  -2  -1    7  16   0   5   0   0  19  14   0   0   6  19   0   0   3   5   0   0   0   4  0.21 0.08
   81 E     2  -2  -2   2   4  -1   1  -2  -2   0   0  -2   1   1  -2  -1  -1  -3  -2   1   23   0   0  14  14   0   9   1   0   0   6   0   6   7   0   1   0   0   0  17  0.17 0.11
   82 D    -1   2   2   3  -3   2   2  -2  -1  -2  -2   0  -2  -3  -2   0   1  -3  -2  -1    1  13  11  18   0  11  16   1   0   1   1   3   0   0   1   1  13   0   0   7  0.28 0.09
   83 L     0  -2  -3  -3  -2  -2  -2  -3  -2   2   3  -2   1   1  -2  -2  -1  -2   1   2   11   1   1   1   0   1   1   1   0  10  34   1   3   6   1   1   1   0   7  22  0.23 0.09
   84 R    -1   1  -2  -2  -2  -1   1  -3  -2   1   1   0   0   3  -2   0  -1  -2   0   2    1  11   0   0   0   0  11   1   0   6  13   5   0  19   0  10   0   0   0  21  0.12 0.09
   85 I    -2   0  -2  -2  -2   0   1  -3  -1   2   1   0   0   2  -2  -2  -1   2   2   1    1   4   0   0   0   6  13   1   0  23  10   9   0  14   0   1   1   3   7   7  0.13 0.08
   86 A     1  -2  -1  -2   0   0  -2   4  -2  -3  -1  -1  -2  -3  -2   2   0  -3  -3  -2   13   0   0   0   3   3   0  44   0   0   7   3   0   0   0  19   5   0   0   0  0.45 0.14
   87 D    -2  -3   0   7  -4  -2   0  -3  -2  -4  -5  -2  -4  -5   1  -1  -2  -5  -4  -4    4   0   0  87   0   0   0   0   0   0   0   0   0   0   6   0   0   0   0   0  1.39 0.32
   88 V    -1  -3  -3  -3  -2  -1  -3  -4  -3   4   2  -3   0   1  -3  -2  -1  -3  -1   4    1   0   0   0   0   4   0   1   0  33  16   0   0   6   0   1   0   0   0  36  0.42 0.14
   89 T    -1   2  -1  -2  -2   1   0  -1  -2  -2   1   0  -1  -2  -2   2   3  -3  -2  -1    0  17   0   0   0   6   7   5   0   0  17   3   0   0   0  17  26   0   0   0  0.21 0.12
   90 D    -2  -1   1   6  -4   0   2  -2   1  -4  -3   0  -3  -4  -2   0  -2  -5  -3  -4    0   3   5  61   0   3  11   0   4   0   4   3   0   0   0   5   0   0   0   0  0.81 0.22
   91 S     3   0  -2  -2  -2  -1  -2  -2  -2  -2   0   0  -1  -3   5   0   0  -3  -3  -1   33   7   0   0   0   0   0   0   0   0  14   5   0   0  28   5   6   0   0   0  0.47 0.14
   92 A     1   0   0   3  -3   2   3  -1  -1  -3  -3   0  -2  -3  -2   1  -1  -3  -3  -3   15   4   0  21   0  13  25   3   0   0   1   4   0   0   0  11   0   0   0   0  0.38 0.13
   93 A     1   2  -1  -1   3   0   1  -2  -1  -2  -2   0  -2  -3  -2   2   1  -3  -1   0   10  17   0   0  10   3  10   0   0   0   0   4   0   0   0  24  11   0   2   8  0.22 0.11
   94 V    -2  -3  -4  -5  -2  -3  -4  -5  -4   4   4  -4   3  -1  -4  -3  -2  -3  -2   1    0   0   0   0   0   0   0   0   0  35  54   0   6   0   0   0   0   0   0   4  0.69 0.21
   95 R     1   3   1  -1  -3   1   2  -1  -1  -2  -1   1  -1  -3   1  -1   0  -3  -2  -1   17  22   8   0   0   3  18   3   0   0   9   7   0   0   7   0   5   0   0   3  0.20 0.10
   96 E     2   2  -1   0  -3   0   1  -2  -1  -3  -3   2  -2  -3   3   0  -1  -3   0  -2   26  17   0   5   0   3   8   0   0   0   0  13   0   0  17   6   0   0   5   0  0.36 0.13
   97 A     5  -3  -2   0   1  -2  -2  -1  -3  -2  -1  -2  -2  -3  -2   1  -1  -4  -3   0   70   0   0   6   3   0   0   0   0   0   6   0   0   0   0  11   0   0   0   3  0.56 0.23
   98 L    -1  -3  -4  -4   4  -3  -4  -4  -3   3   3  -3   1   2  -4  -3  -2  -2  -1   1    5   0   0   0  12   0   0   0   0  25  35   0   4  10   0   0   0   0   0   9  0.42 0.14
   99 A     0  -1  -1  -1   1   3   3   3  -2  -4  -4   1  -2  -4  -2   0  -1  -3  -3  -3    4   0   0   0   3  18  26  32   0   0   0  10   0   0   0   4   3   0   0   0  0.47 0.16
  100 G     0  -3   2   1  -4  -2   1   5  -2  -4  -4  -2  -4  -4   1  -1  -2  -4  -4  -4    5   0  14   8   0   0  11  57   0   0   0   0   0   0   6   0   0   0   0   0  0.75 0.20
  101 C     1  -3  -3  -2   4  -3  -3  -3  -3   4   0  -3   1  -1  -3  -2  -1  -3   0   3   14   0   0   3  14   0   0   0   0  34   4   0   2   0   0   0   0   0   5  24  0.37 0.16
  102 T    -1  -1   0   5  -3  -1   0  -2   3  -4  -4  -1  -3  -4  -2   2   2  -4  -3  -3    3   3   0  46   0   0   0   0  10   0   0   0   0   0   0  21  16   0   0   0  0.64 0.22
  103 A     3  -1  -2  -2  -1   0  -1   1  -2   0  -1   1  -1  -2  -2   0   0  -3  -2   2   38   1   1   1   0   4   1  12   0   4   1  10   0   1   1   1   3   0   0  20  0.19 0.10
  104 L     1  -2  -2  -2  -1  -2  -2  -2  -3   3   1  -2   0  -1  -2  -1  -1  -2  -1   3   11   1   1   1   0   1   1   2   0  18  15   1   0   1   1   2   1   0   1  41  0.25 0.10
  105 I    -1  -3  -3  -4  -2  -3  -3  -4  -3   4   0  -3   0   2  -3  -3  -1  -3  -1   4    1   0   0   1   0   0   1   1   0  33   1   1   0   9   0   1   1   0   0  50  0.55 0.18
  106 I     0  -3  -2   1   4  -2  -2  -3   1   3   0  -2  -1   1  -3  -1  -1  -2  -1   2    7   0   0  10  15   0   1   1   5  30   1   0   0  10   0   4   1   0   0  15  0.21 0.11
  107 C     0  -2   1  -2   6  -2  -2  -2   2  -1   0  -2  -1   0  -2   1   2  -2  -1   0    7   1   7   1  26   1   1   1   8   1  10   1   0   5   1   9  17   0   0   5  0.29 0.11
  108 T     1  -2  -1  -2  -1  -1  -1  -2   1   1   0  -1   0  -2  -2   1   3  -2  -2   1   17   1   1   1   0   1   1   1   5  15  11   1   0   1   1  10  28   0   0   6  0.17 0.09
  109 S     2  -2  -1  -2  -2  -1  -1   3   1  -2  -2  -1  -2  -3   0   1   1  -3  -2  -2   27   1   1   1   0   1   1  30   6   1   1   1   0   1   5  14  10   0   0   1  0.34 0.11
  110 A     4  -2  -2  -2  -1  -1  -1  -1  -2  -2  -1  -1   1   0  -2   2  -1  -3  -2  -1   55   1   1   1   0   1   1   1   0   1   5   1   7   4   1  19   1   0   0   1  0.38 0.16
  111 K     0   3  -1  -2  -2   0  -1  -2  -1   1   0   1   0  -1  -1   0   0  -2  -1   1    6  23   1   1   0   1   2   2   1   7   9   6   1   1   1  10   7   0   1  20  0.10 0.06
  112 P    -1  -1   0   0  -2   0   2  -1  -1  -2  -1  -1  -1  -2   5  -1  -1  -2  -2  -2    3   2   5   2   1   2  23   3   1   2   8   2   1   1  36   3   2   1   1   2  0.54 0.09
  113 Q     0   1   1   0  -2   1   0   0  -1  -1  -1   2  -1  -2   2   1   0  -2  -1  -1    3   6   7   6   1   9   3   7   1   6   4  18   1   2   9   9   5   1   1   3  0.11 0.03
  114 L    -1  -1   0   1  -1   0   1   1   1   0   0  -1   1  -1  -1   0  -1  -1  -1   0    3   2   2  13   1   6   8  12   6   2  11   3  10   2   2   3   3   1   1   9  0.04 0.02
  115 L    -1  -1  -1  -1  -1  -1  -1  -2  -2   2   1   1   0   1   1  -1  -1  -1  -1   2    3   2   2   2   1   2   2   3   1  24  11  12   1   7   8   3   2   0   1  15  0.07 0.04
  116 Q     0  -1   0   3  -1   1   0  -1  -1  -1  -1   0  -1  -2   2   1   0  -2  -1  -1    4   2   2  26   1   6   3   3   1   2   4   6   1   2  11  13   3   1   2   7  0.18 0.04
  117 T     1  -1  -1   0  -1  -1  -1   0  -1   1   0  -1   0  -1   2   0   1  -1  -1   1   14   2   2   6   1   2   3   7   1   9   8   2   1   2  10   3  13   1   1  14  0.07 0.02
  118 N     1  -1   1  -1   2   1   0   0  -1  -1  -1   0  -1  -2  -1   2   2  -2  -1  -1    8   2   6   2   5   7   6   7   1   2   9   2   1   1   2  22  14   0   1   2  0.11 0.04
  119 M     0   0  -1  -1   1   1   1   0   2  -1   0   1   0  -1  -1   0  -1  -2  -1   0    8   2   2   2   5   8  10  10   8   2   8  15   5   1   2   2   2   0   1   8  0.05 0.03
  120 L     0  -1  -1  -1  -1  -1  -1   2  -1   0   0   0   0   0  -1   1   0  -1  -1   1    6   2   2   2   1   2   3  18   1   2  12   8   1   5   2  15   2   1   1  14  0.05 0.02
  121 S     1  -1   1  -1  -1   0  -1   0   1  -1  -1  -1   0  -1  -1   1   1  -1  -1  -1   14   2  11   2   1   2   3   8   6   4   6   2   5   2   2  12  12   1   1   3  0.07 0.03
  122 S     0   0   0  -1  -1   0   0   0  -1  -1  -1   0  -1  -2   2   2   0  -2  -1   0    7   7   2   2   1   2   7   8   1   2   4   2   1   2   9  30   2   1   1   8  0.14 0.05
  123 K    -1   2   0   1  -2   0   1   0  -1  -2  -2   1  -1  -2   4   0  -1  -2  -2  -2    3  20   2  10   1   2   9   8   1   2   4   7   1   2  21   3   2   1   1   3  0.29 0.05
  124 T     0  -1   0  -1  -1   1   1  -1   2   1  -1   0   0  -1  -1   0   1  -1  -1   0    9   2   2   2   1  11  11   3   7  12   4   2   1   2   2   8  11   1   1  10  0.06 0.03
  125 Y     0  -1  -1   1  -1  -1  -1   0  -1  -1   0  -1  -1   2  -1   0   1  -1   1  -1    8   2   2   9   1   2   2   7   1   2   9   2   1  17   2   7  17   1   6   3  0.07 0.03
  126 G    -1  -1   0  -1  -2  -1   0   3  -1   1   0  -1   0   0  -1  -1  -1  -1   0   0    3   2   6   2   1   1   8  28   1  21   9   2   1   4   2   2   2   0   5   2  0.11 0.05
  127 Y    -1  -1  -1   0  -2  -1  -1   0   0   0   1   0   0   3  -2  -1  -1   0   4  -1    2   2   1   6   1   1   2   8   1   8  16   8   1  12   2   2   2   0  24   2  0.14 0.06
  128 P    -1  -1   2   5  -3   1   1   0  -1  -3  -3   0  -2  -3   2  -1  -1  -3  -2  -3    2   1  11  40   0   7   4   7   0   1   2   5   0   1  13   1   1   0   1   1  0.47 0.12
  129 D    -1   0  -1   2  -2  -1   0  -2  -1   0  -1   0  -1  -2   3  -1  -1   4  -1   0    2   4   1  20   1   1   5   2   1  10   3   7   1   1  18   2   2   7   1  11  0.23 0.06
  130 G     0   0  -1  -1  -2   1   0   1  -1  -1   0  -1  -1   1  -1   0   1  -1   0  -1    5   4   1   2   1   7   8  15   1   2  13   2   1   9   2   6  15   0   4   2  0.06 0.03
  131 E     0   1   0   1  -2   1   2   1  -1  -1  -1   0  -1  -2  -1   0   0  -2  -1  -1    5   8   5   8   1   8  16  14   1   2   8   2   1   1   2   2   8   0   1   7  0.09 0.03
  132 P     0  -1  -1  -1   2  -1  -1  -1  -2  -1   0  -1  -1  -2   5   0   0  -2  -2   0    7   2   2   2   6   1   2   3   1   2  15   2   1   1  31   8   5   0   1   8  0.38 0.07
  133 E    -1  -2  -2  -1   1  -1   2  -2  -1   1  -1  -1  -1   1  -2  -1  -1   7   2   1    2   1   1   1   3   1  18   2   1   9   2   2   1   8   1   2   2  17  10  16  0.30 0.09
  134 D     0   2   0   3  -3   3   0  -2  -1  -3  -2   3  -2  -3  -1   0   0  -3  -2  -2    6  15   1  19   0  19   1   1   0   1   2  22   0   1   1   1   6   0   1   1  0.33 0.10
  135 V    -1  -3  -3  -3  -2  -3  -3  -3  -3   3   1  -3   0  -1  -3  -2   1  -3  -2   4    1   0   0   1   0   0   1   1   0  23   6   1   0   0   0   1  10   0   0  54  0.48 0.17
  136 D    -2  -2   4   6  -4  -1   1  -2  -1  -4  -4  -1  -3  -4  -2  -1  -2  -4  -3  -4    1   0  29  58   0   0   5   1   0   0   1   1   0   0   0   1   1   0   0   1  0.98 0.24
  137 W    -2  -2  -1  -3  -2  -2  -2  -3  -1   1   2  -2   0   2  -3  -2  -2   7   4   0    1   1   4   1   0   1   1   1   0   6  25   1   0   7   1   1   1  16  23   6  0.45 0.12
  138 F    -1   1  -1   1  -2   0   1  -2  -1   1   0   2   2   2  -2  -1  -1  -2  -1  -1    1  10   1  12   0   1   9   1   0  14   4  16   9  15   1   1   1   0   1   1  0.10 0.07
  139 G     2  -2  -1  -2  -2  -2  -2   5  -2  -3  -3  -2  -2  -3  -2   1  -1  -3  -3  -2   23   1   1   1   0   1   1  58   0   1   1   1   0   1   1   8   1   0   0   1  0.72 0.17
  140 Q     0  -1  -1  -2   2   2  -1  -2  -2   0  -2   1  -1  -3  -2   0   4  -3  -2  -1    7   1   1   1   5  14   1   1   0   7   1  10   0   1   1   1  48   0   0   1  0.35 0.16
  141 K    -1   1   0  -1   1   3   0  -2  -1   0   0   3  -1  -2  -2   0  -1  -3  -2   0    1   5   4   1   3  18   1   1   0   9   7  30   0   1   1   6   1   0   0  11  0.18 0.10
  142 T     0  -1   5   0  -2  -1  -1  -1   3  -3  -2   0  -2  -3  -2   1   0  -3  -2  -2   10   1  51   1   0   1   1   1   9   1   4   5   0   1   1   8   5   0   0   1  0.51 0.17
  143 Q    -1  -2  -2  -3  -2   2  -2  -3  -2   1   3  -2   0  -1  -3   0   0  -3  -2   2    0   0   0   0   0  17   0   0   0   3  43   0   0   0   0   8   6   0   0  20  0.28 0.14
  144 I    -2  -3  -4  -4  -2  -3  -4  -1  -4   4   3  -3   2  -1  -4  -3  -1  -3  -2   3    0   0   0   0   0   0   0   5   0  37  26   0   4   0   0   0   0   0   0  29  0.50 0.17
  145 N     0   0   2   4  -3   2   3  -2  -1  -3  -3  -1  -2  -4  -2  -1  -1  -4  -3  -1   11   4  14  25   0  15  23   0   0   0   0   0   0   0   0   0   0   0   0   8  0.43 0.16
  146 A     6  -3  -3  -3  -2  -2  -2  -1  -3  -2  -1  -2  -2  -3  -2   0   0  -4  -3   0   85   0   0   0   0   0   0   0   0   0   6   0   0   0   0   0   4   0   0   5  0.81 0.29
  147 A     4  -3  -3  -3   7  -2  -3   1  -3  -3  -3  -1  -2  -4  -3  -1  -2  -4  -3  -2   55   0   0   0  32   0   0   8   0   0   0   5   0   0   0   0   0   0   0   0  0.86 0.27
  148 Y     0   2  -1  -2  -2   0   0  -2  -1   0   1   2   1  -1  -2  -1   1  -2   0   0   10  14   0   0   0   3   6   0   0   3  16  19   5   0   0   0   9   0   4  10  0.11 0.07
  149 S     1  -1   0   1  -2   1   0   1  -1   0  -1   1  -1  -2   1   0  -1  -3  -2  -1   16   0   4   9   0   5   5   9   0   9   6  16   0   0   7   8   0   0   0   3  0.10 0.05
  150 M     3   0   0  -1  -2   0   1  -1  -2  -1   1  -1   3  -2  -2   0   0  -2  -2  -1   34   5   6   1   0   4  10   1   0   1  14   1  15   1   1   1   5   0   0   1  0.16 0.11
  151 A     1   0   1  -1  -2   0   0   2  -1  -2  -1   1  -1  -2  -1   1   0  -2  -2  -1   21   4   7   1   1   1   6  15   1   1   9  16   1   1   1   9   2   0   1   2  0.12 0.04
  152 S     1  -1  -2  -2  -1  -1  -1  -2  -2   2   0   0   0  -1  -1   0   0  -2  -1   3   15   1   1   1   1   1   2   2   1  10   2   8   1   1   1   6   2   0   1  43  0.17 0.08
  153 S     0  -1   1   0  -2   1   2  -1  -1  -2  -2   0  -2  -2   3   2   0  -2  -2  -2    7   1   7   1   0   4  20   2   1   1   2   5   1   1  14  28   1   0   1   2  0.29 0.08
  154 T     0   1   0  -1  -1   1   0  -1   1   0  -1   2  -1  -1  -1   1   1  -2  -1   0   10   5   2   2   1   7   2   3   6   7   3  17   1   1   2   9  13   0   1   8  0.08 0.03
  155 G     1  -2  -2  -2  -1  -1  -1   0  -1  -1  -1  -1  -1   4   1  -1  -1  -1   1   0   21   2   2   2   1   1   2   7   1   2   3   2   1  31   8   2   2   0   1   8  0.18 0.07
  156 G     0  -2  -1  -2  -2  -2  -2   4  -2   2  -1  -2  -1   1  -2  -1  -1  -2  -1   0    7   1   1   1   0   1   1  42   0  24   2   1   0   7   1   2   1   0   1   5  0.32 0.11
  157 P     0  -2  -2  -2  -1  -2  -2  -2  -1   2   0  -2   0   2   0  -1   0  -1   2   2   11   1   1   1   0   1   1   2   0  16   5   1   0   9   5   2   6   0  11  25  0.13 0.06
  158 M     0   1  -1  -2   2   0  -1   0  -2   0  -1   3   1   0  -2   0  -1  -2  -1   0    7   5   1   1   8   1   1   8   0   5   2  30   5   7   1   6   1   0   1  10  0.10 0.07
  159 H    -1   2   2  -2  -3   0  -1  -2   7  -4  -3  -1  -2  -2  -3   2  -1  -3   1  -3    0  14   9   0   0   3   0   0  37   0   0   0   0   0   0  27   0   0   6   0  0.63 0.21
  160 V    -2  -3  -2   0  -2  -3  -2  -3  -2   2   0  -3  -1   5  -3   0   1  -1   0   1    0   0   0   6   0   0   0   0   0  22   0   0   0  39   0  11  10   0   0   9  0.36 0.16
  161 V    -1  -3  -3  -3  -2  -3  -3  -1  -3   3   0  -3   0  -1  -3  -2  -1  -3  -2   5    1   1   1   1   0   1   1   7   0  18   4   1   0   0   1   1   1   0   0  62  0.49 0.17
  162 L    -1  -2  -2   0  -2  -2  -2  -3  -2   0   3  -2   2   2  -2  -2   0  -1   0   1    4   1   1   8   0   1   1   1   0   1  40   1   9  15   1   1   7   0   1   8  0.21 0.09
  163 L    -1  -3  -3  -3   1  -2  -3  -3  -3   2   2  -3   0  -1  -3  -1   0  -3  -2   4    1   1   0   1   3   0   1   1   0   6  19   1   0   0   1   5   5   0   0  55  0.39 0.15
  164 G     0  -1   1  -1  -1  -1  -1   2  -1   0  -2  -1  -1  -2  -1   3   2  -2  -2  -1    2   1   5   1   0   1   1  15   1   7   2   1   1   1   1  44  14   0   1   1  0.29 0.11
  165 S     3  -1  -1  -1  -1  -1  -1   2  -2  -2  -2  -1  -2  -2  -1   3   0  -2  -2  -1   30   1   1   1   0   1   1  15   1   1   2   1   1   1   1  37   1   0   1   1  0.34 0.12
  166 M     0  -2  -1  -2  -1  -1  -2   0  -2   2   2  -2   3   0  -2   0  -1  -1   0   1    5   1   4   1   0   1   1   8   1  16  26   1  14   1   1   7   1   0   5   4  0.10 0.06
  167 G     2  -2  -1  -2   4   0  -2   3  -2  -2  -3   0  -2  -3  -2   1   0  -3  -3  -2   27   1   0   1  14   5   1  31   0   1   1   5   0   0   1   6   6   0   0   1  0.38 0.12
  168 G     2  -2  -1   0  -2  -1  -1   3  -2  -1  -1  -1   0  -1  -1   1   0  -2   1   1   19   1   1   4   0   1   1  27   0   1   2   1   4   1   1   8   6   0   6  15  0.17 0.07
  169 T     0  -1   1   1   1   3   1  -1   1  -1  -2  -1  -1  -3   3   0   1  -3  -2   0    5   1   6  11   4  20   5   4   5   1   1   1   0   0  13   1  10   0   0  12  0.21 0.09
  170 N    -1   0   4   1  -3   1   0  -2  -1  -2  -3   3  -2  -2  -2   0  -1  -3   0  -1    1   1  31   9   0   4   1   1   0   1   1  31   0   1   1   6   1   0   4   7  0.35 0.13
  171 P     1   1  -2  -2  -2  -1  -2  -2  -2   0  -1  -1  -2  -3   6   1  -1  -3  -3  -1   11  10   1   1   0   0   1   1   0   7   7   1   0   0  43  13   1   0   0   4  0.68 0.15
  172 E     0  -1   0   3  -2  -1   2  -2  -1  -1   0   0  -1   0  -2  -1  -1  -1   3  -1    7   1   3  25   0   1  13   1   0   1  13   4   0   1   1   1   1   0  19   6  0.21 0.10
  173 N     0   0   4   0  -2   0   0   0   3  -2  -2   1  -1   0  -1   0  -1  -2  -1  -1    6   1  30   1   0   4   2   7   9   1   2  14   1   5   1   6   1   0   1   5  0.21 0.08
  174 P    -1  -1  -2  -2  -2  -1  -1   0  -2   0  -1   0  -1   1   5  -1  -1   5  -1   0    2   1   1   1   0   1   4   8   1   7   2   9   1   7  31   2   1  10   1   9  0.45 0.10
  175 L    -1  -2   0  -2  -2  -2  -2  -3  -2   2   2  -2   0   0  -2  -1   1   4   1   1    1   1   6   1   0   1   1   1   0  19  31   1   0   1   1   1  15   7   5   9  0.22 0.09
  176 N    -1  -1   5   1  -2  -1   0  -1  -1   0  -2  -1   0  -2  -2   1  -1  -3  -2  -1    1   1  46   5   0   1   6   1   0  11   2   1   4   1   1  13   1   0   1   3  0.39 0.14
  177 S     1   0   0  -1  -2   0   0  -2   0   0   1   0   0   0  -1   0   0  -2  -1   0   13   4   4   1   0   3   6   1   4   8  20   9   0   6   1  11   1   0   1   6  0.03 0.03
  178 L    -1  -1   1  -2  -2  -1  -2  -2  -1   1   1   0   2   3  -2  -1   0  -1   3   0    2   1  13   1   0   1   1   1   0   7  20   6   9  15   1   1   6   0  12   1  0.14 0.07
  179 G     0  -2  -1  -1   2  -1  -1   5  -2  -3  -3  -1  -2  -2  -2  -1  -1  -2  -2  -2    5   1   1   2   5   1   5  64   1   1   3   2   1   1   1   2   2   0   1   2  0.67 0.13
  180 Q     0  -1   2  -1   2   0  -1  -1   3  -1   1  -1  -1   1  -2   0  -1   3   0  -1   12   1  15   1   7   5   2   2  10   1  17   1   1  10   1   4   1   5   1   2  0.10 0.06
  181 T     0   0   0   0  -2   1   2  -1  -1  -1  -1   0  -1  -2   2   1   2  -2  -1  -1    3   6   1   2   1   5  19   2   1   2   9   2   1   1  10  13  20   0   1   2  0.18 0.06
  182 T     0   1  -1   1  -2   0   2  -1  -1  -1  -1   2  -1   1  -1   0   0  -1  -1  -1   11   5   2   6   1   2  19   3   1   2   3  18   1  11   2   3   6   0   1   2  0.12 0.04
  183 A     2  -1  -1  -1  -1   1   1  -1  -1  -1   0  -1   0   0  -1   0  -1  -1   2  -1   28   2   2   2   1   8  12   3   1   2  13   2   1   5   2   3   2   0  10   2  0.09 0.05
  184 A     1   0   0  -1   2   0   0  -1   2   0  -1   1  -1  -1  -1   0  -1  -1   1  -1   18   6   7   2   6   2   7   3   8   7   6  11   1   1   2   3   2   0   6   2  0.05 0.03
  185 D     0  -1  -1   0  -1  -1   0  -1   3   0   2  -1   0   1  -1   1  -1  -1   0  -1    7   2   2   6   1   1   7   3  13   2  28   2   1   6   2  13   2   0   1   2  0.07 0.05
  186 G    -1   1   2   1   1   1   2   0  -1  -2  -1   1  -1  -2  -1   0  -1  -2  -1  -2    2   6  16   7   5   7  17   7   1   2   9   9   1   1   2   2   2   0   1   2  0.14 0.04
  187 T    -1   0  -1  -1  -2   0   0  -1   2  -1   1   1   0   0   1   1   0  -2  -1  -1    2   2   1   2   1   1   8   2   7   2  20  14   1   5   7  15   6   0   1   2  0.07 0.04
  188 K    -1  -1  -1  -1  -2   0   0  -2  -1  -1   1   1   0   3  -1  -1   2  -1   1  -1    2   2   1   2   1   6   5   2   1   2  14  10   1  22   2   2  19   0   4   2  0.11 0.06
  189 Q     0  -1  -1  -2  -2   2  -1  -1  -1   0  -1  -1  -1   2  -1   0   1   7   0  -1    6   2   2   2   1  13   2   2   1   7   3   2   1  11   2   6  13  22   1   2  0.36 0.08
  190 G     0   1   0   1  -1   0   1   1  -1   0  -1   0  -1  -2  -1   1   0  -2  -1   0    3   8   2   7   1   5  10  16   1   8   3   2   1   1   2  21   2   0   1   8  0.09 0.03
  191 G     1  -1   2   1  -1   0   0   1  -1  -1  -1   0  -1  -2  -1   1   0  -2  -2  -1   21   1  12   9   1   1   2  13   1   1   6   7   1   1   1  14   2   0   1   5  0.12 0.04
  192 D    -1  -1   2   2  -2   1   0  -1  -1  -2  -1   1   0  -2   4   0  -1  -2  -2  -2    5   1  15  12   1   6   6   2   1   1   7   8   4   1  24   2   2   0   1   2  0.32 0.06
  193 I    -2  -2  -2  -1  -2  -2  -2  -3  -1   2   2  -2   0   1  -2  -2  -1  -1   4   1    1   1   1   5   0   1   1   1   0  19  31   1   0   1   1   1   1   0  24  10  0.26 0.10
  194 L    -1  -1  -2  -3   2  -1  -2  -1  -2   1   2  -1   2   0   2  -2  -1  -1   2   0    4   4   1   1   5   1   1   6   0   7  30   4  11   1  11   1   1   0  11   1  0.15 0.07
  195 L    -1   1  -2  -2   4  -1  -1  -2  -1   1   0   0   0   1  -2  -1  -1  -1   3   1    2   9   1   1  12   1   5   2   1  12   7   6   1   8   1   2   1   0  14  15  0.10 0.05
  196 W     2  -2  -1  -2  -2  -1   0   0  -2  -1  -2  -1   0  -1  -2   1  -1   8   0  -1   20   1   1   1   0   1   8   7   1   5   2   1   4   1   1  15   1  27   1   2  0.49 0.11
  197 K    -1   1  -1  -1  -3   0   1  -1  -1  -2  -1   5  -2  -3  -1  -1  -1  -3  -2  -2    2   1   1   1   0   1   5   5   0   1   6  70   0   1   1   1   1   0   1   1  0.57 0.17
  198 R    -1   4  -1  -1  -2   0   1   0   1  -2  -1   2   1   0  -2   0   0  -2  -1  -2    2  35   1   1   0   1   8   6   5   1   5  12   6   4   1   5   4   0   1   1  0.23 0.08
  199 K    -1   1  -1  -1  -2   1   0  -1  -1  -1   0   2   3  -1  -2   0  -1  -2   1   0    2   4   1   1   0   8   6   5   0   1   9  25  19   1   1   6   1   0   6   5  0.13 0.08
  200 A     5  -2   0  -2  -1  -1  -1  -1  -2  -1  -2  -1  -1  -2  -1   0   0  -3  -2   0   71   1   5   1   0   1   1   1   0   4   1   1   0   1   1   1   4   0   0   5  0.47 0.17
  201 E     0  -1   1   2  -3   1   5  -2  -1  -3  -3   0  -2  -3  -2  -1  -1  -3  -3  -1    8   1   6  10   0   5  59   1   0   1   1   1   0   0   1   1   1   0   0   4  0.60 0.17
  202 R    -1   2   2   0  -3   3   3  -2  -1  -3  -3   3  -2  -4  -2  -1   0  -3  -2  -3    5   9  10   0   0  17  30   0   0   0   0  22   0   0   0   0   4   0   0   0  0.46 0.14
  203 Y     2  -1  -2  -2  -2   0   1  -2  -1   0  -1   1  -1   1  -2  -1  -1  -1   4  -1   33   0   0   0   0   5  10   1   0   5   4  10   0   6   0   1   1   0  21   1  0.21 0.11
  204 L     0  -2  -3  -3  -2  -2  -2  -3  -3   1   3   0   1  -1  -2  -1  -1  -3  -2   3    9   0   0   0   0   0   1   1   0   4  38  11   0   0   0   4   1   0   0  29  0.22 0.10
  205 R     1   2  -1  -1  -2   2   1   0  -1   0   1   1  -1  -2  -2  -1  -1  -3  -2  -1   20  16   0   0   0  16  10   6   0   6  16   7   0   0   0   0   0   0   0   0  0.15 0.09
  206 A     2  -1   1   3  -3   2   2   0  -1  -3  -3   1  -2  -3  -2   1  -1  -3  -3  -2   25   0   5  24   0  10  11   4   0   0   0  13   0   0   0   6   0   0   0   0  0.32 0.11
  207 S     2   0  -1  -1  -2  -1  -1  -1  -2  -3  -3  -1  -2  -3   1   5   1  -4  -3  -2   13   5   0   0   0   0   0   0   0   0   0   0   0   0   7  64   6   0   0   0  0.57 0.20
  208 G     0  -2   1   1  -2   0  -1   5  -1  -3  -3  -1  -2  -3  -2   1  -1  -3  -2  -3    1   1   9   7   0   7   1  49   0   1   2   1   0   1   1  15   1   0   1   1  0.50 0.11
  209 L    -1  -2  -2  -3  -2  -2  -2  -3  -2   2   2  -2   2   3  -2  -1   1  -2   0   1    1   1   1   1   0   1   1   1   0  17  30   1   5  15   1   1  14   0   0  10  0.23 0.08
  210 N     1  -2   4   1  -3   1   0  -2  -1  -3  -3  -1  -2  -4   3   0   2  -4  -3  -2   16   0  27   5   0   6   5   0   0   0   0   0   0   0  18   4  20   0   0   0  0.45 0.15
  211 Y    -3  -3  -3  -4  -4  -3  -4   1   0  -2  -1  -3  -2   3  -4  -3  -3   4   8  -3    0   0   0   0   0   0   0  13   0   0   5   0   0  11   0   0   0   5  66   0  1.15 0.29
  212 T     1  -2  -1  -2  -2  -2  -2  -2  -3  -2  -3  -2  -2  -3  -2   4   5  -4  -3  -2    8   0   0   0   0   0   0   0   0   0   0   0   0   0   0  39  53   0   0   0  0.73 0.25
  213 I    -2  -4  -4  -4  -2  -3  -4  -5  -4   5   1  -3   1   1  -4  -3  -1  -3  -2   3    0   0   0   0   0   0   0   0   0  57   6   0   2   5   0   0   3   0   0  27  0.63 0.20
  214 V    -2  -4  -4  -4  -2  -3  -4  -4  -4   3   2  -3   0   2  -4  -3  -1  -3  -1   4    0   0   0   0   0   0   0   0   0  20  18   0   0  11   0   0   0   0   0  52  0.55 0.18
  215 H    -2   6  -1  -2  -4   2  -1  -3   1  -3  -3   3  -2  -4  -3  -1  -2  -4  -2  -1    0  55   0   0   0   9   0   0   4   0   0  22   0   0   0   4   0   0   0   5  0.76 0.22
  216 A     1  -3   1  -1   1  -2  -2  -3  -2  -2  -1  -2  -2   0   6  -1   0  -3   1  -2   13   0  10   3   3   0   0   0   0   0   7   0   0   5  46   0   6   0   6   0  0.77 0.18
  217 G     0  -3  -1  -2  -3  -2  -3   6  -3  -4  -4  -2  -3  -4  -3   1   2  -4  -4  -3    4   0   0   0   0   0   0  71   0   0   0   0   0   0   0  11  15   0   0   0  0.98 0.23
  218 G     1  -3   2  -2  -3  -2  -2   5  -2  -3  -1  -2  -2   1  -3   0   0  -3  -2  -2   15   0  11   0   0   0   0  51   0   0   6   0   0   8   0   5   5   0   0   0  0.52 0.15
  219 L    -2  -3  -3  -4  -2  -3  -3  -4  -3   0   3  -3   3   5  -4  -2   1  -1   0   1    0   0   0   0   0   0   0   0   0   0  34   0   9  32   0   0  12   0   0  12  0.45 0.15
  220 V    -2   0   0   0  -3   1   2  -3  -1  -1   1   0   1   3  -3  -1  -1  -2   1   0    0   5   6   4   0   7  21   0   0   0  14   4   5  20   0   0   0   0   4  11  0.15 0.09
  221 N    -2   2   4   2  -3   2   0  -1  -1  -3  -1   2  -2   0  -2  -1  -1  -3  -2  -3    0  10  30  13   0  13   0   4   0   0   6  16   0   6   0   0   0   0   0   0  0.31 0.11
  222 E     0  -1   2   1  -2   0   1  -1  -1  -2  -2   1  -2  -3   2   3   0  -3  -2  -2    1   1  11   5   0   1  11   1   0   1   6  11   0   1  11  36   1   0   0   1  0.28 0.09
  223 P     0   0  -1  -1  -2  -1   0  -2  -2   0   1   0   0  -2   4  -1   1  -2  -2  -1    5   7   1   4   0   1   4   1   0   5  23   6   0   1  22   1  17   0   0   1  0.25 0.07
  224 G    -1  -2   1   1  -3  -2   0   5  -2  -3  -2  -2  -3  -3   0  -1  -2  -3  -3  -3    1   0   6  10   0   0   7  62   0   0   6   0   0   0   5   0   0   0   0   0  0.67 0.15
  225 G     1  -1  -1  -2  -2   0  -1   4   1  -2  -1   0   0  -2  -2   0   1  -3  -2  -2   10   0   0   0   0   4   0  38   6   0   9   7   5   0   0   7  10   0   0   0  0.28 0.09
  226 Q     0  -1  -2  -2  -2   2  -1   1  -1   2  -1  -1  -1   1  -2   0  -1  -1   3   1    7   0   0   0   0  21   0  10   0  18   1   0   0   4   0   7   0   0  16  13  0.14 0.10
  227 R     1   3   0  -2  -2   0   0  -2  -1  -1   0   1  -1  -1  -2   0  -1  -2   1   1   16  22   5   1   0   0   5   1   0   1   7  10   0   0   1   5   1   0   7  17  0.11 0.06
  228 E    -1   1   1   1  -3   2   4   0  -1  -2  -2   0  -2  -3   1  -1  -1  -3  -2   0    1   7   7   4   0  14  38   7   0   1   1   1   0   0   7   1   1   0   0   9  0.33 0.10
  229 L     0  -2  -3  -3  -2  -2  -2  -3  -2   1   3  -2   1   0   0   0   0  -1   3   1    6   0   0   0   0   0   0   0   0   8  39   0   0   0   4   7   4   0  15  15  0.21 0.09
  230 V     0  -3  -3  -3  -1  -2  -3  -3  -3   2   2  -2   2  -1  -3  -2   0  -3  -2   3    9   0   0   0   0   0   0   0   0  10  28   0   4   0   0   0   7   0   0  38  0.30 0.10
  231 V    -1   0  -2  -2  -2   0   0  -3  -2   2   1   1   2  -2  -3  -1   0  -3  -2   3    0   6   0   0   0   6   5   0   0   9  11  17   6   0   0   0   6   0   0  34  0.17 0.09
  232 G     1  -3  -1   0  -3  -2   0   4  -2  -4  -4  -2  -3  -4   4   1  -1  -4  -3  -3   11   0   0   5   0   0   6  41   0   0   0   0   0   0  27  11   0   0   0   0  0.71 0.14
  233 C     0   0  -1  -2   1   2   0  -2  -2   0   0   2  -1   1  -2  -1   1  -3  -1   0    7   0   0   0   5  12   5   0   0   5   9  25   0   8   0   0  16   0   0   8  0.12 0.08
  234 D    -2  -2  -1   4  -3   0   2  -1  -2  -2  -1   0  -2   0   3  -1  -2  -3  -2  -1    0   0   0  29   0   5  14   6   0   0   9   6   0   8  17   0   0   0   0   6  0.32 0.10
  235 D    -1  -1   0   4  -3   0   1   0  -1  -3  -3   2  -2  -1  -2   0   1  -2   3  -3    0   0   0  31   0   0  10   7   0   0   0  20   0   0   0   6   9   0  17   0  0.35 0.12
  236 E     0  -1   0  -1  -2  -1   2  -2  -2   0  -1   0  -1   0  -2   1   2  -3  -1   2    6   0   5   0   0   0  17   0   0   0   5   8   0   6   0  14  15   0   0  26  0.12 0.08
  237 L    -1  -2   0  -3  -2  -2  -1  -1  -1   0   2  -2   3   0  -3  -2  -2   3   4  -1    6   0   7   0   0   0   6   5   0   0  34   0  17   0   0   0   0   5  20   0  0.27 0.13
  238 V    -1  -1  -2  -2  -2  -1   1  -3  -2   1   1   1   1   3   1   0  -1  -2   0   1    0   0   0   0   0   0  14   0   0   5  11  12   6  23   6   7   0   0   0  16  0.14 0.08
  239 G     0  -2   2   1  -3   1   0   4  -2  -4  -4  -1  -3  -4   2   0   0  -3  -3  -3    6   0  11   6   0  11   3  44   0   0   0   0   0   0  10   5   5   0   0   0  0.50 0.11
  240 T     0  -2   1   2  -2  -1  -1  -1  -2  -1   0  -1  -1  -2  -2   2   3  -3  -2  -1    7   1   8  17   0   0   1   1   0   1  13   1   0   0   1  19  30   0   0   1  0.24 0.09
  241 E    -1  -1  -1   0   1   0   2   3  -2  -2  -2   0  -2  -3   1  -1  -1  -3  -2   0    1   1   1   4   5   1  24  31   0   1   1   8   0   1   5   1   1   0   0  13  0.24 0.08
  242 S     1   1   1  -1  -2   0   0  -1  -1  -1  -2   2  -1  -2  -1   2   1  -3  -2   0   15   7  11   1   0   1   7   1   0   5   1  18   0   1   1  18   7   0   0   6  0.14 0.05
  243 R     1   1  -1  -1  -2  -1  -1   3  -1  -3  -3   2  -2  -2  -2   2   0  -2   0  -2   11   8   0   0   0   0   0  26   0   0   0  20   0   0   0  20   5   0   6   0  0.28 0.09
  244 V    -1  -1  -1  -1  -2   1   0  -2  -1  -2  -1   0  -1   2   3   1   0  -1   3  -1    0   0   0   0   0   7   8   0   0   0   4   6   0  10  17  18   7   0  16   5  0.25 0.08
  245 V    -1  -4  -4  -4  -2  -3  -4  -4  -4   5   1  -3   2  -1  -3  -1  -1  -4  -2   4    0   0   0   0   0   0   0   0   0  58   0   0   5   0   0   7   0   0   0  30  0.59 0.18
  246 P     1  -2   1   2  -2  -1   1  -1  -2  -3  -3  -1  -3  -4   3   3   0  -4  -3  -3   12   0   6  16   0   0   7   0   0   0   0   0   0   0  16  43   0   0   0   0  0.49 0.14
  247 R     1   4   1  -1  -3   0   2  -2  -1   0  -2   0  -1  -3  -2   0   1  -3  -2   0   13  32  10   0   0   0  17   0   0   8   0   0   0   0   0   0  14   0   0   6  0.26 0.11
  248 E     0   1  -1   1  -3   3   2  -2  -1  -1   0   0  -1  -2  -2  -1   0  -2   1  -1   11  12   0  11   0  18  18   0   0   5  10   0   0   0   0   0   8   0   7   0  0.19 0.09
  249 D    -3  -2   0   7  -4   2   1  -3  -2  -4  -2   1  -3  -4  -3  -1  -2  -5  -4  -4    0   0   0  78   0  10   0   0   0   0   5   7   0   0   0   0   0   0   0   0  1.06 0.24
  250 V     0  -3  -4  -4  -2  -3  -3  -4  -4   3   2  -3   0  -1  -3  -3  -1  -3  -2   4    5   0   0   0   0   0   0   0   0  22  17   0   0   0   0   0   0   0   0  56  0.53 0.16
  251 A     5  -3  -3  -3  -2  -2  -2  -1  -3  -2  -3  -2  -2  -3   2   0  -1  -4  -3  -1   92   0   0   0   0   0   0   0   0   0   0   0   0   0   8   0   0   0   0   0  0.84 0.23
  252 E     1   2  -1   0  -3   1   3  -2  -1  -3  -3   3  -2  -4  -2   1  -1  -4  -3  -2   19  12   0   0   0   0  33   0   0   0   0  24   0   0   0  11   0   0   0   0  0.42 0.12
  253 V     1  -3  -3  -4  -2  -3  -3  -3  -3   1   1  -3   1   4  -3  -2   0  -1   0   2   15   0   0   0   0   0   0   0   0   0  17   0   4  34   0   0   6   0   0  23  0.32 0.11
  254 C     1  -2  -2  -3   6  -2  -2  -3   2   2  -1   0  -1  -2  -3  -1   0  -3  -2   1   18   0   0   0  26   0   0   0   7  24   0   8   0   0   0   0   5   0   0  11  0.33 0.12
  255 V     1  -3  -3  -4   1  -3  -3  -3  -4   3   1  -3   0  -1  -3  -2  -1  -3  -2   3   18   0   0   0   4   0   0   0   0  31  10   0   0   0   0   0   0   0   0  37  0.37 0.12
  256 Q     1   1  -1   2  -3   3   2  -2  -1  -2  -1   1   1  -3  -2  -1  -1  -3  -2  -2   19  10   0  18   0  23  11   0   0   0   7   5   7   0   0   0   0   0   0   0  0.27 0.10
  257 A     3  -2  -1  -2   5  -2  -2  -1  -2  -2  -2  -2  -2  -3  -2   3   0  -4  -3   0   35   0   0   0  18   0   0   0   0   0   0   0   0   0   0  40   0   0   0   7  0.50 0.16
  258 L    -2  -2  -3  -4  -2  -2  -3  -4  -3   2   4   0   1   0  -3  -3  -2  -2   1   1    0   0   0   0   0   0   0   0   0   8  64   8   0   0   0   0   0   0   7  10  0.40 0.12
  259 L    -1  -2   1   0  -2   1   1  -1  -1   0   2  -1   0  -1  -2   0   0  -2   0   1    0   0  12   6   0   8  11   5   0   0  30   0   0   0   0   4   6   0   4  13  0.08 0.06
  260 H     0   1  -1   1  -3   1   1  -2   3  -1   0   0  -1  -1   1   0  -1  -3  -1  -1    8  11   0   8   0   5  11   0  11   4  13   6   0   4   7   5   0   0   0   5  0.10 0.04
  261 Q    -2   0  -1   2  -4   2   3  -3  -1  -4  -4   1  -3  -4   5  -1  -2  -4  -3  -3    0   4   0  12   0  13  30   0   0   0   0  11   0   0  29   0   0   0   0   0  0.72 0.14
  262 P    -1  -1   2   2  -3   0   3   1  -1  -2  -1  -1  -2  -3   1   0   0  -4  -3  -1    0   0  17   9   0   0  33  10   0   0   7   0   0   0   5   5   4   0   0   8  0.27 0.09
  263 Y     3  -1  -1  -2  -2  -1  -1  -1   2  -2  -2   2  -2  -2  -2   1   2  -3   1  -1   32   0   0   0   0   0   0   0   6   0   0  18   0   0   0  12  21   0   5   4  0.25 0.11
  264 V     0   1   0  -1  -3   0   2  -2  -1   0  -2   2  -1   0  -2   0   0  -2   1   0    8   7   5   0   0   0  25   0   0  10   0  16   0   4   0   5   6   0   8   5  0.14 0.07
  265 R    -2   0   6   0   3  -1  -2   0  -1  -3  -3  -1  -2   1  -3   0  -1  -4  -2  -1    0   5  61   0   8   0   0   7   0   0   0   0   0   9   0   4   0   0   0   6  0.59 0.18
  266 R    -2   4  -1  -2  -4   3   0  -3  -1  -4  -3   5  -2  -4  -2  -1  -2  -4  -3  -3    0  34   0   0   0  16   0   0   0   0   0  50   0   0   0   0   0   0   0   0  0.79 0.19
  267 A     2  -3  -3  -3  -1  -2  -2  -2  -2   2   0  -2   0  -1  -2  -1   0  -3   1   3   31   0   0   0   0   0   0   0   0  18   0   0   0   0   0   0   5   0   8  38  0.29 0.11
  268 F    -2  -3  -4  -4  -2  -3  -4  -4  -2   1   3  -3   1   4  -4  -3  -2  -1   2   2    0   0   0   0   0   0   0   0   0   0  36   0   0  32   0   0   0   0   6  26  0.48 0.12
  269 D    -2  -2  -1   3   2  -1   3  -3  -2  -3  -3  -1  -3  -4   5  -1  -2  -4  -3  -1    0   0   0  25   8   0  26   0   0   0   0   0   0   0  36   0   0   0   0   5  0.81 0.15
  270 L    -1  -3  -4  -4  -2  -3  -3  -4  -4   4   3  -3   1  -1  -3  -3  -1  -3  -2   3    4   0   0   0   0   0   0   0   0  32  41   0   0   0   0   0   0   0   0  23  0.46 0.11
  271 R     0   0  -1  -2  -2  -2  -2   4  -3   1  -2  -2  -1  -3  -2   0   1  -3  -3   1    4   6   0   0   0   0   0  40   0   8   0   0   0   0   0   8  13   0   0  20  0.31 0.09
  272 A     2  -2  -1  -1  -2  -1   1   3  -2  -3  -3  -1  -2  -3  -2   2   2  -3  -3  -2   26   0   0   0   0   0  15  28   0   0   0   0   0   0   0  14  18   0   0   0  0.36 0.08
  273 K    -1   2   0   2  -2   2   2  -1  -1  -2  -2   2  -1  -2  -1   0   1  -2  -2  -2    2  15   1  12   0   9  16   2   1   1   2  23   1   1   1   2  10   0   1   1  0.25 0.04
  274 P     0  -3  -2  -2  -3  -2  -2  -3  -3  -2  -1  -2  -2  -3   7  -1   1  -4  -3  -2    7   0   0   0   0   0   0   0   0   0   9   0   0   0  68   0  16   0   0   0  1.32 0.14
  275 V     0  -2  -1  -1  -2   0   2   2  -2   0  -2  -1  -1  -3  -2   2   2  -3  -2   0    0   0   0   0   0   0  23  24   0   9   0   0   0   0   0  20  16   0   0   7  0.23 0.06
  276 G     3  -1  -1  -2  -2  -1  -1   3  -2  -3  -3   2  -2  -3  -2   0  -1  -3  -3  -2   43   0   0   0   0   0   0  33   0   0   0  24   0   0   0   0   0   0   0   0  0.44 0.09
  277 E     2  -1  -1  -1  -2   1   2  -2  -1  -2  -2  -1  -1  -3   4   0   1  -3  -2   0   25   0   0   0   0  10  17   1   0   0   1   0   0   0  27   1  10   0   0   7  0.43 0.06
  278 G     1  -2   1  -2  -2  -1  -2   2  -2   0   2  -2   0  -1  -2   1  -1  -2  -2  -1   10   0  10   0   0   0   0  19   0   0  40   0   0   0   0  17   0   0   0   0  0.15 0.05
  279 T     0   1  -1  -1  -2  -1   0  -2  -2  -1   1  -1  -1  -2  -2   0   4  -3  -2  -1   10  11   0   0   0   0   7   1   0   0  16   0   0   0   0   1  52   0   0   0  0.26 0.08
  280 P     0  -1  -2  -2  -3  -1  -1  -3  -3  -4  -4   2  -3  -4   7  -1  -2  -4  -3  -3    6   0   0   0   0   0   0   0   0   0   0  19   0   0  75   0   0   0   0   0  1.60 0.16
  281 T    -1  -1  -2  -2  -2  -1  -2  -3  -2   1   2   1   0  -1  -2   0   3  -3  -2   2    0   0   0   0   0   0   0   0   0   0  26  18   0   0   0   0  34   0   0  22  0.20 0.07
  282 L    -1   1  -1   2  -3   1   3  -2  -1  -2   0   2  -1  -2  -2  -1   1  -3  -2  -2    0   8   0  12   0   0  35   0   0   0  18  17   0   0   0   0  10   0   0   0  0.28 0.06
  283 D    -1   2   0   4  -4   3   2  -2  -1  -4  -3   0  -2  -4  -2   1  -1  -4  -3  -3    0  11   0  38   0  28  13   0   0   0   0   0   0   0   0   9   0   0   0   0  0.54 0.08
  284 F    -1  -3  -2  -3  -2  -3  -3   3  -2   0   1  -3   0   4  -3  -2  -2  -1   3   0    0   0   0   0   0   0   0  31   0   0  15   0   0  31   0   0   0   0  10  13  0.31 0.05
  285 E    -1   0  -1   0  -4   1   4  -3  -1  -3  -2   3  -2   2   2  -1  -1  -2  -1  -3    0   0   0   0   0   0  41   0   0   0   0  32   0  15  13   0   0   0   0   0  0.42 0.07
  286 A     2  -2  -1   1  -1  -1  -1  -1  -2   2   0  -1   2  -2  -2   1   0  -3  -2   1   31   0   0  10   0   0   0   0   0  29   0   0  14   0   0  15   0   0   0   0  0.14 0.05
  287 L     0  -3  -4  -4  -1  -2  -3  -3  -3   1   4  -3   1   0  -3  -2  -1  -2  -2   2   13   0   0   0   0   0   0   0   0   0  72   0   0   0   0   0   0   0   0  15  0.39 0.07
  288 I    -3  -4  -4  -4  -3  -4  -4  -4  -2   2   0  -4   0   7  -4  -3  -2   0   2   0    0   0   0   0   0   0   0   0   0  25   0   0   0  75   0   0   0   0   0   0  0.77 0.11
  289 A     2  -2  -1  -2  -1  -1  -1  -1  -2  -1   0  -1  -1  -2   4   2   1  -3  -2  -1   30   0   0   0   0   0   0   0   0   0  19   0   0   0  21  21   9   0   0   0  0.33 0.02
  290 Q    -1   0   0   1  -4   5   4  -2   0  -3  -3   1  -1  -4  -1   0  -1  -3  -2  -3    0   0   0   0   0  52  48   0   0   0   0   0   0   0   0   0   0   0   0   0  0.67 0.04
  291 G     0  -1  -1  -1  -1  -1  -1   3  -2   0   2  -1   0  -1  -1  -1  -1  -1  -1   0    3   2   2   2   1   1   2  35   1   2  36   2   1   1   2   2   2   0   1   2  0.16 0.00
  292 L     2  -1  -1  -1  -1  -1  -1  -1  -1   0   2  -1   1  -1  -1   0   0  -1  -1   0   36   2   2   2   1   1   2   3   1   2  36   2   1   1   2   2   2   0   1   2  0.09 0.00
  293 E    -1   3   0   4  -4   1   3  -2  -1  -3  -3   1  -2  -3  -2   0  -1  -3  -2  -3    0  33   0  34   0   0  33   0   0   0   0   0   0   0   0   0   0   0   0   0  0.53 0.01
  294 N    -1  -1   5   1  -3  -1  -1   3   0  -4  -4  -1  -3  -3  -2   0  -1  -4  -3  -3    0   0  66   0   0   0   0  34   0   0   0   0   0   0   0   0   0   0   0   0  0.62 0.02
  295 R    -1   5   0  -2  -3   1   0  -2  -1  -2  -2   2  -1  -3  -2   0   2  -3  -2  -2    0  67   0   0   0   0   0   0   0   0   0   0   0   0   0   0  33   0   0   0  0.49 0.02
  296 T     0  -1   0   0  -1   0   0  -1  -1  -1  -1   0  -1  -2   0   2   3  -2  -1  -1    3   2   2   2   1   1   2   3   1   2   3   2   1   1   2  35  35   0   1   2  0.21 0.00
  297 C     0  -2  -2  -2   8  -2  -2  -2  -2  -1  -1  -2  -1  -2  -1  -1  -1  -1  -2  -1    3   2   2   2  67   1   2   3   1   2   3   2   1   1   2   2   2   0   1   2  0.64 0.01
  298 R    -2   5  -1  -2  -3   0  -1  -3  -1  -2  -1   1  -1   4  -3  -1  -2  -1   1  -2    0  67   0   0   0   0   0   0   0   0   0   0   0  33   0   0   0   0   0   0  0.46 0.02
  299 Y    -2   0  -2  -2  -3  -1  -1  -3   0  -1  -1   2  -1   4  -3  -1  -2   1   5  -2    0   0   0   0   0   0   0   0   0   0   0  34   0  33   0   0   0   0  33   0  0.38 0.01
  300 D    -1  -1   0   4  -3   0   3  -2  -1   0  -1  -1  -1  -2  -2  -1  -1  -4  -2   1    0   0   0  33   0   0  33   0   0   0   0   0   0   0   0   0   0   0   0  34  0.30 0.01
  301 Y    -2  -2  -3  -4  -3  -2  -3  -3   1  -2  -1  -2  -1   3  -4  -2  -2   8   6  -2    0   0   0   0   0   0   0   0   0   0   0   0   0   0   0   0   0  33  67   0  1.13 0.03
  302 A     4  -2  -1  -2  -1  -1  -1   3  -2  -2  -2  -1  -2  -3  -1   1  -1  -3  -2  -1   67   0   0   0   0   0   0  33   0   0   0   0   0   0   0   0   0   0   0   0  0.44 0.01
  303 H    -1  -1  -1  -1  -2   0  -1  -1   5  -2  -1  -1  -1   0  -1  -1  -1   8   1  -2    3   2   2   2   1   1   2   3  34   2   3   2   1   1   2   2   2  33   1   2  0.63 0.01
  304 D    -2  -1   4   5  -4   0   1  -1  -1  -3  -4  -1  -3  -4  -2   0  -1  -4  -3  -3    0   0  33  67   0   0   0   0   0   0   0   0   0   0   0   0   0   0   0   0  0.75 0.02
  305 L     2  -2  -3  -3  -1  -2  -2  -2  -3   2   2  -2   1  -1  -2  -1  -1  -2  -2   1   34   0   0   0   0   0   0   0   0  33  33   0   0   0   0   0   0   0   0   0  0.19 0.01
  306 C     2  -3  -3  -3   6  -2  -3  -2  -3   2   0  -2   0  -2  -2   0  -1  -3  -2   1   33   0   0   0  33   0   0   0   0  34   0   0   0   0   0   0   0   0   0   0  0.33 0.01
  307 D     2  -2   1   5  -2  -1   1  -1  -1  -3  -3  -1  -2  -3  -1   0  -1  -4  -3  -2   34   0   0  66   0   0   0   0   0   0   0   0   0   0   0   0   0   0   0   0  0.54 0.02
  308 R    -2   6  -1  -2  -4   1   0  -3   0  -3  -2   2  -2  -3  -2  -1  -1  -3  -2  -3    0 100   0   0   0   0   0   0   0   0   0   0   0   0   0   0   0   0   0   0  0.80 0.02
  309 E    -1   0   0   2  -4   2   5  -2   0  -3  -3   1  -2  -3  -1   0  -1  -3  -2  -3    0   0   0   0   0   0 100   0   0   0   0   0   0   0   0   0   0   0   0   0  0.74 0.01
  310 V    -1   4  -2  -2  -2   0  -1  -3  -1   1   0   1   0  -2  -2  -1  -1  -3  -2   2    0  50   0   0   0   0   0   0   0   0   0   0   0   0   0   0   0   0   0  50  0.26 0.00
  311 A     4  -2  -2  -2   0  -1  -1   0  -2  -1  -2  -1  -1  -2  -1   1   0  -3  -2   0  100   0   0   0   0   0   0   0   0   0   0   0   0   0   0   0   0   0   0   0  0.41 0.00
  312 E    -1   0   0   2  -4   2   5  -2   0  -3  -3   1  -2  -3  -1   0  -1  -3  -2  -3    0   0   0   0   0   0 100   0   0   0   0   0   0   0   0   0   0   0   0   0  0.74 0.01
  313 R    -1   5   0  -2  -3   1   0  -2   0  -3  -2   2  -1  -3  -2  -1  -1  -3  -2  -2    0   0   0   0   0   0   0   0   0   0   0   0   0   0   0   0   0   0   0   0  0.00     0.00
  314 R    -1   5   0  -2  -3   1   0  -2   0  -3  -2   2  -1  -3  -2  -1  -1  -3  -2  -2    0   0   0   0   0   0   0   0   0   0   0   0   0   0   0   0   0   0   0   0  0.00     0.00
  315 L    -1  -2  -3  -4  -1  -2  -3  -4  -3   2   4  -2   2   0  -3  -2  -1  -2  -1   1    0   0   0   0   0   0   0   0   0   0   0   0   0   0   0   0   0   0   0   0  0.00     0.00
  316 Q    -1   1   0   0  -3   5   2  -2   0  -3  -2   1   0  -3  -1   0  -1  -2  -1  -2    0   0   0   0   0   0   0   0   0   0   0   0   0   0   0   0   0   0   0   0  0.00     0.00
  317 A     4  -1  -2  -2   0  -1  -1   0  -2  -1  -1  -1  -1  -2  -1   1   0  -3  -2   0    0   0   0   0   0   0   0   0   0   0   0   0   0   0   0   0   0   0   0   0  0.00     0.00
  318 V     0  -2  -3  -3  -1  -2  -2  -3  -3   3   1  -2   1  -1  -2  -2   0  -3  -1   4    0   0   0   0   0   0   0   0   0   0   0   0   0   0   0   0   0   0   0   0  0.00     0.00
  319 Q    -1   1   0   0  -3   5   2  -2   0  -3  -2   1   0  -3  -1   0  -1  -2  -1  -2    0   0   0   0   0   0   0   0   0   0   0   0   0   0   0   0   0   0   0   0  0.00     0.00
  320 T     0  -1   0  -1  -1  -1  -1  -2  -2  -1  -1  -1  -1  -2  -1   1   5  -2  -2   0    0   0   0   0   0   0   0   0   0   0   0   0   0   0   0   0   0   0   0   0  0.00     0.00
  321 V     0  -2  -3  -3  -1  -2  -2  -3  -3   3   1  -2   1  -1  -2  -2   0  -3  -1   4    0   0   0   0   0   0   0   0   0   0   0   0   0   0   0   0   0   0   0   0  0.00     0.00
  322 L    -1  -2  -3  -4  -1  -2  -3  -4  -3   2   4  -2   2   0  -3  -2  -1  -2  -1   1    0   0   0   0   0   0   0   0   0   0   0   0   0   0   0   0   0   0   0   0  0.00     0.00
  323 D    -2  -2   1   6  -3   0   2  -1  -1  -3  -4  -1  -3  -3  -1   0  -1  -4  -3  -3    0   0   0   0   0   0   0   0   0   0   0   0   0   0   0   0   0   0   0   0  0.00     0.00
  324 E    -1   0   0   2  -4   2   5  -2   0  -3  -3   1  -2  -3  -1   0  -1  -3  -2  -2    0   0   0   0   0   0   0   0   0   0   0   0   0   0   0   0   0   0   0   0  0.00     0.00
  325 A     4  -1  -2  -2   0  -1  -1   0  -2  -1  -1  -1  -1  -2  -1   1   0  -3  -2   0    0   0   0   0   0   0   0   0   0   0   0   0   0   0   0   0   0   0   0   0  0.00     0.00
  326 A     4  -1  -2  -2   0  -1  -1   0  -2  -1  -1  -1  -1  -2  -1   1   0  -3  -2   0    0   0   0   0   0   0   0   0   0   0   0   0   0   0   0   0   0   0   0   0  0.00     0.00
  327 W    -3  -3  -4  -4  -2  -2  -3  -2  -2  -3  -2  -3  -1   1  -4  -3  -2  10   2  -3    0   0   0   0   0   0   0   0   0   0   0   0   0   0   0   0   0   0   0   0  0.00     0.00
  328 L    -1  -2  -3  -4  -1  -2  -3  -4  -3   2   4  -2   2   0  -3  -2  -1  -2  -1   1    0   0   0   0   0   0   0   0   0   0   0   0   0   0   0   0   0   0   0   0  0.00     0.00
  329 G     0  -2   0  -1  -2  -2  -2   6  -2  -4  -4  -2  -3  -3  -2   0  -2  -2  -3  -3    0   0   0   0   0   0   0   0   0   0   0   0   0   0   0   0   0   0   0   0  0.00     0.00
  330 A     4  -1  -2  -2   0  -1  -1   0  -2  -1  -1  -1  -1  -2  -1   1   0  -3  -2   0    0   0   0   0   0   0   0   0   0   0   0   0   0   0   0   0   0   0   0   0  0.00     0.00
  331 W    -3  -3  -4  -4  -2  -2  -3  -2  -2  -3  -2  -3  -1   1  -4  -3  -2  10   2  -3    0   0   0   0   0   0   0   0   0   0   0   0   0   0   0   0   0   0   0   0  0.00     0.00
  332 E    -1   0   0   2  -4   2   5  -2   0  -3  -3   1  -2  -3  -1   0  -1  -3  -2  -2    0   0   0   0   0   0   0   0   0   0   0   0   0   0   0   0   0   0   0   0  0.00     0.00
  333 E    -1   0   0   2  -4   2   5  -2   0  -3  -3   1  -2  -3  -1   0  -1  -3  -2  -2    0   0   0   0   0   0   0   0   0   0   0   0   0   0   0   0   0   0   0   0  0.00     0.00
  334 R    -1   5   0  -2  -3   1   0  -2   0  -3  -2   2  -1  -3  -2  -1  -1  -3  -2  -2    0   0   0   0   0   0   0   0   0   0   0   0   0   0   0   0   0   0   0   0  0.00     0.00
  335 L    -1  -2  -3  -4  -1  -2  -3  -4  -3   2   4  -2   2   0  -3  -2  -1  -2  -1   1    0   0   0   0   0   0   0   0   0   0   0   0   0   0   0   0   0   0   0   0  0.00     0.00
  336 S     1  -1   1   0  -1   0   0   0  -1  -2  -2   0  -1  -2  -1   4   1  -3  -2  -2    0   0   0   0   0   0   0   0   0   0   0   0   0   0   0   0   0   0   0   0  0.00     0.00
  337 C     0  -3  -3  -3   9  -3  -4  -2  -3  -1  -1  -3  -1  -2  -3  -1  -1  -2  -2  -1    0   0   0   0   0   0   0   0   0   0   0   0   0   0   0   0   0   0   0   0  0.00     0.00
  338 W    -3  -3  -4  -4  -2  -2  -3  -2  -2  -3  -2  -3  -1   1  -4  -3  -2  10   2  -3    0   0   0   0   0   0   0   0   0   0   0   0   0   0   0   0   0   0   0   0  0.00     0.00
  339 W    -3  -3  -4  -4  -2  -2  -3  -2  -2  -3  -2  -3  -1   1  -4  -3  -2  10   2  -3    0   0   0   0   0   0   0   0   0   0   0   0   0   0   0   0   0   0   0   0  0.00     0.00
  340 I    -1  -3  -3  -3  -1  -3  -3  -4  -3   4   2  -3   1   0  -3  -2  -1  -3  -1   3    0   0   0   0   0   0   0   0   0   0   0   0   0   0   0   0   0   0   0   0  0.00     0.00
  341 S     1  -1   1   0  -1   0   0   0  -1  -2  -2   0  -1  -2  -1   4   1  -3  -2  -2    0   0   0   0   0   0   0   0   0   0   0   0   0   0   0   0   0   0   0   0  0.00     0.00
  342 L    -1  -2  -3  -4  -1  -2  -3  -4  -3   2   4  -2   2   0  -3  -2  -1  -2  -1   1    0   0   0   0   0   0   0   0   0   0   0   0   0   0   0   0   0   0   0   0  0.00     0.00
  343 P    -1  -2  -2  -1  -3  -1  -1  -2  -2  -3  -3  -1  -2  -4   7  -1  -1  -4  -3  -2    0   0   0   0   0   0   0   0   0   0   0   0   0   0   0   0   0   0   0   0  0.00     0.00
  344 K    -1   2   0  -1  -3   1   1  -2  -1  -3  -2   4  -1  -3  -1   0  -1  -3  -2  -2    0   0   0   0   0   0   0   0   0   0   0   0   0   0   0   0   0   0   0   0  0.00     0.00
  345 P    -1  -2  -2  -1  -3  -1  -1  -2  -2  -3  -3  -1  -2  -4   7  -1  -1  -4  -3  -2    0   0   0   0   0   0   0   0   0   0   0   0   0   0   0   0   0   0   0   0  0.00     0.00
  346 E    -1   0   0   2  -4   2   5  -2   0  -3  -3   1  -2  -3  -1   0  -1  -3  -2  -2    0   0   0   0   0   0   0   0   0   0   0   0   0   0   0   0   0   0   0   0  0.00     0.00
  347 Q    -1   1   0   0  -3   5   2  -2   0  -3  -2   1   0  -3  -1   0  -1  -2  -1  -2    0   0   0   0   0   0   0   0   0   0   0   0   0   0   0   0   0   0   0   0  0.00     0.00
  348 T     0  -1   0  -1  -1  -1  -1  -2  -2  -1  -1  -1  -1  -2  -1   1   5  -2  -2   0    0   0   0   0   0   0   0   0   0   0   0   0   0   0   0   0   0   0   0   0  0.00     0.00
  349 Q    -1   1   0   0  -3   5   2  -2   0  -3  -2   1   0  -3  -1   0  -1  -2  -1  -2    0   0   0   0   0   0   0   0   0   0   0   0   0   0   0   0   0   0   0   0  0.00     0.00
  350 L    -1  -2  -3  -4  -1  -2  -3  -4  -3   2   4  -2   2   0  -3  -2  -1  -2  -1   1    0   0   0   0   0   0   0   0   0   0   0   0   0   0   0   0   0   0   0   0  0.00     0.00
  351 S     1  -1   1   0  -1   0   0   0  -1  -2  -2   0  -1  -2  -1   4   1  -3  -2  -2    0   0   0   0   0   0   0   0   0   0   0   0   0   0   0   0   0   0   0   0  0.00     0.00
  352 S     1  -1   1   0  -1   0   0   0  -1  -2  -2   0  -1  -2  -1   4   1  -3  -2  -2    0   0   0   0   0   0   0   0   0   0   0   0   0   0   0   0   0   0   0   0  0.00     0.00
  353 C     0  -3  -3  -3   9  -3  -4  -2  -3  -1  -1  -3  -1  -2  -3  -1  -1  -2  -2  -1    0   0   0   0   0   0   0   0   0   0   0   0   0   0   0   0   0   0   0   0  0.00     0.00
  354 V     0  -2  -3  -3  -1  -2  -2  -3  -3   3   1  -2   1  -1  -2  -2   0  -3  -1   4    0   0   0   0   0   0   0   0   0   0   0   0   0   0   0   0   0   0   0   0  0.00     0.00
  355 G     0  -2   0  -1  -2  -2  -2   6  -2  -4  -4  -2  -3  -3  -2   0  -2  -2  -3  -3    0   0   0   0   0   0   0   0   0   0   0   0   0   0   0   0   0   0   0   0  0.00     0.00
  356 A     4  -1  -2  -2   0  -1  -1   0  -2  -1  -1  -1  -1  -2  -1   1   0  -3  -2   0    0   0   0   0   0   0   0   0   0   0   0   0   0   0   0   0   0   0   0   0  0.00     0.00
  357 L    -1  -2  -3  -4  -1  -2  -3  -4  -3   2   4  -2   2   0  -3  -2  -1  -2  -1   1    0   0   0   0   0   0   0   0   0   0   0   0   0   0   0   0   0   0   0   0  0.00     0.00
  358 G     0  -2   0  -1  -2  -2  -2   6  -2  -4  -4  -2  -3  -3  -2   0  -2  -2  -3  -3    0   0   0   0   0   0   0   0   0   0   0   0   0   0   0   0   0   0   0   0  0.00     0.00
  359 V     0  -2  -3  -3  -1  -2  -2  -3  -3   3   1  -2   1  -1  -2  -2   0  -3  -1   4    0   0   0   0   0   0   0   0   0   0   0   0   0   0   0   0   0   0   0   0  0.00     0.00
  360 T     0  -1   0  -1  -1  -1  -1  -2  -2  -1  -1  -1  -1  -2  -1   1   5  -2  -2   0    0   0   0   0   0   0   0   0   0   0   0   0   0   0   0   0   0   0   0   0  0.00     0.00
  361 L    -1  -2  -3  -4  -1  -2  -3  -4  -3   2   4  -2   2   0  -3  -2  -1  -2  -1   1    0   0   0   0   0   0   0   0   0   0   0   0   0   0   0   0   0   0   0   0  0.00     0.00
  362 G     0  -2   0  -1  -2  -2  -2   6  -2  -4  -4  -2  -3  -3  -2   0  -2  -2  -3  -3    0   0   0   0   0   0   0   0   0   0   0   0   0   0   0   0   0   0   0   0  0.00     0.00
  363 N    -2   0   6   1  -3   0   0   0   1  -3  -3   0  -2  -3  -2   1   0  -4  -2  -3    0   0   0   0   0   0   0   0   0   0   0   0   0   0   0   0   0   0   0   0  0.00     0.00
  364 R    -1   5   0  -2  -3   1   0  -2   0  -3  -2   2  -1  -3  -2  -1  -1  -3  -2  -2    0   0   0   0   0   0   0   0   0   0   0   0   0   0   0   0   0   0   0   0  0.00     0.00
  365 L    -1  -2  -3  -4  -1  -2  -3  -4  -3   2   4  -2   2   0  -3  -2  -1  -2  -1   1    0   0   0   0   0   0   0   0   0   0   0   0   0   0   0   0   0   0   0   0  0.00     0.00
  366 E    -1   0   0   2  -4   2   5  -2   0  -3  -3   1  -2  -3  -1   0  -1  -3  -2  -2    0   0   0   0   0   0   0   0   0   0   0   0   0   0   0   0   0   0   0   0  0.00     0.00
  367 S     1  -1   1   0  -1   0   0   0  -1  -2  -2   0  -1  -2  -1   4   1  -3  -2  -2    0   0   0   0   0   0   0   0   0   0   0   0   0   0   0   0   0   0   0   0  0.00     0.00
  368 L    -1  -2  -3  -4  -1  -2  -3  -4  -3   2   4  -2   2   0  -3  -2  -1  -2  -1   1    0   0   0   0   0   0   0   0   0   0   0   0   0   0   0   0   0   0   0   0  0.00     0.00
  369 W    -3  -3  -4  -4  -2  -2  -3  -2  -2  -3  -2  -3  -1   1  -4  -3  -2  10   2  -3    0   0   0   0   0   0   0   0   0   0   0   0   0   0   0   0   0   0   0   0  0.00     0.00
  370 R    -1   5   0  -2  -3   1   0  -2   0  -3  -2   2  -1  -3  -2  -1  -1  -3  -2  -2    0   0   0   0   0   0   0   0   0   0   0   0   0   0   0   0   0   0   0   0  0.00     0.00
  371 H    -2   0   1  -1  -3   0   0  -2   7  -3  -3  -1  -2  -1  -2  -1  -2  -2   2  -3    0   0   0   0   0   0   0   0   0   0   0   0   0   0   0   0   0   0   0   0  0.00     0.00
  372 G     0  -2   0  -1  -2  -2  -2   6  -2  -4  -4  -2  -3  -3  -2   0  -2  -2  -3  -3    0   0   0   0   0   0   0   0   0   0   0   0   0   0   0   0   0   0   0   0  0.00     0.00
  373 S     1  -1   1   0  -1   0   0   0  -1  -2  -2   0  -1  -2  -1   4   1  -3  -2  -2    0   0   0   0   0   0   0   0   0   0   0   0   0   0   0   0   0   0   0   0  0.00     0.00
  374 G     0  -2   0  -1  -2  -2  -2   6  -2  -4  -4  -2  -3  -3  -2   0  -2  -2  -3  -3    0   0   0   0   0   0   0   0   0   0   0   0   0   0   0   0   0   0   0   0  0.00     0.00
  375 M    -1  -1  -2  -3  -1   0  -2  -3  -2   1   2  -1   5   0  -2  -1  -1  -1  -1   1    0   0   0   0   0   0   0   0   0   0   0   0   0   0   0   0   0   0   0   0  0.00     0.00
  376 W    -3  -3  -4  -4  -2  -2  -3  -2  -2  -3  -2  -3  -1   1  -4  -3  -2  10   2  -3    0   0   0   0   0   0   0   0   0   0   0   0   0   0   0   0   0   0   0   0  0.00     0.00
  377 R    -1   5   0  -2  -3   1   0  -2   0  -3  -2   2  -1  -3  -2  -1  -1  -3  -2  -2    0   0   0   0   0   0   0   0   0   0   0   0   0   0   0   0   0   0   0   0  0.00     0.00
  378 H    -2   0   1  -1  -3   0   0  -2   7  -3  -3  -1  -2  -1  -2  -1  -2  -2   2  -3    0   0   0   0   0   0   0   0   0   0   0   0   0   0   0   0   0   0   0   0  0.00     0.00
  379 P    -1  -2  -2  -1  -3  -1  -1  -2  -2  -3  -3  -1  -2  -4   7  -1  -1  -4  -3  -2    0   0   0   0   0   0   0   0   0   0   0   0   0   0   0   0   0   0   0   0  0.00     0.00
  380 A     4  -1  -2  -2   0  -1  -1   0  -2  -1  -1  -1  -1  -2  -1   1   0  -3  -2   0    0   0   0   0   0   0   0   0   0   0   0   0   0   0   0   0   0   0   0   0  0.00     0.00
  381 G     0  -2   0  -1  -2  -2  -2   6  -2  -4  -4  -2  -3  -3  -2   0  -2  -2  -3  -3    0   0   0   0   0   0   0   0   0   0   0   0   0   0   0   0   0   0   0   0  0.00     0.00
  382 E    -1   0   0   2  -4   2   5  -2   0  -3  -3   1  -2  -3  -1   0  -1  -3  -2  -2    0   0   0   0   0   0   0   0   0   0   0   0   0   0   0   0   0   0   0   0  0.00     0.00
  383 T     0  -1   0  -1  -1  -1  -1  -2  -2  -1  -1  -1  -1  -2  -1   1   5  -2  -2   0    0   0   0   0   0   0   0   0   0   0   0   0   0   0   0   0   0   0   0   0  0.00     0.00
  384 R    -1   5   0  -2  -3   1   0  -2   0  -3  -2   2  -1  -3  -2  -1  -1  -3  -2  -2    0   0   0   0   0   0   0   0   0   0   0   0   0   0   0   0   0   0   0   0  0.00     0.00
  385 R    -1   5   0  -2  -3   1   0  -2   0  -3  -2   2  -1  -3  -2  -1  -1  -3  -2  -2    0   0   0   0   0   0   0   0   0   0   0   0   0   0   0   0   0   0   0   0  0.00     0.00
  386 D    -2  -2   1   6  -3   0   2  -1  -1  -3  -4  -1  -3  -3  -1   0  -1  -4  -3  -3    0   0   0   0   0   0   0   0   0   0   0   0   0   0   0   0   0   0   0   0  0.00     0.00
  387 A     4  -1  -2  -2   0  -1  -1   0  -2  -1  -1  -1  -1  -2  -1   1   0  -3  -2   0    0   0   0   0   0   0   0   0   0   0   0   0   0   0   0   0   0   0   0   0  0.00     0.00
  388 P    -1  -2  -2  -1  -3  -1  -1  -2  -2  -3  -3  -1  -2  -4   7  -1  -1  -4  -3  -2    0   0   0   0   0   0   0   0   0   0   0   0   0   0   0   0   0   0   0   0  0.00     0.00
  389 S     1  -1   1   0  -1   0   0   0  -1  -2  -2   0  -1  -2  -1   4   1  -3  -2  -2    0   0   0   0   0   0   0   0   0   0   0   0   0   0   0   0   0   0   0   0  0.00     0.00
  390 D    -2  -2   1   6  -3   0   2  -1  -1  -3  -4  -1  -3  -3  -1   0  -1  -4  -3  -3    0   0   0   0   0   0   0   0   0   0   0   0   0   0   0   0   0   0   0   0  0.00     0.00
  391 E    -1   0   0   2  -4   2   5  -2   0  -3  -3   1  -2  -3  -1   0  -1  -3  -2  -2    0   0   0   0   0   0   0   0   0   0   0   0   0   0   0   0   0   0   0   0  0.00     0.00
  392 P    -1  -2  -2  -1  -3  -1  -1  -2  -2  -3  -3  -1  -2  -4   7  -1  -1  -4  -3  -2    0   0   0   0   0   0   0   0   0   0   0   0   0   0   0   0   0   0   0   0  0.00     0.00
  393 L    -1  -2  -3  -4  -1  -2  -3  -4  -3   2   4  -2   2   0  -3  -2  -1  -2  -1   1    0   0   0   0   0   0   0   0   0   0   0   0   0   0   0   0   0   0   0   0  0.00     0.00
  394 A     4  -1  -2  -2   0  -1  -1   0  -2  -1  -1  -1  -1  -2  -1   1   0  -3  -2   0    0   0   0   0   0   0   0   0   0   0   0   0   0   0   0   0   0   0   0   0  0.00     0.00
  395 E    -1   0   0   2  -4   2   5  -2   0  -3  -3   1  -2  -3  -1   0  -1  -3  -2  -2    0   0   0   0   0   0   0   0   0   0   0   0   0   0   0   0   0   0   0   0  0.00     0.00
  396 A     4  -1  -2  -2   0  -1  -1   0  -2  -1  -1  -1  -1  -2  -1   1   0  -3  -2   0    0   0   0   0   0   0   0   0   0   0   0   0   0   0   0   0   0   0   0   0  0.00     0.00
  397 H    -2   0   1  -1  -3   0   0  -2   7  -3  -3  -1  -2  -1  -2  -1  -2  -2   2  -3    0   0   0   0   0   0   0   0   0   0   0   0   0   0   0   0   0   0   0   0  0.00     0.00
  398 C     0  -3  -3  -3   9  -3  -4  -2  -3  -1  -1  -3  -1  -2  -3  -1  -1  -2  -2  -1    0   0   0   0   0   0   0   0   0   0   0   0   0   0   0   0   0   0   0   0  0.00     0.00
  399 S     1  -1   1   0  -1   0   0   0  -1  -2  -2   0  -1  -2  -1   4   1  -3  -2  -2    0   0   0   0   0   0   0   0   0   0   0   0   0   0   0   0   0   0   0   0  0.00     0.00
  400 G     0  -2   0  -1  -2  -2  -2   6  -2  -4  -4  -2  -3  -3  -2   0  -2  -2  -3  -3    0   0   0   0   0   0   0   0   0   0   0   0   0   0   0   0   0   0   0   0  0.00     0.00
  401 W    -3  -3  -4  -4  -2  -2  -3  -2  -2  -3  -2  -3  -1   1  -4  -3  -2  10   2  -3    0   0   0   0   0   0   0   0   0   0   0   0   0   0   0   0   0   0   0   0  0.00     0.00
  402 I    -1  -3  -3  -3  -1  -3  -3  -4  -3   4   2  -3   1   0  -3  -2  -1  -3  -1   3    0   0   0   0   0   0   0   0   0   0   0   0   0   0   0   0   0   0   0   0  0.00     0.00
  403 E    -1   0   0   2  -4   2   5  -2   0  -3  -3   1  -2  -3  -1   0  -1  -3  -2  -2    0   0   0   0   0   0   0   0   0   0   0   0   0   0   0   0   0   0   0   0  0.00     0.00
  404 E    -1   0   0   2  -4   2   5  -2   0  -3  -3   1  -2  -3  -1   0  -1  -3  -2  -2    0   0   0   0   0   0   0   0   0   0   0   0   0   0   0   0   0   0   0   0  0.00     0.00
  405 K    -1   2   0  -1  -3   1   1  -2  -1  -3  -2   4  -1  -3  -1   0  -1  -3  -2  -2    0   0   0   0   0   0   0   0   0   0   0   0   0   0   0   0   0   0   0   0  0.00     0.00
  406 L    -1  -2  -3  -4  -1  -2  -3  -4  -3   2   4  -2   2   0  -3  -2  -1  -2  -1   1    0   0   0   0   0   0   0   0   0   0   0   0   0   0   0   0   0   0   0   0  0.00     0.00
  407 E    -1   0   0   2  -4   2   5  -2   0  -3  -3   1  -2  -3  -1   0  -1  -3  -2  -2    0   0   0   0   0   0   0   0   0   0   0   0   0   0   0   0   0   0   0   0  0.00     0.00
  408 H    -2   0   1  -1  -3   0   0  -2   7  -3  -3  -1  -2  -1  -2  -1  -2  -2   2  -3    0   0   0   0   0   0   0   0   0   0   0   0   0   0   0   0   0   0   0   0  0.00     0.00
  409 L    -1  -2  -3  -4  -1  -2  -3  -4  -3   2   4  -2   2   0  -3  -2  -1  -2  -1   1    0   0   0   0   0   0   0   0   0   0   0   0   0   0   0   0   0   0   0   0  0.00     0.00
  410 G     0  -2   0  -1  -2  -2  -2   6  -2  -4  -4  -2  -3  -3  -2   0  -2  -2  -3  -3    0   0   0   0   0   0   0   0   0   0   0   0   0   0   0   0   0   0   0   0  0.00     0.00
  411 L    -1  -2  -3  -4  -1  -2  -3  -4  -3   2   4  -2   2   0  -3  -2  -1  -2  -1   1    0   0   0   0   0   0   0   0   0   0   0   0   0   0   0   0   0   0   0   0  0.00     0.00
  412 P    -1  -2  -2  -1  -3  -1  -1  -2  -2  -3  -3  -1  -2  -4   7  -1  -1  -4  -3  -2    0   0   0   0   0   0   0   0   0   0   0   0   0   0   0   0   0   0   0   0  0.00     0.00
  413 D    -2  -2   1   6  -3   0   2  -1  -1  -3  -4  -1  -3  -3  -1   0  -1  -4  -3  -3    0   0   0   0   0   0   0   0   0   0   0   0   0   0   0   0   0   0   0   0  0.00     0.00
  414 F    -2  -3  -3  -3  -2  -3  -3  -3  -1   0   0  -3   0   6  -4  -2  -2   1   3  -1    0   0   0   0   0   0   0   0   0   0   0   0   0   0   0   0   0   0   0   0  0.00     0.00
  415 P    -1  -2  -2  -1  -3  -1  -1  -2  -2  -3  -3  -1  -2  -4   7  -1  -1  -4  -3  -2    0   0   0   0   0   0   0   0   0   0   0   0   0   0   0   0   0   0   0   0  0.00     0.00
  416 P    -1  -2  -2  -1  -3  -1  -1  -2  -2  -3  -3  -1  -2  -4   7  -1  -1  -4  -3  -2    0   0   0   0   0   0   0   0   0   0   0   0   0   0   0   0   0   0   0   0  0.00     0.00
  417 L    -1  -2  -3  -4  -1  -2  -3  -4  -3   2   4  -2   2   0  -3  -2  -1  -2  -1   1    0   0   0   0   0   0   0   0   0   0   0   0   0   0   0   0   0   0   0   0  0.00     0.00
  418 P    -1  -2  -2  -1  -3  -1  -1  -2  -2  -3  -3  -1  -2  -4   7  -1  -1  -4  -3  -2    0   0   0   0   0   0   0   0   0   0   0   0   0   0   0   0   0   0   0   0  0.00     0.00
  419 S     1  -1   1   0  -1   0   0   0  -1  -2  -2   0  -1  -2  -1   4   1  -3  -2  -2    0   0   0   0   0   0   0   0   0   0   0   0   0   0   0   0   0   0   0   0  0.00     0.00
  420 D    -2  -2   1   6  -3   0   2  -1  -1  -3  -4  -1  -3  -3  -1   0  -1  -4  -3  -3    0   0   0   0   0   0   0   0   0   0   0   0   0   0   0   0   0   0   0   0  0.00     0.00
  421 M    -1  -1  -2  -3  -1   0  -2  -3  -2   1   2  -1   5   0  -2  -1  -1  -1  -1   1    0   0   0   0   0   0   0   0   0   0   0   0   0   0   0   0   0   0   0   0  0.00     0.00
  422 A     4  -1  -2  -2   0  -1  -1   0  -2  -1  -1  -1  -1  -2  -1   1   0  -3  -2   0    0   0   0   0   0   0   0   0   0   0   0   0   0   0   0   0   0   0   0   0  0.00     0.00
  423 L    -1  -2  -3  -4  -1  -2  -3  -4  -3   2   4  -2   2   0  -3  -2  -1  -2  -1   1    0   0   0   0   0   0   0   0   0   0   0   0   0   0   0   0   0   0   0   0  0.00     0.00
  424 G     0  -2   0  -1  -2  -2  -2   6  -2  -4  -4  -2  -3  -3  -2   0  -2  -2  -3  -3    0   0   0   0   0   0   0   0   0   0   0   0   0   0   0   0   0   0   0   0  0.00     0.00
  425 D    -2  -2   1   6  -3   0   2  -1  -1  -3  -4  -1  -3  -3  -1   0  -1  -4  -3  -3    0   0   0   0   0   0   0   0   0   0   0   0   0   0   0   0   0   0   0   0  0.00     0.00
  426 M    -1  -1  -2  -3  -1   0  -2  -3  -2   1   2  -1   5   0  -2  -1  -1  -1  -1   1    0   0   0   0   0   0   0   0   0   0   0   0   0   0   0   0   0   0   0   0  0.00     0.00
  427 L    -1  -2  -3  -4  -1  -2  -3  -4  -3   2   4  -2   2   0  -3  -2  -1  -2  -1   1    0   0   0   0   0   0   0   0   0   0   0   0   0   0   0   0   0   0   0   0  0.00     0.00
  428 G     0  -2   0  -1  -2  -2  -2   6  -2  -4  -4  -2  -3  -3  -2   0  -2  -2  -3  -3    0   0   0   0   0   0   0   0   0   0   0   0   0   0   0   0   0   0   0   0  0.00     0.00
  429 Q    -1   1   0   0  -3   5   2  -2   0  -3  -2   1   0  -3  -1   0  -1  -2  -1  -2    0   0   0   0   0   0   0   0   0   0   0   0   0   0   0   0   0   0   0   0  0.00     0.00
  430 F    -2  -3  -3  -3  -2  -3  -3  -3  -1   0   0  -3   0   6  -4  -2  -2   1   3  -1    0   0   0   0   0   0   0   0   0   0   0   0   0   0   0   0   0   0   0   0  0.00     0.00
  431 Q    -1   1   0   0  -3   5   2  -2   0  -3  -2   1   0  -3  -1   0  -1  -2  -1  -2    0   0   0   0   0   0   0   0   0   0   0   0   0   0   0   0   0   0   0   0  0.00     0.00
  432 L    -1  -2  -3  -4  -1  -2  -3  -4  -3   2   4  -2   2   0  -3  -2  -1  -2  -1   1    0   0   0   0   0   0   0   0   0   0   0   0   0   0   0   0   0   0   0   0  0.00     0.00
  433 P    -1  -2  -2  -1  -3  -1  -1  -2  -2  -3  -3  -1  -2  -4   7  -1  -1  -4  -3  -2    0   0   0   0   0   0   0   0   0   0   0   0   0   0   0   0   0   0   0   0  0.00     0.00
  434 P    -1  -2  -2  -1  -3  -1  -1  -2  -2  -3  -3  -1  -2  -4   7  -1  -1  -4  -3  -2    0   0   0   0   0   0   0   0   0   0   0   0   0   0   0   0   0   0   0   0  0.00     0.00
  435 L    -1  -2  -3  -4  -1  -2  -3  -4  -3   2   4  -2   2   0  -3  -2  -1  -2  -1   1    0   0   0   0   0   0   0   0   0   0   0   0   0   0   0   0   0   0   0   0  0.00     0.00
  436 F    -2  -3  -3  -3  -2  -3  -3  -3  -1   0   0  -3   0   6  -4  -2  -2   1   3  -1    0   0   0   0   0   0   0   0   0   0   0   0   0   0   0   0   0   0   0   0  0.00     0.00
  437 K    -1   2   0  -1  -3   1   1  -2  -1  -3  -2   4  -1  -3  -1   0  -1  -3  -2  -2    0   0   0   0   0   0   0   0   0   0   0   0   0   0   0   0   0   0   0   0  0.00     0.00
  438 L    -1  -2  -3  -4  -1  -2  -3  -4  -3   2   4  -2   2   0  -3  -2  -1  -2  -1   1    0   0   0   0   0   0   0   0   0   0   0   0   0   0   0   0   0   0   0   0  0.00     0.00
  439 L    -1  -2  -3  -4  -1  -2  -3  -4  -3   2   4  -2   2   0  -3  -2  -1  -2  -1   1    0   0   0   0   0   0   0   0   0   0   0   0   0   0   0   0   0   0   0   0  0.00     0.00
  440 P    -1  -2  -2  -1  -3  -1  -1  -2  -2  -3  -3  -1  -2  -4   7  -1  -1  -4  -3  -2    0   0   0   0   0   0   0   0   0   0   0   0   0   0   0   0   0   0   0   0  0.00     0.00
  441 L    -1  -2  -3  -4  -1  -2  -3  -4  -3   2   4  -2   2   0  -3  -2  -1  -2  -1   1    0   0   0   0   0   0   0   0   0   0   0   0   0   0   0   0   0   0   0   0  0.00     0.00
  442 P    -1  -2  -2  -1  -3  -1  -1  -2  -2  -3  -3  -1  -2  -4   7  -1  -1  -4  -3  -2    0   0   0   0   0   0   0   0   0   0   0   0   0   0   0   0   0   0   0   0  0.00     0.00
  443 W    -3  -3  -4  -4  -2  -2  -3  -2  -2  -3  -2  -3  -1   1  -4  -3  -2  10   2  -3    0   0   0   0   0   0   0   0   0   0   0   0   0   0   0   0   0   0   0   0  0.00     0.00
  444 G     0  -2   0  -1  -2  -2  -2   6  -2  -4  -4  -2  -3  -3  -2   0  -2  -2  -3  -3    0   0   0   0   0   0   0   0   0   0   0   0   0   0   0   0   0   0   0   0  0.00     0.00
  445 V     0  -2  -3  -3  -1  -2  -2  -3  -3   3   1  -2   1  -1  -2  -2   0  -3  -1   4    0   0   0   0   0   0   0   0   0   0   0   0   0   0   0   0   0   0   0   0  0.00     0.00
  446 Q    -1   1   0   0  -3   5   2  -2   0  -3  -2   1   0  -3  -1   0  -1  -2  -1  -2    0   0   0   0   0   0   0   0   0   0   0   0   0   0   0   0   0   0   0   0  0.00     0.00
  447 R    -1   5   0  -2  -3   1   0  -2   0  -3  -2   2  -1  -3  -2  -1  -1  -3  -2  -2    0   0   0   0   0   0   0   0   0   0   0   0   0   0   0   0   0   0   0   0  0.00     0.00
  448 W    -3  -3  -4  -4  -2  -2  -3  -2  -2  -3  -2  -3  -1   1  -4  -3  -2  10   2  -3    0   0   0   0   0   0   0   0   0   0   0   0   0   0   0   0   0   0   0   0  0.00     0.00
  449 Q    -1   1   0   0  -3   5   2  -2   0  -3  -2   1   0  -3  -1   0  -1  -2  -1  -2    0   0   0   0   0   0   0   0   0   0   0   0   0   0   0   0   0   0   0   0  0.00     0.00
  450 D    -2  -2   1   6  -3   0   2  -1  -1  -3  -4  -1  -3  -3  -1   0  -1  -4  -3  -3    0   0   0   0   0   0   0   0   0   0   0   0   0   0   0   0   0   0   0   0  0.00     0.00
  451 L    -1  -2  -3  -4  -1  -2  -3  -4  -3   2   4  -2   2   0  -3  -2  -1  -2  -1   1    0   0   0   0   0   0   0   0   0   0   0   0   0   0   0   0   0   0   0   0  0.00     0.00
  452 G     0  -2   0  -1  -2  -2  -2   6  -2  -4  -4  -2  -3  -3  -2   0  -2  -2  -3  -3    0   0   0   0   0   0   0   0   0   0   0   0   0   0   0   0   0   0   0   0  0.00     0.00
  453 G     0  -2   0  -1  -2  -2  -2   6  -2  -4  -4  -2  -3  -3  -2   0  -2  -2  -3  -3    0   0   0   0   0   0   0   0   0   0   0   0   0   0   0   0   0   0   0   0  0.00     0.00
  454 G     0  -2   0  -1  -2  -2  -2   6  -2  -4  -4  -2  -3  -3  -2   0  -2  -2  -3  -3    0   0   0   0   0   0   0   0   0   0   0   0   0   0   0   0   0   0   0   0  0.00     0.00
  455 N    -2   0   6   1  -3   0   0   0   1  -3  -3   0  -2  -3  -2   1   0  -4  -2  -3    0   0   0   0   0   0   0   0   0   0   0   0   0   0   0   0   0   0   0   0  0.00     0.00
  456 K    -1   2   0  -1  -3   1   1  -2  -1  -3  -2   4  -1  -3  -1   0  -1  -3  -2  -2    0   0   0   0   0   0   0   0   0   0   0   0   0   0   0   0   0   0   0   0  0.00     0.00
  457 Q    -1   1   0   0  -3   5   2  -2   0  -3  -2   1   0  -3  -1   0  -1  -2  -1  -2    0   0   0   0   0   0   0   0   0   0   0   0   0   0   0   0   0   0   0   0  0.00     0.00
  458 S     1  -1   1   0  -1   0   0   0  -1  -2  -2   0  -1  -2  -1   4   1  -3  -2  -2    0   0   0   0   0   0   0   0   0   0   0   0   0   0   0   0   0   0   0   0  0.00     0.00
  459 L    -1  -2  -3  -4  -1  -2  -3  -4  -3   2   4  -2   2   0  -3  -2  -1  -2  -1   1    0   0   0   0   0   0   0   0   0   0   0   0   0   0   0   0   0   0   0   0  0.00     0.00
  460 Q    -1   1   0   0  -3   5   2  -2   0  -3  -2   1   0  -3  -1   0  -1  -2  -1  -2    0   0   0   0   0   0   0   0   0   0   0   0   0   0   0   0   0   0   0   0  0.00     0.00
  461 P    -1  -2  -2  -1  -3  -1  -1  -2  -2  -3  -3  -1  -2  -4   7  -1  -1  -4  -3  -2    0   0   0   0   0   0   0   0   0   0   0   0   0   0   0   0   0   0   0   0  0.00     0.00
  462 Q    -1   1   0   0  -3   5   2  -2   0  -3  -2   1   0  -3  -1   0  -1  -2  -1  -2    0   0   0   0   0   0   0   0   0   0   0   0   0   0   0   0   0   0   0   0  0.00     0.00
  463 T     0  -1   0  -1  -1  -1  -1  -2  -2  -1  -1  -1  -1  -2  -1   1   5  -2  -2   0    0   0   0   0   0   0   0   0   0   0   0   0   0   0   0   0   0   0   0   0  0.00     0.00
  464 Q    -1   1   0   0  -3   5   2  -2   0  -3  -2   1   0  -3  -1   0  -1  -2  -1  -2    0   0   0   0   0   0   0   0   0   0   0   0   0   0   0   0   0   0   0   0  0.00     0.00
  465 P    -1  -2  -2  -1  -3  -1  -1  -2  -2  -3  -3  -1  -2  -4   7  -1  -1  -4  -3  -2    0   0   0   0   0   0   0   0   0   0   0   0   0   0   0   0   0   0   0   0  0.00     0.00
  466 P    -1  -2  -2  -1  -3  -1  -1  -2  -2  -3  -3  -1  -2  -4   7  -1  -1  -4  -3  -2    0   0   0   0   0   0   0   0   0   0   0   0   0   0   0   0   0   0   0   0  0.00     0.00
  467 T     0  -1   0  -1  -1  -1  -1  -2  -2  -1  -1  -1  -1  -2  -1   1   5  -2  -2   0    0   0   0   0   0   0   0   0   0   0   0   0   0   0   0   0   0   0   0   0  0.00     0.00
  468 A     4  -1  -2  -2   0  -1  -1   0  -2  -1  -1  -1  -1  -2  -1   1   0  -3  -2   0    0   0   0   0   0   0   0   0   0   0   0   0   0   0   0   0   0   0   0   0  0.00     0.00
  469 G     0  -2   0  -1  -2  -2  -2   6  -2  -4  -4  -2  -3  -3  -2   0  -2  -2  -3  -3    0   0   0   0   0   0   0   0   0   0   0   0   0   0   0   0   0   0   0   0  0.00     0.00
  470 A     4  -1  -2  -2   0  -1  -1   0  -2  -1  -1  -1  -1  -2  -1   1   0  -3  -2   0    0   0   0   0   0   0   0   0   0   0   0   0   0   0   0   0   0   0   0   0  0.00     0.00
  471 T     0  -1   0  -1  -1  -1  -1  -2  -2  -1  -1  -1  -1  -2  -1   1   5  -2  -2   0    0   0   0   0   0   0   0   0   0   0   0   0   0   0   0   0   0   0   0   0  0.00     0.00
  472 S     1  -1   1   0  -1   0   0   0  -1  -2  -2   0  -1  -2  -1   4   1  -3  -2  -2    0   0   0   0   0   0   0   0   0   0   0   0   0   0   0   0   0   0   0   0  0.00     0.00
  473 T     0  -1   0  -1  -1  -1  -1  -2  -2  -1  -1  -1  -1  -2  -1   1   5  -2  -2   0    0   0   0   0   0   0   0   0   0   0   0   0   0   0   0   0   0   0   0   0  0.00     0.00
  474 R    -1   5   0  -2  -3   1   0  -2   0  -3  -2   2  -1  -3  -2  -1  -1  -3  -2  -2    0   0   0   0   0   0   0   0   0   0   0   0   0   0   0   0   0   0   0   0  0.00     0.00
  475 M    -1  -1  -2  -3  -1   0  -2  -3  -2   1   2  -1   5   0  -2  -1  -1  -1  -1   1    0   0   0   0   0   0   0   0   0   0   0   0   0   0   0   0   0   0   0   0  0.00     0.00
  476 P    -1  -2  -2  -1  -3  -1  -1  -2  -2  -3  -3  -1  -2  -4   7  -1  -1  -4  -3  -2    0   0   0   0   0   0   0   0   0   0   0   0   0   0   0   0   0   0   0   0  0.00     0.00
  477 I    -1  -3  -3  -3  -1  -3  -3  -4  -3   4   2  -3   1   0  -3  -2  -1  -3  -1   3    0   0   0   0   0   0   0   0   0   0   0   0   0   0   0   0   0   0   0   0  0.00     0.00
  478 A     4  -1  -2  -2   0  -1  -1   0  -2  -1  -1  -1  -1  -2  -1   1   0  -3  -2   0    0   0   0   0   0   0   0   0   0   0   0   0   0   0   0   0   0   0   0   0  0.00     0.00
  479 A     4  -1  -2  -2   0  -1  -1   0  -2  -1  -1  -1  -1  -2  -1   1   0  -3  -2   0    0   0   0   0   0   0   0   0   0   0   0   0   0   0   0   0   0   0   0   0  0.00     0.00
  480 A     4  -1  -2  -2   0  -1  -1   0  -2  -1  -1  -1  -1  -2  -1   1   0  -3  -2   0    0   0   0   0   0   0   0   0   0   0   0   0   0   0   0   0   0   0   0   0  0.00     0.00
  481 G     0  -2   0  -1  -2  -2  -2   6  -2  -4  -4  -2  -3  -3  -2   0  -2  -2  -3  -3    0   0   0   0   0   0   0   0   0   0   0   0   0   0   0   0   0   0   0   0  0.00     0.00
  482 A     4  -1  -2  -2   0  -1  -1   0  -2  -1  -1  -1  -1  -2  -1   1   0  -3  -2   0    0   0   0   0   0   0   0   0   0   0   0   0   0   0   0   0   0   0   0   0  0.00     0.00
  483 G     0  -2   0  -1  -2  -2  -2   6  -2  -4  -4  -2  -3  -3  -2   0  -2  -2  -3  -3    0   0   0   0   0   0   0   0   0   0   0   0   0   0   0   0   0   0   0   0  0.00     0.00
  484 G     0  -2   0  -1  -2  -2  -2   6  -2  -4  -4  -2  -3  -3  -2   0  -2  -2  -3  -3    0   0   0   0   0   0   0   0   0   0   0   0   0   0   0   0   0   0   0   0  0.00     0.00
  485 L    -1  -2  -3  -4  -1  -2  -3  -4  -3   2   4  -2   2   0  -3  -2  -1  -2  -1   1    0   0   0   0   0   0   0   0   0   0   0   0   0   0   0   0   0   0   0   0  0.00     0.00
  486 A     4  -1  -2  -2   0  -1  -1   0  -2  -1  -1  -1  -1  -2  -1   1   0  -3  -2   0    0   0   0   0   0   0   0   0   0   0   0   0   0   0   0   0   0   0   0   0  0.00     0.00
  487 G     0  -2   0  -1  -2  -2  -2   6  -2  -4  -4  -2  -3  -3  -2   0  -2  -2  -3  -3    0   0   0   0   0   0   0   0   0   0   0   0   0   0   0   0   0   0   0   0  0.00     0.00
  488 A     4  -1  -2  -2   0  -1  -1   0  -2  -1  -1  -1  -1  -2  -1   1   0  -3  -2   0    0   0   0   0   0   0   0   0   0   0   0   0   0   0   0   0   0   0   0   0  0.00     0.00
  489 L    -1  -2  -3  -4  -1  -2  -3  -4  -3   2   4  -2   2   0  -3  -2  -1  -2  -1   1    0   0   0   0   0   0   0   0   0   0   0   0   0   0   0   0   0   0   0   0  0.00     0.00
  490 V     0  -2  -3  -3  -1  -2  -2  -3  -3   3   1  -2   1  -1  -2  -2   0  -3  -1   4    0   0   0   0   0   0   0   0   0   0   0   0   0   0   0   0   0   0   0   0  0.00     0.00
  491 A     4  -1  -2  -2   0  -1  -1   0  -2  -1  -1  -1  -1  -2  -1   1   0  -3  -2   0    0   0   0   0   0   0   0   0   0   0   0   0   0   0   0   0   0   0   0   0  0.00     0.00
  492 L    -1  -2  -3  -4  -1  -2  -3  -4  -3   2   4  -2   2   0  -3  -2  -1  -2  -1   1    0   0   0   0   0   0   0   0   0   0   0   0   0   0   0   0   0   0   0   0  0.00     0.00
  493 V     0  -2  -3  -3  -1  -2  -2  -3  -3   3   1  -2   1  -1  -2  -2   0  -3  -1   4    0   0   0   0   0   0   0   0   0   0   0   0   0   0   0   0   0   0   0   0  0.00     0.00
  494 G     0  -2   0  -1  -2  -2  -2   6  -2  -4  -4  -2  -3  -3  -2   0  -2  -2  -3  -3    0   0   0   0   0   0   0   0   0   0   0   0   0   0   0   0   0   0   0   0  0.00     0.00
  495 I    -1  -3  -3  -3  -1  -3  -3  -4  -3   4   2  -3   1   0  -3  -2  -1  -3  -1   3    0   0   0   0   0   0   0   0   0   0   0   0   0   0   0   0   0   0   0   0  0.00     0.00
  496 R    -1   5   0  -2  -3   1   0  -2   0  -3  -2   2  -1  -3  -2  -1  -1  -3  -2  -2    0   0   0   0   0   0   0   0   0   0   0   0   0   0   0   0   0   0   0   0  0.00     0.00
  497 I    -1  -3  -3  -3  -1  -3  -3  -4  -3   4   2  -3   1   0  -3  -2  -1  -3  -1   3    0   0   0   0   0   0   0   0   0   0   0   0   0   0   0   0   0   0   0   0  0.00     0.00
  498 A     4  -1  -2  -2   0  -1  -1   0  -2  -1  -1  -1  -1  -2  -1   1   0  -3  -2   0    0   0   0   0   0   0   0   0   0   0   0   0   0   0   0   0   0   0   0   0  0.00     0.00
  499 V     0  -2  -3  -3  -1  -2  -2  -3  -3   3   1  -2   1  -1  -2  -2   0  -3  -1   4    0   0   0   0   0   0   0   0   0   0   0   0   0   0   0   0   0   0   0   0  0.00     0.00
  500 V     0  -2  -3  -3  -1  -2  -2  -3  -3   3   1  -2   1  -1  -2  -2   0  -3  -1   4    0   0   0   0   0   0   0   0   0   0   0   0   0   0   0   0   0   0   0   0  0.00     0.00
  501 R    -1   5   0  -2  -3   1   0  -2   0  -3  -2   2  -1  -3  -2  -1  -1  -3  -2  -2    0   0   0   0   0   0   0   0   0   0   0   0   0   0   0   0   0   0   0   0  0.00     0.00
  502 R    -1   5   0  -2  -3   1   0  -2   0  -3  -2   2  -1  -3  -2  -1  -1  -3  -2  -2    0   0   0   0   0   0   0   0   0   0   0   0   0   0   0   0   0   0   0   0  0.00     0.00
  503 V     0  -2  -3  -3  -1  -2  -2  -3  -3   3   1  -2   1  -1  -2  -2   0  -3  -1   4    0   0   0   0   0   0   0   0   0   0   0   0   0   0   0   0   0   0   0   0  0.00     0.00
  504 R    -1   5   0  -2  -3   1   0  -2   0  -3  -2   2  -1  -3  -2  -1  -1  -3  -2  -2    0   0   0   0   0   0   0   0   0   0   0   0   0   0   0   0   0   0   0   0  0.00     0.00
  505 Q    -1   1   0   0  -3   5   2  -2   0  -3  -2   1   0  -3  -1   0  -1  -2  -1  -2    0   0   0   0   0   0   0   0   0   0   0   0   0   0   0   0   0   0   0   0  0.00     0.00
  506 P    -1  -2  -2  -1  -3  -1  -1  -2  -2  -3  -3  -1  -2  -4   7  -1  -1  -4  -3  -2    0   0   0   0   0   0   0   0   0   0   0   0   0   0   0   0   0   0   0   0  0.00     0.00
  507 T     0  -1   0  -1  -1  -1  -1  -2  -2  -1  -1  -1  -1  -2  -1   1   5  -2  -2   0    0   0   0   0   0   0   0   0   0   0   0   0   0   0   0   0   0   0   0   0  0.00     0.00
  508 C     0  -3  -3  -3   9  -3  -4  -2  -3  -1  -1  -3  -1  -2  -3  -1  -1  -2  -2  -1    0   0   0   0   0   0   0   0   0   0   0   0   0   0   0   0   0   0   0   0  0.00     0.00
  509 E    -1   0   0   2  -4   2   5  -2   0  -3  -3   1  -2  -3  -1   0  -1  -3  -2  -2    0   0   0   0   0   0   0   0   0   0   0   0   0   0   0   0   0   0   0   0  0.00     0.00
  510 S     1  -1   1   0  -1   0   0   0  -1  -2  -2   0  -1  -2  -1   4   1  -3  -2  -2    0   0   0   0   0   0   0   0   0   0   0   0   0   0   0   0   0   0   0   0  0.00     0.00
  511 Y    -2  -2  -2  -3  -2  -1  -2  -3   2  -1  -1  -2  -1   3  -3  -2  -2   2   7  -1    0   0   0   0   0   0   0   0   0   0   0   0   0   0   0   0   0   0   0   0  0.00     0.00

                      K         Lambda
Standard Ungapped    0.1354     0.3179
Standard Gapped      0.0387     0.2670
PSI Ungapped         0.1264     0.3165
PSI Gapped           0.0387     0.2670
