
Last position-specific scoring matrix computed, weighted observed percentages rounded down, information per position, and relative weight of gapless real matches to pseudocounts
            A   R   N   D   C   Q   E   G   H   I   L   K   M   F   P   S   T   W   Y   V   A   R   N   D   C   Q   E   G   H   I   L   K   M   F   P   S   T   W   Y   V
    1 V     0  -2  -3  -3  -1  -2  -2  -3  -3   3   1  -2   1  -1  -2  -2   0  -3  -1   4    0   0   0   0   0   0   0   0   0   0   0   0   0   0   0   0   0   0   0   0  0.00     0.00
    2 D    -2  -2   1   6  -3   0   1  -1  -1  -3  -4  -1  -3  -3  -1   0  -1  -4  -3  -3    0   0   0   0   0   0   0   0   0   0   0   0   0   0   0   0   0   0   0   0  0.00     0.00
    3 V     0  -2  -3  -3  -1  -2  -2  -3  -3   3   1  -2   1  -1  -2  -2   0  -3  -1   4    0   0   0   0   0   0   0   0   0   0   0   0   0   0   0   0   0   0   0   0  0.00     0.00
    4 R    -1   5   0  -2  -3   1   0  -2   0  -3  -2   2  -1  -3  -2  -1  -1  -3  -2  -2    0   0   0   0   0   0   0   0   0   0   0   0   0   0   0   0   0   0   0   0  0.00     0.00
    5 Q    -1   1   0   0  -3   5   2  -2   0  -3  -2   1   0  -3  -1   0  -1  -2  -1  -2    0   0   0   0   0   0   0   0   0   0   0   0   0   0   0   0   0   0   0   0  0.00     0.00
    6 R    -1   5   0  -2  -3   1   0  -2   0  -3  -2   2  -1  -3  -2  -1  -1  -3  -2  -2    0   0   0   0   0   0   0   0   0   0   0   0   0   0   0   0   0   0   0   0  0.00     0.00
    7 I    -1  -3  -3  -3  -1  -3  -3  -4  -3   4   2  -3   1   0  -3  -2  -1  -3  -1   3    0   0   0   0   0   0   0   0   0   0   0   0   0   0   0   0   0   0   0   0  0.00     0.00
    8 R    -1   5   0  -2  -3   1   0  -2   0  -3  -2   2  -1  -3  -2  -1  -1  -3  -2  -2    0   0   0   0   0   0   0   0   0   0   0   0   0   0   0   0   0   0   0   0  0.00     0.00
    9 C     0  -3  -3  -3   8  -3  -4  -2  -3  -1  -1  -3  -1  -2  -3  -1  -1  -2  -2  -1    0   0   0   0   0   0   0   0   0   0   0   0   0   0   0   0   0   0   0   0  0.00     0.00
   10 I    -1  -3  -3  -3  -1  -3  -3  -4  -3   4   2  -3   1   0  -3  -2  -1  -3  -1   3    0   0   0   0   0   0   0   0   0   0   0   0   0   0   0   0   0   0   0   0  0.00     0.00
   11 A     4  -1  -2  -2   0  -1  -1   0  -2  -1  -1  -1  -1  -2  -1   1   0  -2  -2   0    0   0   0   0   0   0   0   0   0   0   0   0   0   0   0   0   0   0   0   0  0.00     0.00
   12 F    -2  -3  -3  -3  -2  -3  -3  -3  -1   0   0  -3   0   6  -4  -2  -2   1   3  -1    0   0   0   0   0   0   0   0   0   0   0   0   0   0   0   0   0   0   0   0  0.00     0.00
   13 V     0  -2  -3  -3  -1  -2  -2  -3  -3   3   1  -2   1  -1  -2  -2   0  -3  -1   4    0   0   0   0   0   0   0   0   0   0   0   0   0   0   0   0   0   0   0   0  0.00     0.00
   14 I    -1  -3  -3  -3  -1  -3  -3  -4  -3   4   2  -3   1   0  -3  -2  -1  -3  -1   3    0   0   0   0   0   0   0   0   0   0   0   0   0   0   0   0   0   0   0   0  0.00     0.00
   15 S     1  -1   1   0  -1   0   0   0  -1  -2  -2   0  -1  -2  -1   4   1  -3  -2  -2    0   0   0   0   0   0   0   0   0   0   0   0   0   0   0   0   0   0   0   0  0.00     0.00
   16 H    -2   0   1  -1  -3   0   0  -2   7  -3  -3  -1  -2  -1  -2  -1  -2  -2   2  -3    0   0   0   0   0   0   0   0   0   0   0   0   0   0   0   0   0   0   0   0  0.00     0.00
   17 H    -2   0   1  -1  -3   0   0  -2   7  -3  -3  -1  -2  -1  -2  -1  -2  -2   2  -3    0   0   0   0   0   0   0   0   0   0   0   0   0   0   0   0   0   0   0   0  0.00     0.00
   18 R    -1   5   0  -2  -3   1   0  -2   0  -3  -2   2  -1  -3  -2  -1  -1  -3  -2  -2    0   0   0   0   0   0   0   0   0   0   0   0   0   0   0   0   0   0   0   0  0.00     0.00
   19 I    -1  -3  -3  -3  -1  -3  -3  -4  -3   4   2  -3   1   0  -3  -2  -1  -3  -1   3    0   0   0   0   0   0   0   0   0   0   0   0   0   0   0   0   0   0   0   0  0.00     0.00
   20 A     4  -1  -2  -2   0  -1  -1   0  -2  -1  -1  -1  -1  -2  -1   1   0  -2  -2   0    0   0   0   0   0   0   0   0   0   0   0   0   0   0   0   0   0   0   0   0  0.00     0.00
   21 L    -1  -2  -3  -4  -1  -2  -3  -4  -3   2   4  -2   2   0  -3  -2  -1  -2  -1   1    0   0   0   0   0   0   0   0   0   0   0   0   0   0   0   0   0   0   0   0  0.00     0.00
   22 R    -1   5   0  -2  -3   1   0  -2   0  -3  -2   2  -1  -3  -2  -1  -1  -3  -2  -2    0   0   0   0   0   0   0   0   0   0   0   0   0   0   0   0   0   0   0   0  0.00     0.00
   23 E    -1   0   0   1  -4   2   5  -2   0  -3  -3   1  -2  -3  -1   0  -1  -3  -2  -2    0   0   0   0   0   0   0   0   0   0   0   0   0   0   0   0   0   0   0   0  0.00     0.00
   24 S     1  -1   1   0  -1   0   0   0  -1  -2  -2   0  -1  -2  -1   4   1  -3  -2  -2    0   0   0   0   0   0   0   0   0   0   0   0   0   0   0   0   0   0   0   0  0.00     0.00
   25 R    -1   5   0  -2  -3   1   0  -2   0  -3  -2   2  -1  -3  -2  -1  -1  -3  -2  -2    0   0   0   0   0   0   0   0   0   0   0   0   0   0   0   0   0   0   0   0  0.00     0.00
   26 Q    -1   1   0   0  -3   5   2  -2   0  -3  -2   1   0  -3  -1   0  -1  -2  -1  -2    0   0   0   0   0   0   0   0   0   0   0   0   0   0   0   0   0   0   0   0  0.00     0.00
   27 N    -2   0   6   1  -3   0   0   0   1  -3  -3   0  -2  -3  -2   1   0  -4  -2  -3    0   0   0   0   0   0   0   0   0   0   0   0   0   0   0   0   0   0   0   0  0.00     0.00
   28 M    -1  -1  -2  -3  -1   0  -2  -3  -2   1   2  -1   5   0  -2  -1  -1  -1  -1   1    0   0   0   0   0   0   0   0   0   0   0   0   0   0   0   0   0   0   0   0  0.00     0.00
   29 M    -1  -1  -2  -3  -1   0  -2  -3  -2   1   2  -1   5   0  -2  -1  -1  -1  -1   1    0   0   0   0   0   0   0   0   0   0   0   0   0   0   0   0   0   0   0   0  0.00     0.00
   30 M    -1  -1  -2  -3  -1   0  -2  -3  -2   1   2  -1   5   0  -2  -1  -1  -1  -1   1    0   0   0   0   0   0   0   0   0   0   0   0   0   0   0   0   0   0   0   0  0.00     0.00
   31 W    -2  -3  -4  -4  -2  -2  -3  -2  -2  -3  -2  -3  -1   1  -4  -3  -2  10   2  -3    0   0   0   0   0   0   0   0   0   0   0   0   0   0   0   0   0   0   0   0  0.00     0.00
   32 T     0  -1   0  -1  -1  -1  -1  -2  -2  -1  -1  -1  -1  -2  -1   1   4  -2  -2   0    0   0   0   0   0   0   0   0   0   0   0   0   0   0   0   0   0   0   0   0  0.00     0.00
   33 V     0  -2  -3  -3  -1  -2  -2  -3  -3   3   1  -2   1  -1  -2  -2   0  -3  -1   4    0   0   0   0   0   0   0   0   0   0   0   0   0   0   0   0   0   0   0   0  0.00     0.00
   34 A     4  -1  -2  -2   0  -1  -1   0  -2  -1  -1  -1  -1  -2  -1   1   0  -2  -2   0    0   0   0   0   0   0   0   0   0   0   0   0   0   0   0   0   0   0   0   0  0.00     0.00
   35 I    -1  -3  -3  -3  -1  -3  -3  -4  -3   4   2  -3   1   0  -3  -2  -1  -3  -1   3    0   0   0   0   0   0   0   0   0   0   0   0   0   0   0   0   0   0   0   0  0.00     0.00
   36 A     4  -1  -2  -2   0  -1  -1   0  -2  -1  -1  -1  -1  -2  -1   1   0  -2  -2   0    0   0   0   0   0   0   0   0   0   0   0   0   0   0   0   0   0   0   0   0  0.00     0.00
   37 A     4  -1  -2  -2   0  -1  -1   0  -2  -1  -1  -1  -1  -2  -1   1   0  -2  -2   0    0   0   0   0   0   0   0   0   0   0   0   0   0   0   0   0   0   0   0   0  0.00     0.00
   38 L    -1  -2  -3  -4  -1  -2  -3  -4  -3   2   4  -2   2   0  -3  -2  -1  -2  -1   1    0   0   0   0   0   0   0   0   0   0   0   0   0   0   0   0   0   0   0   0  0.00     0.00
   39 A     4  -1  -2  -2   0  -1  -1   0  -2  -1  -1  -1  -1  -2  -1   1   0  -2  -2   0    0   0   0   0   0   0   0   0   0   0   0   0   0   0   0   0   0   0   0   0  0.00     0.00
   40 A     4  -1  -2  -2   0  -1  -1   0  -2  -1  -1  -1  -1  -2  -1   1   0  -2  -2   0    0   0   0   0   0   0   0   0   0   0   0   0   0   0   0   0   0   0   0   0  0.00     0.00
   41 V     0  -2  -3  -3  -1  -2  -2  -3  -3   3   1  -2   1  -1  -2  -2   0  -3  -1   4    0   0   0   0   0   0   0   0   0   0   0   0   0   0   0   0   0   0   0   0  0.00     0.00
   42 M    -1  -1  -2  -3  -1   0  -2  -3  -2   1   2  -1   5   0  -2  -1  -1  -1  -1   1    0   0   0   0   0   0   0   0   0   0   0   0   0   0   0   0   0   0   0   0  0.00     0.00
   43 A     4  -1  -2  -2   0  -1  -1   0  -2  -1  -1  -1  -1  -2  -1   1   0  -2  -2   0    0   0   0   0   0   0   0   0   0   0   0   0   0   0   0   0   0   0   0   0  0.00     0.00
   44 D    -2  -2   1   6  -3   0   1  -1  -1  -3  -4  -1  -3  -3  -1   0  -1  -4  -3  -3    0   0   0   0   0   0   0   0   0   0   0   0   0   0   0   0   0   0   0   0  0.00     0.00
   45 Y    -2  -2  -2  -3  -2  -1  -2  -3   2  -1  -1  -2  -1   3  -3  -2  -2   2   7  -1    0   0   0   0   0   0   0   0   0   0   0   0   0   0   0   0   0   0   0   0  0.00     0.00
   46 E    -1   0   0   1  -4   2   5  -2   0  -3  -3   1  -2  -3  -1   0  -1  -3  -2  -2    0   0   0   0   0   0   0   0   0   0   0   0   0   0   0   0   0   0   0   0  0.00     0.00
   47 G     0  -2   0  -1  -2  -2  -2   5  -2  -4  -4  -2  -3  -3  -2   0  -2  -2  -3  -3    0   0   0   0   0   0   0   0   0   0   0   0   0   0   0   0   0   0   0   0  0.00     0.00
   48 D    -2  -2   1   6  -3   0   1  -1  -1  -3  -4  -1  -3  -3  -1   0  -1  -4  -3  -3    0   0   0   0   0   0   0   0   0   0   0   0   0   0   0   0   0   0   0   0  0.00     0.00
   49 A     4  -1  -2  -2   0  -1  -1   0  -2  -1  -1  -1  -1  -2  -1   1   0  -2  -2   0    0   0   0   0   0   0   0   0   0   0   0   0   0   0   0   0   0   0   0   0  0.00     0.00
   50 S     1  -1   1   0  -1   0   0   0  -1  -2  -2   0  -1  -2  -1   4   1  -3  -2  -2    0   0   0   0   0   0   0   0   0   0   0   0   0   0   0   0   0   0   0   0  0.00     0.00
   51 N    -2   0   6   1  -3   0   0   0   1  -3  -3   0  -2  -3  -2   1   0  -4  -2  -3    0   0   0   0   0   0   0   0   0   0   0   0   0   0   0   0   0   0   0   0  0.00     0.00
   52 A     4  -1  -2  -2   0  -1  -1   0  -2  -1  -1  -1  -1  -2  -1   1   0  -2  -2   0    0   0   0   0   0   0   0   0   0   0   0   0   0   0   0   0   0   0   0   0  0.00     0.00
   53 L    -1  -2  -3  -4  -1  -2  -3  -4  -3   2   4  -2   2   0  -3  -2  -1  -2  -1   1    0   0   0   0   0   0   0   0   0   0   0   0   0   0   0   0   0   0   0   0  0.00     0.00
   54 P    -1  -2  -2  -1  -3  -1  -1  -2  -2  -3  -3  -1  -2  -4   7  -1  -1  -4  -3  -2    0   0   0   0   0   0   0   0   0   0   0   0   0   0   0   0   0   0   0   0  0.00     0.00
   55 D    -2  -2   1   6  -3   0   1  -1  -1  -3  -4  -1  -3  -3  -1   0  -1  -4  -3  -3    0   0   0   0   0   0   0   0   0   0   0   0   0   0   0   0   0   0   0   0  0.00     0.00
   56 I    -1  -3  -3  -3  -1  -3  -3  -4  -3   4   2  -3   1   0  -3  -2  -1  -3  -1   3    0   0   0   0   0   0   0   0   0   0   0   0   0   0   0   0   0   0   0   0  0.00     0.00
   57 D    -2  -2   1   6  -3   0   1  -1  -1  -3  -4  -1  -3  -3  -1   0  -1  -4  -3  -3    0   0   0   0   0   0   0   0   0   0   0   0   0   0   0   0   0   0   0   0  0.00     0.00
   58 N    -2   0   6   1  -3   0   0   0   1  -3  -3   0  -2  -3  -2   1   0  -4  -2  -3    0   0   0   0   0   0   0   0   0   0   0   0   0   0   0   0   0   0   0   0  0.00     0.00
   59 M    -1  -1  -2  -3  -1   0  -2  -3  -2   1   2  -1   5   0  -2  -1  -1  -1  -1   1    0   0   0   0   0   0   0   0   0   0   0   0   0   0   0   0   0   0   0   0  0.00     0.00
   60 R    -1   5   0  -2  -3   1   0  -2   0  -3  -2   2  -1  -3  -2  -1  -1  -3  -2  -2    0   0   0   0   0   0   0   0   0   0   0   0   0   0   0   0   0   0   0   0  0.00     0.00
   61 A     4  -1  -2  -2   0  -1  -1   0  -2  -1  -1  -1  -1  -2  -1   1   0  -2  -2   0    0   0   0   0   0   0   0   0   0   0   0   0   0   0   0   0   0   0   0   0  0.00     0.00
   62 S     1  -1   1   0  -1   0   0   0  -1  -2  -2   0  -1  -2  -1   4   1  -3  -2  -2    0   0   0   0   0   0   0   0   0   0   0   0   0   0   0   0   0   0   0   0  0.00     0.00
   63 Q    -1   1   0   0  -3   5   2  -2   0  -3  -2   1   0  -3  -1   0  -1  -2  -1  -2    0   0   0   0   0   0   0   0   0   0   0   0   0   0   0   0   0   0   0   0  0.00     0.00
   64 I    -1  -3  -3  -3  -1  -3  -3  -4  -3   4   2  -3   1   0  -3  -2  -1  -3  -1   3    0   0   0   0   0   0   0   0   0   0   0   0   0   0   0   0   0   0   0   0  0.00     0.00
   65 K    -1   2   0  -1  -3   1   1  -2  -1  -3  -2   4  -1  -3  -1   0  -1  -3  -2  -2    0   0   0   0   0   0   0   0   0   0   0   0   0   0   0   0   0   0   0   0  0.00     0.00
   66 G     0  -2   0  -1  -2  -2  -2   5  -2  -4  -4  -2  -3  -3  -2   0  -2  -2  -3  -3    0   0   0   0   0   0   0   0   0   0   0   0   0   0   0   0   0   0   0   0  0.00     0.00
   67 F    -2  -3  -3  -3  -2  -3  -3  -3  -1   0   0  -3   0   6  -4  -2  -2   1   3  -1    0   0   0   0   0   0   0   0   0   0   0   0   0   0   0   0   0   0   0   0  0.00     0.00
   68 L    -1  -2  -3  -4  -1  -2  -3  -4  -3   2   4  -2   2   0  -3  -2  -1  -2  -1   1    0   0   0   0   0   0   0   0   0   0   0   0   0   0   0   0   0   0   0   0  0.00     0.00
   69 K    -1   2   0  -1  -3   1   1  -2  -1  -3  -2   4  -1  -3  -1   0  -1  -3  -2  -2    0   0   0   0   0   0   0   0   0   0   0   0   0   0   0   0   0   0   0   0  0.00     0.00
   70 E    -1   0   0   1  -4   2   5  -2   0  -3  -3   1  -2  -3  -1   0  -1  -3  -2  -2    0   0   0   0   0   0   0   0   0   0   0   0   0   0   0   0   0   0   0   0  0.00     0.00
   71 R    -1   5   0  -2  -3   1   0  -2   0  -3  -2   2  -1  -3  -2  -1  -1  -3  -2  -2    0   0   0   0   0   0   0   0   0   0   0   0   0   0   0   0   0   0   0   0  0.00     0.00
   72 G     0  -2   0  -1  -2  -2  -2   5  -2  -4  -4  -2  -3  -3  -2   0  -2  -2  -3  -3    0   0   0   0   0   0   0   0   0   0   0   0   0   0   0   0   0   0   0   0  0.00     0.00
   73 V     0  -2  -3  -3  -1  -2  -2  -3  -3   3   1  -2   1  -1  -2  -2   0  -3  -1   4    0   0   0   0   0   0   0   0   0   0   0   0   0   0   0   0   0   0   0   0  0.00     0.00
   74 N    -2   0   6   1  -3   0   0   0   1  -3  -3   0  -2  -3  -2   1   0  -4  -2  -3    0   0   0   0   0   0   0   0   0   0   0   0   0   0   0   0   0   0   0   0  0.00     0.00
   75 V     0  -2  -3  -3  -1  -2  -2  -3  -3   3   1  -2   1  -1  -2  -2   0  -3  -1   4    0   0   0   0   0   0   0   0   0   0   0   0   0   0   0   0   0   0   0   0  0.00     0.00
   76 A     4  -1  -2  -2   0  -1  -1   0  -2  -1  -1  -1  -1  -2  -1   1   0  -2  -2   0    0   0   0   0   0   0   0   0   0   0   0   0   0   0   0   0   0   0   0   0  0.00     0.00
   77 A     4  -1  -2  -2   0  -1  -1   0  -2  -1  -1  -1  -1  -2  -1   1   0  -2  -2   0    0   0   0   0   0   0   0   0   0   0   0   0   0   0   0   0   0   0   0   0  0.00     0.00
   78 C     0  -3  -3  -3   8  -3  -4  -2  -3  -1  -1  -3  -1  -2  -3  -1  -1  -2  -2  -1    0   0   0   0   0   0   0   0   0   0   0   0   0   0   0   0   0   0   0   0  0.00     0.00
   79 F    -2  -3  -3  -3  -2  -3  -3  -3  -1   0   0  -3   0   6  -4  -2  -2   1   3  -1    0   0   0   0   0   0   0   0   0   0   0   0   0   0   0   0   0   0   0   0  0.00     0.00
   80 D    -2  -2   1   6  -3   0   1  -1  -1  -3  -4  -1  -3  -3  -1   0  -1  -4  -3  -3    0   0   0   0   0   0   0   0   0   0   0   0   0   0   0   0   0   0   0   0  0.00     0.00
   81 R    -1   5   0  -2  -3   1   0  -2   0  -3  -2   2  -1  -3  -2  -1  -1  -3  -2  -2    0   0   0   0   0   0   0   0   0   0   0   0   0   0   0   0   0   0   0   0  0.00     0.00
   82 Q    -1   1   0   0  -3   5   2  -2   0  -3  -2   1   0  -3  -1   0  -1  -2  -1  -2    0   0   0   0   0   0   0   0   0   0   0   0   0   0   0   0   0   0   0   0  0.00     0.00
   83 D    -2  -2   1   6  -3   0   1  -1  -1  -3  -4  -1  -3  -3  -1   0  -1  -4  -3  -3    0   0   0   0   0   0   0   0   0   0   0   0   0   0   0   0   0   0   0   0  0.00     0.00
   84 L    -1  -2  -3  -4  -1  -2  -3  -4  -3   2   4  -2   2   0  -3  -2  -1  -2  -1   1    0   0   0   0   0   0   0   0   0   0   0   0   0   0   0   0   0   0   0   0  0.00     0.00
   85 V     0  -2  -3  -3  -1  -2  -2  -3  -3   3   1  -2   1  -1  -2  -2   0  -3  -1   4    0   0   0   0   0   0   0   0   0   0   0   0   0   0   0   0   0   0   0   0  0.00     0.00
   86 E    -1   0   0   1  -4   2   5  -2   0  -3  -3   1  -2  -3  -1   0  -1  -3  -2  -2    0   0   0   0   0   0   0   0   0   0   0   0   0   0   0   0   0   0   0   0  0.00     0.00
   87 L    -1  -2  -3  -4  -1  -2  -3  -4  -3   2   4  -2   2   0  -3  -2  -1  -2  -1   1    0   0   0   0   0   0   0   0   0   0   0   0   0   0   0   0   0   0   0   0  0.00     0.00
   88 F    -2  -3  -3  -3  -2  -3  -3  -3  -1   0   0  -3   0   6  -4  -2  -2   1   3  -1    0   0   0   0   0   0   0   0   0   0   0   0   0   0   0   0   0   0   0   0  0.00     0.00
   89 E    -1   0   0   1  -4   2   5  -2   0  -3  -3   1  -2  -3  -1   0  -1  -3  -2  -2    0   0   0   0   0   0   0   0   0   0   0   0   0   0   0   0   0   0   0   0  0.00     0.00
   90 Q    -1   1   0   0  -3   5   2  -2   0  -3  -2   1   0  -3  -1   0  -1  -2  -1  -2    0   0   0   0   0   0   0   0   0   0   0   0   0   0   0   0   0   0   0   0  0.00     0.00
   91 R    -1   5   0  -2  -3   1   0  -2   0  -3  -2   2  -1  -3  -2  -1  -1  -3  -2  -2    0   0   0   0   0   0   0   0   0   0   0   0   0   0   0   0   0   0   0   0  0.00     0.00
   92 R    -1   5   0  -2  -3   1   0  -2   0  -3  -2   2  -1  -3  -2  -1  -1  -3  -2  -2    0   0   0   0   0   0   0   0   0   0   0   0   0   0   0   0   0   0   0   0  0.00     0.00
   93 D    -2  -2   1   6  -3   0   1  -1  -1  -3  -4  -1  -3  -3  -1   0  -1  -4  -3  -3    0   0   0   0   0   0   0   0   0   0   0   0   0   0   0   0   0   0   0   0  0.00     0.00
   94 Q    -1   1   0   0  -3   5   2  -2   0  -3  -2   1   0  -3  -1   0  -1  -2  -1  -2    0   0   0   0   0   0   0   0   0   0   0   0   0   0   0   0   0   0   0   0  0.00     0.00
   95 L    -1  -2  -3  -4  -1  -2  -3  -4  -3   2   4  -2   2   0  -3  -2  -1  -2  -1   1    0   0   0   0   0   0   0   0   0   0   0   0   0   0   0   0   0   0   0   0  0.00     0.00
   96 L    -1  -2  -3  -4  -1  -2  -3  -4  -3   2   4  -2   2   0  -3  -2  -1  -2  -1   1    0   0   0   0   0   0   0   0   0   0   0   0   0   0   0   0   0   0   0   0  0.00     0.00
   97 T     0  -1   0  -1  -1  -1  -1  -2  -2  -1  -1  -1  -1  -2  -1   1   4  -2  -2   0    0   0   0   0   0   0   0   0   0   0   0   0   0   0   0   0   0   0   0   0  0.00     0.00
   98 W    -2  -3  -4  -4  -2  -2  -3  -2  -2  -3  -2  -3  -1   1  -4  -3  -2  10   2  -3    0   0   0   0   0   0   0   0   0   0   0   0   0   0   0   0   0   0   0   0  0.00     0.00
   99 R    -1   5   0  -2  -3   1   0  -2   0  -3  -2   2  -1  -3  -2  -1  -1  -3  -2  -2    0   0   0   0   0   0   0   0   0   0   0   0   0   0   0   0   0   0   0   0  0.00     0.00
  100 P    -1  -2  -2  -1  -3  -1  -1  -2  -2  -3  -3  -1  -2  -4   7  -1  -1  -4  -3  -2    0   0   0   0   0   0   0   0   0   0   0   0   0   0   0   0   0   0   0   0  0.00     0.00
  101 M    -1  -2  -2  -3  -2   0  -2  -3  -2   1   2  -1   6   0  -3  -2  -1  -2  -1   1    0   0   0   0   0   0   0   0   0   0   0   0 100   0   0   0   0   0   0   0  0.36 0.01
  102 V     3  -2  -2  -3  -1  -2  -2  -1  -2   1   0  -2   0  -2  -2   0   0  -3  -2   3   50   0   0   0   0   0   0   0   0   0   0   0   0   0   0   0   0   0   0  50  0.21 0.00
  103 P    -1  -2  -2  -2  -3  -1  -1  -2  -2  -3  -3  -1  -3  -4   8  -1  -1  -4  -3  -3    0   0   0   0   0   0   0   0   0   0   0   0   0   0 100   0   0   0   0   0  2.05 0.01
  104 P    -1  -2  -2  -2  -3  -1  -1  -2  -2  -3  -3  -1  -3  -4   8  -1  -1  -4  -3  -3    0   0   0   0   0   0   0   0   0   0   0   0   0   0 100   0   0   0   0   0  2.05 0.01
  105 P     0  -1  -1  -1  -1   0   0  -1  -1  -1  -1   0  -1  -2   6   0   0  -1  -1  -1    4   3   2   3   1   2   3   4   1   3   5   3   1   2  53   4   3   1   2   3  0.76 0.00
  106 K     0   1   0   0  -1   1   1  -1   0  -1  -1   3  -1  -1   0   0   0  -1  -1  -1    4   3   2   3   1   2   3   4   1   3   5  53   1   2   3   4   3   1   2   3  0.17 0.00
  107 W    -1  -1  -1  -1  -1  -1  -1  -1  -1  -1  -1  -1  -1   0  -1  -1  -1   9   1  -1    4   3   2   3   1   2   3   4   1   3   5   3   1   2   3   4   3  51   2   3  0.84 0.00
  108 N    -2   4   4   0  -3   1   0  -1   0  -3  -3   1  -2  -3  -2   0  -1  -3  -2  -3    0  50  50   0   0   0   0   0   0   0   0   0   0   0   0   0   0   0   0   0  0.52 0.00
  109 G     3  -2  -1  -2  -1  -1  -2   4  -2  -2  -3  -1  -2  -3  -2   1  -1  -3  -3  -1   50   0   0   0   0   0   0  50   0   0   0   0   0   0   0   0   0   0   0   0  0.52 0.00
  110 P    -1  -3  -2  -2  -3  -2  -1  -3  -3  -3  -3  -1  -3  -4   8  -1  -1  -4  -3  -3    0   0   0   0   0   0   0   0   0   0   0   0   0   0 100   0   0   0   0   0  2.15 0.06
  111 E     3  -2  -2  -1  -2  -1   1  -1   0  -2  -2  -1  -1   0  -2   0  -1  -1   4  -1   56   0   0   0   0   0  18   0   0   0   0   0   0   0   0   0   0   0  27   0  0.32 0.05
  112 V    -1  -3  -3  -4  -2  -3  -3  -4  -3   3   2  -3   1  -1   1  -2  -1  -3  -2   3    0   0   0   0   0   0   0   0   0  27  19   0   0   0   9   0   0   0   0  45  0.38 0.06
  113 V     0   3  -2  -3  -2  -1  -2  -3  -2   2   0   0   0  -2  -3  -2  -1  -3  -2   3    6  32   0   0   0   0   0   0   0   8   7   0   0   0   0   0   0   0   0  47  0.31 0.09
  114 E    -1  -2  -2  -2  -2  -1   1  -3  -2   3   0   0   0  -2   1  -2  -1  -3  -2   3    1   0   0   0   0   0  15   0   0  24   1   6   0   0   8   0   0   0   0  41  0.25 0.08
  115 R     2   2  -2  -2  -2   1  -1  -2  -2   2  -1   0  -1  -2  -2  -1  -1  -3  -2   1   35  19   0   0   0  11   0   0   0  23   0   0   0   0   0   0   0   0   0   9  0.20 0.08
  116 G     1  -1   1  -1  -1  -1  -1   1  -2   0  -1   0  -1  -2  -1   3   0  -3  -2   0   17   1   7   1   0   1   1   9   0  10   1   7   0   0   1  34   1   0   0  10  0.16 0.06
  117 P    -2   0  -2  -2  -3  -2  -2  -3  -3  -3  -3   1  -3  -4   7   0   1  -4  -3  -3    0   5   0   0   0   0   0   0   0   0   1   9   0   0  68   5   8   0   0   0  1.42 0.20
  118 A     4  -1  -2   1  -2  -1  -1  -1  -2  -1  -3   2  -2  -3  -2   1   0  -4  -3  -1   60   0   0   8   0   0   0   0   0   4   0  20   0   0   0   4   4   0   0   0  0.46 0.17
  119 S     0   1  -1  -1  -3   3   1   1  -1  -3  -3   3  -2  -4  -2   1   1  -3  -3  -2    3   4   0   0   0  24   6  14   0   0   0  26   0   0   0  14   7   0   0   4  0.36 0.14
  120 S     0   2  -2  -2  -3   0  -2  -3  -3  -3  -3   1  -3  -4   6   1   1  -4  -3  -3    9  11   0   0   0   3   0   0   0   0   0   9   0   0  44  11  13   0   0   0  0.87 0.20
  121 A     4   0  -2  -3  -3  -1  -1  -2   6  -3  -3  -2   1  -3   0   1  -2  -4  -1  -2   46   4   0   0   0   0   2   0  31   0   0   0   5   0   5   7   0   0   0   0  0.64 0.24
  122 A     1   0  -1   2  -3   1  -1  -2  -2  -3  -3   3  -2  -4  -2   1   3  -4  -3  -2   10   3   0  12   0   6   0   0   0   0   0  27   0   0   0  12  30   0   0   0  0.40 0.17
  123 A     4   1   1  -2  -2   1  -1  -2  -2  -3  -3   2  -2  -3  -2   0  -1  -3   1  -2   51   9   9   0   0   9   0   0   0   0   0  13   0   0   0   2   0   0   7   0  0.41 0.19
  124 S     1  -3  -2  -3   4  -2  -2  -2  -3  -1   1  -2  -1   0  -3   1   3  -3  -2   1   16   0   0   0  11   0   0   0   0   0  18   0   0   3   0  10  33   0   0   9  0.33 0.16
  125 F    -2  -4  -5  -5  -2  -4  -4  -5  -4   3   2  -4   0   2  -4  -3  -2  -3  -2   5    0   0   0   0   0   0   0   0   0  11  19   0   0  10   0   0   0   0   0  60  0.75 0.27
  126 I    -3  -4  -5  -5  -3  -4  -5  -5  -5   6   2  -4   0   0  -4  -4  -2  -4  -3   3    0   0   0   0   0   0   0   0   0  60  21   0   0   2   0   0   0   0   0  17  0.88 0.28
  127 M    -3  -4  -5  -5   2  -4  -4  -5  -3   0   3  -4   2   6  -5  -4  -3   6   0  -1    0   0   0   0   5   0   0   0   0   3  29   0   7  39   0   0   0  14   0   2  0.92 0.28
  128 L    -1  -3  -4  -5  -3  -3  -4  -5  -3   1   5  -4   2   2  -4  -2  -2  -2   1   0    4   0   0   0   0   0   0   0   0   2  69   0   5   9   0   2   0   0   5   4  0.69 0.25
  129 H    -4  -3  -2  -4  -6  -2  -3  -5  11  -6  -5  -3  -4  -4  -5  -3  -4  -5  -1  -6    0   0   0   0   0   0   0   0 100   0   0   0   0   0   0   0   0   0   0   0  2.89 0.63
  130 G    -2  -4  -2  -3  -5  -4  -4   7  -4  -6  -6  -4  -5  -5  -4  -2  -4  -5  -5  -5    0   0   0   0   0   0   0 100   0   0   0   0   0   0   0   0   0   0   0   0  1.98 0.45
  131 F    -2  -3  -3  -4  -2  -3  -3  -1  -4   1   4  -3   0   2  -4   0   0  -3  -2   2    0   0   0   0   0   0   0   5   0   3  54   0   0   8   0   8   5   0   0  17  0.43 0.20
  132 T    -2  -4  -2  -3  -4  -4  -4   7  -4  -5  -5  -3  -1  -5  -4  -2   0  -4  -5  -5    0   0   0   0   0   0   0  90   0   0   0   0   2   0   0   0   8   0   0   0  1.61 0.40
  133 S    -1  -3   0   6  -4   0   0   0   0  -4  -5  -2  -4  -5  -3   2   0  -5  -4  -4    4   0   0  57   0   3   0   5   3   0   0   0   0   0   0  23   5   0   0   0  0.88 0.29
  134 S    -1  -2   3   3  -3  -2  -1  -2  -2  -3  -4  -2  -3  -4  -2   4   3  -4  -3  -3    0   0  15  19   0   0   0   0   0   0   0   0   0   0   0  44  20   0   0   0  0.67 0.27
  135 G     1   0  -2  -2  -4  -2  -1   6   1  -5  -5  -2  -4  -4  -3   0  -2  -4  -4  -4   10   7   0   0   0   0   5  67   5   0   0   0   0   0   0   7   0   0   0   0  0.97 0.28
  136 M     0   1   1  -1  -3   2   0  -3   6  -3  -1   1   2  -2  -3   0  -2  -3   1  -3   10   8   5   2   0   9   3   0  30   0   5   7  10   0   0   6   0   0   4   0  0.41 0.19
  137 D    -1  -3  -1   4  -4  -2   1   4  -3  -1  -4  -2  -3  -4  -3   0  -2  -4  -4  -1    2   0   0  27   0   0   8  44   0   5   0   0   0   0   0   9   0   0   0   5  0.63 0.22
  138 C    -3  -4  -5  -5   1  -3  -1  -4  -3  -2   2  -4  -2   3   0  -2  -3  10   2  -3    0   0   0   0   3   0   5   0   0   0  24   0   0  15   5   3   0  41   5   0  1.28 0.33
  139 S     2   1  -2  -2  -2  -2  -1  -1  -3   3   0  -2   0  -2  -2   1   0  -3  -2   0   25   8   0   0   0   0   3   3   0  32   5   0   2   0   0  17   3   0   0   0  0.23 0.16
  140 A     1  -1   0   0  -3   1   1   2   0  -3  -2   1  -2   1   1  -1  -1  -2   1  -2   12   2   5   4   0   6  11  20   2   0   1   9   0  11   7   1   3   0   5   0  0.16 0.08
  141 N    -1   0   2  -2  -2   2  -1  -2   0  -1   2  -1   2  -2  -2  -1   0   1  -2   0    5   3  16   1   0  15   2   1   3   1  25   1   9   0   1   3   4   2   0   9  0.15 0.11
  142 F     2  -3  -3  -3   2  -1  -3  -3  -3   0   0  -3   1   3  -3  -1  -2   6   1   2   24   0   0   0   6   2   0   0   0   0   8   0   5  15   0   2   0  13   3  20  0.36 0.16
  143 A     0   2   0  -1  -3   1   1  -2  -2  -2  -1   1  -2   2   3   0  -1  -3  -1  -2   11  16   4   0   0   5  14   0   0   0   6   7   0  13  19   4   0   0   0   0  0.30 0.13
  144 A     1   1   2  -2  -2   0  -1  -1  -1  -1  -2   0   0  -1  -2  -1   0  -1   4   0   15  10  13   0   0   4   2   3   0   2   0   4   2   0   0   2   6   0  24  10  0.19 0.13
  145 L     0   1  -3  -3  -2   0  -2  -3  -3   3   2  -2   0  -1   0  -1  -1   2  -2   1   11  10   0   0   0   5   0   0   0  26  24   0   0   0   5   4   2   4   0   5  0.18 0.12
  146 D    -1   0  -1   2  -3   3   0  -1  -1  -1  -1   2  -2  -3   2   1  -1  -3  -2  -2    3   4   0  12   0  23   1   5   0   3   6  15   0   0  11  12   1   0   0   3  0.27 0.13
  147 S     1   0   2   0  -2   0   1  -1  -1  -2  -2   0   0  -2  -1   2   1  -3  -2  -2   15   5  16   4   0   3  11   1   0   1   3   3   3   1   1  20  12   0   1   1  0.21 0.09
  148 L    -2  -1  -3  -3   0   0  -3  -3  -2   0   4  -2   1   4  -3  -3  -2  -2   0  -1    1   3   1   1   2   7   1   1   0   1  51   1   2  26   1   1   1   0   0   1  0.50 0.19
  149 S     1   0   0   2  -2   2   0  -2  -2  -3  -2   0  -2  -3   4   2  -1  -3  -3  -2   15   4   4  11   0  10   5   1   0   0   5   2   0   0  22  18   1   0   0   1  0.37 0.13
  150 G    -2  -1   3   1  -3  -1   1   0   6  -3  -1  -1  -2  -3  -2   1  -1  -3  -1  -3    1   0  15   9   0   0   9   9  29   0   8   3   0   0   0  12   3   0   0   1  0.41 0.17
  151 L     0  -3  -2  -3   5  -2  -3  -1  -3   2   1  -2   0   1  -3  -1   1  -3  -2   2    7   0   0   1  15   0   1   6   0  19   9   1   0   6   0   1  15   0   0  19  0.24 0.12
  152 R    -1   4   2  -2  -4   1  -1  -2   4  -3  -3   3  -2  -3  -2  -1  -1  -3  -2  -3    3  34   9   1   0   3   1   1  15   0   1  26   0   0   0   3   2   0   0   1  0.59 0.20
  153 M    -3  -3  -4  -4  -3  -3  -4  -4  -2   0   0  -3   1   6  -4  -3  -3   6   3   0    1   0   0   1   0   0   1   1   0   6   6   1   3  52   0   1   1  12   9   5  0.93 0.25
  154 V    -1  -4  -4  -4   2  -3  -4  -4  -4   5   1  -3   0  -2  -3  -2  -2  -4  -2   3    4   0   0   0   6   0   0   0   0  53   9   0   0   0   0   3   0   0   0  23  0.63 0.23
  155 F    -2  -3  -3  -1   3  -3  -3  -4  -3  -1   2  -3   1   6  -4   1  -2  -1   2  -2    0   0   0   5   6   0   0   0   0   0  20   0   5  44   0  15   0   0   5   0  0.61 0.25
  156 P    -1  -4  -4  -4  -5  -3  -3  -4  -4  -5  -5  -3  -5  -6   8  -3  -3  -6  -5  -4    5   0   0   0   0   0   0   0   0   0   0   0   0   0  95   0   0   0   0   0  2.65 0.53
  157 S    -2  -2   4   2  -4   1   1  -2   6  -4  -4  -1  -3  -4  -3   1   2  -4  -2  -4    0   0  25  14   0   4   7   0  25   0   0   0   0   0   0   9  15   0   0   0  0.65 0.24
  158 A     6  -3  -3  -3  -2  -2  -2   2  -3  -3  -3  -2  -3  -4  -2   0   0  -4  -3  -2   81   0   0   0   0   0   0  11   0   0   0   0   0   0   0   0   5   0   0   0  0.94 0.33
  159 P    -2  -3  -3  -2  -3  -2  -2  -3   2  -3  -1  -2  -3  -4   7   0  -2  -4  -3  -3    1   1   1   1   0   1   1   1   5   1   6   1   0   1  71   6   1   0   0   1  1.61 0.32
  160 T    -1  -1   0  -2  -1   0  -1  -2  -1   1   0  -1   1  -1   0   0   2  -2   1   1    2   3   4   1   0   5   1   2   0  11   9   3   5   1   5   8  18   0   6  15  0.08 0.06
  161 V    -1   2  -1  -2  -2   1   0  -2  -2   3   0   0   1  -1  -2   0   0  -2  -2   1    4  14   3   1   0   7   5   1   0  27   7   4   6   1   1   6   5   0   1   9  0.11 0.08
  162 S     0  -2  -2  -2   0  -2  -1   0  -2  -1  -3  -2  -2  -3   6   2  -1  -3  -3  -2    7   1   1   1   2   1   3   6   0   6   1   1   0   1  48  19   1   0   0   1  0.90 0.22
  163 F    -1  -3   0  -3  -2  -2  -1  -3  -2   2   0  -2   0   2  -3  -2  -1  -2   3   3    3   0   6   0   0   0   6   1   0  16   6   0   0   9   0   1   0   0  11  39  0.29 0.15
  164 G    -1   1   1   1  -2  -1  -1   3  -2  -3  -3  -1  -2  -3   1   1   2  -3  -1  -2    1  11   7   9   0   1   1  26   0   1   1   1   0   1   6  13  18   0   3   1  0.28 0.12
  165 G     0  -3  -1  -1  -3  -2  -2   6  -2  -4  -3  -1   0  -3  -3   0  -2  -3   1  -3    3   1   2   3   0   0   1  67   0   1   1   2   4   0   1   7   1   0   5   1  0.89 0.24
  166 F     1  -2  -1   0  -2   1  -1  -2  -1   0  -1  -2   5   2  -2   0  -1  -2   3  -1   19   1   3   6   0   6   3   1   0   4   1   1  29   8   1   6   1   0  11   1  0.27 0.17
  167 P     0   1  -2  -1  -2  -1   1  -2  -2  -1  -1   1   1  -2   3   0   0  -3  -2   1    7   9   1   1   0   1  13   1   0   1   5   9   7   0  19   5   3   0   0  18  0.24 0.10
  168 L     0  -2  -3  -3  -2  -2  -3   0  -2   0   1  -2   8  -1  -3  -2  -2  -2   0  -1    7   1   1   1   0   1   1   9   0   3   9   1  58   1   1   1   1   0   4   1  0.79 0.28
  169 A    -1   0  -3  -2  -3  -2  -2  -3  -3  -3  -3  -2  -3  -3   7  -2   1  -3   0  -3    4   6   1   1   0   1   1   1   0   1   1   1   0   1  66   1   8   0   4   1  1.43 0.29
  170 S     1   0  -1   1  -2   0  -1   1  -1  -2  -1  -1  -2  -2  -2   3   0  -2   1  -2   17   6   1  10   0   4   1  11   0   1   6   1   0   1   1  31   1   0   8   1  0.20 0.12
  171 W    -3  -3  -3   0  -3  -3  -3   0  -3  -3  -3  -3   1   1  -4  -3  -3  11   0  -1    1   1   1   5   0   1   1   9   0   1   1   1   4   5   1   1   1  60   0   6  1.91 0.40
  172 L    -2   1  -3  -3   0  -2  -1  -3   0  -1   0  -2   1   6  -3  -2  -2  -1   4   0    1   9   1   1   2   1   5   1   2   1   7   1   4  42   1   1   1   0  14   6  0.54 0.20
  173 P    -1  -1   1   5  -3   1   1  -2  -2  -3  -3   0  -3  -3   1   1   0  -3  -3  -3    3   1   4  44   0   8   6   1   0   1   1   6   0   1   7   9   5   0   0   1  0.54 0.18
  174 P    -1   0   0  -2  -2  -2  -2  -2  -2   3   1  -2   0  -1   0  -2  -1   4   1   1    2   6   6   1   1   1   2   2   1  30  14   2   1   1   4   2   2   8   5  10  0.19 0.09
  175 P     0   0  -1  -2  -2   0  -1  -1  -1  -1   0   0   0   2   3  -1   1  -1   2  -1    6   4   1   1   0   4   2   6   1   1  11   8   2  11  14   2  12   0  11   2  0.15 0.07
  176 P     0   1  -1   1  -2   0   1   0  -1  -2  -2   0  -2  -2   3   1  -1  -2  -2  -1    8  10   1  11   1   3  13   7   1   1   2   5   1   1  14  15   2   0   1   4  0.22 0.07
  177 G    -1   0  -1  -1  -2   0   0   0   1   0   2  -1   1   0  -2   0  -1   4  -1  -1    2   5   1   1   1   5   7  10   5   3  27   2   3   5   1  11   2   7   1   2  0.09 0.07
  178 G     0   0   1   1  -2   0   0   3  -1  -2  -2   0  -2   0   0   0  -1   2   0  -2    6   7   6  10   1   4   6  24   1   1   3   7   1   6   3   5   2   4   3   2  0.16 0.06
  179 G    -1   0   2   2  -2  -1  -1   3  -1  -2  -2  -1  -2   0   1  -1  -1   4  -1  -1    2   5  13  15   0   1   1  23   1   1   2   1   1   6   9   2   1   8   1   6  0.26 0.11
  180 G    -1   1   0   1  -2   0   0   1   1  -1  -1   0   0   0   1   0   0  -1  -1  -1    3  10   2  11   1   2   4  13   5   2   5   4   5   6   7  11   5   0   1   4  0.07 0.03
  181 M     0  -1   0  -1  -1  -1  -1   0  -1   0   1  -1   1   1  -1   1   0   3   0   1   10   2   4   2   1   2   2   7   1   4  14   2   4   9   2  12   5   5   1  11  0.04 0.03
  182 D     0  -1   0   2  -2   0   0   2  -1  -1  -2   0  -1  -2   2   1   0  -2  -2  -1    3   2   2  14   1   5   4  15   1   2   3   7   1   1  10  17   2   1   1   7  0.16 0.05
  183 A     0   1   2   0  -2   0   0  -1   2  -1  -1   0  -1  -1  -1   1   0  -1   0  -1   10  11  13   6   1   2   7   3   9   2   3   4   1   3   2  11   2   1   3   7  0.09 0.04
  184 M    -1   0  -1   0  -2   1   0  -2   1   1   0  -1   1   1   0  -1  -1   3   1   1    3   5   2   6   1   8   4   3   6  13   7   2   4   6   3   2   2   5   6  12  0.05 0.04
  185 L    -1  -2  -2  -1  -2  -1   0  -2  -2   3   0  -2   0  -1   1   1  -1   5  -1   1    2   1   1   3   1   1   7   2   1  28   8   2   1   1   6  14   2  10   1   9  0.20 0.10
  186 G     0   1  -1  -1  -2   0  -1   1   1  -1  -1   1  -1   1   2  -1  -1  -1   0  -1   12   9   1   4   1   1   2  10   5   4   4  11   1  11  10   2   2   0   3   4  0.08 0.04
  187 G     0  -1   0   1  -2  -1   0   1   1  -1  -1   0   1   0   1   1   0  -2  -1  -1    6   2   1  11   1   1   2  14   4   2   6   9   6   6   8  13   4   0   1   2  0.09 0.05
  188 M     0   0  -1   0  -1  -1  -1   0  -2   1   2  -1   2   0   1  -1  -1   1  -1   0    7   7   1   6   1   1   2   7   1   9  24   2   9   3   6   2   2   3   1   7  0.06 0.05
  189 M     0  -1  -1   0  -1   1  -1  -1  -1   1   0  -1   1   0   1   1   1  -2  -1   0    9   1   1   4   1  11   2   2   1   9   5   2   7   6   6  15  12   0   1   5  0.08 0.06
  190 K     2   0   2   0  -2  -1  -1   1  -1  -2  -2   1  -2  -3   3   1  -1  -3  -2  -2   21   6  13   3   0   1   1  11   0   1   2  13   0   1  15   9   1   0   1   1  0.26 0.10
  191 M     0   1   2   0  -2  -1  -1   0   1   1  -1   0   2  -2   1   0  -1  -2  -2   0    6  12  12   7   0   1   3   9   5  13   2   5  10   1   6   4   1   0   1   5  0.07 0.07
  192 L     1   1   1  -1  -2   0   1  -1  -1  -1   0   0  -1  -2  -2   2   1  -3  -2  -1   10  11   9   1   0   1  10   3   0   4  13   5   0   1   1  20  10   0   1   1  0.12 0.08
  193 Q     0   0   2   0  -2   1   1  -2   0   1  -1   0  -1  -2   1   1   0  -3  -2   0    5   5  16   3   0   6   8   1   2  14   6   5   0   1   5  14   5   0   1   3  0.10 0.07
  194 A    -1   0  -1   1  -3   3   2  -2  -1  -1  -2   1   0   0  -2   1  -1   3  -1  -1    4   5   1   8   0  20  17   1   0   5   1   6   3   5   1  14   1   5   0   5  0.22 0.12
  195 S    -2  -2   1   6  -4  -2   0  -3  -2  -4  -2   1  -3   0   0   1  -2  -4  -3  -4    0   0   5  59   0   0   0   0   0   0   4   8   0   5   5  12   0   0   0   0  0.86 0.30
  196 Q    -2   0  -2   0   2   1   3  -3  -2   0   1  -1  -1  -2  -1  -1   1   3  -2  -1    0   5   0   5   5   5  32   0   0   6  17   0   0   0   2   2  10   5   0   4  0.24 0.16
  197 P     1  -1   1   1  -3   3   3  -2  -1  -2  -3   1  -2  -4   2   1  -1  -4  -3  -2   14   0   7   7   0  16  22   0   0   2   0   7   0   0  10   7   2   0   0   3  0.34 0.15
  198 D     0  -3  -1   3  -3  -1   1   4  -3   0  -3  -2  -3  -4  -3  -1  -2  -4  -3  -1    5   0   0  22   0   2  12  40   0   8   0   0   0   0   0   3   0   0   0   5  0.51 0.20
  199 V    -1  -1  -3  -4  -2  -3  -3  -4   1   4   2  -3   1   3  -4  -3   0  -3  -1   2    5   5   0   0   0   0   0   0   5  30  19   0   2  16   0   0   4   0   0  14  0.35 0.17
  200 K    -1  -1  -1  -1  -3   0   0  -3  -1   1   2   2   1  -1  -3  -1  -1  -3  -2   1    4   0   2   2   0   3   6   0   2   8  32  23   2   2   0   5   0   0   0  10  0.17 0.14
  201 E    -2   2   1   1  -4   3   2  -3  -1  -3  -2   3  -2  -4  -2  -1   0  -4  -3  -1    0  11   6   5   0  13  18   0   0   0   3  28   0   0   0   2   4   0   0   7  0.39 0.17
  202 A     2   0   0   0  -3   0   0  -2  -2  -1  -3   0  -3  -4  -2   4   0  -4  -3  -2   20   5   4   4   0   3   5   0   0   5   0   3   0   0   0  48   2   0   0   0  0.47 0.25
  203 V     0   0  -2  -3   1   1  -2  -3  -2   2   1   1   2   0  -3  -1   1  -3  -2   1   10   4   0   0   4   7   0   0   0  13  14  10   9   5   0   0  11   0   0  14  0.14 0.11
  204 T    -1   1   2   2  -3   3   2  -1  -1  -3  -3   3  -2  -4  -2   0   1  -4  -3  -3    2   5   9  11   0  19  15   4   0   0   0  21   0   0   0   4   8   0   0   0  0.39 0.16
  205 Y    -1   0   1  -1  -3   0   2  -2  -1  -1  -1   0   1  -1  -2   1   1   3   2   0    0   4   8   0   0   2  20   0   0   2   5   4   7   0   0  14  11   4  11   6  0.17 0.13
  206 V    -2  -3  -4  -4  -3  -3   0  -4  -4   3   2  -3   3   2  -4  -3  -2  -3  -1   4    0   0   0   0   0   0   8   0   0  15  21   0  10  12   0   0   0   0   0  34  0.48 0.21
  207 W    -2   0   1   0   2   0   1  -3   4  -3  -1   2  -2  -3   1   1   1   2  -2  -3    0   5   9   2   5   3  12   0  15   0   8  14   0   0   7   9   9   3   0   0  0.24 0.14
  208 E     1  -1   2   3  -3   1   2  -2   1  -3  -2   1  -2  -4  -2   1   1  -4  -3  -2   12   0  15  17   0   7  11   0   5   0   3   9   0   0   0   7  13   0   0   0  0.31 0.15
  209 L    -3  -3  -4  -4  -3  -3  -4  -4  -3   2   4  -3   2   3  -4  -3   0  -2   0   0    0   0   0   0   0   0   0   0   0  13  55   0   5  14   0   0   7   0   3   0  0.61 0.24
  210 I    -3  -4  -4  -4  -3  -4  -4  -5  -4   7   0  -4  -1  -2  -4  -3   0  -4  -3   2    0   0   0   0   0   0   0   0   0  82   3   0   0   0   0   0   6   0   0   5  1.17 0.37
  211 R    -1   0   1   4  -4   2   3   0  -2  -4  -4   2  -3  -4  -2  -1  -2  -4  -3  -3    5   3   6  30   0   8  22   5   0   0   1  17   0   0   0   0   0   0   0   0  0.54 0.20
  212 R     0   1   1  -1  -3   3   4  -1   1  -3  -3   2  -2  -4  -2   0   0  -3  -2  -3    8   5   5   0   0  19  33   3   4   0   1  11   0   0   0   3   7   0   0   0  0.45 0.19
  213 E    -1  -1  -1   2  -4   3   5  -3   0  -3  -1   0   1  -4  -2  -1  -2  -4  -3  -3    5   0   0  11   0  19  44   0   2   0   5   4   5   0   0   3   0   0   0   0  0.59 0.24
  214 I     0  -1   0   0  -2   0  -1  -3  -2   3   0   1   1  -2  -2  -1   1  -3  -2   2    6   1   4   5   0   6   1   1   0  25   8  12   5   0   1   1   8   0   0  16  0.14 0.11
  215 A     1   2  -1   3  -3   1   1  -2  -1  -3  -3   2  -2  -3  -2   1  -1  -3  -2  -2   17  10   1  24   0   5   8   1   0   1   1  18   0   1   1   8   1   0   1   1  0.32 0.13
  216 R     0   0   2   1  -2   1   1  -1   3  -2  -2   0  -2  -1  -2   2   1  -2   1  -2    7   4  15   6   0   5   9   2   8   1   3   5   0   2   1  19   7   0   5   1  0.19 0.10
  217 G    -1  -2   1  -1  -3   0  -2   6  -3  -4  -2  -1  -3  -3  -3  -1  -2   3  -3  -3    1   1   7   2   0   5   1  65   0   1   5   4   0   0   1   1   1   5   0   1  0.88 0.26
  218 V    -1  -4  -3  -4  -2  -3  -4  -4  -4   5   0  -3   0   1  -3  -2   2  -3  -2   2    5   0   0   0   0   0   0   0   0  56   5   0   0   5   0   0  16   0   0  10  0.61 0.25
  219 P    -2  -2   3   2  -3   0   0   0  -2  -3  -1   1  -2  -3   5   0  -2  -4  -3  -2    0   0  20  14   0   3   3   5   0   0  10   9   0   0  29   4   0   0   0   2  0.52 0.19
  220 A     2   0  -1   0  -3  -1  -1   0  -2  -3  -2   2  -2  -3   4   1   0  -3  -1  -2   21   5   0   5   0   0   3   5   0   0   2  15   0   0  21  11   7   0   3   0  0.35 0.15
  221 E    -2  -1   3   3  -4   1   3   0  -1  -4  -4   0  -3  -4  -2   2  -1  -4  -3  -3    0   0  15  20   0   5  29   5   0   0   0   5   0   0   0  18   0   0   0   0  0.54 0.21
  222 K    -1   6   2  -1  -4   0  -1  -3  -2  -4  -3   1  -3  -4  -3  -1   1   3  -3  -3    5  54  11   2   0   2   0   0   0   0   0   7   0   0   0   0  10   5   0   0  0.77 0.28
  223 I    -2  -4  -4  -4  -3  -4  -4  -5  -4   6   1  -4   0  -2  -4  -3   0  -4  -3   3    0   0   0   0   0   0   0   0   0  66   5   0   0   0   0   0   5   0   0  20  0.93 0.31
  224 V     1  -4  -4  -4  -2  -3  -4  -4  -3   4   1  -3   0   3  -4  -3  -2   2   2   3   14   0   0   0   0   0   0   0   0  31   7   0   0  16   0   0   0   2   6  23  0.47 0.21
  225 V    -1  -4  -5  -5  -2  -4  -4  -5  -4   5   3  -4   0   1  -4  -3  -2  -3  -2   3    5   0   0   0   0   0   0   0   0  39  29   0   0   5   0   0   0   0   0  22  0.65 0.24
  226 G     0  -3  -2  -3   3  -3  -3   5  -3   1  -1  -2  -2   1  -3   0  -2  -3  -2   0    5   0   0   1   7   0   1  47   0  11   6   1   0   7   0   7   1   0   0   6  0.47 0.18
  227 G    -2  -5  -3  -4  -5  -4  -4   7  -4  -6  -6  -4  -5  -5  -4  -2  -4  -5  -5  -6    0   0   0   0   0   0   0 100   0   0   0   0   0   0   0   0   0   0   0   0  2.08 0.50
  228 F    -2  -5  -5  -6  -4  -5  -5  -5  -3  -2   0  -5  -2   8  -6  -4  -4  -1   2  -3    5   0   0   0   0   0   0   0   0   0   6   0   0  85   0   0   0   0   5   0  1.81 0.48
  229 S    -1  -3  -2  -3  -3  -2  -2   0  -3  -5  -5  -2  -4  -5  -3   7  -1  -5  -4  -4    0   0   0   0   0   0   0   5   0   0   0   0   0   0   0  95   0   0   0   0  1.48 0.52
  230 Q    -3  -2   0  -3  -5   8  -1  -4  -2  -4  -3  -1   4  -5  -4  -3  -3  -4  -4  -4    0   0   5   0   0  81   0   0   0   0   0   0  14   0   0   0   0   0   0   0  1.68 0.55
  231 G    -2  -5  -3  -4  -5  -4  -4   7  -4  -6  -6  -4  -5  -5  -4  -2  -4  -5  -5  -6    0   0   0   0   0   0   0 100   0   0   0   0   0   0   0   0   0   0   0   0  2.08 0.50
  232 G     4  -3  -2  -3   2  -3  -3   4  -3  -4  -4  -3  -3  -4  -3  -1   2  -4  -4  -3   40   0   0   0   4   0   0  41   0   0   0   0   0   0   0   0  15   0   0   0  0.80 0.30
  233 L     4  -3   0  -3   2  -2  -3  -2  -3   1   0  -2   6  -3  -3  -1  -2  -3  -3  -1   47   0   5   0   5   0   0   0   0   8   3   0  28   0   0   0   0   0   0   0  0.62 0.30
  234 I    -2  -3  -4  -4  -2  -3  -4  -4  -4   4   3  -3   4   1  -3  -3   0  -3  -2   2    0   0   0   0   0   0   0   0   0  31  26   0  16   5   0   0   5   0   0  15  0.52 0.20
  235 A     3   0  -2  -2  -2  -2  -2   2  -3  -2  -3  -2  -2  -4  -2   3   2  -4  -3   0   29   5   0   0   0   0   0  19   0   0   0   0   0   0   0  23  15   0   0   9  0.41 0.21
  236 T    -3  -3  -4  -4  -3  -3  -4  -4  -3   1   5  -3   2   1  -4  -3  -1  -2   1   0    0   0   0   0   0   0   0   0   0   7  68   0   5   4   0   0   3   0   5   4  0.70 0.26
  237 R     3  -1  -3  -3  -3  -2  -1   0   4  -3  -1  -2  -2   1  -3  -2  -2  -1   5  -2   31   3   0   0   0   0   5   7  14   0   6   0   0   6   0   0   0   0  29   0  0.54 0.26
  238 A     1  -2  -1  -2  -2  -2  -2  -2  -3   0   1  -2  -1  -2  -2   3   3  -3  -3  -1   12   0   2   0   0   0   0   0   0   5  20   0   0   0   0  31  26   0   0   0  0.37 0.22
  239 A     2  -2  -2  -2   2  -2  -2   2  -3   0  -1  -2   0  -1  -2   1   2  -3  -2   1   26   0   0   0   5   0   0  16   0   5   5   0   2   2   0   7  21   0   0   9  0.24 0.15
  240 L    -1  -3  -4  -4  -3  -3  -3  -4  -3   1   4  -1   2   1  -4  -3  -2  -2   3   1    5   0   0   0   0   0   0   0   0   4  55   5   4   4   0   0   0   0  14   8  0.52 0.22
  241 S     0   1  -2  -2   0  -1  -2  -3  -2   1   1   0  -1   0  -2   1   3  -3  -2   0    8  10   0   0   2   2   0   0   0  10  13   7   0   5   0  12  24   0   0   6  0.15 0.13
  242 F    -2  -1   1  -2   2   3   0  -2   3  -2   1  -1  -1   2  -2  -1  -2  -2   2  -2    1   1   7   1   6  22   5   3  12   1  16   3   0  11   1   3   1   0   9   1  0.24 0.15
  243 P    -1  -1  -2  -2  -3   1  -1  -2  -2  -1  -1   0  -2  -2   5   0   2   3   1  -2    3   3   1   1   0  10   1   1   0   5   5   4   0   1  33   6  16   4   5   1  0.53 0.18
  244 D     0   0   0   1  -3   2   2  -2   3  -3  -3   3   0  -3  -2  -1   0  -3  -2  -2    6   1   3   8   0  10  18   1   9   1   1  31   3   1   1   1   5   0   0   1  0.35 0.15
  245 A    -1   1   1   0   0   1   0   1   0  -2  -2   0  -2  -1   1   0   2   1   1  -1    4   7   7   5   2  10   6  10   2   0   1   3   0   2   6   3  17   2   7   5  0.11 0.07
  246 P    -1   1   1   0  -3   1   0  -2  -1  -2  -1   4  -2  -3   3  -1  -1  -3  -2  -1    2   6   6   6   0   6   1   2   0   1   7  34   0   1  18   2   1   0   1   6  0.35 0.14
  247 I    -1  -3  -3  -4   2  -3  -3  -1  -3   2   4  -3   0   0  -3  -3  -2  -3  -2   2    6   0   0   0   5   0   1   5   0  15  49   0   0   3   0   1   0   0   0  13  0.42 0.18
  248 G     3  -3  -2  -3   0  -2  -3   5  -3  -4  -4  -1  -3  -2  -3   0   0  -4  -3  -3   27   0   0   0   3   0   0  50   0   0   0   4   0   2   0   6   5   0   0   0  0.72 0.25
  249 G     1   0  -2  -3   2  -3  -3   6  -3  -4  -4  -2  -3  -4  -1   0  -2  -4  -4  -4   13   6   0   0   5   0   0  66   0   0   0   0   0   0   3   5   0   0   0   0  0.99 0.30
  250 A     0  -3  -3  -3   3  -3  -3  -1  -3   2   1  -3   1   3  -3  -1   0  -2  -1   3    7   0   0   0   7   0   0   5   0  17   7   0   5  16   0   5   5   0   0  27  0.27 0.15
  251 L     0  -3  -3  -4  -2  -1  -3  -3  -3   3   1  -3   2   3  -3  -2  -1  -2  -1   2   11   0   0   0   0   4   0   0   0  27   9   0   6  19   0   0   3   0   0  18  0.36 0.18
  252 A     3  -3  -3  -3   2  -2  -3   2  -3  -1   0  -2   1  -3   1   0  -1  -4  -3   1   35   0   0   0   5   0   0  18   0   0   7   0   5   0   7   6   2   0   0  15  0.32 0.19
  253 L    -3  -4  -4  -4   1  -3  -4  -1   2  -1   4  -4   0   5  -4  -2  -1  -2   0   0    0   0   0   0   3   0   0   5   6   0  44   0   0  30   0   3   5   0   0   5  0.56 0.26
  254 S    -1  -3   1  -2  -3  -2  -2  -1   1  -1  -4  -1  -3  -3  -3   6  -1  -4   2  -3    0   0   5   0   0   0   0   3   4   5   0   3   0   0   0  72   0   0   8   0  0.86 0.39
  255 T    -2  -4  -2   0   4  -3  -3   6  -4  -4  -5  -3  -4  -5   0   0   2  -4  -4  -4    0   0   0   4  10   0   0  62   0   0   0   0   0   0   4   6  14   0   0   0  1.01 0.33
  256 F    -3   0  -3  -4  -3  -3  -3  -1  -2  -2  -2  -3   2   5  -4  -2   0   6   5  -2    1   6   0   0   0   0   1   5   0   0   1   0   8  31   0   2   7  14  22   1  0.78 0.27
  257 F     0  -1  -3  -3   2  -2  -2  -3  -2   0   2  -2   1   1  -3   0  -1  -2   1   2   11   4   1   1   6   0   1   1   0   2  32   1   2   8   1   7   1   0   6  17  0.20 0.12
  258 G    -2  -1   2  -2  -3  -2  -2   2  -2  -3  -2  -2  -3  -3   6  -1  -2   2  -1  -3    2   3  15   1   0   1   1  15   0   1   4   1   0   1  45   1   1   3   3   1  0.87 0.22
  259 V     1   0  -3  -3  -2  -2  -2  -3  -3   1   2  -1   0   2   0  -1   0  -2  -1   1   15   4   0   0   0   0   0   0   0  10  31   5   0  14   4   3   5   0   0   6  0.18 0.12
  260 D     0   2   2   1  -2  -1   0   0   0   0   1   0  -1  -2  -2   0  -1  -3  -2  -1    9  18  11   9   0   0   6   6   2   5  18   6   0   0   0   6   2   0   0   1  0.11 0.09
  261 A     1  -1   0   0  -2   0   0   0   0   0  -1   0   2  -3   0   3   0  -4  -3  -1   15   3   3   6   0   3   5   4   2   6   2   5   7   0   3  27   5   0   0   4  0.16 0.14
  262 A     1  -1  -2   0  -3   0   1  -2   0   0   0   1   0   0   1   2  -1  -3   0   0   13   0   0   3   0   3  10   0   2   7   6  12   3   3   6  19   0   0   3   9  0.11 0.12
  263 N    -2   0  -1  -2  -3   0   0  -1   0   2   0   0  -1   1   3   0   2  -3  -2   0    0   4   3   0   0   3   6   3   3  15   6   7   0   7  15   6  16   0   0   6  0.17 0.13
  264 V     0   0  -3  -4  -3  -1  -3  -4  -3   2   2   0   2  -2   2  -2   0  -3   0   2    8   5   0   0   0   3   0   0   0  16  20   5   7   0  11   0   4   0   4  15  0.25 0.16
  265 A     0   0   1   0  -3   2   2  -1  -2  -4  -4   1  -3  -4   2   2   1  -4  -3  -3    8   3   8   2   0  11  11   2   0   0   0  11   0   0  12  23   7   0   0   0  0.39 0.21
  266 D     1  -1   2   2  -3   1   0   0  -2  -2  -2   1  -1  -3   1   1   0  -4  -3  -1   16   2  14  15   0   9   2   5   0   2   3   7   2   0   7   8   4   0   0   4  0.21 0.13
  267 A     3  -2   0  -2  -3   0   0  -2   1  -1   0  -1   1   0  -3   1   0  -3   1  -2   35   0   6   0   0   5   5   0   4   3   8   2   5   5   0  11   5   0   6   0  0.23 0.19
  268 N     1  -3   6  -2  -4   3  -2  -3  -2  -4  -5  -2  -4  -5   1   1  -2  -5  -4  -1   13   0  51   0   0  14   0   0   0   0   0   0   0   0   7  10   0   0   0   4  0.96 0.42
  269 E    -2   2  -2  -2  -4   3   1  -2  -2  -3   0   4  -2   0  -1  -2   0  -4  -3  -1    0  13   0   0   0  16   6   3   0   0   9  34   0   4   3   0   7   0   0   3  0.44 0.25
  270 E     0   1   0   3  -3   1   1   1   1  -2  -2   1  -2  -1   0   0   0  -3  -2  -2    6   8   2  23   0   4  10   9   4   0   5  10   0   3   3   5   6   0   0   2  0.18 0.08
  271 L     0  -1  -2  -3  -2  -1  -2  -1  -3   2   1  -2   0  -2  -3  -1   3  -3  -2   1    6   4   0   0   0   3   0   6   0  21  19   0   0   0   0   0  33   0   0   7  0.23 0.13
  272 K    -1   0  -3  -3  -4  -2  -2  -3  -3  -4  -4   0  -3  -5   8   0   0  -5  -4  -3    4   6   0   0   0   0   0   0   0   0   0   5   0   0  75   5   5   0   0   0  1.70 0.31
  273 L    -1  -3  -3  -4  -2  -3  -3  -4  -4   3   2  -3   1   0  -3  -2   0  -3  -2   3    4   0   0   0   0   0   0   0   0  28  28   0   3   4   0   0   8   0   0  25  0.39 0.13
  274 F    -2  -3  -3  -4   2  -3  -4  -4   1   1   3  -3   1   5  -4  -3  -1  -1   2  -1    0   0   0   0   5   0   0   0   5   5  40   0   3  34   0   0   4   0   4   0  0.52 0.17
  275 V    -2  -2  -2  -3   3   3  -1  -4   3   0   2  -2   3  -1  -3  -2  -1   4  -1   1    0   0   0   0   7  22   0   0  10   4  27   0  11   0   0   0   3   7   0   9  0.31 0.15
  276 A     1  -3  -3  -3   5  -2  -3   0  -3   1   0  -3   0   2  -3   0   0   3  -1   1   17   0   0   0  16   0   0   8   0  15  10   0   0  12   0   5   4   4   0   9  0.21 0.10
  277 H    -1  -3  -2  -4  -6  -2  -3  -5  10  -6  -5  -3  -4  -4  -5  -3  -4  -5   2  -6    4   0   0   0   0   0   0   0  91   0   0   0   0   0   0   0   0   0   5   0  2.66 0.62
  278 G    -2  -5  -3  -4  -5  -4  -4   7  -4  -6  -5  -4   1  -5  -4  -3  -4  -5  -5  -5    0   0   0   0   0   0   0  95   0   0   0   0   5   0   0   0   0   0   0   0  1.93 0.47
  279 A    -1  -2  -1   2  -3   1   2  -1  -2  -1   0   0   0  -3  -3   0   4  -4  -3  -2    4   0   0  15   0   7  12   3   0   3   9   4   2   0   0   2  37   0   0   0  0.33 0.20
  280 E     2  -2   1   2   2   1   2  -2  -2  -2   0  -1   1  -2  -3  -1  -2  -3   2  -1   21   0   6  16   5   6  16   0   0   0  10   2   5   0   0   2   0   0   9   2  0.20 0.15
  281 D    -4  -4  -1   8  -6  -3  -1  -2  -4  -6  -6  -3  -6  -6  -4  -3  -3  -7  -6  -6    0   0   0  97   0   0   0   3   0   0   0   0   0   0   0   0   0   0   0   0  2.15 0.54
  282 P    -2   0   1   2  -4   2   2  -1  -2  -4  -4   0  -4  -5   6  -1  -2  -5  -4  -4    0   6   6  15   0  10  11   5   0   0   0   4   0   0  39   3   0   0   0   0  0.85 0.25
  283 L    -2  -4  -4  -5  -3  -4  -4  -2  -5   3   2  -4   1  -2  -4  -3  -1  -4  -3   5    0   0   0   0   0   0   0   4   0  13  22   0   4   0   0   0   2   0   0  55  0.72 0.27
  284 V    -2  -4  -4  -5   2  -4  -4  -5  -5   3   1  -4  -1   0  -4  -3   0  -4  -3   5    0   0   0   0   4   0   0   0   0  20   8   0   0   3   0   0   5   0   0  59  0.80 0.29
  285 P    -2   0   2   1   2   0   0  -2  -3  -3   0  -1  -2  -4   6  -1   0  -4  -4  -3    0   5  12   7   5   4   4   3   0   0  13   2   0   0  38   2   4   0   0   0  0.65 0.22
  286 L    -1  -2   0  -3   2  -2  -2  -3   4   1   0  -1  -1   3  -3   0  -1  -2   3   1    3   0   4   0   5   0   0   0  12  10  10   5   0  15   0  10   0   0  13  13  0.22 0.14
  287 A     1   0   0   2  -3   1   2  -1   1  -2  -2   1   0  -3  -1   1  -1  -3  -2  -1   16   5   2  15   0   4  19   3   4   0   1   8   3   0   2  11   0   0   0   5  0.23 0.11
  288 E     0  -1  -2  -1  -2  -1   2   0   1  -1   0  -1   1   2  -2  -1  -2   5   2  -2   10   2   1   1   0   1  22   6   4   3  10   1   5  13   1   1   1   9   9   1  0.22 0.12
  289 G     1  -2  -1  -2  -3  -2  -2   5  -2  -3  -3  -2   2  -3  -2   2  -2  -3  -3  -3   11   1   1   1   0   1   1  53   0   1   1   1   8   1   1  16   1   0   0   1  0.69 0.21
  290 Q    -1   2  -1  -1  -3   2   2  -2   1  -1  -1   2  -1  -2   1   1  -1  -2   1  -1    3  10   0   2   0  15  12   1   3   3   4  14   0   0   5  11   2   0   8   6  0.19 0.10
  291 R     1   2   1   0  -2   1   1  -2  -1  -2   1   0   0  -2  -2   0   0  -3  -2  -1   18  12   8   5   0   8   9   0   0   0  20   5   2   0   0   7   3   0   0   0  0.14 0.10
  292 I     2  -2  -2  -2  -2  -2  -2   1  -3  -1   0  -2  -1  -3  -2   3   2  -3  -3   0   23   0   0   0   0   0   0   9   0   3  10   0   0   0   0  28  17   0   0   7  0.30 0.17
  293 A     1   1   0  -2   0   1   0  -2   2  -1  -1   0  -1   0  -1   1  -1  -2   1   0   19   9   4   0   2   6   4   0   6   3   3   7   0   4   1  16   0   0   7   9  0.10 0.10
  294 E    -1   2   1   2  -4   1   4  -1   0  -4  -4   2  -3  -4   0   0  -2  -4  -3  -4    2   9   6  13   0   5  33   4   2   0   0  17   0   0   4   4   0   0   0   0  0.50 0.19
  295 R    -1   1  -3  -4  -3  -2  -3  -4   2  -2   1   0   1   5  -4  -1  -2  -1   4  -2    6   9   0   0   0   0   0   0   6   0  15   8   4  29   0   6   0   0  17   0  0.44 0.20
  296 V    -2  -4  -5  -5  -3  -4  -4  -5  -3   1   5  -4   1   2  -5  -4  -3  -2   3   0    2   0   0   0   0   0   0   0   0   3  71   0   2   7   0   0   0   0  10   5  0.85 0.30
  297 K    -1   2  -1  -2  -3   2   1  -3  -2   1  -2   4  -2  -3  -2   1  -1  -3  -1  -1    3  10   0   0   0   9   9   0   0  11   3  36   0   0   0  11   3   0   3   2  0.33 0.18
  298 V    -1   0   3   1  -3   1   2   0  -1  -3  -2   2  -2  -4  -2   2   0  -4  -3  -2    0   5  17   7   0   3  18   6   0   0   2  14   0   0   0  21   2   0   0   3  0.32 0.15
  299 V     1  -1   0  -2   0   0  -1  -2  -1   0   2  -1   0  -1  -2   0   0  -2   2   1   14   3   5   0   2   5   3   0   0   5  25   3   2   0   0   7   3   0  12   8  0.09 0.09
  300 A     0  -1   0  -3   3  -2  -3   5   1  -2   0  -2  -2  -1  -3  -1  -2  -3   0   0    6   4   3   0   7   0   0  48   5   0  10   0   0   2   0   2   0   0   3   8  0.47 0.19
  301 P     0   0   1   0  -2   1   0   1   0   0  -1   0  -1   0   0   0   0  -2  -1  -1    6   6  10   5   0   8   6  10   3  12   6   4   1   5   4   5   6   0   1   2  0.04 0.03
  302 K    -1   1  -1   0  -2   1   1   0  -1  -1   0   1  -1   0   2   1  -1  -2  -1  -1    2   6   1   6   1   5  11   6   1   4  11  13   1   7   9  11   2   0   1   2  0.09 0.04
  303 A     2  -1  -1  -1  -2   0   1  -2   2  -1  -1   2   1   0  -2   0   0  -2   0   1   21   1   1   1   0   3  10   1   8   3   1  16   6   4   1   3   3   0   4  12  0.11 0.09
  304 S    -2  -1   4   3   2  -2  -1  -2   2  -4  -4  -2  -3  -4  -3   2   2  -5  -3  -3    0   2  24  22   5   0   0   0   6   0   0   0   0   0   0  22  18   0   0   0  0.61 0.26
  305 V     0  -3  -3  -4   5  -3  -3   0   0   0   0  -1  -1  -2  -3  -1   0  -3   1   4    6   0   0   0  17   0   0   8   3   2   6   5   0   0   0   3   4   0   6  39  0.36 0.20
  306 S    -1   0  -1   2  -3   1   2  -2   0  -3  -3   1  -2  -3   0   1   3  -3   0  -2    2   5   0  10   0   8  16   1   3   0   1   7   0   0   4  11  26   0   5   1  0.30 0.15
  307 F    -3  -3  -3  -4  -3  -3  -3  -4  -3  -1   2  -3  -1   6  -4  -1  -3   7   2  -2    1   1   1   1   0   1   1   1   0   1  21   1   0  45   1   5   1  16   3   1  0.96 0.27
  308 K    -3   1   0   0  -4   3   0  -3   5   0  -3   4  -2  -4  -3  -2  -1  -4  -2  -3    0   5   4   3   0  18   2   0  18   9   0  40   0   0   0   0   2   0   0   0  0.65 0.28
  309 S     1  -1  -1  -1  -2   0   1  -2  -2   1  -2   1  -1  -3   1   2   2  -3  -2   1   11   0   0   0   0   3  11   1   0   9   1   8   0   0   5  25  14   0   0   9  0.20 0.13
  310 Y    -3  -3  -4  -4  -4  -3  -4  -4  -1  -1   1  -4  -2   2  -4  -3  -3   4   8  -1    1   0   0   0   0   0   0   1   0   3  13   0   0   7   0   1   0   4  64   4  1.31 0.36
  311 V    -2   0  -2   2  -4  -1   3  -4  -3  -4  -4   0  -4  -5   6  -2   1  -5  -4  -2    0   4   0  10   0   0  25   0   0   0   0   6   0   0  41   0  11   0   0   3  0.96 0.30
  312 G    -1   0   2  -1  -4  -3  -3   6  -3  -5  -5  -2  -4  -4  -3   0  -2  -4  -1  -4    3   7   9   4   0   0   0  67   0   0   0   0   0   0   0   6   0   0   2   0  1.01 0.29
  313 M    -2  -1  -3  -1  -3  -2  -3  -4  -3   0   4  -3   5   0  -3  -3  -2  -3  -2   1    1   4   0   5   0   0   1   1   0   0  47   0  25   3   0   1   1   0   0  10  0.57 0.23
  314 K     2  -1   1  -1  -3  -2  -2   4  -2  -3  -3  -1   1  -2   1   0  -1  -3   2  -3   18   3   7   3   0   0   0  37   0   0   0   3   5   0   6   4   3   0  12   0  0.42 0.19
  315 H    -5  -3  -2  -4  -6  -2  -3  -5  11  -6  -6  -4  -4  -4  -5  -4  -5  -5  -1  -6    0   0   0   0   0   0   0   0 100   0   0   0   0   0   0   0   0   0   0   0  3.12 0.69
  316 E     0   1  -1  -2  -3   1   2  -2   0  -4  -4  -1  -3  -4  -3   5   0  -5  -3  -4    3   7   0   0   0   4  16   0   2   0   0   0   0   0   0  65   2   0   0   0  0.82 0.35
  317 Y     1  -3  -3  -3   1  -3  -3  -3  -3   3   2  -3   0  -1   0   1   0  -3   0   2   13   0   0   0   3   0   0   0   0  21  24   0   0   0   4  12   6   0   3  13  0.24 0.14
  318 C    -1  -2   1   2   4  -1   0  -1   0  -1  -1  -2  -2  -1  -2   2   1  -3  -2   0    0   0   5  17  14   0   6   3   2   3   5   0   0   2   0  25   8   0   0   9  0.25 0.15
  319 A    -1  -2   1  -1  -4   2   0   0  -2  -4  -2   0  -3  -1   5   0  -2  -3   1  -3    3   0   9   2   0  10   6   8   0   0   4   6   0   3  36   8   0   0   5   0  0.61 0.21
  320 D    -1   2  -1   1  -4   3   4  -2   1  -1  -3   0  -2  -1  -3  -1  -1  -3   0  -1    5  11   0   5   0  15  37   3   4   4   0   1   0   3   0   0   4   0   3   4  0.40 0.20
  321 E    -1  -2  -2   1  -5   1   6   0  -2  -4  -3   0  -3  -4  -1   0  -2  -4  -1  -2    3   0   0   4   0   2  61   8   0   0   3   4   0   0   2   8   0   0   3   2  0.74 0.30
  322 M    -1  -4  -5  -5  -3  -3  -4  -5  -4   3   4  -4   5   1  -4  -4  -2  -3  -2   0    4   0   0   0   0   0   0   0   0  22  51   0  18   5   0   0   0   0   0   0  0.78 0.28
  323 R    -1   0   0   3  -4   3   3  -3   1  -3  -3   2   2  -4  -3  -1  -2  -4  -1  -3    5   4   4  23   0  13  22   0   4   0   0  11   8   0   0   3   0   0   1   0  0.46 0.20
  324 D     1  -2  -1   6  -4   1   0  -3  -2   1  -2   0  -3  -3  -3  -1  -2  -4   2  -3   12   0   0  50   0   8   2   0   0  10   2   5   0   0   0   2   0   0   9   0  0.63 0.26
  325 L     2  -3  -4  -4   1  -3  -3  -3  -4   2   2  -3   3   0  -3  -2  -2  -3  -2   2   25   0   0   0   3   0   0   0   0  14  26   0  10   3   0   0   0   0   0  19  0.40 0.19
  326 R     0   2  -2  -2  -3   0   1  -1   1   0   0   1   0  -2  -2  -1   0   2   1   0   10  18   0   0   0   3  10   4   3   8   8  12   1   0   0   0   5   4   5  10  0.11 0.09
  327 A     2   0   2   1  -3   1   1  -2  -1  -2  -2   1  -2  -3  -2   1   0  -4  -1  -1   20   5  12   9   0   6  11   0   0   0   2  11   0   0   0  14   3   0   2   5  0.23 0.12
  328 F    -5  -5  -6  -6  -5  -5  -5  -5  -4  -3  -1  -5  -3   7  -6  -5  -4  10   0  -1    0   0   0   0   0   0   0   0   0   0   3   0   0  53   0   0   0  38   0   5  2.12 0.49
  329 M    -2  -4  -4  -5  -3  -4  -4  -5  -4   5   3  -4   1   0  -4  -3   0  -3   1   2    0   0   0   0   0   0   0   0   0  42  28   0   3   3   0   0   5   0   4  14  0.63 0.23
  330 L     0   1   0   2  -3   2   2  -2  -1  -3  -1   3   0  -3  -2   1   0  -4  -3  -2    5   6   4  10   0   7  19   0   0   0   8  24   2   0   0  11   4   0   0   0  0.29 0.14
  331 E     0   1   1   1  -4   2   4  -3  -2  -4  -4   3  -3  -4  -2  -1   1  -4  -3  -3    6   4   8   4   0  10  31   0   0   0   0  27   0   0   0   0  10   0   0   0  0.53 0.21
  332 V     0   3   0  -2  -3   0  -2  -3   2   1   0   0  -1  -2  -3  -1   0   2   0   1   10  23   6   0   0   2   0   0   6  10   6   5   0   0   0   3   5   4   4  16  0.16 0.12
  333 M    -3  -4  -4  -5  -3  -3  -4  -5  -4   3   4  -4   2  -1  -4  -3   0  -3  -2   1    0   0   0   0   0   0   0   0   0  20  62   0   6   0   0   0   4   0   0   8  0.74 0.24
  334 G    -1   1  -1   0  -4   1  -1   3  -2  -4  -4   4  -3  -4   2   0  -2  -4  -3  -3    0   4   0   6   0   4   0  26   0   0   0  45   0   0  10   5   0   0   0   0  0.51 0.14
  335 L     1  -2  -1  -2  -2   0  -2   3  -2   0   1  -1  -1  -2  -2   1  -1  -3  -2  -1   14   0   0   0   0   7   0  29   0  11  18   0   0   0   0  20   0   0   0   0  0.21 0.06
  336 P     1  -2  -1   0  -3   0   3   2  -2  -3  -3  -1  -2  -4   4   1  -1  -3  -3  -3   13   0   0   0   0   0  31  19   0   0   0   0   0   0  24  13   0   0   0   0  0.52 0.08
  337 S     0   0   2  -1  -2   3   0  -1  -1  -3  -3   2  -1  -3  -2   2   2  -3  -2  -2    0   0  13   0   0  27   0   0   0   0   0  13   0   0   0  23  24   0   0   0  0.35 0.07
  338 S     0   0   0   0  -2   0   1   1  -1  -2  -2   1  -2  -3   3   2   1  -3  -2  -2    1   1   1   1   0   1  13  12   0   1   1  15   0   0  14  24  14   0   0   1  0.27 0.03
  339 T     1  -1  -1  -2  -1  -1  -1  -2  -2   0  -1  -1  -1  -2  -1   1   5  -2  -2   1   14   1   1   1   0   1   1   1   0   1   1   1   0   0   1   1  64   0   0  12  0.37 0.07
  340 P     1  -2  -2  -2  -2  -1  -1   2  -2  -3  -3  -1  -2  -3   6  -1  -1  -3  -3  -2   15   1   1   1   0   1   1  17   0   1   1   1   0   1  57   1   1   0   0   1  1.02 0.07
  341 T     0  -2  -1  -2   5  -1  -1  -2  -2   0  -1  -1  -1  -2  -1   0   3  -2  -1   1    2   1   1   1  21   1   1   2   0   1   2   1   0   1   1   1  41   0   1  21  0.25 0.03
  342 A     1  -1  -1   0  -1   0   2  -1  -1   0   1   0   0  -1  -1   0  -1  -2  -1   0   26   1   1   1   0   1  26   2   1   1  28   1   1   1   1   2   1   0   1   2  0.10 0.01
  343 N    -1  -1   3   0  -2   0  -1  -1   4   0  -1  -1  -1  -1  -1   0   0  -2   0   1    2   1  25   1   0   1   2   2  25   1   2   1   1   1   1   2   1   0   1  28  0.15 0.01
  344 P    -1  -2  -2  -1  -2  -1  -1  -2  -2  -2  -2  -1  -2  -3   7  -1  -1  -2  -2  -2    2   1   1   1   0   1   2   2   1   1   2   1   1   1  76   2   1   0   1   2  1.38 0.03
  345 D    -2   0   1   5  -4   0   1  -2  -1  -3  -3   2  -3  -4  -1   0  -1  -4  -3  -3    0   0   0  66   0   0   0   0   0   0   0  34   0   0   0   0   0   0   0   0  0.62 0.01
  346 G     0  -2  -1  -2  -3  -2  -2   5  -2  -4  -4  -2  -3  -4   5  -1  -2  -3  -3  -3    0   0   0   0   0   0   0  66   0   0   0   0   0   0  34   0   0   0   0   0  0.97 0.01
  347 Q    -1   0   0  -1  -2   5   1  -2   0  -2  -2   1  -1  -3  -1   0   3  -2  -2  -1    0   0   0   0   0  66   0   0   0   0   0   0   0   0   0   0  34   0   0   0  0.45 0.02
  348 V     3  -2  -2  -3  -1  -2  -2  -1  -2   1   0  -2   0  -2  -2   0   0  -3  -2   3   50   0   0   0   0   0   0   0   0   0   0   0   0   0   0   0   0   0   0  50  0.21 0.00
  349 G     0  -2   0  -1  -2  -1  -2   4  -2  -2  -2  -1  -2  -3  -2   1   3  -3  -2  -1    0   0   0   0   0   0   0  50   0   0   0   0   0   0   0   0  50   0   0   0  0.48 0.00
  350 T     0  -1   0  -1  -1  -1  -1  -2  -2  -1  -1  -1  -1  -2  -1   1   5  -3  -2   0    0   0   0   0   0   0   0   0   0   0   0   0   0   0   0   0 100   0   0   0  0.48 0.01
  351 Q     0   1   0   0  -1   4   1  -1   0  -1  -1   1   0  -1   0   0   0  -1  -1  -1    4   3   2   3   1  52   3   4   1   3   5   3   1   2   3   4   3   1   2   3  0.23 0.00
  352 V     0  -1  -1  -1  -1  -1  -1  -1  -1   2   0  -1   0  -1  -1  -1   0  -1  -1   3    4   3   2   3   1   2   3   4   1   3   5   3   1   2   3   4   3   1   2  53  0.07 0.00
  353 S     1  -1   1   0  -1   0   0   0  -1  -3  -3   0  -2  -3  -1   4   1  -3  -2  -2    0   0   0   0   0   0   0   0   0   0   0   0   0   0   0 100   0   0   0   0  0.46 0.00
  354 P     3  -2  -2  -2  -1  -1  -1  -1  -2  -2  -2  -1  -2  -3   6   0  -1  -3  -2  -1   50   0   0   0   0   0   0   0   0   0   0   0   0   0  50   0   0   0   0   0  0.89 0.00
  355 P    -1  -2  -2  -2  -3  -1  -1  -2  -2  -3  -3  -1  -3  -4   8  -1  -1  -4  -3  -3    0   0   0   0   0   0   0   0   0   0   0   0   0   0 100   0   0   0   0   0  2.05 0.01
  356 V     1  -2  -1  -1  -1  -1  -1  -1  -2   1   0  -1   0  -2  -2   2   1  -3  -2   2    0   0   0   0   0   0   0   0   0   0   0   0   0   0   0  50   0   0   0  50  0.18 0.00
  357 A     4  -2  -2  -2   0  -1  -1   0  -2  -1  -2  -1  -1  -2  -1   1   0  -3  -2   0  100   0   0   0   0   0   0   0   0   0   0   0   0   0   0   0   0   0   0   0  0.41 0.00
  358 S     1  -1   1   0  -1   0   0   0  -1  -3  -3   0  -2  -3  -1   4   1  -3  -2  -2    0   0   0   0   0   0   0   0   0   0   0   0   0   0   0 100   0   0   0   0  0.46 0.00
  359 P    -1  -2  -2  -2  -3  -1  -1  -2  -2  -3  -3  -1  -3  -4   8  -1  -1  -4  -3  -3    0   0   0   0   0   0   0   0   0   0   0   0   0   0 100   0   0   0   0   0  2.05 0.01
  360 A     3  -1  -1  -1  -1  -1  -1  -1  -2  -1  -1  -1  -1  -2  -1   1   3  -3  -2   0   50   0   0   0   0   0   0   0   0   0   0   0   0   0   0   0  50   0   0   0  0.32 0.00
  361 S     1  -2   0  -1  -2  -1  -1   4  -2  -3  -3  -1  -2  -3  -2   3   0  -3  -2  -2    0   0   0   0   0   0   0  50   0   0   0   0   0   0   0  50   0   0   0   0  0.53 0.00
  362 G     0  -3  -2  -2  -2  -2  -2   4  -3   1  -1  -2  -1  -2  -2  -1  -1  -3  -2   2    0   0   0   0   0   0   0  50   0   0   0   0   0   0   0   0   0   0   0  50  0.34 0.00
  363 A     3  -2  -2  -2  -1  -1  -1  -1  -2  -2  -2  -1  -2  -3   6   0  -1  -3  -2  -1   50   0   0   0   0   0   0   0   0   0   0   0   0   0  50   0   0   0   0   0  0.89 0.00
  364 A     3  -2  -2  -3  -1  -2  -2  -1  -2   1   0  -2   0  -2  -2   0   0  -3  -2   3   50   0   0   0   0   0   0   0   0   0   0   0   0   0   0   0   0   0   0  50  0.21 0.00
  365 S     0   0   0   1  -2   1   4  -1  -1  -3  -3   0  -2  -3  -1   3   0  -3  -2  -2    0   0   0   0   0   0  50   0   0   0   0   0   0   0   0  50   0   0   0   0  0.43 0.00
  366 G     0  -1   0   0  -3   1   3   4  -1  -4  -3   0  -3  -3  -2   0  -1  -3  -3  -3    0   0   0   0   0   0  50  50   0   0   0   0   0   0   0   0   0   0   0   0  0.56 0.00
  367 H    -1   0   0   1  -4   1   4  -2   6  -3  -3   0  -2  -2  -2  -1  -1  -3   0  -3    0   0   0   0   0   0  50   0  50   0   0   0   0   0   0   0   0   0   0   0  0.58 0.00
  368 K     0   1   0  -1  -2   1   0  -1  -1  -3  -3   3  -2  -3  -1   3   1  -3  -2  -2    0   0   0   0   0   0   0   0   0   0   0  50   0   0   0  50   0   0   0   0  0.34 0.00
  369 C    -1  -2  -1  -2   7  -1  -1  -2   6  -2  -2  -2  -2  -2  -3  -1  -1  -3   0  -2    0   0   0   0  50   0   0   0  50   0   0   0   0   0   0   0   0   0   0   0  0.68 0.01
  370 K    -1   2   0  -1  -3   1   1  -2  -1  -3  -3   5  -1  -3  -1   0  -1  -3  -2  -2    0   0   0   0   0   0   0   0   0   0   0 100   0   0   0   0   0   0   0   0  0.52 0.00
  371 G     3  -2  -1  -2  -1  -1  -2   4  -2  -2  -3  -1  -2  -3  -2   1  -1  -3  -3  -1   50   0   0   0   0   0   0  50   0   0   0   0   0   0   0   0   0   0   0   0  0.52 0.00
  372 K     0   1   0  -1  -2   0   0  -2  -1  -2  -2   3  -1  -3  -1   1   3  -3  -2  -1    0   0   0   0   0   0   0   0   0   0   0  50   0   0   0   0  50   0   0   0  0.32 0.00
  373 S     1  -1   1   0  -1   0   0   0  -1  -3  -3   0  -2  -3  -1   4   1  -3  -2  -2    0   0   0   0   0   0   0   0   0   0   0   0   0   0   0 100   0   0   0   0  0.46 0.00
  374 S     0  -1   1   4  -2   0   1  -1  -1  -3  -3   0  -2  -3  -1   3   0  -4  -2  -2    0   0   0  50   0   0   0   0   0   0   0   0   0   0   0  50   0   0   0   0  0.49 0.00
  375 C     3  -2  -2  -3   7  -2  -2  -1  -2  -1  -1  -2  -1  -2  -2   0   0  -3  -2  -1   50   0   0   0  50   0   0   0   0   0   0   0   0   0   0   0   0   0   0   0  0.56 0.00
  376 G     0  -3  -2  -2  -2  -2  -2   4  -3   1  -1  -2  -1  -2  -2  -1  -1  -3  -2   2    0   0   0   0   0   0   0  50   0   0   0   0   0   0   0   0   0   0   0  50  0.34 0.00
  377 S     0  -1   0  -1  -2  -1  -1  -1  -2  -3  -3  -1  -2  -3   6   3   0  -3  -2  -2    0   0   0   0   0   0   0   0   0   0   0   0   0   0  50  50   0   0   0   0  0.91 0.00
  378 K    -1   1  -1  -1  -3   0   0  -2  -1  -3  -3   3  -2  -4   6  -1  -1  -4  -3  -2    0   0   0   0   0   0   0   0   0   0   0  50   0   0  50   0   0   0   0   0  0.92 0.00
  379 S     3  -1   0  -1  -1   0  -1   0  -1  -2  -2   0  -1  -2  -1   3   1  -3  -2  -1   50   0   0   0   0   0   0   0   0   0   0   0   0   0   0  50   0   0   0   0  0.35 0.00
  380 D    -1  -1   1   5  -4   1   4  -2  -1  -3  -3   0  -3  -4  -1   0  -1  -4  -3  -3    0   0   0  50   0   0  50   0   0   0   0   0   0   0   0   0   0   0   0   0  0.69 0.00
  381 A     4  -2  -2  -2   0  -1  -1   0  -2  -1  -2  -1  -1  -2  -1   1   0  -3  -2   0  100   0   0   0   0   0   0   0   0   0   0   0   0   0   0   0   0   0   0   0  0.41 0.00
  382 P    -1   1  -1  -1  -3   0   0  -2  -1  -3  -3   3  -2  -4   6  -1  -1  -4  -3  -2    0   0   0   0   0   0   0   0   0   0   0  50   0   0  50   0   0   0   0   0  0.92 0.00
  383 R    -1   4  -1  -2  -3   0  -1  -2  -1  -3  -3   1  -2  -3   6  -1  -1  -3  -2  -3    0  50   0   0   0   0   0   0   0   0   0   0   0   0  50   0   0   0   0   0  0.98 0.00
  384 E    -1   0   0   2  -4   2   5  -2   0  -3  -3   1  -2  -3  -1   0  -1  -3  -2  -3    0   0   0   0   0   0 100   0   0   0   0   0   0   0   0   0   0   0   0   0  0.74 0.01
  385 S     0  -1   0  -1  -2  -1  -1  -1  -2  -3  -3  -1  -2  -3   6   3   0  -3  -2  -2    0   0   0   0   0   0   0   0   0   0   0   0   0   0  50  50   0   0   0   0  0.91 0.00
  386 Q    -1   0  -1  -2  -2   4   0  -3  -1   1   0   0   0  -2  -2  -1   0  -3  -1   2    0   0   0   0   0  50   0   0   0   0   0   0   0   0   0   0   0   0   0  50  0.23 0.00
  387 P    -1  -2  -2  -2  -3  -1  -1  -2  -2  -3  -3  -1  -3  -4   8  -1  -1  -4  -3  -3    0   0   0   0   0   0   0   0   0   0   0   0   0   0 100   0   0   0   0   0  2.05 0.01
  388 K     3   1  -1  -1  -2   0   0  -1  -1  -2  -2   3  -1  -3  -1   1   0  -3  -2  -1   50   0   0   0   0   0   0   0   0   0   0  50   0   0   0   0   0   0   0   0  0.29 0.00
  389 Q     0   0   0   0  -2   4   1  -1   0  -3  -2   1  -1  -3  -1   3   1  -3  -2  -2    0   0   0   0   0  50   0   0   0   0   0   0   0   0   0  50   0   0   0   0  0.40 0.00
  390 Q     3   0  -1  -1  -2   4   1  -1   0  -2  -2   0  -1  -3  -1   1   0  -2  -2  -1   50   0   0   0   0  50   0   0   0   0   0   0   0   0   0   0   0   0   0   0  0.34 0.00
  391 G     3  -2  -1  -2  -1  -1  -2   4  -2  -2  -3  -1  -2  -3  -2   1  -1  -3  -3  -1   50   0   0   0   0   0   0  50   0   0   0   0   0   0   0   0   0   0   0   0  0.52 0.00
  392 E    -1   0   0   2  -4   2   5  -2   0  -3  -3   1  -2  -3  -1   0  -1  -3  -2  -3    0   0   0   0   0   0 100   0   0   0   0   0   0   0   0   0   0   0   0   0  0.74 0.01
  393 Q    -1   4   0  -1  -3   4   1  -2   0  -3  -2   2  -1  -3  -2   0  -1  -2  -2  -3    0  50   0   0   0  50   0   0   0   0   0   0   0   0   0   0   0   0   0   0  0.57 0.00
  394 L    -1  -1  -1  -1  -1  -1  -1  -1  -1   1   3  -1   1   0  -1  -1   0  -1  -1   0    4   3   2   3   1   2   3   4   1   3  55   3   1   2   3   4   3   1   2   3  0.09 0.00
  395 E     0   0   0   1  -2   1   4  -1   0  -1  -1   0  -1  -1   0   0   0  -1  -1  -1    4   3   2   3   1   2  53   4   1   3   5   3   1   2   3   4   3   1   2   3  0.25 0.00
  396 P     3  -2  -2  -2  -1  -1  -1  -1  -2  -2  -2  -1  -2  -3   6   0  -1  -3  -2  -1   50   0   0   0   0   0   0   0   0   0   0   0   0   0  50   0   0   0   0   0  0.89 0.00
  397 P    -1  -2  -2  -2  -3  -1  -1  -2  -2  -3  -3  -1  -3  -4   8  -1  -1  -4  -3  -3    0   0   0   0   0   0   0   0   0   0   0   0   0   0 100   0   0   0   0   0  2.05 0.01
  398 L    -1  -2  -1  -2  -1  -1  -2  -3  -2   1   3  -2   1  -1  -2   0   3  -2  -1   0    0   0   0   0   0   0   0   0   0   0  50   0   0   0   0   0  50   0   0   0  0.25 0.00
  399 S     1  -1   1   0  -1   0   0   0  -1  -3  -3   0  -2  -3  -1   4   1  -3  -2  -2    0   0   0   0   0   0   0   0   0   0   0   0   0   0   0 100   0   0   0   0  0.46 0.00
  400 E    -1   0   0   2  -4   2   5  -2   0  -3  -3   1  -2  -3  -1   0  -1  -3  -2  -3    0   0   0   0   0   0 100   0   0   0   0   0   0   0   0   0   0   0   0   0  0.74 0.01
  401 A     3  -1   0  -1  -1   0  -1   0  -1  -2  -2   0  -1  -2  -1   3   1  -3  -2  -1   50   0   0   0   0   0   0   0   0   0   0   0   0   0   0  50   0   0   0   0  0.35 0.00
  402 E    -1   0   0   1  -4   2   5  -2   0  -3  -3   1  -2  -3  -1   0  -1  -3  -2  -2    0   0   0   0   0   0   0   0   0   0   0   0   0   0   0   0   0   0   0   0  0.00     0.00
  403 L    -1  -2  -3  -4  -1  -2  -3  -4  -3   2   4  -2   2   0  -3  -2  -1  -2  -1   1    0   0   0   0   0   0   0   0   0   0   0   0   0   0   0   0   0   0   0   0  0.00     0.00
  404 A     4  -1  -2  -2   0  -1  -1   0  -2  -1  -1  -1  -1  -2  -1   1   0  -2  -2   0    0   0   0   0   0   0   0   0   0   0   0   0   0   0   0   0   0   0   0   0  0.00     0.00
  405 E    -1   0   0   1  -4   2   5  -2   0  -3  -3   1  -2  -3  -1   0  -1  -3  -2  -2    0   0   0   0   0   0   0   0   0   0   0   0   0   0   0   0   0   0   0   0  0.00     0.00
  406 L    -1  -2  -3  -4  -1  -2  -3  -4  -3   2   4  -2   2   0  -3  -2  -1  -2  -1   1    0   0   0   0   0   0   0   0   0   0   0   0   0   0   0   0   0   0   0   0  0.00     0.00
  407 T     0  -1   0  -1  -1  -1  -1  -2  -2  -1  -1  -1  -1  -2  -1   1   4  -2  -2   0    0   0   0   0   0   0   0   0   0   0   0   0   0   0   0   0   0   0   0   0  0.00     0.00
  408 A     4  -1  -2  -2   0  -1  -1   0  -2  -1  -1  -1  -1  -2  -1   1   0  -2  -2   0    0   0   0   0   0   0   0   0   0   0   0   0   0   0   0   0   0   0   0   0  0.00     0.00
  409 G     0  -2   0  -1  -2  -2  -2   5  -2  -4  -4  -2  -3  -3  -2   0  -2  -2  -3  -3    0   0   0   0   0   0   0   0   0   0   0   0   0   0   0   0   0   0   0   0  0.00     0.00
  410 K    -1   2   0  -1  -3   1   1  -2  -1  -3  -2   4  -1  -3  -1   0  -1  -3  -2  -2    0   0   0   0   0   0   0   0   0   0   0   0   0   0   0   0   0   0   0   0  0.00     0.00
  411 L    -1  -2  -3  -4  -1  -2  -3  -4  -3   2   4  -2   2   0  -3  -2  -1  -2  -1   1    0   0   0   0   0   0   0   0   0   0   0   0   0   0   0   0   0   0   0   0  0.00     0.00
  412 K    -1   2   0  -1  -3   1   1  -2  -1  -3  -2   4  -1  -3  -1   0  -1  -3  -2  -2    0   0   0   0   0   0   0   0   0   0   0   0   0   0   0   0   0   0   0   0  0.00     0.00
  413 A     4  -1  -2  -2   0  -1  -1   0  -2  -1  -1  -1  -1  -2  -1   1   0  -2  -2   0    0   0   0   0   0   0   0   0   0   0   0   0   0   0   0   0   0   0   0   0  0.00     0.00
  414 Y    -2  -2  -2  -3  -2  -1  -2  -3   2  -1  -1  -2  -1   3  -3  -2  -2   2   7  -1    0   0   0   0   0   0   0   0   0   0   0   0   0   0   0   0   0   0   0   0  0.00     0.00
  415 L    -1  -2  -3  -4  -1  -2  -3  -4  -3   2   4  -2   2   0  -3  -2  -1  -2  -1   1    0   0   0   0   0   0   0   0   0   0   0   0   0   0   0   0   0   0   0   0  0.00     0.00
  416 K    -1   2   0  -1  -3   1   1  -2  -1  -3  -2   4  -1  -3  -1   0  -1  -3  -2  -2    0   0   0   0   0   0   0   0   0   0   0   0   0   0   0   0   0   0   0   0  0.00     0.00
  417 G     0  -2   0  -1  -2  -2  -2   5  -2  -4  -4  -2  -3  -3  -2   0  -2  -2  -3  -3    0   0   0   0   0   0   0   0   0   0   0   0   0   0   0   0   0   0   0   0  0.00     0.00
  418 R    -1   5   0  -2  -3   1   0  -2   0  -3  -2   2  -1  -3  -2  -1  -1  -3  -2  -2    0   0   0   0   0   0   0   0   0   0   0   0   0   0   0   0   0   0   0   0  0.00     0.00
  419 G     0  -2   0  -1  -2  -2  -2   5  -2  -4  -4  -2  -3  -3  -2   0  -2  -2  -3  -3    0   0   0   0   0   0   0   0   0   0   0   0   0   0   0   0   0   0   0   0  0.00     0.00
  420 V     0  -2  -3  -3  -1  -2  -2  -3  -3   3   1  -2   1  -1  -2  -2   0  -3  -1   4    0   0   0   0   0   0   0   0   0   0   0   0   0   0   0   0   0   0   0   0  0.00     0.00
  421 R    -1   5   0  -2  -3   1   0  -2   0  -3  -2   2  -1  -3  -2  -1  -1  -3  -2  -2    0   0   0   0   0   0   0   0   0   0   0   0   0   0   0   0   0   0   0   0  0.00     0.00
  422 T     0  -1   0  -1  -1  -1  -1  -2  -2  -1  -1  -1  -1  -2  -1   1   4  -2  -2   0    0   0   0   0   0   0   0   0   0   0   0   0   0   0   0   0   0   0   0   0  0.00     0.00
  423 D    -2  -2   1   6  -3   0   1  -1  -1  -3  -4  -1  -3  -3  -1   0  -1  -4  -3  -3    0   0   0   0   0   0   0   0   0   0   0   0   0   0   0   0   0   0   0   0  0.00     0.00
  424 D    -2  -2   1   6  -3   0   1  -1  -1  -3  -4  -1  -3  -3  -1   0  -1  -4  -3  -3    0   0   0   0   0   0   0   0   0   0   0   0   0   0   0   0   0   0   0   0  0.00     0.00
  425 C     0  -3  -3  -3   8  -3  -4  -2  -3  -1  -1  -3  -1  -2  -3  -1  -1  -2  -2  -1    0   0   0   0   0   0   0   0   0   0   0   0   0   0   0   0   0   0   0   0  0.00     0.00
  426 F    -2  -3  -3  -3  -2  -3  -3  -3  -1   0   0  -3   0   6  -4  -2  -2   1   3  -1    0   0   0   0   0   0   0   0   0   0   0   0   0   0   0   0   0   0   0   0  0.00     0.00
  427 E    -1   0   0   1  -4   2   5  -2   0  -3  -3   1  -2  -3  -1   0  -1  -3  -2  -2    0   0   0   0   0   0   0   0   0   0   0   0   0   0   0   0   0   0   0   0  0.00     0.00
  428 K    -1   2   0  -1  -3   1   1  -2  -1  -3  -2   4  -1  -3  -1   0  -1  -3  -2  -2    0   0   0   0   0   0   0   0   0   0   0   0   0   0   0   0   0   0   0   0  0.00     0.00
  429 S     1  -1   1   0  -1   0   0   0  -1  -2  -2   0  -1  -2  -1   4   1  -3  -2  -2    0   0   0   0   0   0   0   0   0   0   0   0   0   0   0   0   0   0   0   0  0.00     0.00
  430 E    -1   0   0   1  -4   2   5  -2   0  -3  -3   1  -2  -3  -1   0  -1  -3  -2  -2    0   0   0   0   0   0   0   0   0   0   0   0   0   0   0   0   0   0   0   0  0.00     0.00
  431 L    -1  -2  -3  -4  -1  -2  -3  -4  -3   2   4  -2   2   0  -3  -2  -1  -2  -1   1    0   0   0   0   0   0   0   0   0   0   0   0   0   0   0   0   0   0   0   0  0.00     0.00
  432 F    -2  -3  -3  -3  -2  -3  -3  -3  -1   0   0  -3   0   6  -4  -2  -2   1   3  -1    0   0   0   0   0   0   0   0   0   0   0   0   0   0   0   0   0   0   0   0  0.00     0.00
  433 A     4  -1  -2  -2   0  -1  -1   0  -2  -1  -1  -1  -1  -2  -1   1   0  -2  -2   0    0   0   0   0   0   0   0   0   0   0   0   0   0   0   0   0   0   0   0   0  0.00     0.00
  434 R    -1   5   0  -2  -3   1   0  -2   0  -3  -2   2  -1  -3  -2  -1  -1  -3  -2  -2    0   0   0   0   0   0   0   0   0   0   0   0   0   0   0   0   0   0   0   0  0.00     0.00
  435 A     4  -1  -2  -2   0  -1  -1   0  -2  -1  -1  -1  -1  -2  -1   1   0  -2  -2   0    0   0   0   0   0   0   0   0   0   0   0   0   0   0   0   0   0   0   0   0  0.00     0.00
  436 I    -1  -3  -3  -3  -1  -3  -3  -4  -3   4   2  -3   1   0  -3  -2  -1  -3  -1   3    0   0   0   0   0   0   0   0   0   0   0   0   0   0   0   0   0   0   0   0  0.00     0.00
  437 E    -1   0   0   1  -4   2   5  -2   0  -3  -3   1  -2  -3  -1   0  -1  -3  -2  -2    0   0   0   0   0   0   0   0   0   0   0   0   0   0   0   0   0   0   0   0  0.00     0.00
  438 Q    -1   1   0   0  -3   5   2  -2   0  -3  -2   1   0  -3  -1   0  -1  -2  -1  -2    0   0   0   0   0   0   0   0   0   0   0   0   0   0   0   0   0   0   0   0  0.00     0.00
  439 L    -1  -2  -3  -4  -1  -2  -3  -4  -3   2   4  -2   2   0  -3  -2  -1  -2  -1   1    0   0   0   0   0   0   0   0   0   0   0   0   0   0   0   0   0   0   0   0  0.00     0.00
  440 Q    -1   1   0   0  -3   5   2  -2   0  -3  -2   1   0  -3  -1   0  -1  -2  -1  -2    0   0   0   0   0   0   0   0   0   0   0   0   0   0   0   0   0   0   0   0  0.00     0.00
  441 V     0  -2  -3  -3  -1  -2  -2  -3  -3   3   1  -2   1  -1  -2  -2   0  -3  -1   4    0   0   0   0   0   0   0   0   0   0   0   0   0   0   0   0   0   0   0   0  0.00     0.00
  442 L    -1  -2  -3  -4  -1  -2  -3  -4  -3   2   4  -2   2   0  -3  -2  -1  -2  -1   1    0   0   0   0   0   0   0   0   0   0   0   0   0   0   0   0   0   0   0   0  0.00     0.00
  443 W    -2  -3  -4  -4  -2  -2  -3  -2  -2  -3  -2  -3  -1   1  -4  -3  -2  10   2  -3    0   0   0   0   0   0   0   0   0   0   0   0   0   0   0   0   0   0   0   0  0.00     0.00
  444 D    -2  -2   1   6  -3   0   1  -1  -1  -3  -4  -1  -3  -3  -1   0  -1  -4  -3  -3    0   0   0   0   0   0   0   0   0   0   0   0   0   0   0   0   0   0   0   0  0.00     0.00
  445 T     0  -1   0  -1  -1  -1  -1  -2  -2  -1  -1  -1  -1  -2  -1   1   4  -2  -2   0    0   0   0   0   0   0   0   0   0   0   0   0   0   0   0   0   0   0   0   0  0.00     0.00
  446 T     0  -1   0  -1  -1  -1  -1  -2  -2  -1  -1  -1  -1  -2  -1   1   4  -2  -2   0    0   0   0   0   0   0   0   0   0   0   0   0   0   0   0   0   0   0   0   0  0.00     0.00
  447 C     0  -3  -3  -3   8  -3  -4  -2  -3  -1  -1  -3  -1  -2  -3  -1  -1  -2  -2  -1    0   0   0   0   0   0   0   0   0   0   0   0   0   0   0   0   0   0   0   0  0.00     0.00
  448 D    -2  -2   1   6  -3   0   1  -1  -1  -3  -4  -1  -3  -3  -1   0  -1  -4  -3  -3    0   0   0   0   0   0   0   0   0   0   0   0   0   0   0   0   0   0   0   0  0.00     0.00
  449 G     0  -2   0  -1  -2  -2  -2   5  -2  -4  -4  -2  -3  -3  -2   0  -2  -2  -3  -3    0   0   0   0   0   0   0   0   0   0   0   0   0   0   0   0   0   0   0   0  0.00     0.00
  450 D    -2  -2   1   6  -3   0   1  -1  -1  -3  -4  -1  -3  -3  -1   0  -1  -4  -3  -3    0   0   0   0   0   0   0   0   0   0   0   0   0   0   0   0   0   0   0   0  0.00     0.00
  451 D    -2  -2   1   6  -3   0   1  -1  -1  -3  -4  -1  -3  -3  -1   0  -1  -4  -3  -3    0   0   0   0   0   0   0   0   0   0   0   0   0   0   0   0   0   0   0   0  0.00     0.00

                      K         Lambda
Standard Ungapped    0.1330     0.3178
Standard Gapped      0.0413     0.2670
PSI Ungapped         0.1349     0.3177
PSI Gapped           0.0413     0.2670
