
Last position-specific scoring matrix computed, weighted observed percentages rounded down, information per position, and relative weight of gapless real matches to pseudocounts
            A   R   N   D   C   Q   E   G   H   I   L   K   M   F   P   S   T   W   Y   V   A   R   N   D   C   Q   E   G   H   I   L   K   M   F   P   S   T   W   Y   V
    1 K    -1   2   0  -1  -3   1   1  -2  -1  -3  -2   4  -1  -3  -1   0  -1  -3  -2  -2    0   0   0   0   0   0   0   0   0   0   0   0   0   0   0   0   0   0   0   0  0.00     0.00
    2 Q    -1   1   0   0  -3   5   2  -2   0  -3  -2   1   0  -3  -1   0  -1  -2  -1  -2    0   0   0   0   0   0   0   0   0   0   0   0   0   0   0   0   0   0   0   0  0.00     0.00
    3 S     1  -1   1   0  -1   0   0   0  -1  -2  -2   0  -1  -2  -1   4   1  -3  -2  -2    0   0   0   0   0   0   0   0   0   0   0   0   0   0   0   0   0   0   0   0  0.00     0.00
    4 Y    -2  -2  -2  -3  -2  -1  -2  -3   2  -1  -1  -2  -1   3  -3  -2  -2   2   7  -1    0   0   0   0   0   0   0   0   0   0   0   0   0   0   0   0   0   0   0   0  0.00     0.00
    5 P    -1  -2  -2  -1  -3  -1  -1  -2  -2  -3  -3  -1  -2  -4   7  -1  -1  -4  -3  -2    0   0   0   0   0   0   0   0   0   0   0   0   0   0   0   0   0   0   0   0  0.00     0.00
    6 S     1  -1   1   0  -1   0   0   0  -1  -2  -2   0  -1  -2  -1   4   1  -3  -2  -2    0   0   0   0   0   0   0   0   0   0   0   0   0   0   0   0   0   0   0   0  0.00     0.00
    7 P    -1  -2  -2  -1  -3  -1  -1  -2  -2  -3  -3  -1  -2  -4   7  -1  -1  -4  -3  -2    0   0   0   0   0   0   0   0   0   0   0   0   0   0   0   0   0   0   0   0  0.00     0.00
    8 H    -2   0   1  -1  -3   0   0  -2   8  -3  -3  -1  -2  -1  -2  -1  -2  -2   2  -3    0   0   0   0   0   0   0   0   0   0   0   0   0   0   0   0   0   0   0   0  0.00     0.00
    9 R    -1   5   0  -2  -3   1   0  -2   0  -3  -2   2  -1  -3  -2  -1  -1  -3  -2  -3    0   0   0   0   0   0   0   0   0   0   0   0   0   0   0   0   0   0   0   0  0.00     0.00
   10 E    -1   0   0   2  -4   2   5  -2   0  -3  -3   1  -2  -3  -1   0  -1  -3  -2  -2    0   0   0   0   0   0   0   0   0   0   0   0   0   0   0   0   0   0   0   0  0.00     0.00
   11 E    -1   0   0   2  -4   2   5  -2   0  -3  -3   1  -2  -3  -1   0  -1  -3  -2  -2    0   0   0   0   0   0   0   0   0   0   0   0   0   0   0   0   0   0   0   0  0.00     0.00
   12 T     0  -1   0  -1  -1  -1  -1  -2  -2  -1  -1  -1  -1  -2  -1   1   5  -2  -2   0    0   0   0   0   0   0   0   0   0   0   0   0   0   0   0   0   0   0   0   0  0.00     0.00
   13 T     0  -1   0  -1  -1  -1  -1  -2  -2  -1  -1  -1  -1  -2  -1   1   5  -2  -2   0    0   0   0   0   0   0   0   0   0   0   0   0   0   0   0   0   0   0   0   0  0.00     0.00
   14 A     4  -1  -2  -2   0  -1  -1   0  -2  -1  -1  -1  -1  -2  -1   1   0  -3  -2   0    0   0   0   0   0   0   0   0   0   0   0   0   0   0   0   0   0   0   0   0  0.00     0.00
   15 L    -1  -2  -3  -4  -1  -2  -3  -4  -3   2   4  -2   2   0  -3  -2  -1  -2  -1   1    0   0   0   0   0   0   0   0   0   0   0   0   0   0   0   0   0   0   0   0  0.00     0.00
   16 M    -1  -1  -2  -3  -1   0  -2  -3  -2   1   2  -1   5   0  -2  -1  -1  -1  -1   1    0   0   0   0   0   0   0   0   0   0   0   0   0   0   0   0   0   0   0   0  0.00     0.00
   17 R    -1   5   0  -2  -3   1   0  -2   0  -3  -2   2  -1  -3  -2  -1  -1  -3  -2  -3    0   0   0   0   0   0   0   0   0   0   0   0   0   0   0   0   0   0   0   0  0.00     0.00
   18 L    -1  -2  -3  -4  -1  -2  -3  -4  -3   2   4  -2   2   0  -3  -2  -1  -2  -1   1    0   0   0   0   0   0   0   0   0   0   0   0   0   0   0   0   0   0   0   0  0.00     0.00
   19 H    -2   0   1  -1  -3   0   0  -2   8  -3  -3  -1  -2  -1  -2  -1  -2  -2   2  -3    0   0   0   0   0   0   0   0   0   0   0   0   0   0   0   0   0   0   0   0  0.00     0.00
   20 F    -2  -3  -3  -3  -2  -3  -3  -3  -1   0   0  -3   0   6  -4  -2  -2   1   3  -1    0   0   0   0   0   0   0   0   0   0   0   0   0   0   0   0   0   0   0   0  0.00     0.00
   21 L    -1  -2  -3  -4  -1  -2  -3  -4  -3   2   4  -2   2   0  -3  -2  -1  -2  -1   1    0   0   0   0   0   0   0   0   0   0   0   0   0   0   0   0   0   0   0   0  0.00     0.00
   22 V     0  -3  -3  -3  -1  -2  -2  -3  -3   3   1  -2   1  -1  -2  -2   0  -3  -1   4    0   0   0   0   0   0   0   0   0   0   0   0   0   0   0   0   0   0   0   0  0.00     0.00
   23 A     4  -1  -2  -2   0  -1  -1   0  -2  -1  -1  -1  -1  -2  -1   1   0  -3  -2   0    0   0   0   0   0   0   0   0   0   0   0   0   0   0   0   0   0   0   0   0  0.00     0.00
   24 A     4  -1  -2  -2   0  -1  -1   0  -2  -1  -1  -1  -1  -2  -1   1   0  -3  -2   0    0   0   0   0   0   0   0   0   0   0   0   0   0   0   0   0   0   0   0   0  0.00     0.00
   25 S     1  -1   1   0  -1   0   0   0  -1  -2  -2   0  -1  -2  -1   4   1  -3  -2  -2    0   0   0   0   0   0   0   0   0   0   0   0   0   0   0   0   0   0   0   0  0.00     0.00
   26 A     4  -1  -2  -2   0  -1  -1   0  -2  -1  -1  -1  -1  -2  -1   1   0  -3  -2   0    0   0   0   0   0   0   0   0   0   0   0   0   0   0   0   0   0   0   0   0  0.00     0.00
   27 A     4  -1  -2  -2   0  -1  -1   0  -2  -1  -1  -1  -1  -2  -1   1   0  -3  -2   0    0   0   0   0   0   0   0   0   0   0   0   0   0   0   0   0   0   0   0   0  0.00     0.00
   28 A     4  -1  -2  -2   0  -1  -1   0  -2  -1  -1  -1  -1  -2  -1   1   0  -3  -2   0    0   0   0   0   0   0   0   0   0   0   0   0   0   0   0   0   0   0   0   0  0.00     0.00
   29 A     4  -1  -2  -2   0  -1  -1   0  -2  -1  -1  -1  -1  -2  -1   1   0  -3  -2   0    0   0   0   0   0   0   0   0   0   0   0   0   0   0   0   0   0   0   0   0  0.00     0.00
   30 M    -1  -1  -2  -3  -1   0  -2  -3  -2   1   2  -1   5   0  -2  -1  -1  -1  -1   1    0   0   0   0   0   0   0   0   0   0   0   0   0   0   0   0   0   0   0   0  0.00     0.00
   31 L    -1  -2  -3  -4  -1  -2  -3  -4  -3   2   4  -2   2   0  -3  -2  -1  -2  -1   1    0   0   0   0   0   0   0   0   0   0   0   0   0   0   0   0   0   0   0   0  0.00     0.00
   32 D    -2  -2   1   6  -3   0   2  -1  -1  -3  -4  -1  -3  -3  -1   0  -1  -4  -3  -3    0   0   0   0   0   0   0   0   0   0   0   0   0   0   0   0   0   0   0   0  0.00     0.00
   33 P    -1  -2  -2  -1  -3  -1  -1  -2  -2  -3  -3  -1  -2  -4   7  -1  -1  -4  -3  -2    0   0   0   0   0   0   0   0   0   0   0   0   0   0   0   0   0   0   0   0  0.00     0.00
   34 T     0  -1   0  -1  -1  -1  -1  -2  -2  -1  -1  -1  -1  -2  -1   1   5  -2  -2   0    0   0   0   0   0   0   0   0   0   0   0   0   0   0   0   0   0   0   0   0  0.00     0.00
   35 A     4  -1  -2  -2   0  -1  -1   0  -2  -1  -1  -1  -1  -2  -1   1   0  -3  -2   0    0   0   0   0   0   0   0   0   0   0   0   0   0   0   0   0   0   0   0   0  0.00     0.00
   36 K    -1   2   0  -1  -3   1   1  -2  -1  -3  -2   4  -1  -3  -1   0  -1  -3  -2  -2    0   0   0   0   0   0   0   0   0   0   0   0   0   0   0   0   0   0   0   0  0.00     0.00
   37 D    -2  -2   1   6  -3   0   2  -1  -1  -3  -4  -1  -3  -3  -1   0  -1  -4  -3  -3    0   0   0   0   0   0   0   0   0   0   0   0   0   0   0   0   0   0   0   0  0.00     0.00
   38 I    -1  -3  -3  -3  -1  -3  -3  -4  -3   4   2  -3   1   0  -3  -2  -1  -3  -1   3    0   0   0   0   0   0   0   0   0   0   0   0   0   0   0   0   0   0   0   0  0.00     0.00
   39 L    -1  -2  -3  -4  -1  -2  -3  -4  -3   2   4  -2   2   0  -3  -2  -1  -2  -1   1    0   0   0   0   0   0   0   0   0   0   0   0   0   0   0   0   0   0   0   0  0.00     0.00
   40 R    -1   5   0  -2  -3   1   0  -2   0  -3  -2   2  -1  -3  -2  -1  -1  -3  -2  -3    0   0   0   0   0   0   0   0   0   0   0   0   0   0   0   0   0   0   0   0  0.00     0.00
   41 S     1  -1   1   0  -1   0   0   0  -1  -2  -2   0  -1  -2  -1   4   1  -3  -2  -2    0   0   0   0   0   0   0   0   0   0   0   0   0   0   0   0   0   0   0   0  0.00     0.00
   42 G     0  -2   0  -1  -2  -2  -2   6  -2  -4  -4  -2  -3  -3  -2   0  -2  -2  -3  -3    0   0   0   0   0   0   0   0   0   0   0   0   0   0   0   0   0   0   0   0  0.00     0.00
   43 G     0  -2   0  -1  -2  -2  -2   6  -2  -4  -4  -2  -3  -3  -2   0  -2  -2  -3  -3    0   0   0   0   0   0   0   0   0   0   0   0   0   0   0   0   0   0   0   0  0.00     0.00
   44 A     4  -1  -2  -2   0  -1  -1   0  -2  -1  -1  -1  -1  -2  -1   1   0  -3  -2   0    0   0   0   0   0   0   0   0   0   0   0   0   0   0   0   0   0   0   0   0  0.00     0.00
   45 H    -2   0   1  -1  -3   0   0  -2   8  -3  -3  -1  -2  -1  -2  -1  -2  -2   2  -3    0   0   0   0   0   0   0   0   0   0   0   0   0   0   0   0   0   0   0   0  0.00     0.00
   46 R    -1   5   0  -2  -3   1   0  -2   0  -3  -2   2  -1  -3  -2  -1  -1  -3  -2  -3    0   0   0   0   0   0   0   0   0   0   0   0   0   0   0   0   0   0   0   0  0.00     0.00
   47 Q    -1   1   0   0  -3   5   2  -2   0  -3  -2   1   0  -3  -1   0  -1  -2  -1  -2    0   0   0   0   0   0   0   0   0   0   0   0   0   0   0   0   0   0   0   0  0.00     0.00
   48 L    -1  -2  -3  -4  -1  -2  -3  -4  -3   2   4  -2   2   0  -3  -2  -1  -2  -1   1    0   0   0   0   0   0   0   0   0   0   0   0   0   0   0   0   0   0   0   0  0.00     0.00
   49 N    -2  -1   6   1  -3   0   0   0   1  -4  -4   0  -2  -3  -2   1   0  -4  -2  -3    0   0 100   0   0   0   0   0   0   0   0   0   0   0   0   0   0   0   0   0  0.73 0.01
   50 F    -2  -3  -3  -4  -3  -3  -4  -3  -1   0   0  -3   0   7  -4  -3  -2   1   3  -1    0   0   0   0   0   0   0   0   0   0   0   0   0 100   0   0   0   0   0   0  0.74 0.01
   51 I    -2  -3  -4  -4  -1  -3  -3  -4  -3   3   3  -3   2   0  -3  -3  -1  -2  -1   2    0   0   0   0   0   0   0   0   0  50  50   0   0   0   0   0   0   0   0   0  0.37 0.00
   52 P     0  -2  -1  -2  -3  -2  -2   4  -2  -4  -4  -1  -3  -4   6  -1  -1  -3  -3  -3    0   0   0   0   0   0   0  50   0   0   0   0   0   0  50   0   0   0   0   0  1.09 0.00
   53 P     3  -2  -2  -2  -1  -1  -1  -1  -2  -2  -2  -1  -2  -3   6   0  -1  -3  -3  -1   50   0   0   0   0   0   0   0   0   0   0   0   0   0  50   0   0   0   0   0  0.89 0.00
   54 P    -1  -3  -3  -2  -2  -2  -2  -3  -3   1  -1  -2  -1  -2   6  -1  -1  -4  -2   2    0   0   0   0   0   0   0   0   0   0   0   0   0   0  50   0   0   0   0  50  0.79 0.00
   55 L    -2  -2  -4  -4  -1  -2  -3  -4  -3   2   4  -3   2   0  -3  -3  -1  -2  -1   1    0   0   0   0   0   0   0   0   0   0 100   0   0   0   0   0   0   0   0   0  0.46 0.00
   56 V     0  -3  -2  -2  -2  -2  -2   4  -3   1  -1  -2  -1  -2  -2  -1  -1  -3  -2   2    0   0   0   0   0   0   0  50   0   0   0   0   0   0   0   0   0   0   0  50  0.34 0.00
   57 G     0  -3   0  -1  -3  -2  -2   6  -2  -4  -4  -2  -3  -3  -2   0  -2  -3  -3  -3    0   0   0   0   0   0   0 100   0   0   0   0   0   0   0   0   0   0   0   0  1.04 0.00
   58 G    -1   4   0  -2  -3   0  -1   4  -1  -4  -3   1  -2  -3  -2  -1  -1  -3  -3  -3    0  50   0   0   0   0   0  50   0   0   0   0   0   0   0   0   0   0   0   0  0.56 0.00
   59 L    -1  -3  -3  -4  -1  -2  -3  -4  -3   2   3  -3   2   0  -3  -2  -1  -2  -1   3    0   0   0   0   0   0   0   0   0   0  50   0   0   0   0   0   0   0   0  50  0.32 0.00
   60 R    -2   4  -2  -3  -2   0  -1  -3  -1   0   2   1   1  -1  -3  -2  -1  -2  -1   0    0  50   0   0   0   0   0   0   0   0  50   0   0   0   0   0   0   0   0   0  0.29 0.00
   61 L     3  -2  -3  -3  -1  -2  -2  -1  -2   0   2  -2   1  -1  -2   0  -1  -2  -2   0   50   0   0   0   0   0   0   0   0   0  50   0   0   0   0   0   0   0   0   0  0.20 0.00
   62 D    -1  -1   0   4  -4   1   4  -2  -1  -3  -3   0  -3  -4  -1   0  -1  -4  -3  -3    0   0   0  41   0   0  59   0   0   0   0   0   0   0   0   0   0   0   0   0  0.68 0.01
   63 L    -1  -3  -3  -4  -1  -2  -3  -4  -3   2   3  -3   1   0  -3  -2  -1  -3  -1   3    0   0   0   0   0   0   0   0   0   0  41   0   0   0   0   0   0   0   0  59  0.32 0.00
   64 Q    -1   3   0   0  -4   4   3  -2   0  -3  -3   2  -1  -3  -2   0  -1  -3  -2  -3    0  29   0   0   0  41  30   0   0   0   0   0   0   0   0   0   0   0   0   0  0.52 0.00
   65 A     4  -2  -2  -2   0  -1  -1   0  -2  -1  -2  -1  -1  -2  -1   1   0  -3  -2   0  100   0   0   0   0   0   0   0   0   0   0   0   0   0   0   0   0   0   0   0  0.41 0.01
   66 L    -2  -2  -4  -4  -1  -2  -3  -4  -3   2   4  -3   2   0  -3  -3  -1  -2  -1   1    0   0   0   0   0   0   0   0   0   0 100   0   0   0   0   0   0   0   0   0  0.47 0.01
   67 A     2   0   0  -1  -2   0   0  -1   5  -2  -2   2  -1  -2  -1   0  -1  -3   0  -2   41   0   0   0   0   0   0   0  29   0   0  30   0   0   0   0   0   0   0   0  0.27 0.00
   68 A     2  -2  -1   3  -2  -1   0  -1  -2  -2  -2  -1  -2  -1  -2   0  -1   8   0  -2   41   0   0  29   0   0   0   0   0   0   0   0   0   0   0   0   0  30   0   0  0.56 0.01
   69 A     3  -2  -1  -2  -1  -1  -1   3  -2  -2  -2  -1  -1  -3  -1   1   2  -3  -2  -1   41   0   0   0   0   0   0  30   0   0   0   0   0   0   0   0  29   0   0   0  0.34 0.00
   70 G     0  -3   0  -1  -3  -2  -2   6  -2  -4  -4  -2  -3  -3  -2   0  -2  -3  -3  -3    0   0   0   0   0   0   0 100   0   0   0   0   0   0   0   0   0   0   0   0  1.05 0.01
   71 R    -1   5   0  -1  -4   1   0  -2   0  -3  -2   3  -2  -3  -2  -1  -1  -3  -2  -3    0  71   0   0   0   0   0   0   0   0   0  29   0   0   0   0   0   0   0   0  0.63 0.01
   72 F    -2  -3  -3  -4  -2  -3  -3  -4  -2   0   2  -3   1   6  -4  -3  -2   0   2   0    0   0   0   0   0   0   0   0   0   0  30   0   0  70   0   0   0   0   0   0  0.53 0.01
   73 E    -1   3   0   0  -3   1   3  -2  -1  -2  -2   1  -2  -3  -2   0   2  -3  -2  -2    0  30   0   0   0   0  41   0   0   0   0   0   0   0   0   0  29   0   0   0  0.37 0.00
   74 V    -1  -2   0   5  -2  -1   0  -2  -2   1  -1  -1  -1  -2  -2  -1  -1  -4  -2   2    0   0   0  59   0   0   0   0   0   0   0   0   0   0   0   0   0   0   0  41  0.37 0.01
   75 A     3  -2  -1  -2  -2  -1  -2   5  -2  -3  -3  -1  -2  -3  -2   0  -1  -3  -3  -2   41   0   0   0   0   0   0  59   0   0   0   0   0   0   0   0   0   0   0   0  0.59 0.00
   76 E    -1   1   0   1  -3   5   4  -2   0  -3  -3   1  -1  -3  -1   0  -1  -3  -2  -3    0   0   0   0   0  59  41   0   0   0   0   0   0   0   0   0   0   0   0   0  0.61 0.01
   77 S     0  -2  -1  -2  -1  -1  -2  -2  -2   0   3  -1   1   0  -2   2   0  -2  -1   0    0   0   0   0   0   0   0   0   0   0  59   0   0   0   0  41   0   0   0   0  0.19 0.00
   78 F    -1  -3  -3  -4  -1  -3  -3  -3  -2   2   1  -3   0   4  -3  -2  -1  -1   1   3    0   0   0   0   0   0   0   0   0   0   0   0   0  41   0   0   0   0   0  59  0.32 0.01
   79 S     1  -1   1   0  -1   0   0   0  -1  -3  -3   0  -2  -3  -1   4   1  -3  -2  -2    0   0   0   0   0   0   0   0   0   0   0   0   0   0   0 100   0   0   0   0  0.47 0.01
   80 S     1   0   0   0  -1   3   1  -1   0  -3  -3   0  -1  -3  -1   4   1  -3  -2  -2    0   0   0   0   0  30   0   0   0   0   0   0   0   0   0  70   0   0   0   0  0.39 0.01
   81 D    -2   3   1   5  -4   0   1  -2  -1  -3  -3   0  -3  -4  -2   0  -1  -4  -3  -3    0  30   0  70   0   0   0   0   0   0   0   0   0   0   0   0   0   0   0   0  0.65 0.01
   82 G     2  -2   0  -1  -1  -1  -1   4  -2  -3  -3  -1  -2  -3  -1   2   0  -3  -2  -2   30   0   0   0   0   0   0  41   0   0   0   0   0   0   0  29   0   0   0   0  0.44 0.00
   83 S     1  -1   0  -1  -1  -1  -1  -1  -2   1  -1  -1   0  -2  -1   3   1  -3  -2   0    0   0   0   0   0   0   0   0   0  30   0   0   0   0   0  70   0   0   0   0  0.21 0.01
   84 P    -1   0  -2  -1  -3   0  -1  -2  -2  -3  -3   2  -2  -4   7  -1  -1  -4  -3  -3    0   0   0   0   0   0   0   0   0   0   0  29   0   0  71   0   0   0   0   0  1.33 0.01
   85 D    -2  -2   1   5  -4  -1   1  -2  -2  -3  -4  -1  -3  -4   5   0  -1  -4  -3  -3    0   0   0  70   0   0   0   0   0   0   0   0   0   0  30   0   0   0   0   0  0.89 0.01
   86 N    -1   0   4   1  -1   0   0   0   0  -1  -1   0  -1  -1   0   0   0  -1  -1  -1    5   3  44   3   1   3   4   4   1   3   5   3   1   2   3   4   3   1   2   4  0.18 0.00
   87 L    -1  -1  -1  -1  -1  -1  -1  -1  -1   1   2  -1   1   0  -1  -1   0  -1   0   0    5   3   3   3   1   3   4   4   1   3  46   3   1   2   3   4   3   1   2   4  0.06 0.00
   88 R    -1   5   0  -1  -2   1   0  -1   0  -2  -1   2  -1  -2  -1   0  -1  -1  -1  -1    3  61   2   2   1   2   3   3   1   2   4   2   1   2   2   3   2   1   1   3  0.33 0.01
   89 R    -1   5   0  -1  -3   1   0  -2   0  -2  -2   3  -1  -2  -1   0  -1  -2  -1  -2    2  51   1   1   0   1   1   1   0   1   2  31   0   1   1   1   1   0   1   1  0.42 0.01
   90 A     2   0   0  -1  -1   3   1  -1   0  -2  -2   0  -1  -2  -1   2   0  -2  -1  -1   31   1   1   1   0  31   1   1   0   1   2   1   0   1   1  22   1   0   1   1  0.23 0.01
   91 L    -1  -2  -3  -4  -1  -2  -3  -4  -3   3   3  -2   4   0  -3  -2  -1  -2  -1   2    0   0   0   0   0   0   0   0   0  41  29   0  30   0   0   0   0   0   0   0  0.34 0.01
   92 K    -1   4   0   3  -4   1   1  -2  -1  -3  -3   3  -2  -3  -2  -1  -1  -4  -2  -3    0  41   0  30   0   0   0   0   0   0   0  29   0   0   0   0   0   0   0   0  0.49 0.01
   93 A     2  -2  -2  -2  -2  -2  -2   4  -2  -1   1  -2   0  -2  -2   0  -1  -2  -2  -1   29   0   0   0   0   0   0  41   0   0  30   0   0   0   0   0   0   0   0   0  0.30 0.01
   94 R    -2   3   0   4  -3   0   0  -2   0  -3  -3   0  -2   0  -2  -1  -1  -1   4  -3    0  29   0  41   0   0   0   0   0   0   0   0   0   0   0   0   0   0  30   0  0.41 0.02
   95 P    -1   0  -1   0  -3   4   3  -2   0  -3  -3   1  -2  -4   5   0  -1  -3  -2  -3    0   0   0   0   0  41  30   0   0   0   0   0   0   0  29   0   0   0   0   0  0.70 0.02
   96 V    -1  -3  -3  -4  -2  -3  -3  -4  -3   3   1  -3   1   4  -3  -2  -1  -1   1   3    0   0   0   0   0   0   0   0   0  41   0   0   0  30   0   0   0   0   0  29  0.32 0.01
   97 I    -1  -3  -3  -3  -2  -2  -3  -4  -1   3   1  -3   1   1  -3  -2  -1   0   4   2    0   0   0   0   0   0   0   0   0  49   0   0   0   0   0   0   0   0  30  21  0.32 0.01
   98 R    -1   3   0   0  -4   4   4  -2   0  -3  -3   1  -1  -3  -2   0  -1  -3  -2  -3    0  29   0   0   0  30  41   0   0   0   0   0   0   0   0   0   0   0   0   0  0.54 0.02
   99 G     0  -2   0  -1  -2  -1  -2   5  -2  -4  -4  -1  -3  -3  -2   2   0  -3  -3  -3    0   0   0   0   0   0   0  70   0   0   0   0   0   0   0  30   0   0   0   0  0.71 0.02
  100 S     2   0   0  -1  -2   0   0  -1   4  -2  -2   2  -1  -2  -1   2   0  -3  -1  -2   30   0   0   0   0   0   0   0  21   0   0  20   0   0   0  29   0   0   0   0  0.26 0.01
  101 E    -1  -1   0   4  -4   1   5  -2  -1  -4  -3   0  -3  -4  -1   0  -1  -4  -3  -3    0   0   0  30   0   0  70   0   0   0   0   0   0   0   0   0   0   0   0   0  0.70 0.02
  102 V    -1  -2  -3  -3  -2  -2  -2  -3  -3   1   2  -2   0  -1   5  -2  -1  -3  -2   2    0   0   0   0   0   0   0   0   0   0  30   0   0   0  41   0   0   0   0  29  0.62 0.01
  103 G     0  -2   0  -1  -2  -1  -2   5  -2  -4  -4  -1  -3  -3  -2   2   0  -3  -3  -3    0   0   0   0   0   0   0  70   0   0   0   0   0   0   0  30   0   0   0   0  0.71 0.02
  104 D    -1  -1   3   4  -2   0   1  -1   0  -2  -2   0  -2  -2  -1   0   0  -2  -2  -2    2   2  26  46   1   1   2   2   1   2   3   2   1   1   2   2   2   0   1   2  0.40 0.01
  105 T     1  -2  -2  -3   6  -1  -2  -2  -2  -1   0  -2   3  -2  -2   0   2  -2  -2   0   21   0   0   0  31   0   0   0   0   0   0   0  25   0   0   0  23   0   0   0  0.33 0.03
  106 E     1   2  -1   0  -3   1   3  -2  -1  -3  -3   0  -2  -3   4   0  -1  -3  -2  -2   21  16   0   0   0   0  38   0   0   0   0   0   0   0  25   0   0   0   0   0  0.51 0.02
  107 A     3  -1  -1  -1  -1  -1  -1  -1  -2  -1  -2  -1  -1  -2  -1   2   3  -3  -2   0   48   0   0   0   0   0   0   0   0   0   0   0   0   0   0  16  36   0   0   0  0.33 0.02
  108 F    -1  -3  -3  -4   5  -3  -3  -3  -3   3   1  -3   0   3  -3  -2  -1  -2   0   2    0   0   0   0  25   0   0   0   0  31   0   0   0  23   0   0   0   0   0  21  0.35 0.02
  109 W    -1   4  -1  -2  -3   0  -1   3  -1  -4  -3   0  -2  -2  -3  -1  -2   7  -1  -3    0  46   0   0   0   0   0  31   0   0   0   0   0   0   0   0   0  23   0   0  0.65 0.03
  110 T     1  -2  -2  -3  -1  -2  -2  -2  -3   1   3  -2   1   0  -2  -1   2  -2  -1   0   16   0   0   0   0   0   0   0   0   0  61   0   0   0   0   0  23   0   0   0  0.23 0.02
  111 L    -2  -3  -4  -4  -2  -3  -3  -4  -3   1   5  -3   2   0  -3  -3  -2  -2  -1   1    0   0   0   0   0   0   0   0   0   0 100   0   0   0   0   0   0   0   0   0  0.56 0.05
  112 H    -1  -2  -1  -2  -2  -1  -2  -3   4   2   2  -2   3  -1  -2  -1   2  -2  -1   1    0   0   0   0   0   0   0   0  19  17  18   0  25   0   0   0  21   0   0   0  0.19 0.03
  113 D     1  -1   3   4  -2   0   0  -1  -1  -3  -3  -1  -2  -3  -2   2   0  -4  -3  -2   13   0  21  37   0   0   0   0   0   0   0   0   0   0   0  29   0   0   0   0  0.44 0.03
  114 R    -1   2  -1  -2  -3   0  -1  -2   3  -1  -1   2   2   3  -2   0  -1  -2   0  -2    0  19   0   0   0   0   0   0  13   0   0  18  17  21   0  12   0   0   0   0  0.17 0.02
  115 I    -1  -3  -3  -4  -1  -2  -3  -4  -3   3   3  -3   3   0  -3  -2  -1  -2  -1   2    0   0   0   0   0   0   0   0   0  36  39   0  12   0   0   0   0   0   0  13  0.36 0.02
  116 Q    -2  -1   1   5  -4   4   2  -2  -1  -3  -3   0  -2  -4  -2   0  -1  -4  -3  -3    0   0   0  60   0  40   0   0   0   0   0   0   0   0   0   0   0   0   0   0  0.71 0.05
  117 T     0  -2  -2  -2  -1  -2  -2  -3  -3   1   2  -2   1  -1  -2   1   2  -3  -2   2    0   0   0   0   0   0   0   0   0   0  30   0   0   0   0  17  19   0   0  34  0.18 0.02
  118 V    -1  -3  -4  -4  -1  -3  -3  -4  -3   4   2  -3   1   0  -3  -2  -1  -3  -1   3    0   0   0   0   0   0   0   0   0  43  21   0   0   0   0   0   0   0   0  36  0.37 0.03
  119 R    -2   5  -1  -2  -3   1  -1  -3  -1   0  -2   3  -1  -3  -2  -1  -1  -3  -2  -1    0  69   0   0   0   0   0   0   0  15   0  16   0   0   0   0   0   0   0   0  0.57 0.05
  120 L    -1   0   2  -1  -3   3   0  -2   4  -2   0   2  -1  -2  -2  -1  -1  -3  -1  -2    0   0  16   0   0  30   0   0  21   0  16  16   0   0   0   0   0   0   0   0  0.30 0.04
  121 E    -1  -1  -1  -1   5   2   3  -3   3  -3  -3  -1  -2  -2  -2  -1  -1   6   0  -3    0   0   0   0  21  16  32   0  15   0   0   0   0   0   0   0   0  16   0   0  0.53 0.05
  122 L     0  -2  -3  -3  -2  -2  -3  -3  -2   0   3  -2   1   4  -3   0  -1  -1   1   0   11   0   0   0   0   0   0   0   0   0  48   0   0  31   0  10   0   0   0   0  0.27 0.03
  123 E     0   0   0   2  -3   1   3   2  -1  -3  -3   1  -2  -3  -2   1  -1  -3  -3  -3    0   0   0  16   0   0  32  21   0   0   0  15   0   0   0  16   0   0   0   0  0.38 0.03
  124 K    -1   2   4   0  -3   1   0  -2   0  -3  -3   4  -2  -4  -2   0  -1  -4  -2  -3    0  11  32   0   0   0   0   0   0   0   0  57   0   0   0   0   0   0   0   0  0.51 0.05
  125 I    -1   1  -3  -3  -2  -2  -3  -4  -3   3   2  -1   1  -1  -3  -2  -1  -3  -2   3    0  15   0   0   0   0   0   0   0  31  21   0   0   0   0   0   0   0   0  32  0.26 0.03
  126 F    -1  -3  -2  -3  -2  -2  -3   2  -2   2   0  -2   0   4  -3  -1   2  -1   0   0    0   0   0   0   0   0   0  18   0  25   0   0   0  29   0   0  27   0   0   0  0.22 0.05
  127 N    -1  -1   5   2  -3  -1   0  -1   0  -4  -4  -1  -3  -4   3   1   0  -4  -3  -3    0   0  60  12   0   0   0   0   0   0   0   0   0   0  13  15   0   0   0   0  0.64 0.07
  128 R    -1   1   1  -2  -3  -1  -1  -3   3  -1   0  -1  -1   0   3  -1  -1  -1   3   0    0  14  13   0   0   0   0   0  12   0  14   0   0   0  15   0   0   0  18  14  0.21 0.03
  129 K    -2   1  -1   1  -3   0   1  -3  -1  -1  -1   2  -1   3  -2  -1  -1  -1   2  -1    0   7   0  11   0   0  13   0   0   0   0  27   0  27   0   0   0   0   8   8  0.20 0.04
  130 L    -2  -2   1  -1  -2  -1   1  -3  -2   2   3  -2   1  -1  -3  -2  -1  -3  -2   1    0   0  12   0   0   0  15   0   0  26  40   0   0   0   0   0   0   0   0   8  0.19 0.04
  131 A     2  -1   2   0  -2   0   1   1  -1  -1  -2   0  -1  -2  -1   1   0  -3  -2   0   23   1  14   1   0   0  12  11   0   1   1   8   0   0   1  12   1   0   0  14  0.13 0.02
  132 E     1  -1   0   2  -2   0   2   2  -2   0  -2   1  -2  -3  -2   1  -1  -3  -2  -1   13   0   0  12   0   0  19  23   0  11   0  11   0   0   0  10   0   0   0   0  0.21 0.03
  133 G    -1   3  -1  -1  -3   0   1   1  -1  -3  -3   3  -2  -2  -2  -1   0  -2   1  -2    0  28   0   0   0   0  12  12   0   0   0  27   0   0   0   0  10   0  10   0  0.32 0.05
  134 M     0  -1  -1  -2  -1  -1  -1  -2  -2   1   0   0   2  -2  -2   1   3  -3  -2   2    0   0   0   0   0   0   0   0   0  12   0   8  12   0   0  16  32   0   0  20  0.20 0.05
  135 E    -1   2   0   3  -3   2   3  -2  -1  -3  -3   2  -2  -4  -2   1  -1  -4  -3  -3    0   9   0  27   0  11  24   0   0   0   0  19   0   0   0  10   0   0   0   0  0.45 0.05
  136 V     2  -2  -2  -3  -1  -2  -2  -2  -3   1   2  -2   2  -1  -2   0   1  -3  -2   1   39   0   0   0   0   0   0   0   0  10  20   0   9   0   0   0  11   0   0  12  0.19 0.04
  137 M     0  -1  -1  -2  -2   3  -1  -2  -1  -1   0  -1   5  -2  -2   3   0  -3  -2  -1    0   0   0   0   0  23   0   0   0   0   0   0  40   0   0  37   0   0   0   0  0.36 0.10
  138 Y    -1  -3  -3  -4   5  -3  -3  -4  -2   2   2  -3   1   0  -3  -2  -1  -2   2   2    0   0   0   0  20   0   0   0   0   9  33   0   0   0   0   0   0   0  12  27  0.36 0.05
  139 V     3  -2   2  -1  -1  -1  -1  -1  -2  -1  -2  -1  -1  -3  -2   1   1  -3  -2   1   49   0  17   0   0   0   0   0   0   0   0   0   0   0   0  10  12   0   0  12  0.28 0.06
  140 I     1  -2  -2  -3   5   0  -2  -3  -3   2   0  -2   2  -1  -3  -1   0  -3  -2   2   12   0   0   0  18   9   0   0   0  27   0   0   9   0   0   0   8   0   0  17  0.23 0.05
  141 Y    -3  -2  -2  -4  -3  -2  -3  -4   4  -2  -2  -3  -2   2  -4  -2  -2   1   8  -2    0   0   0   0   0   0   0   0  12   0   0   0   0   0   0   0   0   0  88   0  1.28 0.15
  142 P    -1  -2   1  -1  -2  -1  -1   0  -2  -2  -1  -1  -1  -3   5   1   2  -3  -3  -2    0   0  12   0   0   0   0   9   0   0  11   0   0   0  38   7  24   0   0   0  0.60 0.06
  143 E    -1  -1   4   2   3   0   1  -2   0  -3  -3   1  -2  -2  -2   1  -1  -3   1  -3    0   0  38  12   9   0  10   0   0   0   0  14   0   0   0   8   0   0   9   0  0.36 0.06
  144 G     0  -3  -1  -2  -3  -2  -3   6  -3  -4  -4  -2  -3  -4  -3  -1   0  -3  -4  -3    0   0   0   0   0   0   0  91   0   0   0   0   0   0   0   0   9   0   0   0  1.15 0.11
  145 G    -1  -3  -1   2   7  -2  -2   2  -3  -2  -1  -2  -2  -3  -3   0   2  -3  -3  -2    0   0   0  18  34   0   0  21   0   0   6   0   0   0   0   0  21   0   0   0  0.46 0.07
  146 Y    -2   2  -1  -2  -3  -1  -1   2   5  -3  -3  -1  -2   0  -3  -1   0  -1   5  -2    0  20   0   0   0   0   0  18  22   0   0   0   0   0   0   0   9   0  31   0  0.42 0.07
  147 Y    -2  -3  -3  -4  -3  -2  -3  -4   0   0   3  -3   0   2  -4  -3  -2   1   7  -1    0   0   0   0   0   0   0   0   0   0  40   0   0   0   0   0   0   0  60   0  0.75 0.11
  148 K    -1   1  -3  -3  -2  -1  -2  -3  -3   2   2   0   2  -1  -3  -2  -1  -3  -2   2    0  12   0   0   0   0   0   0   0  11  33  10   7   0   0   0   0   0   0  27  0.22 0.04
  149 R    -1   3   0  -2   4   0  -1  -3  -2   0  -1   2  -1  -3  -2  -1   0  -3  -2   0    0  29   7   0  17   0   0   0   0  12   0  20   0   0   0   0   8   0   0   9  0.25 0.05
  150 H    -3  -1   0  -2  -4   0  -1  -3  10  -4  -4  -2  -3  -2  -3  -2  -3  -3   1  -4    0   0   0   0   0   0   0   0 100   0   0   0   0   0   0   0   0   0   0   0  1.69 0.19
  151 L    -2   1   2   4  -3  -1   0  -2  -1  -1   0  -1  -1  -2  -2  -1  -1  -3  -2   1    1  10  11  45   0   0   1   1   0   0  11   1   0   0   0   1   1   0   0  17  0.31 0.06
  152 D    -2  -2   1   7  -4  -1   1  -2  -2  -3  -4  -1  -3  -4  -2  -1  -2  -4  -3  -3    1   0   0  92   0   0   1   1   0   0   1   1   0   0   0   1   1   0   0   1  1.14 0.12
  153 S     1  -1   2   0  -2   0   2  -1  -1   0   0  -1  -1  -2  -2   1   0  -3  -2   1   11   0  17   0   0   0  19   1   0   0   8   1   0   0   0  20   1   0   0  19  0.13 0.04
  154 I    -1  -2  -2  -2  -2  -2  -2  -3  -2   2   2  -2   1   2   3  -2  -1  -2  -1   1    2   1   1   1   0   1   1   1   0  29  28   1   0  11  18   1   1   0   1   1  0.26 0.04
  155 Q    -1   0   2   0  -2   2   2  -1   2  -2  -2   1  -1  -1  -1   0  -1  -1   2  -1    3   2  12   2   1  11  21   3   7   2   3  10   1   1   2   3   2   1  11   2  0.16 0.02
  156 G     0  -1   0   1  -2  -1  -1   4  -1  -2  -2  -1  -2  -2  -1   1  -1  -2  -2  -2    3   2   2  10   1   2   2  48   1   2   3   2   1   1   2  13   2   1   1   2  0.35 0.03
  157 V     0  -1   0   2  -1   0   0  -1  -1   0  -1   0   0  -1   0   1   0  -1  -1   1    4   3   2  20   1   2   3   4   1   3   5   3   1   2   3  14   3   1   2  22  0.06 0.01
  158 D     0  -1   0   3  -2   0   1   3  -1  -2  -2   0  -1  -2  -1   0  -1  -1  -1  -2    3   2   2  21   1   2  13  30   1   2   4   3   1   2   2   3   3   1   1   3  0.23 0.02
  159 M     0   0   1   0  -1   0   0   0   0  -1   0   0   1  -1   0   2   0  -1  -1  -1    5   3  12   3   1   3   4   5   1   3   6   4  11   2   3  25   4   1   2   4  0.07 0.01
  160 L     0  -1  -1   0  -1   0   1  -1  -1   0   1   0   0  -1   2   0   0  -1  -1   0    5   3   3   3   1   3  14   5   1   3  25   4   1   2  12   4   4   1   2   4  0.08 0.01
  161 G     0   0   0   0  -1   0   0   1  -1   0  -1   1   0  -1   0   0   1  -1  -1   0    5   3   3   3   1   3   4  14   1   3   6  14   1   2   3   4  13   1   2  13  0.04 0.00
  162 T     0   0   0   0  -1   0   0  -1  -1   1   0   1   0  -1   0   0   2  -1  -1   0    5   3   3   3   1   3   4   5   1  13   6  12   1   2   3   4  24   1   2   4  0.05 0.01
  163 G     1  -1   0   1  -1  -1   0   3  -1  -2  -2  -1  -1  -2  -1   1   0  -1  -1  -1   14   2   2  11   1   2   3  31   1   2   4   2   1   2   2  13   2   1   1   3  0.20 0.01
  164 K     0   1   0  -1  -1   0   0   1  -1  -1  -1   1  -1  -2   0   1   1  -1  -1  -1    3  12   2   2   1   2   3  12   1   2   4  12   1   2   2  20  14   1   1   3  0.12 0.01
  165 R    -2   7  -1  -2  -4   0  -1  -3  -1  -4  -3   2  -2  -4  -3  -2  -2  -4  -3  -3    0 100   0   0   0   0   0   0   0   0   0   0   0   0   0   0   0   0   0   0  1.22 0.15
  166 S    -1   3  -1  -2   6   2   0  -2  -1  -2  -2   1  -1  -3  -2   0  -1  -3  -2  -2    1  25   0   1  31  19   1   1   0   1   1   7   0   0   1  10   1   0   0   1  0.45 0.07
  167 V    -2  -4  -4  -4  -2  -3  -4  -4  -4   5   1  -3   1   1  -3  -3  -1  -3  -1   3    0   0   0   0   0   0   0   0   0  72   0   0   0   5   0   0   0   0   0  22  0.58 0.10
  168 T     2  -2  -1  -2  -1  -1  -1  -1  -2  -2  -2  -1  -1  -3  -2   2   4  -3  -2  -1   26   0   0   0   0   0   0   0   0   0   0   0   0   0   0  18  55   0   0   0  0.48 0.09
  169 F    -2  -3  -3  -4   5  -3  -3  -3  -1  -1   0  -3   2   5  -4  -2   0   0   4  -1    0   0   0   0  17   0   0   0   0   0   0   0  10  42   0   0   9   0  22   0  0.59 0.09
  170 I    -2  -4  -4  -4  -2  -4  -4  -5  -4   6   1  -3   1  -1  -4  -3  -1  -3  -2   3    0   0   0   0   0   0   0   0   0  90   0   0   0   0   0   0   0   0   0  10  0.72 0.12
  171 A     0  -3  -3  -4  -2  -2  -3  -3   0   1   2  -3   0   2  -3  -2  -2   0   6   0   10   0   0   0   0   0   0   0   0   7  30   0   0   0   0   0   0   0  53   0  0.56 0.10
  172 Y    -3  -3  -3  -4  -3  -2  -3  -4   1  -2  -2  -3  -2   2  -4  -3  -3   1   9  -2    0   0   0   0   0   0   0   0   0   0   0   0   0   0   0   0   0   0 100   0  1.53 0.18
  173 L    -2  -3  -4  -4   3  -3  -4  -4  -3   1   4  -3   1   2  -4  -3  -2  -2  -1   1    0   0   0   0   9   0   0   0   0   0  71   0   0  10   0   0   0   0   0  10  0.48 0.08
  174 N    -1  -2   5   0  -2  -1  -1  -2  -1  -1  -2  -1  -2  -1   1   1   0  -3   2   1    0   0  45   0   0   0   0   0   0   0   0   0   0   0   6  14   0   0  10  24  0.32 0.08
  175 T     0   0   0   2  -2   2   2  -1  -1  -2  -2   0  -1  -2   2   0   1  -2  -2  -1   10   2   1  15   1  18  16   2   1   2   3   2   1   1  10   2  11   0   1   2  0.23 0.02
  176 P    -1   0  -1  -1  -3   0   2  -2  -1  -3  -3   2  -2  -3   6  -1  -1  -3  -2  -2    1   1   1   1   0   1  19   1   0   1   1  21   0   1  47   1   1   0   0   1  0.86 0.07
  177 D    -1  -1   3   5  -3   0   2  -1  -1  -3  -3  -1  -3  -3   2   0  -1  -4  -3  -3    1   0  21  43   0   0  13   1   0   0   1   1   0   0  11   5   1   0   0   1  0.57 0.06
  178 W    -3  -3  -4  -4  -3  -3  -3  -3  -3  -3  -2  -3  -2   0  -4  -3  -3  12   1  -3    1   1   0   1   0   0   1   1   0   1   1   1   0   0   1   1   1  90   0   1  2.65 0.18
  179 K    -1   0   0   4  -3   0   0  -2  -2  -3  -1   3  -2  -3  -2   0   0  -4  -3  -3    0   0   0  39   0   0   0   0   0   0   7  42   0   0   0   5   8   0   0   0  0.44 0.08
  180 P     2   1  -1   1  -2   0   0  -1  -2  -3  -3   2  -2  -3   3   1  -1  -3  -2  -2   36   9   0   8   0   0   0   0   0   0   0  26   0   0  15   6   0   0   0   0  0.35 0.06
  181 E    -1  -1  -1   0  -2   0   2   0   1  -1  -2   0  -1   1  -2   1   1  -2  -1   1    0   0   0   5   0   0  23  10   6   0   0   6   0  10   0  14   9   0   0  18  0.10 0.04
  182 H    -1  -1   0   3  -3   1   0  -2   4  -2  -1  -1   0  -1  -2   1  -1  -2   2  -2    0   0   0  31   0   8   0   0  21   0   9   0   4   0   0  16   0   0  12   0  0.31 0.06
  183 G     0  -3  -1  -2  -3  -3  -3   7  -3  -5  -5  -2  -4  -4  -3  -1  -2  -3  -4  -4    0   0   0   0   0   0   0 100   0   0   0   0   0   0   0   0   0   0   0   0  1.38 0.13
  184 G     0  -3  -1  -2  -3  -3  -3   7  -3  -5  -5  -2  -4  -4  -3  -1  -2  -3  -4  -4    0   0   0   0   0   0   0 100   0   0   0   0   0   0   0   0   0   0   0   0  1.38 0.13
  185 Q     0  -1  -1  -1   2   2   2   0  -1   0  -1   0  -1  -2  -2   0   2  -3  -2   0    5   0   0   0   8  16  20   6   0   5   6   0   0   0   0   5  22   0   0   6  0.16 0.04
  186 L    -2  -3  -4  -5  -2  -3  -4  -5  -4   1   5  -3   2   0  -4  -3  -2  -2  -2   0    0   0   0   0   0   0   0   0   0   0 100   0   0   0   0   0   0   0   0   0  0.75 0.11
  187 R    -2   5   0   3  -4   2   2  -3  -1  -4  -3   1  -2  -4  -2  -1  -2  -4  -3  -3    0  61   0  19   0   6  14   0   0   0   0   0   0   0   0   0   0   0   0   0  0.69 0.09
  188 I    -2  -3  -4  -4  -2  -3  -4  -4  -4   3   4  -3   1   0  -4  -3  -2  -3  -2   1    0   0   0   0   0   0   0   0   0  34  66   0   0   0   0   0   0   0   0   0  0.56 0.08
  189 Y    -3  -3  -3  -4  -3  -3  -3  -4   0  -2  -1  -3  -1   6  -4  -3  -3   1   7  -2    0   0   0   0   0   0   0   0   0   0   0   0   0  40   0   0   0   0  60   0  1.11 0.13
  190 G    -1  -2  -1   2  -3  -2  -1   2  -2  -3  -4  -1  -3  -4   6   1   1  -4  -3  -3    0   0   0  15   0   0   0  23   0   0   0   0   0   0  44   9  10   0   0   0  0.84 0.08
  191 E    -1  -1   1   1  -2   0   3  -2  -1  -1  -2   0   0  -3  -2   1   2  -3  -2  -1    0   0  10   8   0   0  35   0   0   4   0   0   5   0   0   6  27   0   0   4  0.29 0.06
  192 H    -1  -1   2   3  -3   0   1   1   4  -3  -2  -1  -2  -3  -2   0   0  -4  -2  -3    5   0  16  26   0   0  10  12  16   0   5   0   0   0   0   0   9   0   0   0  0.31 0.05
  193 E    -1   1   0   1  -3   3   3  -2  -1  -2  -3   2  -2  -3  -2   1   0  -3  -2  -1    0   6   0   5   0  18  33   0   0   0   0  16   0   0   0   9   7   0   0   6  0.36 0.05
  194 V    -1  -3  -3  -4   4  -3  -3  -4  -3   1   0  -3   2   4   1  -2  -1  -2   0   3    0   0   0   0  13   0   0   0   0   0   0   0   9  25   6   0   0   0   0  46  0.36 0.08
  195 R     1   2  -1  -2  -2   2   0  -2   3   0  -1   2   1  -2  -2  -1  -1  -3  -1   0   17  17   0   0   0  10   0   0  12  10   0  19   9   0   0   0   0   0   0   7  0.17 0.04
  196 D    -1  -1   2   4  -2   0   0  -1  -1  -3  -3   1  -2  -3  -2   3   1  -4  -3  -3    0   0   6  39   0   0   0   0   0   0   0   8   0   0   0  37  10   0   0   0  0.49 0.08
  197 L    -2  -3  -3  -1  -2  -3  -3  -4  -4   4   3  -3   1  -1  -3  -3  -1  -3  -2   2    0   0   0   6   0   0   0   0   0  60  28   0   0   0   0   0   0   0   0   6  0.44 0.08
  198 F     0  -2  -1   1  -2   0   2  -2  -2   1   0  -1  -1   1   2  -1   1  -3  -1   0    8   0   0   9   0   0  26   0   0  13   7   0   0  10  12   0  10   0   0   5  0.16 0.04
  199 P    -2  -3  -3  -2  -4  -2  -2  -3  -3  -4  -4  -2  -4  -5   8  -2  -2  -5  -4  -3    0   0   0   0   0   0   0   0   0   0   0   0   0   0 100   0   0   0   0   0  2.38 0.17
  200 E    -1   2  -1  -1  -2   2   1  -2  -1   2   0   1   0  -2  -2   1   0  -3  -2   0    0  14   0   0   0  12  10   0   0  26   6  13   0   0   0  20   0   0   0   0  0.15 0.05
  201 S     1  -2   1   0  -2  -2  -2  -2  -2  -2  -2  -2  -2   3  -3   0  -1   8   1  -2   19   0  10   8   0   0   0   0   0   0   0   0   0  23   0  10   0  31   0   0  0.65 0.08
  202 G    -2  -2   5   4  -4  -1   0   1  -1  -4  -4  -1  -3  -4  -3   0  -1  -5  -3  -4    0   0  55  35   0   0   0  10   0   0   0   0   0   0   0   0   0   0   0   0  0.79 0.10
  203 S    -1   4   0  -1  -3   3   0  -2  -1  -3  -3   2  -2  -3  -2   2   0  -3  -2  -3    0  35   0   0   0  19   0   0   0   0   0   9   0   0   0  32   4   0   0   0  0.45 0.08
  204 L    -2  -3  -4  -4  -2  -3  -4  -4  -3   2   4  -3   3   2  -4  -3  -2  -2  -1   1    0   0   0   0   0   0   0   0   0  17  69   0   7   8   0   0   0   0   0   0  0.51 0.08
  205 V     1  -3  -3  -3  -1  -2  -3  -3  -3   2   2  -2   1  -1  -3  -1  -1  -3  -2   3   14   0   0   0   0   0   0   0   0  10  26   0   0   0   0   5   0   0   0  44  0.28 0.05
  206 V    -2  -3  -4  -4  -3  -3  -4  -4  -2   2   0  -4   2   6  -4  -3  -2   0   2   1    0   0   0   0   0   0   0   0   0  16   0   0   7  68   0   0   0   0   0  10  0.72 0.10
  207 F    -3  -4  -4  -5  -3  -4  -4  -4  -2  -1   0  -4  -1   8  -5  -3  -3   0   2  -2    0   0   0   0   0   0   0   0   0   0   0   0   0 100   0   0   0   0   0   0  1.32 0.16
  208 D    -2   0   1   1  -3   0   3  -2  -1  -3  -1   1  -2  -2  -2  -1  -2   8  -1  -3    0   5  10  10   0   0  25   0   0   0  10  14   0   0   0   0   0  25   0   0  0.54 0.07
  209 S     0  -2  -1  -1  -1  -1  -1  -1  -2  -1  -2  -1  -1  -3  -2   5   1  -4  -2   2    0   0   0   0   0   0   0   0   0   0   0   0   0   0   0  74   0   0   0  26  0.45 0.11
  210 K    -1   4  -1  -2  -3   0  -1   0  -2  -3  -1   2  -2  -3   5   0  -1  -3  -3  -3    0  36   0   0   0   0   0   8   0   0   6  15   0   0  28   7   0   0   0   0  0.56 0.07
  211 T    -1   3  -1  -2  -2  -1  -1  -2  -2  -1  -1   0  -1   1   3   0   1  -2  -1   1    1  26   0   1   0   0   1   1   0   1   1   1   0  10  19   8  10   0   0  19  0.24 0.04
  212 L     0  -2   3  -1   3  -1  -1  -1  -1  -2   1  -1  -1  -2  -2   3   0  -3  -2  -2    0   0  25   0  10   0   0   0   0   0  20   0   0   0   0  45   0   0   0   0  0.31 0.08
  213 W    -2   1  -3  -2  -3  -2   0  -3  -2  -2  -1  -2  -1   5   4  -2  -2   5   1  -2    0  10   0   0   0   0  10   0   0   0   0   0   0  45  25   0   0  10   0   0  0.64 0.09
  214 H    -3  -1   0  -2  -4   0  -1  -3  10  -4  -4  -2  -3  -2  -3  -2  -3  -3   1  -4    0   0   0   0   0   0   0   0 100   0   0   0   0   0   0   0   0   0   0   0  1.69 0.19
  215 E     0   0  -1   2  -4   4   5  -2  -1  -4  -3   0  -2  -4  -2  -1  -1  -3  -3  -3    7   0   0  12   0  26  55   0   0   0   0   0   0   0   0   0   0   0   0   0  0.68 0.09
  216 V    -1  -3  -4  -4  -2  -3  -3  -4  -4   2   0  -3   0  -2  -3  -2  -1  -4  -2   6    0   0   0   0   0   0   0   0   0   0   0   0   0   0   0   0   0   0   0 100  0.72 0.13
  217 M    -1   1  -1  -1  -2   2   1   0  -1  -1   1   0   4  -2  -2   1  -1  -3  -2  -1    0   7   0   0   0  11  12   8   0   0  10   6  29   0   0  19   0   0   0   0  0.16 0.06
  218 E    -1  -1  -1   0  -4   2   4  -2  -1  -4  -3   0  -2  -4   4   1  -1  -4  -3  -3    0   0   0   0   0  10  54   0   0   0   0   0   0   0  25  10   0   0   0   0  0.76 0.09
  219 T     1  -3  -3  -3   3  -2  -3  -3  -3   1   0  -2   0  -2  -3   0   1  -3  -2   4   11   0   0   0  10   0   0   0   0   0   0   0   0   0   0   6  10   0   0  64  0.34 0.08
  220 H    -1  -2   1   2  -3  -1   1  -1   3  -1  -1  -1  -1   2  -3   0  -1  -1   4   0    0   0  10  14   0   0   9   5  10   0   5   0   0   9   0   7   0   0  22  10  0.17 0.04
  221 K     2   2  -1  -2   3   0  -1  -2  -1  -2  -2   3  -1   1  -2   0  -1  -2   1  -2   23   9   0   0  10   0   0   0   0   0   0  35   0  10   0   5   0   0   8   0  0.23 0.06
  222 E    -1  -2  -1  -1   1   0   2  -2   4  -3  -3  -1  -2  -3   5   1   1  -4  -2  -2    0   0   0   0   5   0  21   0  15   0   0   0   0   0  33   9  17   0   0   0  0.62 0.07
  223 R    -2   7  -1  -2  -4   0  -1  -3  -1  -4  -3   2  -2  -4  -3  -2  -2  -4  -3  -3    0 100   0   0   0   0   0   0   0   0   0   0   0   0   0   0   0   0   0   0  1.22 0.15
  224 A     0  -3  -3  -4  -2  -2  -3  -3  -1   1   2  -3   2   3  -3  -2  -1   0   3   1   10   0   0   0   0   0   0   0   0  10  33   0   5  19   0   0   0   0  17   7  0.30 0.05
  225 C     3  -2  -1  -2   3  -1  -1  -1  -2  -2  -2  -1  -2  -3  -1   3   2  -3  -2  -1   41   0   0   0  10   0   0   0   0   0   0   0   0   0   0  32  18   0   0   0  0.39 0.07
  226 V    -2  -3  -4  -4  -2  -3  -4  -4  -4   5   1  -3   2  -1  -3  -3  -1  -3  -2   3    0   0   0   0   0   0   0   0   0  69   0   0   6   0   0   0   0   0   0  25  0.58 0.10
  227 V     0  -1   3  -1  -2   1  -1  -1  -1  -1  -2  -1  -1  -3  -2   3   3  -3  -2   0    0   0  18   0   0   6   0   0   0   0   0   0   0   0   0  31  35   0   0  10  0.35 0.07
  228 G     0  -3  -1  -2  -2  -2  -3   5  -3   0  -2  -2  -2  -3  -3  -1   0  -3  -3   1    0   0   0   0   0   0   0  65   0   9   0   0   0   0   0   0  10   0   0  17  0.61 0.08
  229 F    -4  -4  -5  -6  -4  -3  -4  -4  -3  -3  -2  -4  -2   2  -5  -4  -4  12   1  -4    0   0   0   0   0   0   0   0   0   0   0   0   0  10   0   0   0  90   0   0  2.82 0.21
  230 L    -2  -3  -3  -4  -3  -3  -3  -4  -1   2   1  -3   0   5  -4  -3  -2   0   5   0    0   0   0   0   0   0   0   0   0  20  10   0   0  38   0   0   0   0  32   0  0.62 0.09
  231 H    -2   1  -1  -3  -3  -1  -1  -3   7  -2  -2  -1   2   3  -3  -2  -2  -1   4  -2    0  10   0   0   0   0   0   0  50   0   0   0   9  17   0   0   0   0  14   0  0.67 0.10
  232 E    -1  -1   0   4  -3   0   2   2  -1  -3  -3   1  -2  -3  -1   0   0  -3  -2  -2    1   1   1  32   0   1  13  21   0   1   1  14   0   1   1   1   9   0   1   1  0.32 0.03
  233 E     1   0  -1   1   3   0   2  -1  -1  -2  -2   3  -1  -3  -1   0  -1  -3  -2  -2   22   1   1  11  10   1  13   1   0   1   1  33   0   1   1   1   1   0   1   1  0.21 0.03
  234 V     0  -1   0   1  -2   0   1  -2  -1   0  -1   0  -1  -1  -1   2   1  -2   1   1    1   1   0   8   0   0   9   1   0  10   1   9   0   0   1  24  12   0   9  14  0.09 0.02
  235 D    -1  -1   2   2  -3   0   3  -2  -1  -2  -1   0  -1  -3   3  -1  -1  -3  -2  -2    1   1  12  14   0   0  37   1   0   1  12   1   0   0  19   1   1   0   0   1  0.40 0.03
  236 R    -1   5  -1   0  -3   3   3  -2   0  -3  -2   1  -2  -3  -2  -1  -1  -3  -2  -3    1  50   0   1   0  19  23   1   0   1   1   1   0   0   1   1   1   0   0   1  0.53 0.05
  237 W     1   2  -2  -2  -2  -1  -1  -1  -2  -1  -1   0  -1  -1   3  -1  -1   7   0   0   22  18   1   1   0   1   1   1   0   1   1   1   0   1  14   1   1  20   0  15  0.36 0.02
  238 A     3  -2  -1  -1  -1  -1  -1   3  -2  -2  -2  -1  -2  -2   3   0  -1  -2  -2  -1   42   1   1   1   0   1   1  29   0   1   1   1   0   1  18   1   1   0   0   1  0.41 0.02
  239 E     1  -1  -1   1  -3   1   4  -2  -1  -3  -3   0  -2  -3   3   0  -1  -3  -2  -2   21   0   0   0   0   0  62   0   0   0   0   0   0   0  17   0   0   0   0   0  0.57 0.04
  240 R    -2   5  -1  -1  -4   1   2  -3  -1  -3  -3   2  -2  -3   2  -1  -1  -3  -2  -3    0  72   0   0   0   0  14   0   0   0   0   0   0   0  14   0   0   0   0   0  0.67 0.04
  241 A     2  -2  -1  -2  -2  -1  -2   5   4  -3  -3  -1  -2  -3  -2   0  -1  -3  -1  -2   26   0   0   0   0   0   0  56  18   0   0   0   0   0   0   0   0   0   0   0  0.55 0.02
  242 P    -2  -2  -3  -3  -2  -2  -2  -3   0   1   1  -2   0   1   4  -2  -1   0   4   0    0   0   0   0   0   0   0   0   0  18  21   0   0   0  26   0   0   0  35   0  0.45 0.02
  243 D    -2   0   1   5  -4   0   3  -2  -1  -3  -4   2  -3  -4  -2   0  -1  -4  -3  -3    0   0   0  64   0   0  18   0   0   0   0  18   0   0   0   0   0   0   0   0  0.67 0.02
  244 Q     1   3  -1   0  -3   3   3  -2   0  -3  -2   1  -1  -3  -1   0  -1  -3  -2  -2   22  24   0   0   0  31  23   0   0   0   0   0   0   0   0   0   0   0   0   0  0.37 0.01
  245 E     1  -1   4   1  -2   1   3  -1   0  -3  -3   0  -2  -3  -2   1   0  -3  -2  -2   23   0  46   0   0   0  31   0   0   0   0   0   0   0   0   0   0   0   0   0  0.39 0.01
  246 A     2  -1  -2  -2  -1  -1  -1  -1   0  -1  -1  -1  -1   1  -1   0  -1   7   4  -1   32   1   1   1   0   1   2   2   1   1   2   1   1   1   1   2   1  24  23   2  0.43 0.01
  247 C     0  -2  -2  -2   8  -2  -2  -2  -2   0   0  -2  -1  -2  -2  -1   0  -2  -2   1    2   1   1   1  53   1   2   2   1   1   2   1   1   1   1   2   1   0   1  25  0.49 0.01
  248 E    -1   3   0   3  -3   1   3  -1   0  -2  -2   1  -2  -2  -1   0  -1  -2  -2  -2    2  25   1  23   0   1  32   2   1   1   2   1   1   1   1   2   1   0   1   2  0.33 0.01
  249 D    -1  -1   4   4  -2   0   0  -1   0  -2  -3   0  -2  -2  -1   0   0  -3  -2  -2    2   1  46  32   0   1   2   2   1   1   2   1   1   1   1   2   1   0   1   2  0.43 0.01
  250 A     2  -1   3   0  -1   0   0   0  -1  -1  -1   0  -1  -2  -1   1   2  -2  -1  -1   32   1  25   1   0   1   2   2   1   1   2   1   1   1   1   2  23   0   1   2  0.18 0.01
  251 F    -1  -2  -1  -2  -1  -1  -1  -2  -1   1   0  -1   0   4  -1   0   2  -1   1   1    2   1   1   1   0   1   2   2   1   1   2   1   1  32   1   2  25   0   1  23  0.13 0.01
  252 D     0  -1   1   3  -1   0   1  -1  -1  -2  -2   0  -2  -2  -1   3   1  -2  -2  -2    2   1   1  32   0   1   2   2   1   1   2   1   1   1   1  47   1   0   1   2  0.30 0.01
  253 E    -1   0   0   0  -2   3   3  -2  -1  -2  -2   0  -1  -3  -1   1   3  -3  -2  -1    0   0   0   0   0  24  31   0   0   0   0   0   0   0   0   0  45   0   0   0  0.38 0.02
  254 R    -2   4  -2  -3  -3   0  -1  -3  -1   0   2   1   1  -1  -3  -2  -1  -2  -2  -1    0  55   0   0   0   0   0   0   0   0  45   0   0   0   0   0   0   0   0   0  0.34 0.02
  255 R     1   3  -1   0  -3   3   3  -2   0  -3  -2   1  -1  -3  -2   0  -1  -3  -2  -2   23  31   0   0   0  22  24   0   0   0   0   0   0   0   0   0   0   0   0   0  0.36 0.01
  256 R     0   3   0  -1  -2   3   0  -2  -1  -2  -2   1  -1  -3  -2   2   2  -3  -2  -2    0  31   0   0   0  23   0   0   0   0   0   0   0   0   0  22  24   0   0   0  0.33 0.01
  257 L    -1  -2  -2  -3  -1  -2  -2  -3  -3   2   3  -2   1   0  -2   1   0  -2  -1   1    0   0   0   0   0   0   0   0   0  23  52   0   0   0   0  24   0   0   0   0  0.21 0.01
  258 S     0  -1   0   0  -2   0   2  -1  -1  -2  -2   0  -1  -3  -1   2   3  -3  -2  -1    0   0   0   0   0   0  23   0   0   0   0   0   0   0   0  31  46   0   0   0  0.35 0.01
  259 D    -1  -2   0   3  -2  -1   0  -2  -2   0   1  -1   3  -1  -2   1   0  -3  -2  -1    0   0   0  31   0   0   0   0   0   0  24   0  22   0   0  23   0   0   0   0  0.18 0.01
  260 R    -2   3   3   3  -3   1   1  -2   0  -3  -3   2  -2  -3  -2   0  -1  -4  -2  -3    0  31  23  24   0   0   0   0   0   0   0  22   0   0   0   0   0   0   0   0  0.43 0.01
  261 Q    -1   0  -1  -1  -3   5   1  -2   0  -1  -1   1   0  -3  -2  -1  -1  -2  -2   1    0   0   0   0   0  77   0   0   0   0   0   0   0   0   0   0   0   0   0  23  0.43 0.02
  262 L    -2  -2  -3  -4  -2  -2  -3  -4  -3   1   4  -2   4   0  -3  -2  -1  -2  -1   1    0   0   0   0   0   0   0   0   0   0  78   0  22   0   0   0   0   0   0   0  0.43 0.02
  263 S     0  -1   1   3  -3   1   2  -1   4  -3  -3   0  -2  -3  -1   2   0  -3  -1  -3    0   0   0  22   0   0  23   0  24   0   0   0   0   0   0  31   0   0   0   0  0.39 0.01
  264 D    -1  -2   1   5  -2  -1   1  -2  -2  -1   0  -1  -1  -2  -2   1   0  -3  -2  -2    0   0   0  54   0   0   0   0   0   0  22   0   0   0   0  24   0   0   0   0  0.36 0.01
  265 M    -1  -2  -2  -2  -2   0   1  -3  -1   0   1  -1   5   3  -3  -2  -1  -1   0   0    0   0   0   0   0   0  22   0   0   0   0   0  55  23   0   0   0   0   0   0  0.23 0.02
  266 L    -1  -2  -3  -2  -2  -1   1  -4  -2   2   3  -2   1   0  -3  -2  -1  -2  -1   1    0   0   0   0   0   0  23   0   0  24  52   0   0   0   0   0   0   0   0   0  0.22 0.01
  267 P    -1  -2  -2  -1  -2  -1  -1  -2  -2  -2  -2  -1  -2  -3   7  -1  -1  -3  -2  -2    2   1   1   1   0   1   1   2   1   1   2   1   1   1  78   2   1   0   1   2  1.42 0.02
  268 N    -1   3   4   0  -2   0   0  -1   0  -2  -2   1  -1  -2  -1   0   0  -2  -1  -2    2  32  40   2   1   1   2   2   1   2   3   2   1   1   2   2   2   0   1   2  0.28 0.00
  269 I    -1  -2  -2  -2  -1  -2  -2  -2  -1   2   1  -2   0   4  -2  -1  -1   0   1   1    2   2   1   2   1   1   2   2   1  40   3   2   1  31   2   2   2   0   1   2  0.14 0.00
  270 R     0   4   0  -1  -2   0   0  -1   0  -2  -2   1  -1  -2  -1   2   0  -2  -1  -1    2  40   1   2   1   1   2   2   1   2   3   2   1   1   2  32   2   0   1   2  0.24 0.00
  271 F    -1  -1  -2  -2  -2  -1  -2  -2   0  -1   0  -2   0   5  -2  -1  -1   1   5  -1    2   2   1   2   1   1   2   2   1   2   3   2   1  40   2   2   2   0  31   2  0.34 0.00
  272 D    -1  -1   0   4  -2   0   0  -1   0  -2  -2  -1  -1   1  -1  -1  -1   0   4  -2    2   2   1  40   1   1   2   2   1   2   3   2   1   1   2   2   2   0  31   2  0.28 0.00
  273 P    -1  -1  -1  -1  -2  -1  -1  -1  -1  -2  -2  -1  -2  -2   7  -1  -1  -2  -2  -2    2   2   1   2   1   1   2   2   1   2   3   2   1   1  70   2   2   0   1   2  1.20 0.01
  274 G     0  -1   0  -1  -1  -1  -1   4  -1  -2  -2  -1  -1  -1  -1   0  -1  -1  -1  -1    4   3   2   3   1   2   3  54   1   3   5   3   1   2   3   4   3   1   2   3  0.33 0.00
  275 G     0  -1   0  -1  -1  -1  -1   4  -1  -2  -2  -1  -1  -1  -1   0  -1  -1  -1  -1    4   3   2   3   1   2   3  54   1   3   5   3   1   2   3   4   3   1   2   3  0.33 0.00
  276 F    -1  -1  -1  -1  -1  -1  -1  -1  -1   0   0  -1   0   5  -1  -1  -1   1   2  -1    4   3   2   3   1   2   3   4   1   3   5   3   1  52   3   4   3   1   2   3  0.19 0.00
  277 F    -2  -3  -3  -4  -3  -3  -4  -3  -1   0   0  -3   0   7  -4  -3  -2   1   3  -1    0   0   0   0   0   0   0   0   0   0   0   0   0 100   0   0   0   0   0   0  0.74 0.01
  278 P    -1  -2  -2  -2  -3  -1  -1  -2  -2  -3  -3  -1  -3  -4   8  -1  -1  -4  -3  -3    0   0   0   0   0   0   0   0   0   0   0   0   0   0 100   0   0   0   0   0  2.05 0.01
  279 R    -1   5   0  -1  -4   1   0  -2  -1  -3  -3   4  -1  -3  -2  -1  -1  -3  -2  -3    0  50   0   0   0   0   0   0   0   0   0  50   0   0   0   0   0   0   0   0  0.56 0.00
  280 D    -2  -2   1   6  -4   0   2  -1  -1  -3  -4  -1  -3  -4  -2   0  -1  -5  -3  -3    0   0   0 100   0   0   0   0   0   0   0   0   0   0   0   0   0   0   0   0  0.93 0.00
  281 E    -1   0   0   2  -4   2   5  -2   0  -4  -3   1  -2  -4  -1   0  -1  -3  -2  -3    0   0   0   0   0   0 100   0   0   0   0   0   0   0   0   0   0   0   0   0  0.74 0.00
  282 P    -1  -2  -2  -1  -3  -1  -1  -2  -2  -3  -3  -1  -2  -4   7  -1  -1  -4  -3  -2    0   0   0   0   0   0   0   0   0   0   0   0   0   0   0   0   0   0   0   0  0.00     0.00
  283 T     0  -1   0  -1  -1  -1  -1  -2  -2  -1  -1  -1  -1  -2  -1   1   5  -2  -2   0    0   0   0   0   0   0   0   0   0   0   0   0   0   0   0   0   0   0   0   0  0.00     0.00
  284 D    -2  -2   1   6  -3   0   2  -1  -1  -3  -4  -1  -3  -3  -1   0  -1  -4  -3  -3    0   0   0   0   0   0   0   0   0   0   0   0   0   0   0   0   0   0   0   0  0.00     0.00
  285 T     0  -1   0  -1  -1  -1  -1  -2  -2  -1  -1  -1  -1  -2  -1   1   5  -2  -2   0    0   0   0   0   0   0   0   0   0   0   0   0   0   0   0   0   0   0   0   0  0.00     0.00
  286 L    -1  -2  -3  -4  -1  -2  -3  -4  -3   2   4  -2   2   0  -3  -2  -1  -2  -1   1    0   0   0   0   0   0   0   0   0   0   0   0   0   0   0   0   0   0   0   0  0.00     0.00
  287 K    -1   2   0  -1  -3   1   1  -2  -1  -3  -2   4  -1  -3  -1   0  -1  -3  -2  -2    0   0   0   0   0   0   0   0   0   0   0   0   0   0   0   0   0   0   0   0  0.00     0.00
  288 W    -3  -3  -4  -4  -2  -2  -3  -2  -2  -3  -2  -3  -1   1  -4  -3  -2  10   2  -3    0   0   0   0   0   0   0   0   0   0   0   0   0   0   0   0   0   0   0   0  0.00     0.00
  289 S     1  -1   1   0  -1   0   0   0  -1  -2  -2   0  -1  -2  -1   4   1  -3  -2  -2    0   0   0   0   0   0   0   0   0   0   0   0   0   0   0   0   0   0   0   0  0.00     0.00
  290 G     0  -2   0  -1  -2  -2  -2   6  -2  -4  -4  -2  -3  -3  -2   0  -2  -2  -3  -3    0   0   0   0   0   0   0   0   0   0   0   0   0   0   0   0   0   0   0   0  0.00     0.00
  291 L    -1  -2  -3  -4  -1  -2  -3  -4  -3   2   4  -2   2   0  -3  -2  -1  -2  -1   1    0   0   0   0   0   0   0   0   0   0   0   0   0   0   0   0   0   0   0   0  0.00     0.00
  292 D    -2  -2   1   6  -3   0   2  -1  -1  -3  -4  -1  -3  -3  -1   0  -1  -4  -3  -3    0   0   0   0   0   0   0   0   0   0   0   0   0   0   0   0   0   0   0   0  0.00     0.00
  293 P    -1  -2  -2  -1  -3  -1  -1  -2  -2  -3  -3  -1  -2  -4   7  -1  -1  -4  -3  -2    0   0   0   0   0   0   0   0   0   0   0   0   0   0   0   0   0   0   0   0  0.00     0.00
  294 A     4  -1  -2  -2   0  -1  -1   0  -2  -1  -1  -1  -1  -2  -1   1   0  -3  -2   0    0   0   0   0   0   0   0   0   0   0   0   0   0   0   0   0   0   0   0   0  0.00     0.00
  295 P    -1  -2  -2  -1  -3  -1  -1  -2  -2  -3  -3  -1  -2  -4   7  -1  -1  -4  -3  -2    0   0   0   0   0   0   0   0   0   0   0   0   0   0   0   0   0   0   0   0  0.00     0.00
  296 P    -1  -2  -2  -1  -3  -1  -1  -2  -2  -3  -3  -1  -2  -4   7  -1  -1  -4  -3  -2    0   0   0   0   0   0   0   0   0   0   0   0   0   0   0   0   0   0   0   0  0.00     0.00
  297 W    -3  -3  -4  -4  -2  -2  -3  -2  -2  -3  -2  -3  -1   1  -4  -3  -2  10   2  -3    0   0   0   0   0   0   0   0   0   0   0   0   0   0   0   0   0   0   0   0  0.00     0.00
  298 E    -1   0   0   2  -4   2   5  -2   0  -3  -3   1  -2  -3  -1   0  -1  -3  -2  -2    0   0   0   0   0   0   0   0   0   0   0   0   0   0   0   0   0   0   0   0  0.00     0.00
  299 W    -3  -3  -4  -4  -2  -2  -3  -2  -2  -3  -2  -3  -1   1  -4  -3  -2  10   2  -3    0   0   0   0   0   0   0   0   0   0   0   0   0   0   0   0   0   0   0   0  0.00     0.00
  300 M    -1  -1  -2  -3  -1   0  -2  -3  -2   1   2  -1   5   0  -2  -1  -1  -1  -1   1    0   0   0   0   0   0   0   0   0   0   0   0   0   0   0   0   0   0   0   0  0.00     0.00
  301 G     0  -2   0  -1  -2  -2  -2   6  -2  -4  -4  -2  -3  -3  -2   0  -2  -2  -3  -3    0   0   0   0   0   0   0   0   0   0   0   0   0   0   0   0   0   0   0   0  0.00     0.00
  302 L    -1  -2  -3  -4  -1  -2  -3  -4  -3   2   4  -2   2   0  -3  -2  -1  -2  -1   1    0   0   0   0   0   0   0   0   0   0   0   0   0   0   0   0   0   0   0   0  0.00     0.00
  303 S     1  -1   1   0  -1   0   0   0  -1  -2  -2   0  -1  -2  -1   4   1  -3  -2  -2    0   0   0   0   0   0   0   0   0   0   0   0   0   0   0   0   0   0   0   0  0.00     0.00
  304 T     0  -1   0  -1  -1  -1  -1  -2  -2  -1  -1  -1  -1  -2  -1   1   5  -2  -2   0    0   0   0   0   0   0   0   0   0   0   0   0   0   0   0   0   0   0   0   0  0.00     0.00
  305 E    -1   0   0   2  -4   2   5  -2   0  -3  -3   1  -2  -3  -1   0  -1  -3  -2  -2    0   0   0   0   0   0   0   0   0   0   0   0   0   0   0   0   0   0   0   0  0.00     0.00
  306 A     4  -1  -2  -2   0  -1  -1   0  -2  -1  -1  -1  -1  -2  -1   1   0  -3  -2   0    0   0   0   0   0   0   0   0   0   0   0   0   0   0   0   0   0   0   0   0  0.00     0.00
  307 E    -1   0   0   2  -4   2   5  -2   0  -3  -3   1  -2  -3  -1   0  -1  -3  -2  -2    0   0   0   0   0   0   0   0   0   0   0   0   0   0   0   0   0   0   0   0  0.00     0.00
  308 G     0  -2   0  -1  -2  -2  -2   6  -2  -4  -4  -2  -3  -3  -2   0  -2  -2  -3  -3    0   0   0   0   0   0   0   0   0   0   0   0   0   0   0   0   0   0   0   0  0.00     0.00
  309 W    -3  -3  -4  -4  -2  -2  -3  -2  -2  -3  -2  -3  -1   1  -4  -3  -2  10   2  -3    0   0   0   0   0   0   0   0   0   0   0   0   0   0   0   0   0   0   0   0  0.00     0.00
  310 H    -2   0   1  -1  -3   0   0  -2   8  -3  -3  -1  -2  -1  -2  -1  -2  -2   2  -3    0   0   0   0   0   0   0   0   0   0   0   0   0   0   0   0   0   0   0   0  0.00     0.00
  311 A     4  -1  -2  -2   0  -1  -1   0  -2  -1  -1  -1  -1  -2  -1   1   0  -3  -2   0    0   0   0   0   0   0   0   0   0   0   0   0   0   0   0   0   0   0   0   0  0.00     0.00
  312 M    -1  -1  -2  -3  -1   0  -2  -3  -2   1   2  -1   5   0  -2  -1  -1  -1  -1   1    0   0   0   0   0   0   0   0   0   0   0   0   0   0   0   0   0   0   0   0  0.00     0.00
  313 W    -3  -3  -4  -4  -2  -2  -3  -2  -2  -3  -2  -3  -1   1  -4  -3  -2  10   2  -3    0   0   0   0   0   0   0   0   0   0   0   0   0   0   0   0   0   0   0   0  0.00     0.00
  314 R    -1   5   0  -2  -3   1   0  -2   0  -3  -2   2  -1  -3  -2  -1  -1  -3  -2  -3    0   0   0   0   0   0   0   0   0   0   0   0   0   0   0   0   0   0   0   0  0.00     0.00
  315 K    -1   2   0  -1  -3   1   1  -2  -1  -3  -2   4  -1  -3  -1   0  -1  -3  -2  -2    0   0   0   0   0   0   0   0   0   0   0   0   0   0   0   0   0   0   0   0  0.00     0.00
  316 R    -1   5   0  -2  -3   1   0  -2   0  -3  -2   2  -1  -3  -2  -1  -1  -3  -2  -3    0   0   0   0   0   0   0   0   0   0   0   0   0   0   0   0   0   0   0   0  0.00     0.00
  317 L    -1  -2  -3  -4  -1  -2  -3  -4  -3   2   4  -2   2   0  -3  -2  -1  -2  -1   1    0   0   0   0   0   0   0   0   0   0   0   0   0   0   0   0   0   0   0   0  0.00     0.00
  318 A     4  -1  -2  -2   0  -1  -1   0  -2  -1  -1  -1  -1  -2  -1   1   0  -3  -2   0    0   0   0   0   0   0   0   0   0   0   0   0   0   0   0   0   0   0   0   0  0.00     0.00
  319 C     0  -3  -3  -3   9  -3  -4  -2  -3  -1  -1  -3  -1  -2  -3  -1  -1  -2  -2  -1    0   0   0   0   0   0   0   0   0   0   0   0   0   0   0   0   0   0   0   0  0.00     0.00
  320 W    -3  -3  -4  -4  -2  -2  -3  -2  -2  -3  -2  -3  -1   1  -4  -3  -2  10   2  -3    0   0   0   0   0   0   0   0   0   0   0   0   0   0   0   0   0   0   0   0  0.00     0.00
  321 W    -3  -3  -4  -4  -2  -2  -3  -2  -2  -3  -2  -3  -1   1  -4  -3  -2  10   2  -3    0   0   0   0   0   0   0   0   0   0   0   0   0   0   0   0   0   0   0   0  0.00     0.00
  322 R    -1   5   0  -2  -3   1   0  -2   0  -3  -2   2  -1  -3  -2  -1  -1  -3  -2  -3    0   0   0   0   0   0   0   0   0   0   0   0   0   0   0   0   0   0   0   0  0.00     0.00
  323 G     0  -2   0  -1  -2  -2  -2   6  -2  -4  -4  -2  -3  -3  -2   0  -2  -2  -3  -3    0   0   0   0   0   0   0   0   0   0   0   0   0   0   0   0   0   0   0   0  0.00     0.00
  324 L    -1  -2  -3  -4  -1  -2  -3  -4  -3   2   4  -2   2   0  -3  -2  -1  -2  -1   1    0   0   0   0   0   0   0   0   0   0   0   0   0   0   0   0   0   0   0   0  0.00     0.00
  325 P    -1  -2  -2  -1  -3  -1  -1  -2  -2  -3  -3  -1  -2  -4   7  -1  -1  -4  -3  -2    0   0   0   0   0   0   0   0   0   0   0   0   0   0   0   0   0   0   0   0  0.00     0.00
  326 E    -1   0   0   2  -4   2   5  -2   0  -3  -3   1  -2  -3  -1   0  -1  -3  -2  -2    0   0   0   0   0   0   0   0   0   0   0   0   0   0   0   0   0   0   0   0  0.00     0.00
  327 E    -1   0   0   2  -4   2   5  -2   0  -3  -3   1  -2  -3  -1   0  -1  -3  -2  -2    0   0   0   0   0   0   0   0   0   0   0   0   0   0   0   0   0   0   0   0  0.00     0.00
  328 T     0  -1   0  -1  -1  -1  -1  -2  -2  -1  -1  -1  -1  -2  -1   1   5  -2  -2   0    0   0   0   0   0   0   0   0   0   0   0   0   0   0   0   0   0   0   0   0  0.00     0.00
  329 H    -2   0   1  -1  -3   0   0  -2   8  -3  -3  -1  -2  -1  -2  -1  -2  -2   2  -3    0   0   0   0   0   0   0   0   0   0   0   0   0   0   0   0   0   0   0   0  0.00     0.00
  330 E    -1   0   0   2  -4   2   5  -2   0  -3  -3   1  -2  -3  -1   0  -1  -3  -2  -2    0   0   0   0   0   0   0   0   0   0   0   0   0   0   0   0   0   0   0   0  0.00     0.00
  331 R    -1   5   0  -2  -3   1   0  -2   0  -3  -2   2  -1  -3  -2  -1  -1  -3  -2  -3    0   0   0   0   0   0   0   0   0   0   0   0   0   0   0   0   0   0   0   0  0.00     0.00
  332 L    -1  -2  -3  -4  -1  -2  -3  -4  -3   2   4  -2   2   0  -3  -2  -1  -2  -1   1    0   0   0   0   0   0   0   0   0   0   0   0   0   0   0   0   0   0   0   0  0.00     0.00
  333 G     0  -2   0  -1  -2  -2  -2   6  -2  -4  -4  -2  -3  -3  -2   0  -2  -2  -3  -3    0   0   0   0   0   0   0   0   0   0   0   0   0   0   0   0   0   0   0   0  0.00     0.00
  334 A     4  -1  -2  -2   0  -1  -1   0  -2  -1  -1  -1  -1  -2  -1   1   0  -3  -2   0    0   0   0   0   0   0   0   0   0   0   0   0   0   0   0   0   0   0   0   0  0.00     0.00
  335 C     0  -3  -3  -3   9  -3  -4  -2  -3  -1  -1  -3  -1  -2  -3  -1  -1  -2  -2  -1    0   0   0   0   0   0   0   0   0   0   0   0   0   0   0   0   0   0   0   0  0.00     0.00
  336 L    -1  -2  -3  -4  -1  -2  -3  -4  -3   2   4  -2   2   0  -3  -2  -1  -2  -1   1    0   0   0   0   0   0   0   0   0   0   0   0   0   0   0   0   0   0   0   0  0.00     0.00
  337 G     0  -2   0  -1  -2  -2  -2   6  -2  -4  -4  -2  -3  -3  -2   0  -2  -2  -3  -3    0   0   0   0   0   0   0   0   0   0   0   0   0   0   0   0   0   0   0   0  0.00     0.00
  338 A     4  -1  -2  -2   0  -1  -1   0  -2  -1  -1  -1  -1  -2  -1   1   0  -3  -2   0    0   0   0   0   0   0   0   0   0   0   0   0   0   0   0   0   0   0   0   0  0.00     0.00
  339 F    -2  -3  -3  -3  -2  -3  -3  -3  -1   0   0  -3   0   6  -4  -2  -2   1   3  -1    0   0   0   0   0   0   0   0   0   0   0   0   0   0   0   0   0   0   0   0  0.00     0.00
  340 G     0  -2   0  -1  -2  -2  -2   6  -2  -4  -4  -2  -3  -3  -2   0  -2  -2  -3  -3    0   0   0   0   0   0   0   0   0   0   0   0   0   0   0   0   0   0   0   0  0.00     0.00
  341 L    -1  -2  -3  -4  -1  -2  -3  -4  -3   2   4  -2   2   0  -3  -2  -1  -2  -1   1    0   0   0   0   0   0   0   0   0   0   0   0   0   0   0   0   0   0   0   0  0.00     0.00
  342 H    -2   0   1  -1  -3   0   0  -2   8  -3  -3  -1  -2  -1  -2  -1  -2  -2   2  -3    0   0   0   0   0   0   0   0   0   0   0   0   0   0   0   0   0   0   0   0  0.00     0.00
  343 L    -1  -2  -3  -4  -1  -2  -3  -4  -3   2   4  -2   2   0  -3  -2  -1  -2  -1   1    0   0   0   0   0   0   0   0   0   0   0   0   0   0   0   0   0   0   0   0  0.00     0.00
  344 G     0  -2   0  -1  -2  -2  -2   6  -2  -4  -4  -2  -3  -3  -2   0  -2  -2  -3  -3    0   0   0   0   0   0   0   0   0   0   0   0   0   0   0   0   0   0   0   0  0.00     0.00
  345 S     1  -1   1   0  -1   0   0   0  -1  -2  -2   0  -1  -2  -1   4   1  -3  -2  -2    0   0   0   0   0   0   0   0   0   0   0   0   0   0   0   0   0   0   0   0  0.00     0.00
  346 R    -1   5   0  -2  -3   1   0  -2   0  -3  -2   2  -1  -3  -2  -1  -1  -3  -2  -3    0   0   0   0   0   0   0   0   0   0   0   0   0   0   0   0   0   0   0   0  0.00     0.00
  347 L    -1  -2  -3  -4  -1  -2  -3  -4  -3   2   4  -2   2   0  -3  -2  -1  -2  -1   1    0   0   0   0   0   0   0   0   0   0   0   0   0   0   0   0   0   0   0   0  0.00     0.00
  348 D    -2  -2   1   6  -3   0   2  -1  -1  -3  -4  -1  -3  -3  -1   0  -1  -4  -3  -3    0   0   0   0   0   0   0   0   0   0   0   0   0   0   0   0   0   0   0   0  0.00     0.00
  349 A     4  -1  -2  -2   0  -1  -1   0  -2  -1  -1  -1  -1  -2  -1   1   0  -3  -2   0    0   0   0   0   0   0   0   0   0   0   0   0   0   0   0   0   0   0   0   0  0.00     0.00
  350 L    -1  -2  -3  -4  -1  -2  -3  -4  -3   2   4  -2   2   0  -3  -2  -1  -2  -1   1    0   0   0   0   0   0   0   0   0   0   0   0   0   0   0   0   0   0   0   0  0.00     0.00
  351 L    -1  -2  -3  -4  -1  -2  -3  -4  -3   2   4  -2   2   0  -3  -2  -1  -2  -1   1    0   0   0   0   0   0   0   0   0   0   0   0   0   0   0   0   0   0   0   0  0.00     0.00
  352 G     0  -2   0  -1  -2  -2  -2   6  -2  -4  -4  -2  -3  -3  -2   0  -2  -2  -3  -3    0   0   0   0   0   0   0   0   0   0   0   0   0   0   0   0   0   0   0   0  0.00     0.00
  353 K    -1   2   0  -1  -3   1   1  -2  -1  -3  -2   4  -1  -3  -1   0  -1  -3  -2  -2    0   0   0   0   0   0   0   0   0   0   0   0   0   0   0   0   0   0   0   0  0.00     0.00
  354 P    -1  -2  -2  -1  -3  -1  -1  -2  -2  -3  -3  -1  -2  -4   7  -1  -1  -4  -3  -2    0   0   0   0   0   0   0   0   0   0   0   0   0   0   0   0   0   0   0   0  0.00     0.00
  355 H    -2   0   1  -1  -3   0   0  -2   8  -3  -3  -1  -2  -1  -2  -1  -2  -2   2  -3    0   0   0   0   0   0   0   0   0   0   0   0   0   0   0   0   0   0   0   0  0.00     0.00
  356 W    -3  -3  -4  -4  -2  -2  -3  -2  -2  -3  -2  -3  -1   1  -4  -3  -2  10   2  -3    0   0   0   0   0   0   0   0   0   0   0   0   0   0   0   0   0   0   0   0  0.00     0.00
  357 R    -1   5   0  -2  -3   1   0  -2   0  -3  -2   2  -1  -3  -2  -1  -1  -3  -2  -3    0   0   0   0   0   0   0   0   0   0   0   0   0   0   0   0   0   0   0   0  0.00     0.00
  358 E    -1   0   0   2  -4   2   5  -2   0  -3  -3   1  -2  -3  -1   0  -1  -3  -2  -2    0   0   0   0   0   0   0   0   0   0   0   0   0   0   0   0   0   0   0   0  0.00     0.00
  359 T     0  -1   0  -1  -1  -1  -1  -2  -2  -1  -1  -1  -1  -2  -1   1   5  -2  -2   0    0   0   0   0   0   0   0   0   0   0   0   0   0   0   0   0   0   0   0   0  0.00     0.00
  360 G     0  -2   0  -1  -2  -2  -2   6  -2  -4  -4  -2  -3  -3  -2   0  -2  -2  -3  -3    0   0   0   0   0   0   0   0   0   0   0   0   0   0   0   0   0   0   0   0  0.00     0.00
  361 D    -2  -2   1   6  -3   0   2  -1  -1  -3  -4  -1  -3  -3  -1   0  -1  -4  -3  -3    0   0   0   0   0   0   0   0   0   0   0   0   0   0   0   0   0   0   0   0  0.00     0.00
  362 A     4  -1  -2  -2   0  -1  -1   0  -2  -1  -1  -1  -1  -2  -1   1   0  -3  -2   0    0   0   0   0   0   0   0   0   0   0   0   0   0   0   0   0   0   0   0   0  0.00     0.00
  363 V     0  -3  -3  -3  -1  -2  -2  -3  -3   3   1  -2   1  -1  -2  -2   0  -3  -1   4    0   0   0   0   0   0   0   0   0   0   0   0   0   0   0   0   0   0   0   0  0.00     0.00
  364 A     4  -1  -2  -2   0  -1  -1   0  -2  -1  -1  -1  -1  -2  -1   1   0  -3  -2   0    0   0   0   0   0   0   0   0   0   0   0   0   0   0   0   0   0   0   0   0  0.00     0.00
  365 E    -1   0   0   2  -4   2   5  -2   0  -3  -3   1  -2  -3  -1   0  -1  -3  -2  -2    0   0   0   0   0   0   0   0   0   0   0   0   0   0   0   0   0   0   0   0  0.00     0.00
  366 P    -1  -2  -2  -1  -3  -1  -1  -2  -2  -3  -3  -1  -2  -4   7  -1  -1  -4  -3  -2    0   0   0   0   0   0   0   0   0   0   0   0   0   0   0   0   0   0   0   0  0.00     0.00
  367 D    -2  -2   1   6  -3   0   2  -1  -1  -3  -4  -1  -3  -3  -1   0  -1  -4  -3  -3    0   0   0   0   0   0   0   0   0   0   0   0   0   0   0   0   0   0   0   0  0.00     0.00
  368 C     0  -3  -3  -3   9  -3  -4  -2  -3  -1  -1  -3  -1  -2  -3  -1  -1  -2  -2  -1    0   0   0   0   0   0   0   0   0   0   0   0   0   0   0   0   0   0   0   0  0.00     0.00
  369 E    -1   0   0   2  -4   2   5  -2   0  -3  -3   1  -2  -3  -1   0  -1  -3  -2  -2    0   0   0   0   0   0   0   0   0   0   0   0   0   0   0   0   0   0   0   0  0.00     0.00
  370 W    -3  -3  -4  -4  -2  -2  -3  -2  -2  -3  -2  -3  -1   1  -4  -3  -2  10   2  -3    0   0   0   0   0   0   0   0   0   0   0   0   0   0   0   0   0   0   0   0  0.00     0.00
  371 L    -1  -2  -3  -4  -1  -2  -3  -4  -3   2   4  -2   2   0  -3  -2  -1  -2  -1   1    0   0   0   0   0   0   0   0   0   0   0   0   0   0   0   0   0   0   0   0  0.00     0.00
  372 T     0  -1   0  -1  -1  -1  -1  -2  -2  -1  -1  -1  -1  -2  -1   1   5  -2  -2   0    0   0   0   0   0   0   0   0   0   0   0   0   0   0   0   0   0   0   0   0  0.00     0.00
  373 T     0  -1   0  -1  -1  -1  -1  -2  -2  -1  -1  -1  -1  -2  -1   1   5  -2  -2   0    0   0   0   0   0   0   0   0   0   0   0   0   0   0   0   0   0   0   0   0  0.00     0.00
  374 E    -1   0   0   2  -4   2   5  -2   0  -3  -3   1  -2  -3  -1   0  -1  -3  -2  -2    0   0   0   0   0   0   0   0   0   0   0   0   0   0   0   0   0   0   0   0  0.00     0.00
  375 H    -2   0   1  -1  -3   0   0  -2   8  -3  -3  -1  -2  -1  -2  -1  -2  -2   2  -3    0   0   0   0   0   0   0   0   0   0   0   0   0   0   0   0   0   0   0   0  0.00     0.00
  376 K    -1   2   0  -1  -3   1   1  -2  -1  -3  -2   4  -1  -3  -1   0  -1  -3  -2  -2    0   0   0   0   0   0   0   0   0   0   0   0   0   0   0   0   0   0   0   0  0.00     0.00
  377 L    -1  -2  -3  -4  -1  -2  -3  -4  -3   2   4  -2   2   0  -3  -2  -1  -2  -1   1    0   0   0   0   0   0   0   0   0   0   0   0   0   0   0   0   0   0   0   0  0.00     0.00
  378 I    -1  -3  -3  -3  -1  -3  -3  -4  -3   4   2  -3   1   0  -3  -2  -1  -3  -1   3    0   0   0   0   0   0   0   0   0   0   0   0   0   0   0   0   0   0   0   0  0.00     0.00
  379 L    -1  -2  -3  -4  -1  -2  -3  -4  -3   2   4  -2   2   0  -3  -2  -1  -2  -1   1    0   0   0   0   0   0   0   0   0   0   0   0   0   0   0   0   0   0   0   0  0.00     0.00
  380 P    -1  -2  -2  -1  -3  -1  -1  -2  -2  -3  -3  -1  -2  -4   7  -1  -1  -4  -3  -2    0   0   0   0   0   0   0   0   0   0   0   0   0   0   0   0   0   0   0   0  0.00     0.00
  381 P    -1  -2  -2  -1  -3  -1  -1  -2  -2  -3  -3  -1  -2  -4   7  -1  -1  -4  -3  -2    0   0   0   0   0   0   0   0   0   0   0   0   0   0   0   0   0   0   0   0  0.00     0.00
  382 F    -2  -3  -3  -3  -2  -3  -3  -3  -1   0   0  -3   0   6  -4  -2  -2   1   3  -1    0   0   0   0   0   0   0   0   0   0   0   0   0   0   0   0   0   0   0   0  0.00     0.00
  383 P    -1  -2  -2  -1  -3  -1  -1  -2  -2  -3  -3  -1  -2  -4   7  -1  -1  -4  -3  -2    0   0   0   0   0   0   0   0   0   0   0   0   0   0   0   0   0   0   0   0  0.00     0.00
  384 K    -1   2   0  -1  -3   1   1  -2  -1  -3  -2   4  -1  -3  -1   0  -1  -3  -2  -2    0   0   0   0   0   0   0   0   0   0   0   0   0   0   0   0   0   0   0   0  0.00     0.00
  385 V     0  -3  -3  -3  -1  -2  -2  -3  -3   3   1  -2   1  -1  -2  -2   0  -3  -1   4    0   0   0   0   0   0   0   0   0   0   0   0   0   0   0   0   0   0   0   0  0.00     0.00
  386 D    -2  -2   1   6  -3   0   2  -1  -1  -3  -4  -1  -3  -3  -1   0  -1  -4  -3  -3    0   0   0   0   0   0   0   0   0   0   0   0   0   0   0   0   0   0   0   0  0.00     0.00
  387 F    -2  -3  -3  -3  -2  -3  -3  -3  -1   0   0  -3   0   6  -4  -2  -2   1   3  -1    0   0   0   0   0   0   0   0   0   0   0   0   0   0   0   0   0   0   0   0  0.00     0.00
  388 K    -1   2   0  -1  -3   1   1  -2  -1  -3  -2   4  -1  -3  -1   0  -1  -3  -2  -2    0   0   0   0   0   0   0   0   0   0   0   0   0   0   0   0   0   0   0   0  0.00     0.00
  389 F    -2  -3  -3  -3  -2  -3  -3  -3  -1   0   0  -3   0   6  -4  -2  -2   1   3  -1    0   0   0   0   0   0   0   0   0   0   0   0   0   0   0   0   0   0   0   0  0.00     0.00
  390 E    -1   0   0   2  -4   2   5  -2   0  -3  -3   1  -2  -3  -1   0  -1  -3  -2  -2    0   0   0   0   0   0   0   0   0   0   0   0   0   0   0   0   0   0   0   0  0.00     0.00
  391 T     0  -1   0  -1  -1  -1  -1  -2  -2  -1  -1  -1  -1  -2  -1   1   5  -2  -2   0    0   0   0   0   0   0   0   0   0   0   0   0   0   0   0   0   0   0   0   0  0.00     0.00
  392 T     0  -1   0  -1  -1  -1  -1  -2  -2  -1  -1  -1  -1  -2  -1   1   5  -2  -2   0    0   0   0   0   0   0   0   0   0   0   0   0   0   0   0   0   0   0   0   0  0.00     0.00
  393 L    -1  -2  -3  -4  -1  -2  -3  -4  -3   2   4  -2   2   0  -3  -2  -1  -2  -1   1    0   0   0   0   0   0   0   0   0   0   0   0   0   0   0   0   0   0   0   0  0.00     0.00
  394 M    -1  -1  -2  -3  -1   0  -2  -3  -2   1   2  -1   5   0  -2  -1  -1  -1  -1   1    0   0   0   0   0   0   0   0   0   0   0   0   0   0   0   0   0   0   0   0  0.00     0.00
  395 P    -1  -2  -2  -1  -3  -1  -1  -2  -2  -3  -3  -1  -2  -4   7  -1  -1  -4  -3  -2    0   0   0   0   0   0   0   0   0   0   0   0   0   0   0   0   0   0   0   0  0.00     0.00
  396 I    -1  -3  -3  -3  -1  -3  -3  -4  -3   4   2  -3   1   0  -3  -2  -1  -3  -1   3    0   0   0   0   0   0   0   0   0   0   0   0   0   0   0   0   0   0   0   0  0.00     0.00
  397 P    -1  -2  -2  -1  -3  -1  -1  -2  -2  -3  -3  -1  -2  -4   7  -1  -1  -4  -3  -2    0   0   0   0   0   0   0   0   0   0   0   0   0   0   0   0   0   0   0   0  0.00     0.00
  398 R    -1   5   0  -2  -3   1   0  -2   0  -3  -2   2  -1  -3  -2  -1  -1  -3  -2  -3    0   0   0   0   0   0   0   0   0   0   0   0   0   0   0   0   0   0   0   0  0.00     0.00
  399 L    -1  -2  -3  -4  -1  -2  -3  -4  -3   2   4  -2   2   0  -3  -2  -1  -2  -1   1    0   0   0   0   0   0   0   0   0   0   0   0   0   0   0   0   0   0   0   0  0.00     0.00
  400 L    -1  -2  -3  -4  -1  -2  -3  -4  -3   2   4  -2   2   0  -3  -2  -1  -2  -1   1    0   0   0   0   0   0   0   0   0   0   0   0   0   0   0   0   0   0   0   0  0.00     0.00
  401 P    -1  -2  -2  -1  -3  -1  -1  -2  -2  -3  -3  -1  -2  -4   7  -1  -1  -4  -3  -2    0   0   0   0   0   0   0   0   0   0   0   0   0   0   0   0   0   0   0   0  0.00     0.00
  402 S     1  -1   1   0  -1   0   0   0  -1  -2  -2   0  -1  -2  -1   4   1  -3  -2  -2    0   0   0   0   0   0   0   0   0   0   0   0   0   0   0   0   0   0   0   0  0.00     0.00
  403 W    -3  -3  -4  -4  -2  -2  -3  -2  -2  -3  -2  -3  -1   1  -4  -3  -2  10   2  -3    0   0   0   0   0   0   0   0   0   0   0   0   0   0   0   0   0   0   0   0  0.00     0.00
  404 K    -1   2   0  -1  -3   1   1  -2  -1  -3  -2   4  -1  -3  -1   0  -1  -3  -2  -2    0   0   0   0   0   0   0   0   0   0   0   0   0   0   0   0   0   0   0   0  0.00     0.00
  405 Q    -1   1   0   0  -3   5   2  -2   0  -3  -2   1   0  -3  -1   0  -1  -2  -1  -2    0   0   0   0   0   0   0   0   0   0   0   0   0   0   0   0   0   0   0   0  0.00     0.00
  406 I    -1  -3  -3  -3  -1  -3  -3  -4  -3   4   2  -3   1   0  -3  -2  -1  -3  -1   3    0   0   0   0   0   0   0   0   0   0   0   0   0   0   0   0   0   0   0   0  0.00     0.00
  407 Q    -1   1   0   0  -3   5   2  -2   0  -3  -2   1   0  -3  -1   0  -1  -2  -1  -2    0   0   0   0   0   0   0   0   0   0   0   0   0   0   0   0   0   0   0   0  0.00     0.00
  408 S     1  -1   1   0  -1   0   0   0  -1  -2  -2   0  -1  -2  -1   4   1  -3  -2  -2    0   0   0   0   0   0   0   0   0   0   0   0   0   0   0   0   0   0   0   0  0.00     0.00
  409 L    -1  -2  -3  -4  -1  -2  -3  -4  -3   2   4  -2   2   0  -3  -2  -1  -2  -1   1    0   0   0   0   0   0   0   0   0   0   0   0   0   0   0   0   0   0   0   0  0.00     0.00
  410 I    -1  -3  -3  -3  -1  -3  -3  -4  -3   4   2  -3   1   0  -3  -2  -1  -3  -1   3    0   0   0   0   0   0   0   0   0   0   0   0   0   0   0   0   0   0   0   0  0.00     0.00
  411 I    -1  -3  -3  -3  -1  -3  -3  -4  -3   4   2  -3   1   0  -3  -2  -1  -3  -1   3    0   0   0   0   0   0   0   0   0   0   0   0   0   0   0   0   0   0   0   0  0.00     0.00
  412 D    -2  -2   1   6  -3   0   2  -1  -1  -3  -4  -1  -3  -3  -1   0  -1  -4  -3  -3    0   0   0   0   0   0   0   0   0   0   0   0   0   0   0   0   0   0   0   0  0.00     0.00
  413 P    -1  -2  -2  -1  -3  -1  -1  -2  -2  -3  -3  -1  -2  -4   7  -1  -1  -4  -3  -2    0   0   0   0   0   0   0   0   0   0   0   0   0   0   0   0   0   0   0   0  0.00     0.00
  414 S     1  -1   1   0  -1   0   0   0  -1  -2  -2   0  -1  -2  -1   4   1  -3  -2  -2    0   0   0   0   0   0   0   0   0   0   0   0   0   0   0   0   0   0   0   0  0.00     0.00
  415 S     1  -1   1   0  -1   0   0   0  -1  -2  -2   0  -1  -2  -1   4   1  -3  -2  -2    0   0   0   0   0   0   0   0   0   0   0   0   0   0   0   0   0   0   0   0  0.00     0.00
  416 Q    -1   1   0   0  -3   5   2  -2   0  -3  -2   1   0  -3  -1   0  -1  -2  -1  -2    0   0   0   0   0   0   0   0   0   0   0   0   0   0   0   0   0   0   0   0  0.00     0.00
  417 A     4  -1  -2  -2   0  -1  -1   0  -2  -1  -1  -1  -1  -2  -1   1   0  -3  -2   0    0   0   0   0   0   0   0   0   0   0   0   0   0   0   0   0   0   0   0   0  0.00     0.00
  418 L    -1  -2  -3  -4  -1  -2  -3  -4  -3   2   4  -2   2   0  -3  -2  -1  -2  -1   1    0   0   0   0   0   0   0   0   0   0   0   0   0   0   0   0   0   0   0   0  0.00     0.00
  419 R    -1   5   0  -2  -3   1   0  -2   0  -3  -2   2  -1  -3  -2  -1  -1  -3  -2  -3    0   0   0   0   0   0   0   0   0   0   0   0   0   0   0   0   0   0   0   0  0.00     0.00
  420 S     1  -1   1   0  -1   0   0   0  -1  -2  -2   0  -1  -2  -1   4   1  -3  -2  -2    0   0   0   0   0   0   0   0   0   0   0   0   0   0   0   0   0   0   0   0  0.00     0.00
  421 P    -1  -2  -2  -1  -3  -1  -1  -2  -2  -3  -3  -1  -2  -4   7  -1  -1  -4  -3  -2    0   0   0   0   0   0   0   0   0   0   0   0   0   0   0   0   0   0   0   0  0.00     0.00
  422 R    -1   5   0  -2  -3   1   0  -2   0  -3  -2   2  -1  -3  -2  -1  -1  -3  -2  -3    0   0   0   0   0   0   0   0   0   0   0   0   0   0   0   0   0   0   0   0  0.00     0.00
  423 V     0  -3  -3  -3  -1  -2  -2  -3  -3   3   1  -2   1  -1  -2  -2   0  -3  -1   4    0   0   0   0   0   0   0   0   0   0   0   0   0   0   0   0   0   0   0   0  0.00     0.00
  424 S     1  -1   1   0  -1   0   0   0  -1  -2  -2   0  -1  -2  -1   4   1  -3  -2  -2    0   0   0   0   0   0   0   0   0   0   0   0   0   0   0   0   0   0   0   0  0.00     0.00
  425 T     0  -1   0  -1  -1  -1  -1  -2  -2  -1  -1  -1  -1  -2  -1   1   5  -2  -2   0    0   0   0   0   0   0   0   0   0   0   0   0   0   0   0   0   0   0   0   0  0.00     0.00
  426 G     0  -2   0  -1  -2  -2  -2   6  -2  -4  -4  -2  -3  -3  -2   0  -2  -2  -3  -3    0   0   0   0   0   0   0   0   0   0   0   0   0   0   0   0   0   0   0   0  0.00     0.00
  427 A     4  -1  -2  -2   0  -1  -1   0  -2  -1  -1  -1  -1  -2  -1   1   0  -3  -2   0    0   0   0   0   0   0   0   0   0   0   0   0   0   0   0   0   0   0   0   0  0.00     0.00
  428 S     1  -1   1   0  -1   0   0   0  -1  -2  -2   0  -1  -2  -1   4   1  -3  -2  -2    0   0   0   0   0   0   0   0   0   0   0   0   0   0   0   0   0   0   0   0  0.00     0.00
  429 R    -1   5   0  -2  -3   1   0  -2   0  -3  -2   2  -1  -3  -2  -1  -1  -3  -2  -3    0   0   0   0   0   0   0   0   0   0   0   0   0   0   0   0   0   0   0   0  0.00     0.00
  430 D    -2  -2   1   6  -3   0   2  -1  -1  -3  -4  -1  -3  -3  -1   0  -1  -4  -3  -3    0   0   0   0   0   0   0   0   0   0   0   0   0   0   0   0   0   0   0   0  0.00     0.00
  431 G     0  -2   0  -1  -2  -2  -2   6  -2  -4  -4  -2  -3  -3  -2   0  -2  -2  -3  -3    0   0   0   0   0   0   0   0   0   0   0   0   0   0   0   0   0   0   0   0  0.00     0.00
  432 H    -2   0   1  -1  -3   0   0  -2   8  -3  -3  -1  -2  -1  -2  -1  -2  -2   2  -3    0   0   0   0   0   0   0   0   0   0   0   0   0   0   0   0   0   0   0   0  0.00     0.00
  433 S     1  -1   1   0  -1   0   0   0  -1  -2  -2   0  -1  -2  -1   4   1  -3  -2  -2    0   0   0   0   0   0   0   0   0   0   0   0   0   0   0   0   0   0   0   0  0.00     0.00
  434 G     0  -2   0  -1  -2  -2  -2   6  -2  -4  -4  -2  -3  -3  -2   0  -2  -2  -3  -3    0   0   0   0   0   0   0   0   0   0   0   0   0   0   0   0   0   0   0   0  0.00     0.00
  435 A     4  -1  -2  -2   0  -1  -1   0  -2  -1  -1  -1  -1  -2  -1   1   0  -3  -2   0    0   0   0   0   0   0   0   0   0   0   0   0   0   0   0   0   0   0   0   0  0.00     0.00
  436 V     0  -3  -3  -3  -1  -2  -2  -3  -3   3   1  -2   1  -1  -2  -2   0  -3  -1   4    0   0   0   0   0   0   0   0   0   0   0   0   0   0   0   0   0   0   0   0  0.00     0.00
  437 T     0  -1   0  -1  -1  -1  -1  -2  -2  -1  -1  -1  -1  -2  -1   1   5  -2  -2   0    0   0   0   0   0   0   0   0   0   0   0   0   0   0   0   0   0   0   0   0  0.00     0.00
  438 V     0  -3  -3  -3  -1  -2  -2  -3  -3   3   1  -2   1  -1  -2  -2   0  -3  -1   4    0   0   0   0   0   0   0   0   0   0   0   0   0   0   0   0   0   0   0   0  0.00     0.00
  439 G     0  -2   0  -1  -2  -2  -2   6  -2  -4  -4  -2  -3  -3  -2   0  -2  -2  -3  -3    0   0   0   0   0   0   0   0   0   0   0   0   0   0   0   0   0   0   0   0  0.00     0.00
  440 A     4  -1  -2  -2   0  -1  -1   0  -2  -1  -1  -1  -1  -2  -1   1   0  -3  -2   0    0   0   0   0   0   0   0   0   0   0   0   0   0   0   0   0   0   0   0   0  0.00     0.00
  441 A     4  -1  -2  -2   0  -1  -1   0  -2  -1  -1  -1  -1  -2  -1   1   0  -3  -2   0    0   0   0   0   0   0   0   0   0   0   0   0   0   0   0   0   0   0   0   0  0.00     0.00
  442 S     1  -1   1   0  -1   0   0   0  -1  -2  -2   0  -1  -2  -1   4   1  -3  -2  -2    0   0   0   0   0   0   0   0   0   0   0   0   0   0   0   0   0   0   0   0  0.00     0.00
  443 G     0  -2   0  -1  -2  -2  -2   6  -2  -4  -4  -2  -3  -3  -2   0  -2  -2  -3  -3    0   0   0   0   0   0   0   0   0   0   0   0   0   0   0   0   0   0   0   0  0.00     0.00
  444 A     4  -1  -2  -2   0  -1  -1   0  -2  -1  -1  -1  -1  -2  -1   1   0  -3  -2   0    0   0   0   0   0   0   0   0   0   0   0   0   0   0   0   0   0   0   0   0  0.00     0.00
  445 A     4  -1  -2  -2   0  -1  -1   0  -2  -1  -1  -1  -1  -2  -1   1   0  -3  -2   0    0   0   0   0   0   0   0   0   0   0   0   0   0   0   0   0   0   0   0   0  0.00     0.00
  446 A     4  -1  -2  -2   0  -1  -1   0  -2  -1  -1  -1  -1  -2  -1   1   0  -3  -2   0    0   0   0   0   0   0   0   0   0   0   0   0   0   0   0   0   0   0   0   0  0.00     0.00
  447 G     0  -2   0  -1  -2  -2  -2   6  -2  -4  -4  -2  -3  -3  -2   0  -2  -2  -3  -3    0   0   0   0   0   0   0   0   0   0   0   0   0   0   0   0   0   0   0   0  0.00     0.00
  448 A     4  -1  -2  -2   0  -1  -1   0  -2  -1  -1  -1  -1  -2  -1   1   0  -3  -2   0    0   0   0   0   0   0   0   0   0   0   0   0   0   0   0   0   0   0   0   0  0.00     0.00
  449 V     0  -3  -3  -3  -1  -2  -2  -3  -3   3   1  -2   1  -1  -2  -2   0  -3  -1   4    0   0   0   0   0   0   0   0   0   0   0   0   0   0   0   0   0   0   0   0  0.00     0.00
  450 L    -1  -2  -3  -4  -1  -2  -3  -4  -3   2   4  -2   2   0  -3  -2  -1  -2  -1   1    0   0   0   0   0   0   0   0   0   0   0   0   0   0   0   0   0   0   0   0  0.00     0.00
  451 S     1  -1   1   0  -1   0   0   0  -1  -2  -2   0  -1  -2  -1   4   1  -3  -2  -2    0   0   0   0   0   0   0   0   0   0   0   0   0   0   0   0   0   0   0   0  0.00     0.00
  452 L    -1  -2  -3  -4  -1  -2  -3  -4  -3   2   4  -2   2   0  -3  -2  -1  -2  -1   1    0   0   0   0   0   0   0   0   0   0   0   0   0   0   0   0   0   0   0   0  0.00     0.00
  453 A     4  -1  -2  -2   0  -1  -1   0  -2  -1  -1  -1  -1  -2  -1   1   0  -3  -2   0    0   0   0   0   0   0   0   0   0   0   0   0   0   0   0   0   0   0   0   0  0.00     0.00
  454 V     0  -3  -3  -3  -1  -2  -2  -3  -3   3   1  -2   1  -1  -2  -2   0  -3  -1   4    0   0   0   0   0   0   0   0   0   0   0   0   0   0   0   0   0   0   0   0  0.00     0.00
  455 L    -1  -2  -3  -4  -1  -2  -3  -4  -3   2   4  -2   2   0  -3  -2  -1  -2  -1   1    0   0   0   0   0   0   0   0   0   0   0   0   0   0   0   0   0   0   0   0  0.00     0.00
  456 F    -2  -3  -3  -3  -2  -3  -3  -3  -1   0   0  -3   0   6  -4  -2  -2   1   3  -1    0   0   0   0   0   0   0   0   0   0   0   0   0   0   0   0   0   0   0   0  0.00     0.00
  457 A     4  -1  -2  -2   0  -1  -1   0  -2  -1  -1  -1  -1  -2  -1   1   0  -3  -2   0    0   0   0   0   0   0   0   0   0   0   0   0   0   0   0   0   0   0   0   0  0.00     0.00
  458 A     4  -1  -2  -2   0  -1  -1   0  -2  -1  -1  -1  -1  -2  -1   1   0  -3  -2   0    0   0   0   0   0   0   0   0   0   0   0   0   0   0   0   0   0   0   0   0  0.00     0.00
  459 R    -1   5   0  -2  -3   1   0  -2   0  -3  -2   2  -1  -3  -2  -1  -1  -3  -2  -3    0   0   0   0   0   0   0   0   0   0   0   0   0   0   0   0   0   0   0   0  0.00     0.00
  460 R    -1   5   0  -2  -3   1   0  -2   0  -3  -2   2  -1  -3  -2  -1  -1  -3  -2  -3    0   0   0   0   0   0   0   0   0   0   0   0   0   0   0   0   0   0   0   0  0.00     0.00
  461 T     0  -1   0  -1  -1  -1  -1  -2  -2  -1  -1  -1  -1  -2  -1   1   5  -2  -2   0    0   0   0   0   0   0   0   0   0   0   0   0   0   0   0   0   0   0   0   0  0.00     0.00
  462 V     0  -3  -3  -3  -1  -2  -2  -3  -3   3   1  -2   1  -1  -2  -2   0  -3  -1   4    0   0   0   0   0   0   0   0   0   0   0   0   0   0   0   0   0   0   0   0  0.00     0.00
  463 R    -1   5   0  -2  -3   1   0  -2   0  -3  -2   2  -1  -3  -2  -1  -1  -3  -2  -3    0   0   0   0   0   0   0   0   0   0   0   0   0   0   0   0   0   0   0   0  0.00     0.00
  464 K    -1   2   0  -1  -3   1   1  -2  -1  -3  -2   4  -1  -3  -1   0  -1  -3  -2  -2    0   0   0   0   0   0   0   0   0   0   0   0   0   0   0   0   0   0   0   0  0.00     0.00
  465 V     0  -3  -3  -3  -1  -2  -2  -3  -3   3   1  -2   1  -1  -2  -2   0  -3  -1   4    0   0   0   0   0   0   0   0   0   0   0   0   0   0   0   0   0   0   0   0  0.00     0.00
  466 A     4  -1  -2  -2   0  -1  -1   0  -2  -1  -1  -1  -1  -2  -1   1   0  -3  -2   0    0   0   0   0   0   0   0   0   0   0   0   0   0   0   0   0   0   0   0   0  0.00     0.00
  467 A     4  -1  -2  -2   0  -1  -1   0  -2  -1  -1  -1  -1  -2  -1   1   0  -3  -2   0    0   0   0   0   0   0   0   0   0   0   0   0   0   0   0   0   0   0   0   0  0.00     0.00
  468 S     1  -1   1   0  -1   0   0   0  -1  -2  -2   0  -1  -2  -1   4   1  -3  -2  -2    0   0   0   0   0   0   0   0   0   0   0   0   0   0   0   0   0   0   0   0  0.00     0.00
  469 R    -1   5   0  -2  -3   1   0  -2   0  -3  -2   2  -1  -3  -2  -1  -1  -3  -2  -3    0   0   0   0   0   0   0   0   0   0   0   0   0   0   0   0   0   0   0   0  0.00     0.00
  470 S     1  -1   1   0  -1   0   0   0  -1  -2  -2   0  -1  -2  -1   4   1  -3  -2  -2    0   0   0   0   0   0   0   0   0   0   0   0   0   0   0   0   0   0   0   0  0.00     0.00
  471 A     4  -1  -2  -2   0  -1  -1   0  -2  -1  -1  -1  -1  -2  -1   1   0  -3  -2   0    0   0   0   0   0   0   0   0   0   0   0   0   0   0   0   0   0   0   0   0  0.00     0.00
  472 T     0  -1   0  -1  -1  -1  -1  -2  -2  -1  -1  -1  -1  -2  -1   1   5  -2  -2   0    0   0   0   0   0   0   0   0   0   0   0   0   0   0   0   0   0   0   0   0  0.00     0.00
  473 L    -1  -2  -3  -4  -1  -2  -3  -4  -3   2   4  -2   2   0  -3  -2  -1  -2  -1   1    0   0   0   0   0   0   0   0   0   0   0   0   0   0   0   0   0   0   0   0  0.00     0.00
  474 R    -1   5   0  -2  -3   1   0  -2   0  -3  -2   2  -1  -3  -2  -1  -1  -3  -2  -3    0   0   0   0   0   0   0   0   0   0   0   0   0   0   0   0   0   0   0   0  0.00     0.00
  475 Y    -2  -2  -2  -3  -2  -1  -2  -3   2  -1  -1  -2  -1   3  -3  -2  -2   2   7  -1    0   0   0   0   0   0   0   0   0   0   0   0   0   0   0   0   0   0   0   0  0.00     0.00
  476 S     1  -1   1   0  -1   0   0   0  -1  -2  -2   0  -1  -2  -1   4   1  -3  -2  -2    0   0   0   0   0   0   0   0   0   0   0   0   0   0   0   0   0   0   0   0  0.00     0.00
  477 S     1  -1   1   0  -1   0   0   0  -1  -2  -2   0  -1  -2  -1   4   1  -3  -2  -2    0   0   0   0   0   0   0   0   0   0   0   0   0   0   0   0   0   0   0   0  0.00     0.00
  478 H    -2   0   1  -1  -3   0   0  -2   8  -3  -3  -1  -2  -1  -2  -1  -2  -2   2  -3    0   0   0   0   0   0   0   0   0   0   0   0   0   0   0   0   0   0   0   0  0.00     0.00

                      K         Lambda
Standard Ungapped    0.1354     0.3196
Standard Gapped      0.0406     0.2670
PSI Ungapped         0.1328     0.3174
PSI Gapped           0.0406     0.2670
