
Last position-specific scoring matrix computed, weighted observed percentages rounded down, information per position, and relative weight of gapless real matches to pseudocounts
            A   R   N   D   C   Q   E   G   H   I   L   K   M   F   P   S   T   W   Y   V   A   R   N   D   C   Q   E   G   H   I   L   K   M   F   P   S   T   W   Y   V
    1 M    -1  -1  -2  -3  -1   0  -2  -3  -2   1   2  -1   5   0  -2  -1  -1  -1  -1   1    0   0   0   0   0   0   0   0   0   0   0   0   0   0   0   0   0   0   0   0  0.00     0.00
    2 R    -1   5   0  -2  -3   1   0  -2   0  -3  -2   2  -1  -3  -2  -1  -1  -3  -2  -2    0   0   0   0   0   0   0   0   0   0   0   0   0   0   0   0   0   0   0   0  0.00     0.00
    3 G     0  -2   0  -1  -2  -2  -2   6  -2  -4  -4  -2  -3  -3  -2   0  -2  -2  -3  -3    0   0   0   0   0   0   0   0   0   0   0   0   0   0   0   0   0   0   0   0  0.00     0.00
    4 L    -1  -2  -3  -4  -1  -2  -3  -4  -3   2   4  -2   2   0  -3  -2  -1  -2  -1   1    0   0   0   0   0   0   0   0   0   0   0   0   0   0   0   0   0   0   0   0  0.00     0.00
    5 L    -1  -2  -3  -4  -1  -2  -3  -4  -3   2   4  -2   2   0  -3  -2  -1  -2  -1   1    0   0   0   0   0   0   0   0   0   0   0   0   0   0   0   0   0   0   0   0  0.00     0.00
    6 L    -1  -2  -3  -4  -1  -2  -3  -4  -3   2   4  -2   2   0  -3  -2  -1  -2  -1   1    0   0   0   0   0   0   0   0   0   0   0   0   0   0   0   0   0   0   0   0  0.00     0.00
    7 L    -1  -2  -3  -4  -1  -2  -3  -4  -3   2   4  -2   2   0  -3  -2  -1  -2  -1   1    0   0   0   0   0   0   0   0   0   0   0   0   0   0   0   0   0   0   0   0  0.00     0.00
    8 M    -1  -1  -2  -3  -1   0  -2  -3  -2   1   2  -1   5   0  -2  -1  -1  -1  -1   1    0   0   0   0   0   0   0   0   0   0   0   0   0   0   0   0   0   0   0   0  0.00     0.00
    9 A     4  -1  -2  -2   0  -1  -1   0  -2  -1  -1  -1  -1  -2  -1   1   0  -2  -2   0    0   0   0   0   0   0   0   0   0   0   0   0   0   0   0   0   0   0   0   0  0.00     0.00
   10 A     4  -1  -2  -2   0  -1  -1   0  -2  -1  -1  -1  -1  -2  -1   1   0  -2  -2   0    0   0   0   0   0   0   0   0   0   0   0   0   0   0   0   0   0   0   0   0  0.00     0.00
   11 T     0  -1   0  -1  -1  -1  -1  -2  -2  -1  -1  -1  -1  -2  -1   1   4  -2  -2   0    0   0   0   0   0   0   0   0   0   0   0   0   0   0   0   0   0   0   0   0  0.00     0.00
   12 L    -1  -2  -3  -4  -1  -2  -3  -4  -3   2   4  -2   2   0  -3  -2  -1  -2  -1   1    0   0   0   0   0   0   0   0   0   0   0   0   0   0   0   0   0   0   0   0  0.00     0.00
   13 L    -1  -2  -3  -4  -1  -2  -3  -4  -3   2   4  -2   2   0  -3  -2  -1  -2  -1   1    0   0   0   0   0   0   0   0   0   0   0   0   0   0   0   0   0   0   0   0  0.00     0.00
   14 R    -1   5   0  -2  -3   1   0  -2   0  -3  -2   2  -1  -3  -2  -1  -1  -3  -2  -2    0   0   0   0   0   0   0   0   0   0   0   0   0   0   0   0   0   0   0   0  0.00     0.00
   15 P    -1  -2  -2  -1  -3  -1  -1  -2  -2  -3  -3  -1  -2  -4   7  -1  -1  -4  -3  -2    0   0   0   0   0   0   0   0   0   0   0   0   0   0   0   0   0   0   0   0  0.00     0.00
   16 T     0  -1   0  -1  -1  -1  -1  -2  -2  -1  -1  -1  -1  -2  -1   1   4  -2  -2   0    0   0   0   0   0   0   0   0   0   0   0   0   0   0   0   0   0   0   0   0  0.00     0.00
   17 H    -2   0   1  -1  -3   0   0  -2   7  -3  -3  -1  -2  -1  -2  -1  -2  -2   2  -3    0   0   0   0   0   0   0   0   0   0   0   0   0   0   0   0   0   0   0   0  0.00     0.00
   18 A     4  -1  -2  -2   0  -1  -1   0  -2  -1  -1  -1  -1  -2  -1   1   0  -2  -2   0    0   0   0   0   0   0   0   0   0   0   0   0   0   0   0   0   0   0   0   0  0.00     0.00
   19 V     0  -2  -3  -3  -1  -2  -2  -3  -3   3   1  -2   1  -1  -2  -2   0  -3  -1   4    0   0   0   0   0   0   0   0   0   0   0   0   0   0   0   0   0   0   0   0  0.00     0.00
   20 Q    -1   1   0   0  -3   5   2  -2   0  -3  -2   1   0  -3  -1   0  -1  -2  -1  -2    0   0   0   0   0   0   0   0   0   0   0   0   0   0   0   0   0   0   0   0  0.00     0.00
   21 F    -2  -3  -3  -3  -2  -3  -3  -3  -1   0   0  -3   0   6  -4  -2  -2   1   3  -1    0   0   0   0   0   0   0   0   0   0   0   0   0   0   0   0   0   0   0   0  0.00     0.00
   22 S     1  -1   1   0  -1   0   0   0  -1  -2  -2   0  -1  -2  -1   4   1  -3  -2  -2    0   0   0   0   0   0   0   0   0   0   0   0   0   0   0   0   0   0   0   0  0.00     0.00
   23 R    -1   5   0  -2  -3   1   0  -2   0  -3  -2   2  -1  -3  -2  -1  -1  -3  -2  -2    0   0   0   0   0   0   0   0   0   0   0   0   0   0   0   0   0   0   0   0  0.00     0.00
   24 P    -1  -2  -2  -1  -3  -1  -1  -2  -2  -3  -3  -1  -2  -4   7  -1  -1  -4  -3  -2    0   0   0   0   0   0   0   0   0   0   0   0   0   0   0   0   0   0   0   0  0.00     0.00
   25 E    -1   0   0   1  -4   2   5  -2   0  -3  -3   1  -2  -3  -1   0  -1  -3  -2  -2    0   0   0   0   0   0   0   0   0   0   0   0   0   0   0   0   0   0   0   0  0.00     0.00
   26 S     1  -1   1   0  -1   0   0   0  -1  -2  -2   0  -1  -2  -1   4   1  -3  -2  -2    0   0   0   0   0   0   0   0   0   0   0   0   0   0   0   0   0   0   0   0  0.00     0.00
   27 L    -1  -2  -3  -4  -1  -2  -3  -4  -3   2   4  -2   2   0  -3  -2  -1  -2  -1   1    0   0   0   0   0   0   0   0   0   0   0   0   0   0   0   0   0   0   0   0  0.00     0.00
   28 A     4  -1  -2  -2   0  -1  -1   0  -2  -1  -1  -1  -1  -2  -1   1   0  -2  -2   0    0   0   0   0   0   0   0   0   0   0   0   0   0   0   0   0   0   0   0   0  0.00     0.00
   29 A     4  -1  -2  -2   0  -1  -1   0  -2  -1  -1  -1  -1  -2  -1   1   0  -2  -2   0    0   0   0   0   0   0   0   0   0   0   0   0   0   0   0   0   0   0   0   0  0.00     0.00
   30 A     4  -1  -2  -2   0  -1  -1   0  -2  -1  -1  -1  -1  -2  -1   1   0  -2  -2   0    0   0   0   0   0   0   0   0   0   0   0   0   0   0   0   0   0   0   0   0  0.00     0.00
   31 P    -1  -2  -2  -1  -3  -1  -1  -2  -2  -3  -3  -1  -2  -4   7  -1  -1  -4  -3  -2    0   0   0   0   0   0   0   0   0   0   0   0   0   0   0   0   0   0   0   0  0.00     0.00
   32 P    -1  -2  -2  -1  -3  -1  -1  -2  -2  -3  -3  -1  -2  -4   7  -1  -1  -4  -3  -2    0   0   0   0   0   0   0   0   0   0   0   0   0   0   0   0   0   0   0   0  0.00     0.00
   33 A     4  -1  -2  -2   0  -1  -1   0  -2  -1  -1  -1  -1  -2  -1   1   0  -2  -2   0    0   0   0   0   0   0   0   0   0   0   0   0   0   0   0   0   0   0   0   0  0.00     0.00
   34 P    -1  -2  -2  -1  -3  -1  -1  -2  -2  -3  -3  -1  -2  -4   7  -1  -1  -4  -3  -2    0   0   0   0   0   0   0   0   0   0   0   0   0   0   0   0   0   0   0   0  0.00     0.00
   35 P    -1  -2  -2  -2  -3  -1  -1  -2  -2  -3  -3  -1  -3  -4   8  -1  -1  -4  -3  -3    0   0   0   0   0   0   0   0   0   0   0   0   0   0 100   0   0   0   0   0  2.05 0.01
   36 G     0  -3   0  -1  -3  -2  -2   6  -2  -4  -4  -2  -3  -3  -2   0  -2  -3  -3  -3    0   0   0   0   0   0   0 100   0   0   0   0   0   0   0   0   0   0   0   0  1.04 0.00
   37 N    -2   0   4   0  -3   0   0  -1   6  -3  -3   0  -2  -2  -2   0  -1  -3   0  -3    0   0  50   0   0   0   0   0  50   0   0   0   0   0   0   0   0   0   0   0  0.59 0.00
   38 V     0  -1  -2  -2  -1  -1  -1  -2  -2   2   0  -1   0  -1  -1  -1   0  -2  -1   3    3   2   2   2   1   2   2   3   1   2   3   2   1   1   2   3   2   0   1  67  0.13 0.00
   39 T     0  -1   0   0  -1   0   2  -1  -1  -1  -1   0  -1  -2  -1   1   3  -2  -1  -1    2   1   1   2   1   1  24   2   1   1   3   2   1   1   2   2  50   0   1   2  0.23 0.01
   40 R    -1   3   3   3  -2   0   0  -1   0  -2  -2   1  -2  -2  -1   0  -1  -2  -2  -2    2  27  24  24   1   1   2   2   1   1   3   2   1   1   2   2   2   0   1   2  0.27 0.01
   41 K     2   1   0  -1  -2   1   0  -1  -1  -2  -2   4  -1  -3  -1   2   0  -3  -2  -2   22   0   0   0   0   0   0   0   0   0   0  55   0   0   0  23   0   0   0   0  0.32 0.01
   42 P    -1  -2  -2  -2  -3  -2  -1  -2  -3  -3  -3  -1  -3  -4   8  -1  -1  -4  -3  -3    0   0   0   0   0   0   0   0   0   0   0   0   0   0 100   0   0   0   0   0  2.11 0.03
   43 L     0  -2  -1  -2  -1  -1  -2  -2  -2   0   2  -1   1  -1  -2   2   2  -2  -2   0    0   0   0   0   0   0   0   0   0   0  49   0   0   0   0  29  22   0   0   0  0.19 0.01
   44 L    -2  -3  -4  -4  -1  -3  -3  -4  -3   3   4  -3   2   0  -3  -3  -1  -2  -1   1    0   0   0   0   0   0   0   0   0  29  71   0   0   0   0   0   0   0   0   0  0.42 0.01
   45 L    -2  -2  -4  -4  -1  -2  -3  -4  -3   2   4  -3   2   0  -3  -3  -1  -2  -1   1    0   0   0   0   0   0   0   0   0   0 100   0   0   0   0   0   0   0   0   0  0.51 0.02
   46 F    -2  -2  -3  -4  -2  -2  -3  -3   0   0   1  -2   3   5  -3  -2  -2   1   4  -1    0   0   0   0   0   0   0   0   0   0   0   0  29  48   0   0   0   0  23   0  0.49 0.02
   47 L    -2  -2  -4  -4  -1  -2  -3  -4  -3   2   4  -3   2   0  -3  -3  -1  -2  -1   1    0   0   0   0   0   0   0   0   0   0 100   0   0   0   0   0   0   0   0   0  0.51 0.02
   48 P    -1  -2  -1  -2  -3  -1  -1  -2   5  -3  -3  -1  -2  -3   7  -1  -1  -4  -1  -3    0   0   0   0   0   0   0   0  29   0   0   0   0   0  71   0   0   0   0   0  1.42 0.03
   49 G     0  -3  -1  -2  -3  -2  -2   6  -2  -4  -4  -2  -3  -3  -2   0  -2  -3  -3  -4    0   0   0   0   0   0   0 100   0   0   0   0   0   0   0   0   0   0   0   0  1.10 0.03
   50 L    -2  -3  -3  -4  -2  -2  -3  -4  -2   2   2  -3   3   4  -3  -2  -1  -1   1   1    0   0   0   0   0   0   0   0   0  23  26   0  22  29   0   0   0   0   0   0  0.32 0.01
   51 D    -1  -2   1   5  -3   0   1  -1  -1  -3  -4  -1  -3  -3  -1   2   0  -4  -3  -3    0   0   0  71   0   0   0   0   0   0   0   0   0   0   0  29   0   0   0   0  0.68 0.02
   52 G     2  -2  -1  -2  -2  -2  -2   5  -2  -3  -3  -1  -2  -3  -2   0  -1  -3  -3  -2   29   0   0   0   0   0   0  71   0   0   0   0   0   0   0   0   0   0   0   0  0.73 0.02
   53 S     0  -1   0  -1  -2   0  -1  -1   5  -2  -2  -1  -1  -2  -1   2   3  -3   0  -1    0   0   0   0   0   0   0   0  29   0   0   0   0   0   0  26  45   0   0   0  0.36 0.02
   54 G     0   0   0  -1  -3  -1  -1   5  -2  -4  -4   2  -2  -3  -2   0  -1  -3  -3  -3    0   0   0   0   0   0   0  71   0   0   0  29   0   0   0   0   0   0   0   0  0.69 0.02
   55 R    -2   2  -1   3  -3   0   0  -3  -1   0   1   0   3  -1  -2  -1  -1  -3  -2  -1    0  26   0  29   0   0   0   0   0   0  23   0  22   0   0   0   0   0   0   0  0.20 0.01
   56 S     0  -2  -1  -2  -2  -1  -2   4  -2  -1  -1  -1   3  -2  -2   2   0  -2  -2  -1    0   0   0   0   0   0   0  45   0   0   0   0  29   0   0  26   0   0   0   0  0.35 0.02
   57 G    -1  -3  -3  -3  -2  -2  -3   2  -3   0   2  -3   0   0  -3  -2  -2   8   0  -1    0   0   0   0   0   0   0  26   0   0  45   0   0   0   0   0   0  29   0   0  0.57 0.02
   58 G    -1  -3  -2  -3  -2  -2  -3   2  -3   2   2  -2   1  -1  -3  -2  -1  -3  -2   2    0   0   0   0   0   0   0  26   0  23  29   0   0   0   0   0   0   0   0  22  0.21 0.01
   59 T     0   2   0  -1  -2   0  -1  -2  -1  -2  -2   0  -2  -3   4   2   2  -3  -2  -2    0  23   0   0   0   0   0   0   0   0   0   0   0   0  22  29  26   0   0   0  0.44 0.01
   60 Q    -1   0   0  -2  -2   3   0  -3   6   0  -1   0  -1  -2  -2  -1  -1  -3   0   1    0   0   0   0   0  26   0   0  45   0   0   0   0   0   0   0   0   0   0  29  0.35 0.02
   61 W    -2  -2  -1  -3  -2  -1  -1  -3   6   0  -1  -2  -1  -1  -3  -2  -1   7   1   1    0   0   0   0   0   0   0   0  45   0   0   0   0   0   0   0   0  26   0  29  0.61 0.02
   62 P    -1   1  -1  -1  -3   1   0  -2  -1  -3  -3   4  -2  -4   4   0  -1  -3  -2  -3    0   0   0   0   0   0   0   0   0   0   0  74   0   0  26   0   0   0   0   0  0.64 0.02
   63 R     1   3  -1  -2  -2   0  -1  -2  -1  -2  -1   2  -1   3  -2   0  -1  -1   0  -1   22  26   0   0   0   0   0   0   0   0   0  23   0  29   0   0   0   0   0   0  0.21 0.01
   64 L    -2  -2  -4  -4  -1  -2  -3  -4  -3   2   4  -3   2   0  -3  -3  -1  -2  -1   1    0   0   0   0   0   0   0   0   0   0 100   0   0   0   0   0   0   0   0   0  0.51 0.02
   65 S     0  -2  -1  -1  -2  -1  -1   4  -2  -3  -3  -1  -3  -3   4   2   0  -3  -3  -3    0   0   0   0   0   0   0  45   0   0   0   0   0   0  29  26   0   0   0   0  0.70 0.01
   66 V    -1   1  -1   0  -3   1   2  -2  -1   0  -1   3  -1  -3  -2  -1  -1  -3  -2   1    0   0   0   0   0   0  23   0   0   0   0  51   0   0   0   0   0   0   0  26  0.25 0.01
   67 E     1  -1   3   0  -2   0   2  -1  -1   1  -1   0  -1  -2  -2   0   0  -3  -2   0   22   0  29   0   0   0  26   0   0  23   0   0   0   0   0   0   0   0   0   0  0.17 0.01
   68 F    -2  -3  -3  -4  -2  -3  -3  -4  -2   0   2  -3   1   6  -4  -3  -2   0   2   0    0   0   0   0   0   0   0   0   0   0  29   0   0  71   0   0   0   0   0   0  0.58 0.02
   69 D    -2  -1   1   4  -4   0   1  -2   6  -4  -4  -1  -2  -2  -2  -1  -2  -3   0  -4    0   0   0  49   0   0   0   0  51   0   0   0   0   0   0   0   0   0   0   0  0.69 0.03
   70 V    -1  -3  -3  -4  -1  -3  -3  -4  -3   3   2  -3   1   0  -3  -2  -1  -3  -1   3    0   0   0   0   0   0   0   0   0  23  29   0   0   0   0   0   0   0   0  48  0.34 0.01
   71 W    -1  -2  -2  -3  -2  -2  -2  -2  -2   0  -1  -2  -1   0  -3   1  -1   9   1   1    0   0   0   0   0   0   0   0   0   0   0   0   0   0   0  22   0  49   0  29  0.89 0.03
   72 R    -1   2  -2  -3   9  -2  -3  -3  -2  -2  -2  -1  -2  -3  -3  -1  -1  -3  -3  -1    0  26   0   0  74   0   0   0   0   0   0   0   0   0   0   0   0   0   0   0  0.91 0.03
   73 L    -1  -3  -4  -4  -1  -2  -3  -4  -3   2   4  -3   2   0  -3  -2  -1  -2  -1   2    0   0   0   0   0   0   0   0   0   0  71   0   0   0   0   0   0   0   0  29  0.39 0.01
   74 H    -2  -1   1   3  -4   0   0  -2   7  -4  -3  -1  -2  -2  -2  -1  -2  -3   1  -4    0   0   0  29   0   0   0   0  71   0   0   0   0   0   0   0   0   0   0   0  0.75 0.03
   75 I    -1  -3  -3  -3  -1  -2  -3  -4  -3   4   2  -3   4   0  -3  -2  -1  -2  -1   2    0   0   0   0   0   0   0   0   0  71   0   0  29   0   0   0   0   0   0   0  0.37 0.02
   76 P    -1  -2  -2  -2  -3  -2  -1  -2  -3  -3  -3  -1  -3  -4   8  -1  -1  -4  -3  -3    0   0   0   0   0   0   0   0   0   0   0   0   0   0 100   0   0   0   0   0  2.11 0.03
   77 A     2  -2  -2  -2  -1  -2  -2   3  -3   1  -1  -2   0  -2  -2   0  -1  -3  -2   2   26   0   0   0   0   0   0  29   0   0   0   0   0   0   0   0   0   0   0  45  0.23 0.01
   78 T     0  -1   0  -1  -1  -1  -1  -2  -2   0   1  -1   0  -2  -2   2   4  -3  -2   0    0   0   0   0   0   0   0   0   0   0  22   0   0   0   0  23  55   0   0   0  0.27 0.02
   79 D    -1  -2   1   5  -3  -1   1  -2  -1  -2  -3  -1  -2  -3  -2   0   2  -4  -3  -2    0   0   0  71   0   0   0   0   0   0   0   0   0   0   0   0  29   0   0   0  0.64 0.02
   80 R    -2   6  -1  -2  -4   1   0  -3   0  -3  -2   2  -2  -3  -2  -1  -1  -3  -2  -3    0 100   0   0   0   0   0   0   0   0   0   0   0   0   0   0   0   0   0   0  0.84 0.03
   81 S     1  -1   0  -1  -1   0  -1  -1  -1  -2  -2  -1  -1  -3  -1   3   4  -3  -2  -1    0   0   0   0   0   0   0   0   0   0   0   0   0   0   0  55  45   0   0   0  0.42 0.02
   82 S     0  -2   0  -1  -2  -1  -1  -1  -2  -3  -3  -1  -2  -3   6   3   0  -3  -2  -2    0   0   0   0   0   0   0   0   0   0   0   0   0   0  45  55   0   0   0   0  0.86 0.02
   83 F    -2  -3  -3  -4  -2  -3  -3  -4  -2   1   2  -3   1   5  -3  -2  -1   0   2   2    0   0   0   0   0   0   0   0   0   0  29   0   0  48   0   0   0   0   0  23  0.38 0.01
   84 E    -1   0   0   4  -4   1   4  -2  -1  -3  -3   2  -2  -4  -1   0  -1  -4  -2  -3    0   0   0  29   0   0  48   0   0   0   0  23   0   0   0   0   0   0   0   0  0.56 0.02
   85 E    -1  -1   1   5  -4   0   3   2  -1  -4  -4   0  -3  -4  -2   0  -1  -4  -3  -3    0   0   0  52   0   0  26  22   0   0   0   0   0   0   0   0   0   0   0   0  0.60 0.02
   86 L    -2  -2  -4  -4  -1  -2  -3  -4  -3   2   4  -3   2   0  -3  -3  -1  -2  -1   1    0   0   0   0   0   0   0   0   0   0 100   0   0   0   0   0   0   0   0   0  0.51 0.02
   87 C    -1  -3  -3  -4   5  -3  -3  -3  -3   2   2  -3   1  -1  -3  -2  -1  -3  -2   3    0   0   0   0  26   0   0   0   0   0  22   0   0   0   0   0   0   0   0  52  0.36 0.02
   88 L    -1   1  -1  -1  -3   1   0  -2  -1  -1   1   4   0  -2  -2  -1  -1  -3  -2  -1    0   0   0   0   0   0   0   0   0   0  26  74   0   0   0   0   0   0   0   0  0.31 0.02
   89 E    -1   3  -1  -1  -2   0   2  -3  -1   0   1   0   0  -2  -2  -1  -1  -3  -2   1    0  29   0   0   0   0  26   0   0   0  23   0   0   0   0   0   0   0   0  22  0.17 0.01
   90 V    -1  -3  -3  -3  -1  -3  -3  -4  -4   4   1  -3   1  -1  -3  -2   0  -3  -1   4    0   0   0   0   0   0   0   0   0  52   0   0   0   0   0   0   0   0   0  48  0.38 0.02
   91 E    -1   0   0   1  -4   2   5  -2   5  -4  -3   0  -2  -3  -2   0  -1  -3  -1  -3    0   0   0   0   0   0  71   0  29   0   0   0   0   0   0   0   0   0   0   0  0.64 0.02
   92 G    -1   0   0   3  -3   3   3   2  -1  -3  -3   0  -2  -4  -2   0  -1  -3  -2  -3    0   0   0  22   0  29  23  26   0   0   0   0   0   0   0   0   0   0   0   0  0.45 0.01
   93 F    -1  -3  -2  -3  -2  -2  -3  -3  -2   1   0  -2   0   5  -3  -1   2   0   2   1    0   0   0   0   0   0   0   0   0   0   0   0   0  55   0   0  23   0   0  22  0.34 0.02
   94 L    -1  -3  -3  -4  -1  -2  -3  -4  -3   2   3  -3   1   0  -3  -2  -1  -2  -1   3    0   0   0   0   0   0   0   0   0   0  48   0   0   0   0   0   0   0   0  52  0.34 0.01
   95 R    -1   4   0   0  -4   1   3  -2   0  -3  -3   3  -2  -3  -2  -1  -1  -3  -2  -3    0  48   0   0   0   0  29   0   0   0   0  23   0   0   0   0   0   0   0   0  0.53 0.02
   96 A     2  -1  -1  -1   6   2   0  -1  -1  -2  -2  -1  -1  -3  -2   2   0  -3  -2  -1   26   0   0   0  29  22   0   0   0   0   0   0   0   0   0  23   0   0   0   0  0.35 0.01
   97 R    -1   3  -1   0  -3   1   3  -3  -1  -1   1   1   0  -2  -2  -1  -1  -3  -2  -1    0  26   0   0   0   0  45   0   0   0  29   0   0   0   0   0   0   0   0   0  0.29 0.01
   98 G     0   0   3   0  -2   2   0   3   0  -2  -2   0  -1  -2  -1   0  -1  -2  -2  -2    2   1  24   2   1  24   2  28   1   1   3   2   1   1   2   2   2   0   1   2  0.26 0.01
   99 A     3   3  -1  -2  -2   0   0  -1  -1  -2  -2   3  -1  -3  -1   0  -1  -3  -2  -1   48  23   0   0   0   0   0   0   0   0   0  29   0   0   0   0   0   0   0   0  0.30 0.01
  100 A     1  -2  -2  -3  -1  -2  -2  -2  -2   1   3  -2   1  -1  -2   0   2  -2  -2   0   26   0   0   0   0   0   0   0   0   0  52   0   0   0   0   0  22   0   0   0  0.19 0.01
  101 K    -1   0   3   0  -3   0   0  -2  -1  -3  -3   2  -2  -4   6   0  -1  -4  -3  -3    0   0  29   0   0   0   0   0   0   0   0  26   0   0  45   0   0   0   0   0  0.83 0.02
  102 G    -1   0   4   0  -3   0   0   3   0  -3  -3   2  -2  -3  -2   0  -1  -3  -2  -3    0   0  45   0   0   0   0  26   0   0   0  29   0   0   0   0   0   0   0   0  0.44 0.02
  103 R    -1   5   0  -1  -4   1   0  -2  -1  -3  -3   4  -2  -3  -2  -1  -1  -3  -2  -3    0  49   0   0   0   0   0   0   0   0   0  51   0   0   0   0   0   0   0   0  0.59 0.02
  104 P    -1  -2  -2  -2  -3  -2  -1  -2  -3  -3  -3  -1  -3  -4   8  -1  -1  -4  -3  -3    0   0   0   0   0   0   0   0   0   0   0   0   0   0 100   0   0   0   0   0  2.11 0.03
  105 A     1  -3  -3  -3  -1  -2  -3  -2  -2   3   1  -2   0   3  -3  -1  -1  -1   1   1   26   0   0   0   0   0   0   0   0  45   0   0   0  29   0   0   0   0   0   0  0.21 0.01
  106 L    -2  -1  -1  -3  -2  -1  -2  -3   5  -1   1  -2   0   2  -3  -2  -2   1   5  -1    0   0   0   0   0   0   0   0  29   0  26   0   0   0   0   0   0   0  45   0  0.46 0.02
  107 M    -2  -2  -3  -4  -2  -2  -3  -4  -3   1   4  -2   4   0  -3  -2  -1  -2  -1   1    0   0   0   0   0   0   0   0   0   0  74   0  26   0   0   0   0   0   0   0  0.43 0.02
  108 I    -1  -3  -3  -3  -1  -3  -3  -4  -3   3   1  -3   1  -1  -3  -2   0  -3  -1   4    0   0   0   0   0   0   0   0   0  26   0   0   0   0   0   0   0   0   0  74  0.38 0.02
  109 G     0  -3  -1  -2  -3  -2  -2   6  -2  -4  -4  -2  -3  -3  -2   0  -2  -3  -3  -4    0   0   0   0   0   0   0 100   0   0   0   0   0   0   0   0   0   0   0   0  1.10 0.03
  110 E    -1  -1   0   3  -3   1   4  -2  -1  -2  -3   0  -2  -3  -1   0   2  -3  -2  -2    0   0   0  22   0   0  49   0   0   0   0   0   0   0   0   0  29   0   0   0  0.46 0.02
  111 S     1  -1   1   0  -1   0   0   0  -1  -3  -3   0  -2  -3  -1   5   1  -3  -2  -2    0   0   0   0   0   0   0   0   0   0   0   0   0   0   0 100   0   0   0   0  0.52 0.03
  112 S    -1  -2  -2  -2  -2  -1  -2  -2  -2   2   1  -2   3   3  -2   1   0  -1   0   1    0   0   0   0   0   0   0   0   0  23   0   0  29  22   0  26   0   0   0   0  0.16 0.01
  113 G     0  -3  -1  -2  -3  -2  -2   6  -2  -4  -4  -2  -3  -3  -2   0  -2  -3  -3  -4    0   0   0   0   0   0   0 100   0   0   0   0   0   0   0   0   0   0   0   0  1.10 0.03
  114 A     3  -2  -1  -2  -1  -1  -2   4  -2  -3  -3  -1  -2  -3  -2   0  -1  -3  -3  -2   49   0   0   0   0   0   0  51   0   0   0   0   0   0   0   0   0   0   0   0  0.55 0.02
  115 V    -1  -1  -2  -2   7   3  -1  -3  -2   0  -1  -1  -1  -2  -2  -1  -1  -3  -2   1    0   0   0   0  45  29   0   0   0   0   0   0   0   0   0   0   0   0   0  26  0.46 0.02
  116 L    -1  -3  -4  -4  -1  -2  -3  -4  -3   2   4  -3   2   0  -3  -2  -1  -2  -1   2    0   0   0   0   0   0   0   0   0   0  71   0   0   0   0   0   0   0   0  29  0.39 0.01
  117 A     5  -2  -2  -2  -1  -1  -1   0  -2  -2  -2  -1  -1  -3  -1   1   0  -3  -2   0  100   0   0   0   0   0   0   0   0   0   0   0   0   0   0   0   0   0   0   0  0.46 0.02
  118 L    -1  -2  -2  -3  -2  -2  -3   2  -3   1   3  -2   1   0  -3  -2  -1  -2  -2   0    0   0   0   0   0   0   0  29   0   0  71   0   0   0   0   0   0   0   0   0  0.31 0.01
  119 G     1  -2  -1   2  -2  -1  -1   3  -2   0  -1  -1  -1  -2  -2   0  -1  -3  -2   1   22   0   0  23   0   0   0  26   0   0   0   0   0   0   0   0   0   0   0  29  0.20 0.01
  120 V    -1  -3  -3  -3  -1  -2  -3  -3  -1   2   0  -2   0   1  -3  -2  -1  -1   4   4    0   0   0   0   0   0   0   0   0   0   0   0   0   0   0   0   0   0  29  71  0.33 0.02
  121 A     5  -2  -2  -2  -1  -1  -1   0  -2  -2  -2  -1  -1  -3  -1   1   0  -3  -2   0  100   0   0   0   0   0   0   0   0   0   0   0   0   0   0   0   0   0   0   0  0.46 0.02
  122 L     4  -2  -2  -2  -1  -1  -1  -1  -2   0   1  -1   0  -1  -1   0   0  -3  -2   0   74   0   0   0   0   0   0   0   0   0  26   0   0   0   0   0   0   0   0   0  0.27 0.02
  123 R    -2   5  -1  -2  -3   0  -1  -3   0  -3  -2   1  -1   0  -3  -1  -1   0   4  -2    0  71   0   0   0   0   0   0   0   0   0   0   0   0   0   0   0   0  29   0  0.57 0.02
  124 E    -2  -1   4   1  -3   0   2  -2   1  -3  -3   0  -2   0  -2   0  -1  -1   4  -2    0   0  45   0   0   0  26   0   0   0   0   0   0   0   0   0   0   0  29   0  0.41 0.02
  125 P    -1   2  -2  -2  -3  -1  -1  -2  -2  -3  -3   0  -2  -4   7  -1  -1  -4  -3  -3    0  22   0   0   0   0   0   0   0   0   0   0   0   0  78   0   0   0   0   0  1.51 0.03
  126 R     0   3   3   0  -2   0   0  -1   0  -3  -3   1  -2  -3  -2   3   1  -3  -2  -2    0  26  23   0   0   0   0   0   0   0   0   0   0   0   0  51   0   0   0   0  0.37 0.02
  127 L    -2  -2  -1   3  -2  -2  -1  -3  -3   2   3  -2   1  -1  -3  -2  -1  -3  -2   1    0   0   0  29   0   0   0   0   0  23  48   0   0   0   0   0   0   0   0   0  0.24 0.01
  128 V    -1  -2   0   4  -2  -1   0  -2  -2   1  -1  -2  -1  -2  -2  -1  -1  -4  -2   3    0   0   0  45   0   0   0   0   0   0   0   0   0   0   0   0   0   0   0  55  0.30 0.02
  129 Y    -1  -2  -2  -2  -2  -1  -2  -2  -1   0   2  -2   1   1  -2   1   0   0   4   0    0   0   0   0   0   0   0   0   0   0  45   0   0   0   0  29   0   0  26   0  0.20 0.01
  130 A     2  -1   0  -1  -1  -1  -1  -1  -2   0  -1  -1  -1  -2  -1   3   1  -3  -2   1   26   0   0   0   0   0   0   0   0   0   0   0   0   0   0  52   0   0   0  22  0.24 0.01
  131 L    -2  -2  -4  -4  -1  -2  -3  -4  -3   2   4  -3   2   0  -3  -3  -1  -2  -1   1    0   0   0   0   0   0   0   0   0   0 100   0   0   0   0   0   0   0   0   0  0.51 0.02
  132 C    -1  -4  -3  -4   8  -3  -4  -3  -3   3   0  -3   0  -1  -3  -2  -1  -3  -2   1    0   0   0   0  55   0   0   0   0  45   0   0   0   0   0   0   0   0   0   0  0.66 0.03
  133 L    -2  -2  -4  -4  -1  -2  -3  -4  -3   2   4  -3   2   0  -3  -3  -1  -2  -1   1    0   0   0   0   0   0   0   0   0   0 100   0   0   0   0   0   0   0   0   0  0.51 0.02
  134 I    -1  -3  -3  -3  -1  -3  -3  -4  -3   3   1  -3   1  -1  -3  -2   0  -3  -1   4    0   0   0   0   0   0   0   0   0  26   0   0   0   0   0   0   0   0   0  74  0.38 0.02
  135 N    -1  -1   5   0   6  -1  -1  -1   0  -3  -3  -1  -2  -3  -3   0   0  -4  -2  -2    0   0  71   0  29   0   0   0   0   0   0   0   0   0   0   0   0   0   0   0  0.63 0.03
  136 P    -1  -2  -2  -2  -3  -2  -1  -2  -3  -3  -3  -1  -3  -4   8  -1  -1  -4  -3  -3    0   0   0   0   0   0   0   0   0   0   0   0   0   0 100   0   0   0   0   0  2.11 0.03
  137 G     4  -2  -1  -2  -1  -1  -1   3  -2  -2  -2  -1  -1  -3  -1   1   0  -3  -2  -1   74   0   0   0   0   0   0  26   0   0   0   0   0   0   0   0   0   0   0   0  0.43 0.02
  138 T     0  -2   0  -1  -1  -1  -1   3  -2  -2  -2  -1  -1  -3  -2   1   4  -3  -2  -1    0   0   0   0   0   0   0  29   0   0   0   0   0   0   0   0  71   0   0   0  0.43 0.02
  139 G     0  -1   0  -1  -2   0  -1   3   4  -3  -3  -1  -2  -2  -2   3   0  -3  -1  -3    0   0   0   0   0   0   0  26  23   0   0   0   0   0   0  51   0   0   0   0  0.38 0.02
  140 Y    -1  -2  -2  -3  -2  -2  -2  -3  -1   0   0  -2   0   3  -2  -1   2   0   4   1    0   0   0   0   0   0   0   0   0   0   0   0   0  22   0   0  29   0  26  23  0.27 0.01
  141 S    -1  -1   3   5  -3   0   1  -1  -1  -3  -4  -1  -3  -3  -2   2   0  -4  -3  -3    0   0  23  51   0   0   0   0   0   0   0   0   0   0   0  26   0   0   0   0  0.56 0.02
  142 R    -2   4   5   0  -3   0   0  -1   0  -3  -3   1  -2  -3  -2   0  -1  -4  -2  -3    0  48  52   0   0   0   0   0   0   0   0   0   0   0   0   0   0   0   0   0  0.56 0.02
  143 S     0  -1   0  -1  -2   3   0  -1  -1  -2  -2   0  -1   3  -2   3   0  -1   0  -2    0   0   0   0   0  29   0   0   0   0   0   0   0  23   0  48   0   0   0   0  0.25 0.02
  144 Y    -2  -2  -3  -3  -2  -2  -2  -3   0  -1   0  -2   3   4   4  -2  -2   0   4  -1    0   0   0   0   0   0   0   0   0   0   0   0  23  29  22   0   0   0  26   0  0.47 0.02
  145 I    -1  -3  -3  -4  -1  -3  -3  -4  -3   3   2  -3   1   0  -3  -2  -1  -3  -1   3    0   0   0   0   0   0   0   0   0  26  22   0   0   0   0   0   0   0   0  52  0.34 0.01
  146 S     0   1   0   0  -3   5   1  -2   0  -3  -3   1  -1  -3  -1   2   0  -2  -2  -2    0   0   0   0   0  74   0   0   0   0   0   0   0   0   0  26   0   0   0   0  0.54 0.03
  147 A     1   3  -2  -2  -2   0  -1  -2  -2  -3  -3   0  -2  -3   6   0  -1  -3  -2  -2   26  29   0   0   0   0   0   0   0   0   0   0   0   0  45   0   0   0   0   0  0.79 0.02
  148 V    -1  -2  -4  -4  -1  -2  -3  -4  -3   2   4  -3   2   0  -3  -2  -1  -2  -1   2    0   0   0   0   0   0   0   0   0   0  74   0   0   0   0   0   0   0   0  26  0.39 0.02
  149 A     2  -2  -2  -2  -1  -1  -2  -2  -2   2   1  -2   1  -1  -2   1   0  -3  -2   1   26   0   0   0   0   0   0   0   0  29  22   0   0   0   0  23   0   0   0   0  0.14 0.01
  150 P    -1  -2  -2  -2  -3  -2  -2   2  -2  -3  -3  -1  -3  -4   7  -1  -1  -4  -3  -3    0   0   0   0   0   0   0  23   0   0   0   0   0   0  77   0   0   0   0   0  1.53 0.03
  151 L    -1  -2  -3  -4  -1  -2  -3  -4  -3   2   3  -2   3   0  -3  -2  -1  -2  -1   1    0   0   0   0   0   0   0   0   0  22  55   0  23   0   0   0   0   0   0   0  0.37 0.01
  152 L    -2  -3  -4  -4  -1  -3  -3  -4  -3   3   4  -3   2   0  -3  -3  -1  -2  -1   1    0   0   0   0   0   0   0   0   0  29  71   0   0   0   0   0   0   0   0   0  0.42 0.01
  153 P    -1  -1   2   0  -3   0   2  -2  -1  -3  -3   0  -3  -4   6   0  -1  -4  -3  -3    0   0  23   0   0   0  22   0   0   0   0   0   0   0  55   0   0   0   0   0  1.02 0.02
  154 S     0  -1  -1  -1  -1  -1  -1  -1  -2   0   0  -1   3  -1  -2   3   1  -3  -2   1    0   0   0   0   0   0   0   0   0   0   0   0  22   0   0  55   0   0   0  23  0.19 0.02
  155 L    -1  -2  -2  -3  -1  -2  -2  -3  -3   1   3  -2   1   0  -2  -1   2  -2  -1   2    0   0   0   0   0   0   0   0   0   0  49   0   0   0   0   0  29   0   0  22  0.24 0.01
  156 P    -1  -2  -2  -2  -3  -2  -1  -2  -3  -3  -3  -1  -3  -4   8  -1  -1  -4  -3  -3    0   0   0   0   0   0   0   0   0   0   0   0   0   0 100   0   0   0   0   0  2.11 0.03
  157 E    -1  -1   0   3  -4   1   5  -2   0  -4  -3   0  -2  -4  -1   0  -1  -3  -3  -3    0   0   0  23   0   0  77   0   0   0   0   0   0   0   0   0   0   0   0   0  0.72 0.02
  158 P    -1  -1  -1   0  -3   1   4   2  -1  -4  -3   0  -3  -4   4   0  -1  -3  -3  -3    0   0   0   0   0   0  51  23   0   0   0   0   0   0  26   0   0   0   0   0  0.62 0.02
  159 L    -1  -2  -3  -4  -2  -2  -3  -4  -3   1   4  -2   4   0  -3  -2  -1  -2  -1   1    0   0   0   0   0   0   0   0   0   0  71   0  29   0   0   0   0   0   0   0  0.42 0.02
  160 Y    -1  -1  -1  -1  -2  -1  -1  -2   4  -3  -2  -1  -2   0   4   2   0  -1   4  -2    0   0   0   0   0   0   0   0  22   0   0   0   0   0  23  29   0   0  26   0  0.46 0.02
  161 T    -1  -1  -1   0  -2   0   2  -2  -1  -1  -1  -1  -1   3  -2   0   3  -2   0  -1    0   0   0   0   0   0  29   0   0   0   0   0   0  22   0   0  49   0   0   0  0.26 0.02
  162 S     0  -1  -1  -2  -1  -1  -1  -2  -2   0   2  -1   3  -1  -2   2   2  -2  -1   0    0   0   0   0   0   0   0   0   0   0  23   0  29   0   0  26  22   0   0   0  0.18 0.01
  163 L    -1  -2  -4  -4  -1  -2  -3  -4  -3   2   4  -3   2   0  -3  -3  -1  -2  -1   2    0   0   0   0   0   0   0   0   0   0  78   0   0   0   0   0   0   0   0  22  0.40 0.02
  164 P    -1  -1  -1   0  -3   3   2  -2  -1  -3  -3   0  -2  -4   6  -1  -1  -3  -2  -3    0   0   0   0   0  29  23   0   0   0   0   0   0   0  48   0   0   0   0   0  0.95 0.02
  165 R    -2   3   0   3  -3   0   0  -2   0  -3  -2   0  -2   0  -2  -1  -1   0   4  -2    0  35   0  33   0   0   0   0   0   0   0   0   0   0   0   0   0   0  32   0  0.38 0.01
  166 F     2  -3  -3  -3  -1  -2  -2  -2  -2   2   0  -2   0   4  -2  -1  -1  -1   1   1   32   0   0   0   0   0   0   0   0  33   0   0   0  35   0   0   0   0   0   0  0.20 0.01
  167 G    -1  -3  -2  -3  -2  -3  -3   3  -2   0   2  -2   0   4  -3  -2  -2  -1   1  -1    0   0   0   0   0   0   0  35   0   0  32   0   0  33   0   0   0   0   0   0  0.29 0.01
  168 S     0  -1   1   4  -2   0   0  -1  -1  -3  -3   0  -2  -3  -1   3   1  -3  -2  -2    0   0   0  33   0   0   0   0   0   0   0   0   0   0   0  67   0   0   0   0  0.44 0.01
  169 F    -2  -3  -3  -4  -3  -3  -4  -3  -1   0   0  -3   0   7  -4  -3  -2   1   3  -1    0   0   0   0   0   0   0   0   0   0   0   0   0 100   0   0   0   0   0   0  0.79 0.02
  170 F    -2   0  -2  -2  -2  -1  -1  -3  -2   2   0   2   0   4  -2  -2  -1  -1   1   1    0   0   0   0   0   0   0   0   0  32   0  33   0  35   0   0   0   0   0   0  0.17 0.01
  171 V    -1  -1  -2  -2  -2   3   0  -3  -1   1   1   0   3  -1  -2  -1  -1  -2  -1   2    0   0   0   0   0  33   0   0   0   0   0   0  32   0   0   0   0   0   0  35  0.19 0.01
  172 G     0  -3  -1  -1  -3  -2  -2   6  -2  -4  -4  -2  -3  -3  -2   0  -2  -3  -3  -3    0   0   0   0   0   0   0 100   0   0   0   0   0   0   0   0   0   0   0   0  1.07 0.01
  173 K    -2   0   1   5  -4   0   1  -2  -1  -3  -3   3  -3  -4  -1   0  -1  -4  -3  -3    0   0   0  65   0   0   0   0   0   0   0  35   0   0   0   0   0   0   0   0  0.61 0.01
  174 P    -1  -2  -2  -2  -3  -1  -1  -2  -2  -3  -3  -1  -3  -4   8  -1  -1  -4  -3  -3    0   0   0   0   0   0   0   0   0   0   0   0   0   0 100   0   0   0   0   0  2.07 0.02
  175 G     0  -3  -1  -2  -2  -2  -3   5  -3   1  -1  -2  -1  -2  -3  -1  -1  -3  -3   0    0   0   0   0   0   0   0  68   0  32   0   0   0   0   0   0   0   0   0   0  0.51 0.01
  176 W    -1   0  -2  -3  -2   0  -1  -2  -2  -1   0   2   3   0  -2  -1  -1   8   0  -1    0   0   0   0   0   0   0   0   0   0   0  32  33   0   0   0   0  35   0   0  0.61 0.01
  177 L    -1  -2  -3  -4  -1  -2  -3  -4  -3   1   4  -2   4   0  -3  -2  -1  -2  -1   1    0   0   0   0   0   0   0   0   0   0  68   0  32   0   0   0   0   0   0   0  0.39 0.01
  178 R    -1   3   0   3  -2   0   1  -1  -1  -2  -2   1  -1  -2  -1   0  -1  -2  -1  -2    3  37   1  35   1   1   2   2   1   2   3   2   1   1   2   2   2   0   1   2  0.29 0.00
  179 P     3  -2  -2  -2  -1  -1  -1  -1  -2  -2  -2  -1  -2  -3   5   1   0  -3  -2  -1   65   0   0   0   0   0   0   0   0   0   0   0   0   0  35   0   0   0   0   0  0.66 0.01
  180 L    -1  -2  -2  -3  -1  -2  -2  -3  -3   1   3  -2   1   0  -2  -1   2  -2  -1   1    0   0   0   0   0   0   0   0   0   0  68   0   0   0   0   0  32   0   0   0  0.28 0.01
  181 L     0  -2  -2  -2  -1  -1  -2  -2  -2   1   3  -2   1   0  -2   1   0  -2  -1   0    0   0   0   0   0   0   0   0   0   0  67   0   0   0   0  33   0   0   0   0  0.22 0.01
  182 G     0  -2   3   0  -3  -1  -2   5  -1  -4  -4  -1  -3  -3  -2   0  -1  -3  -3  -3    0   0  33   0   0   0   0  67   0   0   0   0   0   0   0   0   0   0   0   0  0.72 0.01
  183 D    -1  -1   0   4  -3   0   3  -2  -1   1  -1  -1  -1  -2  -2  -1  -1  -3  -2   0    0   0   0  35   0   0  33   0   0  32   0   0   0   0   0   0   0   0   0   0  0.30 0.01
  184 R    -2   3   0   3  -3   0   0  -2  -1  -2  -1   0  -1   3  -2  -1  -2  -1   1  -2    0  35   0  32   0   0   0   0   0   0   0   0   0  33   0   0   0   0   0   0  0.31 0.01
  185 S     0  -1   4   0  -1   0   0   0   0  -3  -3   0  -2  -3  -1   4   1  -3  -2  -2    0   0  32   0   0   0   0   0   0   0   0   0   0   0   0  68   0   0   0   0  0.43 0.01
  186 Q    -1   0  -1  -1  -2   5   1  -2   0   0  -1   0   0  -2  -2  -1  -1  -2  -2   1    0   0   0   0   0  67   0   0   0   0   0   0   0   0   0   0   0   0   0  33  0.33 0.01
  187 H    -1   0  -1  -2  -3   3   0  -3   5  -1   1   0   0  -1  -2  -1  -1  -2   0  -1    0   0   0   0   0  33   0   0  35   0  32   0   0   0   0   0   0   0   0   0  0.29 0.01
  188 P    -1   3  -2  -2  -3   0  -1  -2  -2  -3  -3   0  -2  -4   7  -1  -1  -4  -3  -3    0  33   0   0   0   0   0   0   0   0   0   0   0   0  67   0   0   0   0   0  1.28 0.01
  189 K    -1   0  -1  -2  -2   0  -1  -2  -1   0   0   2   3  -2  -2   0   2  -2  -2   0    0   0   0   0   0   0   0   0   0   0   0  35  33   0   0   0  32   0   0   0  0.18 0.01
  190 G     0  -3  -1  -1  -3  -2  -2   6  -2  -4  -4  -2  -3  -3  -2   0  -2  -3  -3  -3    0   0   0   0   0   0   0 100   0   0   0   0   0   0   0   0   0   0   0   0  1.07 0.01
  191 L    -1  -2  -3  -4  -1  -2  -3  -3  -3   2   3  -2   4   0  -3  -2  -1  -2  -1   2    0   0   0   0   0   0   0   0   0   0  35   0  33   0   0   0   0   0   0  32  0.30 0.01
  192 L    -1   0  -2  -3  -2  -1  -1  -3  -2   1   3   2   1   0  -2  -2  -1  -2  -1   0    0   0   0   0   0   0   0   0   0   0  68  32   0   0   0   0   0   0   0   0  0.22 0.01
  193 P    -1   3  -2  -2  -3  -1  -1  -3  -2   1  -1   0  -1  -2   5  -1  -1  -3  -2   0    0  33   0   0   0   0   0   0   0  32   0   0   0   0  35   0   0   0   0   0  0.51 0.01
  194 S     0  -1   1   4  -3   1   3  -1  -1  -3  -3   0  -2  -3  -1   2   0  -3  -2  -3    0   0   0  33   0   0  32   0   0   0   0   0   0   0   0  35   0   0   0   0  0.47 0.01
  195 P    -1   0  -2  -2  -2   0  -1  -2  -2   0  -1   2  -1  -2   5  -1  -1  -3  -2   1    0   0   0   0   0   0   0   0   0   0   0  32   0   0  35   0   0   0   0  33  0.49 0.01
  196 D    -1   0   0   3  -3   0   0  -2  -2  -1   1   2   0  -2  -2  -1  -1  -3  -2  -1    0   0   0  35   0   0   0   0   0   0  33  32   0   0   0   0   0   0   0   0  0.21 0.01
  197 A     3  -1  -1  -2  -1  -1  -1   0  -2  -1  -2  -1  -1  -2  -1   1   3  -3  -2   0   68   0   0   0   0   0   0   0   0   0   0   0   0   0   0   0  32   0   0   0  0.33 0.01
  198 L    -1  -2  -3  -4  -1  -2  -3  -3  -3   2   3  -2   4   0  -3  -2  -1  -2  -1   2    0   0   0   0   0   0   0   0   0   0  35   0  32   0   0   0   0   0   0  33  0.30 0.01
  199 L     0  -2  -2  -2  -1  -1  -2  -2  -2   1   3  -2   1   0  -2   1   0  -2  -1   0    0   0   0   0   0   0   0   0   0   0  67   0   0   0   0  33   0   0   0   0  0.22 0.01
  200 E     2  -1  -1   0  -2   0   3  -1  -1  -3  -3   0  -2  -3   5   0  -1  -3  -2  -2   33   0   0   0   0   0  35   0   0   0   0   0   0   0  32   0   0   0   0   0  0.59 0.01
  201 A     2  -1   3  -1  -1  -1  -1  -1  -1   0   1  -1   0  -1  -2   0   0  -3  -2   0   35   0  33   0   0   0   0   0   0   0  32   0   0   0   0   0   0   0   0   0  0.15 0.01
  202 S     0  -2  -1  -2  -1  -1  -2  -2  -2   1   3  -2   1   0  -2   2   0  -2  -1   0    0   0   0   0   0   0   0   0   0   0  65   0   0   0   0  35   0   0   0   0  0.21 0.01
  203 R     0   3  -1  -1  -2   0   0  -2  -1  -3  -3   1  -2  -3   5   2   0  -3  -2  -2    0  35   0   0   0   0   0   0   0   0   0   0   0   0  33  32   0   0   0   0  0.61 0.01
  204 A     2  -1  -1   0  -1   0   3  -1  -1  -2  -2   0  -1  -3  -1   1   2  -3  -2  -1   35   0   0   0   0   0  32   0   0   0   0   0   0   0   0   0  33   0   0   0  0.28 0.01
  205 L    -2  -2  -4  -4  -1  -2  -3  -4  -3   2   4  -3   2   0  -3  -3  -1  -2  -1   1    0   0   0   0   0   0   0   0   0   0 100   0   0   0   0   0   0   0   0   0  0.48 0.01
  206 A     2  -2   0  -1  -1  -1  -1   3  -2  -2  -3  -1  -2  -3  -1   2   0  -3  -2  -2   35   0   0   0   0   0   0  32   0   0   0   0   0   0   0  33   0   0   0   0  0.39 0.01
  207 A     2   3  -1  -2  -2   0  -1   3  -1  -3  -2   0  -2  -3  -2   0  -1  -3  -2  -2   35  33   0   0   0   0   0  32   0   0   0   0   0   0   0   0   0   0   0   0  0.35 0.01
  208 I    -1  -3  -3  -3  -1  -2  -3  -4  -3   4   2  -2   4   0  -3  -2  -1  -2  -1   2    0   0   0   0   0   0   0   0   0  67   0   0  33   0   0   0   0   0   0   0  0.33 0.01
  209 L    -2  -3  -3  -4  -2  -3  -3  -4  -2   2   3  -3   1   4  -3  -3  -1  -1   1   1    0   0   0   0   0   0   0   0   0  32  35   0   0  33   0   0   0   0   0   0  0.34 0.01
  210 P    -1  -2  -2  -2  -3  -1  -1  -2  -2  -3  -3  -1  -3  -4   8  -1  -1  -4  -3  -3    0   0   0   0   0   0   0   0   0   0   0   0   0   0 100   0   0   0   0   0  2.07 0.02
  211 A     2   3  -1  -1  -2   1   0  -1  -1  -2  -2   3  -1  -3  -1   0  -1  -3  -2  -2   35  32   0   0   0   0   0   0   0   0   0  33   0   0   0   0   0   0   0   0  0.33 0.01
  212 E    -1  -1   0   4  -4   1   5  -2   0  -3  -3   0  -3  -4  -1   0  -1  -4  -3  -3    0   0   0  33   0   0  67   0   0   0   0   0   0   0   0   0   0   0   0   0  0.69 0.01
  213 T     0  -1   0  -1  -1  -1  -1  -2  -2  -1  -1  -1  -1  -2  -1   1   5  -3  -2   0    0   0   0   0   0   0   0   0   0   0   0   0   0   0   0   0 100   0   0   0  0.51 0.02
  214 L    -2  -2  -4  -4  -1  -2  -3  -4  -3   2   4  -3   2   0  -3  -3  -1  -2  -1   1    0   0   0   0   0   0   0   0   0   0 100   0   0   0   0   0   0   0   0   0  0.48 0.01
  215 R    -2   3  -2  -3  -2  -1  -2  -3  -2   1   3   0   1   0  -3  -2  -1  -2  -1   0    0  35   0   0   0   0   0   0   0   0  65   0   0   0   0   0   0   0   0   0  0.28 0.01
  216 W    -3  -3  -4  -5  -3  -2  -3  -3  -3  -3  -2  -3  -2   1  -4  -3  -3  11   2  -3    0   0   0   0   0   0   0   0   0   0   0   0   0   0   0   0   0 100   0   0  2.42 0.03
  217 R    -1   4   0  -1  -3   1   0  -2  -1  -3  -3   4  -2  -3  -2   0  -1  -3  -2  -3    0  35   0   0   0   0   0   0   0   0   0  65   0   0   0   0   0   0   0   0  0.54 0.01
  218 L    -2  -2  -4  -4  -1  -2  -3  -4  -3   2   4  -3   2   0  -3  -3  -1  -2  -1   1    0   0   0   0   0   0   0   0   0   0 100   0   0   0   0   0   0   0   0   0  0.48 0.01
  219 E     0   0   0   1  -1   1   3  -1   0  -1  -1   0  -1  -1   0   0   0  -1  -1  -1    5   3   3   3   1   3  39   5   1   3   6   4   1   3   3   5   4   1   2   4  0.15 0.00
  220 E    -1   1   0   1  -4   2   4  -2   0  -3  -3   3  -2  -3  -1   0  -1  -3  -2  -3    0   0   0   0   0   0  68   0   0   0   0  32   0   0   0   0   0   0   0   0  0.57 0.01
  221 H    -1  -1  -1  -3  -2  -1  -2  -3   5   0   2  -2   4   0  -3  -2  -1  -2   0   0    0   0   0   0   0   0   0   0  35   0  32   0  33   0   0   0   0   0   0   0  0.28 0.01
  222 L    -2  -2  -4  -4  -1  -2  -3  -4  -3   2   4  -3   2   0  -3  -3  -1  -2  -1   1    0   0   0   0   0   0   0   0   0   0 100   0   0   0   0   0   0   0   0   0  0.48 0.01
  223 R    -1   5   0  -1  -4   1   0  -2   0  -3  -2   3  -2  -3  -2  -1  -1  -3  -2  -3    0  67   0   0   0   0   0   0   0   0   0  33   0   0   0   0   0   0   0   0  0.63 0.01
  224 A     2  -1  -1  -2  -1  -1  -1  -1   0  -2  -2  -1  -1   1  -1   2   0   0   4  -1   35   0   0   0   0   0   0   0   0   0   0   0   0   0   0  32   0   0  33   0  0.28 0.01
  225 G     2  -2  -1  -2  -2  -2  -2   5  -2  -3  -3  -1  -2  -3  -2   0  -1  -3  -3  -2   33   0   0   0   0   0   0  67   0   0   0   0   0   0   0   0   0   0   0   0  0.67 0.01
  226 G    -1  -3  -2  -3   6  -3  -3   3  -3   2   0  -3  -1  -2  -3  -1  -1  -3  -2   0    0   0   0   0  32   0   0  35   0  33   0   0   0   0   0   0   0   0   0   0  0.38 0.01
  227 E     3  -1  -1   0  -1   0   3  -1  -1  -2  -2   0  -1  -3  -1   1   0  -3  -2  -1   65   0   0   0   0   0  35   0   0   0   0   0   0   0   0   0   0   0   0   0  0.34 0.01
  228 A     2  -1  -1  -2  -1  -1  -1  -1   0  -2  -2  -1  -1   1  -1   2   0   0   4  -1   35   0   0   0   0   0   0   0   0   0   0   0   0   0   0  33   0   0  32   0  0.28 0.01
  229 V     2  -2  -3  -3  -1  -2  -2  -2  -3   2   0  -2   0  -1  -2  -1   0  -3  -2   3   32   0   0   0   0   0   0   0   0   0   0   0   0   0   0   0   0   0   0  68  0.24 0.01
  230 D    -2  -1   5   4  -3   0   0  -1   0  -3  -4   0  -3  -3  -2   0   0  -4  -3  -3    0   0  65  35   0   0   0   0   0   0   0   0   0   0   0   0   0   0   0   0  0.67 0.01
  231 A     3  -1   0  -1  -1   0   0   0  -1  -2  -2   0  -1  -3  -1   4   1  -3  -2  -1   35   0   0   0   0   0   0   0   0   0   0   0   0   0   0  65   0   0   0   0  0.38 0.01
  232 M    -1   3  -1  -2  -3   0  -1  -3   5  -1   0   0   3  -1  -2  -1  -1  -2   0  -1    0  32   0   0   0   0   0   0  33   0   0   0  35   0   0   0   0   0   0   0  0.30 0.01
  233 L    -2  -3  -4  -4  -1  -3  -3  -4  -3   4   3  -3   2   0  -3  -3  -1  -2  -1   2    0   0   0   0   0   0   0   0   0  65  35   0   0   0   0   0   0   0   0   0  0.37 0.01
  234 E    -2  -1   0   0  -3   1   3  -3   5  -3  -2   0  -2   1  -2  -1  -2   0   4  -2    0   0   0   0   0   0  35   0  32   0   0   0   0   0   0   0   0   0  33   0  0.47 0.01
  235 A     4  -1  -1  -1  -1  -1  -1   0  -2  -2  -2  -1  -1  -2  -1   3   1  -3  -2  -1   67   0   0   0   0   0   0   0   0   0   0   0   0   0   0  33   0   0   0   0  0.36 0.01
  236 W    -1  -3  -3  -4  -1  -2  -3  -3  -3   2   0  -3   0   0  -3  -2  -1   8   0   3    0   0   0   0   0   0   0   0   0   0   0   0   0   0   0   0   0  35   0  65  0.69 0.01
  237 R    -1   5   0  -1  -4   3   1  -2   0  -3  -2   2  -1  -3  -2  -1  -1  -3  -2  -3    0  68   0   0   0  32   0   0   0   0   0   0   0   0   0   0   0   0   0   0  0.62 0.01
  238 A     4  -2  -2  -2  -1  -1  -1   0  -2  -1  -2  -1  -1  -2  -1   1   0  -3  -2   0  100   0   0   0   0   0   0   0   0   0   0   0   0   0   0   0   0   0   0   0  0.43 0.01
  239 G     0  -2   0  -1  -2  -2  -2   6  -2  -4  -4  -2  -3  -3  -2   0  -2  -2  -3  -3    0   0   0   0   0   0   0   0   0   0   0   0   0   0   0   0   0   0   0   0  0.00     0.00
  240 G     0  -2   0  -1  -2  -2  -2   6  -2  -4  -4  -2  -3  -3  -2   0  -2  -2  -3  -3    0   0   0   0   0   0   0   0   0   0   0   0   0   0   0   0   0   0   0   0  0.00     0.00
  241 A     4  -1  -2  -2   0  -1  -1   0  -2  -1  -1  -1  -1  -2  -1   1   0  -2  -2   0    0   0   0   0   0   0   0   0   0   0   0   0   0   0   0   0   0   0   0   0  0.00     0.00
  242 A     4  -1  -2  -2   0  -1  -1   0  -2  -1  -1  -1  -1  -2  -1   1   0  -2  -2   0    0   0   0   0   0   0   0   0   0   0   0   0   0   0   0   0   0   0   0   0  0.00     0.00
  243 Y    -2  -2  -2  -3  -2  -1  -2  -3   2  -1  -1  -2  -1   3  -3  -2  -2   2   7  -1    0   0   0   0   0   0   0   0   0   0   0   0   0   0   0   0   0   0   0   0  0.00     0.00
  244 G     0  -2   0  -1  -2  -2  -2   6  -2  -4  -4  -2  -3  -3  -2   0  -2  -2  -3  -3    0   0   0   0   0   0   0   0   0   0   0   0   0   0   0   0   0   0   0   0  0.00     0.00
  245 L    -1  -2  -3  -4  -1  -2  -3  -4  -3   2   4  -2   2   0  -3  -2  -1  -2  -1   1    0   0   0   0   0   0   0   0   0   0   0   0   0   0   0   0   0   0   0   0  0.00     0.00
  246 S     1  -1   1   0  -1   0   0   0  -1  -2  -2   0  -1  -2  -1   4   1  -3  -2  -2    0   0   0   0   0   0   0   0   0   0   0   0   0   0   0   0   0   0   0   0  0.00     0.00
  247 S     1  -1   1   0  -1   0   0   0  -1  -2  -2   0  -1  -2  -1   4   1  -3  -2  -2    0   0   0   0   0   0   0   0   0   0   0   0   0   0   0   0   0   0   0   0  0.00     0.00
  248 G     0  -2   0  -1  -2  -2  -2   6  -2  -4  -4  -2  -3  -3  -2   0  -2  -2  -3  -3    0   0   0   0   0   0   0   0   0   0   0   0   0   0   0   0   0   0   0   0  0.00     0.00
  249 G     0  -2   0  -1  -2  -2  -2   6  -2  -4  -4  -2  -3  -3  -2   0  -2  -2  -3  -3    0   0   0   0   0   0   0   0   0   0   0   0   0   0   0   0   0   0   0   0  0.00     0.00
  250 G     0  -2   0  -1  -2  -2  -2   6  -2  -4  -4  -2  -3  -3  -2   0  -2  -2  -3  -3    0   0   0   0   0   0   0   0   0   0   0   0   0   0   0   0   0   0   0   0  0.00     0.00
  251 A     4  -1  -2  -2   0  -1  -1   0  -2  -1  -1  -1  -1  -2  -1   1   0  -2  -2   0    0   0   0   0   0   0   0   0   0   0   0   0   0   0   0   0   0   0   0   0  0.00     0.00
  252 G     0  -2   0  -1  -2  -2  -2   6  -2  -4  -4  -2  -3  -3  -2   0  -2  -2  -3  -3    0   0   0   0   0   0   0   0   0   0   0   0   0   0   0   0   0   0   0   0  0.00     0.00
  253 E    -1   0   0   1  -4   2   5  -2   0  -3  -3   1  -2  -3  -1   0  -1  -3  -2  -2    0   0   0   0   0   0   0   0   0   0   0   0   0   0   0   0   0   0   0   0  0.00     0.00
  254 Q    -1   1   0   0  -3   5   2  -2   0  -3  -2   1   0  -3  -1   0  -1  -2  -1  -2    0   0   0   0   0   0   0   0   0   0   0   0   0   0   0   0   0   0   0   0  0.00     0.00
  255 G     0  -2   0  -1  -2  -2  -2   6  -2  -4  -4  -2  -3  -3  -2   0  -2  -2  -3  -3    0   0   0   0   0   0   0   0   0   0   0   0   0   0   0   0   0   0   0   0  0.00     0.00
  256 A     4  -1  -2  -2   0  -1  -1   0  -2  -1  -1  -1  -1  -2  -1   1   0  -2  -2   0    0   0   0   0   0   0   0   0   0   0   0   0   0   0   0   0   0   0   0   0  0.00     0.00
  257 G     0  -2   0  -1  -2  -2  -2   6  -2  -4  -4  -2  -3  -3  -2   0  -2  -2  -3  -3    0   0   0   0   0   0   0   0   0   0   0   0   0   0   0   0   0   0   0   0  0.00     0.00
  258 G     0  -2   0  -1  -2  -2  -2   6  -2  -4  -4  -2  -3  -3  -2   0  -2  -2  -3  -3    0   0   0   0   0   0   0   0   0   0   0   0   0   0   0   0   0   0   0   0  0.00     0.00
  259 A     4  -1  -2  -2   0  -1  -1   0  -2  -1  -1  -1  -1  -2  -1   1   0  -2  -2   0    0   0   0   0   0   0   0   0   0   0   0   0   0   0   0   0   0   0   0   0  0.00     0.00
  260 G     0  -2   0  -1  -2  -2  -2   6  -2  -4  -4  -2  -3  -3  -2   0  -2  -2  -3  -3    0   0   0   0   0   0   0   0   0   0   0   0   0   0   0   0   0   0   0   0  0.00     0.00
  261 E    -1   0   0   1  -4   2   5  -2   0  -3  -3   1  -2  -3  -1   0  -1  -3  -2  -2    0   0   0   0   0   0   0   0   0   0   0   0   0   0   0   0   0   0   0   0  0.00     0.00
  262 G     0  -2   0  -1  -2  -2  -2   6  -2  -4  -4  -2  -3  -3  -2   0  -2  -2  -3  -3    0   0   0   0   0   0   0   0   0   0   0   0   0   0   0   0   0   0   0   0  0.00     0.00
  263 A     4  -1  -2  -2   0  -1  -1   0  -2  -1  -1  -1  -1  -2  -1   1   0  -2  -2   0    0   0   0   0   0   0   0   0   0   0   0   0   0   0   0   0   0   0   0   0  0.00     0.00
  264 G     0  -2   0  -1  -2  -2  -2   6  -2  -4  -4  -2  -3  -3  -2   0  -2  -2  -3  -3    0   0   0   0   0   0   0   0   0   0   0   0   0   0   0   0   0   0   0   0  0.00     0.00
  265 G     0  -2   0  -1  -2  -2  -2   6  -2  -4  -4  -2  -3  -3  -2   0  -2  -2  -3  -3    0   0   0   0   0   0   0   0   0   0   0   0   0   0   0   0   0   0   0   0  0.00     0.00
  266 D    -2  -2   1   6  -3   0   1  -1  -1  -3  -4  -1  -3  -3  -1   0  -1  -4  -3  -3    0   0   0   0   0   0   0   0   0   0   0   0   0   0   0   0   0   0   0   0  0.00     0.00

                      K         Lambda
Standard Ungapped    0.1386     0.3185
Standard Gapped      0.0410     0.2670
PSI Ungapped         0.1341     0.3152
PSI Gapped           0.0410     0.2670
