
Last position-specific scoring matrix computed, weighted observed percentages rounded down, information per position, and relative weight of gapless real matches to pseudocounts
            A   R   N   D   C   Q   E   G   H   I   L   K   M   F   P   S   T   W   Y   V   A   R   N   D   C   Q   E   G   H   I   L   K   M   F   P   S   T   W   Y   V
    1 A     4  -1  -1  -2   0  -1  -1   0  -2  -1  -1  -1  -1  -2  -1   1   0  -2  -2   0    0   0   0   0   0   0   0   0   0   0   0   0   0   0   0   0   0   0   0   0  0.00     0.00
    2 R    -1   5   0  -2  -3   1   0  -2   0  -3  -2   2  -1  -3  -2  -1  -1  -3  -2  -2    0   0   0   0   0   0   0   0   0   0   0   0   0   0   0   0   0   0   0   0  0.00     0.00
    3 R    -1   5   0  -2  -3   1   0  -2   0  -3  -2   2  -1  -3  -2  -1  -1  -3  -2  -2    0   0   0   0   0   0   0   0   0   0   0   0   0   0   0   0   0   0   0   0  0.00     0.00
    4 R    -1   5   0  -2  -3   1   0  -2   0  -3  -2   2  -1  -3  -2  -1  -1  -3  -2  -2    0   0   0   0   0   0   0   0   0   0   0   0   0   0   0   0   0   0   0   0  0.00     0.00
    5 P    -1  -2  -2  -1  -3  -1  -1  -2  -2  -3  -3  -1  -2  -3   7  -1  -1  -4  -3  -2    0   0   0   0   0   0   0   0   0   0   0   0   0   0   0   0   0   0   0   0  0.00     0.00
    6 A     4  -1  -1  -2   0  -1  -1   0  -2  -1  -1  -1  -1  -2  -1   1   0  -2  -2   0    0   0   0   0   0   0   0   0   0   0   0   0   0   0   0   0   0   0   0   0  0.00     0.00
    7 S     1  -1   1   0  -1   0   0   0  -1  -2  -2   0  -1  -2  -1   4   1  -3  -2  -2    0   0   0   0   0   0   0   0   0   0   0   0   0   0   0   0   0   0   0   0  0.00     0.00
    8 A     4  -1  -1  -2   0  -1  -1   0  -2  -1  -1  -1  -1  -2  -1   1   0  -2  -2   0    0   0   0   0   0   0   0   0   0   0   0   0   0   0   0   0   0   0   0   0  0.00     0.00
    9 K    -1   2   0  -1  -3   1   1  -1  -1  -3  -2   4  -1  -3  -1   0  -1  -3  -2  -2    0   0   0   0   0   0   0   0   0   0   0   0   0   0   0   0   0   0   0   0  0.00     0.00
   10 M    -1  -1  -2  -3  -1   0  -2  -3  -1   1   2  -1   5   0  -2  -1  -1  -1  -1   1    0   0   0   0   0   0   0   0   0   0   0   0   0   0   0   0   0   0   0   0  0.00     0.00
   11 R    -1   5   0  -2  -3   1   0  -2   0  -3  -2   2  -1  -3  -2  -1  -1  -3  -2  -2    0   0   0   0   0   0   0   0   0   0   0   0   0   0   0   0   0   0   0   0  0.00     0.00
   12 V     0  -2  -3  -3  -1  -2  -2  -3  -3   2   1  -2   1  -1  -2  -2   0  -3  -1   4    0   0   0   0   0   0   0   0   0   0   0   0   0   0   0   0   0   0   0   0  0.00     0.00
   13 C     0  -3  -3  -3   8  -3  -3  -2  -3  -1  -1  -3  -1  -2  -3  -1  -1  -2  -2  -1    0   0   0   0   0   0   0   0   0   0   0   0   0   0   0   0   0   0   0   0  0.00     0.00
   14 A     4  -1  -1  -2   0  -1  -1   0  -2  -1  -1  -1  -1  -2  -1   1   0  -2  -2   0    0   0   0   0   0   0   0   0   0   0   0   0   0   0   0   0   0   0   0   0  0.00     0.00
   15 F    -2  -3  -3  -3  -2  -3  -3  -3  -1   0   0  -3   0   6  -3  -2  -2   1   3  -1    0   0   0   0   0   0   0   0   0   0   0   0   0   0   0   0   0   0   0   0  0.00     0.00
   16 M    -1  -1  -2  -3  -1   0  -2  -3  -1   1   2  -1   5   0  -2  -1  -1  -1  -1   1    0   0   0   0   0   0   0   0   0   0   0   0   0   0   0   0   0   0   0   0  0.00     0.00
   17 C     0  -3  -3  -3   8  -3  -3  -2  -3  -1  -1  -3  -1  -2  -3  -1  -1  -2  -2  -1    0   0   0   0   0   0   0   0   0   0   0   0   0   0   0   0   0   0   0   0  0.00     0.00
   18 T     0  -1   0  -1  -1  -1  -1  -2  -2  -1  -1  -1  -1  -2  -1   1   4  -2  -2   0    0   0   0   0   0   0   0   0   0   0   0   0   0   0   0   0   0   0   0   0  0.00     0.00
   19 A     4  -1  -1  -2   0  -1  -1   0  -2  -1  -1  -1  -1  -2  -1   1   0  -2  -2   0    0   0   0   0   0   0   0   0   0   0   0   0   0   0   0   0   0   0   0   0  0.00     0.00
   20 L    -1  -2  -3  -3  -1  -2  -3  -4  -3   1   4  -2   2   0  -3  -2  -1  -2  -1   1    0   0   0   0   0   0   0   0   0   0   0   0   0   0   0   0   0   0   0   0  0.00     0.00
   21 R    -1   5   0  -2  -3   1   0  -2   0  -3  -2   2  -1  -3  -2  -1  -1  -3  -2  -2    0   0   0   0   0   0   0   0   0   0   0   0   0   0   0   0   0   0   0   0  0.00     0.00
   22 L    -1  -2  -3  -3  -1  -2  -3  -4  -3   1   4  -2   2   0  -3  -2  -1  -2  -1   1    0   0   0   0   0   0   0   0   0   0   0   0   0   0   0   0   0   0   0   0  0.00     0.00
   23 Y    -2  -2  -2  -3  -2  -1  -2  -3   2  -1  -1  -2  -1   3  -3  -2  -2   2   6  -1    0   0   0   0   0   0   0   0   0   0   0   0   0   0   0   0   0   0   0   0  0.00     0.00
   24 A     4  -1  -1  -2   0  -1  -1   0  -2  -1  -1  -1  -1  -2  -1   1   0  -2  -2   0    0   0   0   0   0   0   0   0   0   0   0   0   0   0   0   0   0   0   0   0  0.00     0.00
   25 A     4  -1  -1  -2   0  -1  -1   0  -2  -1  -1  -1  -1  -2  -1   1   0  -2  -2   0    0   0   0   0   0   0   0   0   0   0   0   0   0   0   0   0   0   0   0   0  0.00     0.00
   26 T     0  -1   0  -1  -1  -1  -1  -2  -2  -1  -1  -1  -1  -2  -1   1   4  -2  -2   0    0   0   0   0   0   0   0   0   0   0   0   0   0   0   0   0   0   0   0   0  0.00     0.00
   27 R    -1   5   0  -2  -3   1   0  -2   0  -3  -2   2  -1  -3  -2  -1  -1  -3  -2  -2    0   0   0   0   0   0   0   0   0   0   0   0   0   0   0   0   0   0   0   0  0.00     0.00
   28 T     0  -1   0  -1  -1  -1  -1  -2  -2  -1  -1  -1  -1  -2  -1   1   4  -2  -2   0    0   0   0   0   0   0   0   0   0   0   0   0   0   0   0   0   0   0   0   0  0.00     0.00
   29 R    -1   5   0  -2  -3   1   0  -2   0  -3  -2   2  -1  -3  -2  -1  -1  -3  -2  -2    0   0   0   0   0   0   0   0   0   0   0   0   0   0   0   0   0   0   0   0  0.00     0.00
   30 A     4  -1  -1  -2   0  -1  -1   0  -2  -1  -1  -1  -1  -2  -1   1   0  -2  -2   0    0   0   0   0   0   0   0   0   0   0   0   0   0   0   0   0   0   0   0   0  0.00     0.00
   31 F    -2  -3  -3  -3  -2  -3  -3  -3  -1   0   0  -3   0   6  -3  -2  -2   1   3  -1    0   0   0   0   0   0   0   0   0   0   0   0   0   0   0   0   0   0   0   0  0.00     0.00
   32 V     0  -2  -3  -3  -1  -2  -2  -3  -3   2   1  -2   1  -1  -2  -2   0  -3  -1   4    0   0   0   0   0   0   0   0   0   0   0   0   0   0   0   0   0   0   0   0  0.00     0.00
   33 S     1  -1   1   0  -1   0   0   0  -1  -2  -2   0  -1  -2  -1   4   1  -3  -2  -2    0   0   0   0   0   0   0   0   0   0   0   0   0   0   0   0   0   0   0   0  0.00     0.00
   34 A     4  -1  -1  -2   0  -1  -1   0  -2  -1  -1  -1  -1  -2  -1   1   0  -2  -2   0    0   0   0   0   0   0   0   0   0   0   0   0   0   0   0   0   0   0   0   0  0.00     0.00
   35 I    -1  -3  -3  -3  -1  -3  -3  -4  -3   4   1  -3   1   0  -3  -2  -1  -2  -1   2    0   0   0   0   0   0   0   0   0   0   0   0   0   0   0   0   0   0   0   0  0.00     0.00
   36 E    -1   0   0   1  -3   2   5  -2   0  -3  -3   1  -2  -3  -1   0  -1  -3  -2  -2    0   0   0   0   0   0   0   0   0   0   0   0   0   0   0   0   0   0   0   0  0.00     0.00
   37 P    -1  -2  -2  -1  -3  -1  -1  -2  -2  -3  -3  -1  -2  -3   7  -1  -1  -4  -3  -2    0   0   0   0   0   0   0   0   0   0   0   0   0   0   0   0   0   0   0   0  0.00     0.00
   38 P    -1  -2  -2  -1  -3  -1  -1  -2  -2  -3  -3  -1  -2  -3   7  -1  -1  -4  -3  -2    0   0   0   0   0   0   0   0   0   0   0   0   0   0   0   0   0   0   0   0  0.00     0.00
   39 G     0  -2   0  -1  -2  -2  -2   5  -2  -4  -4  -1  -3  -3  -2   0  -2  -2  -3  -3    0   0   0   0   0   0   0   0   0   0   0   0   0   0   0   0   0   0   0   0  0.00     0.00
   40 R    -1   5   0  -2  -3   1   0  -2   0  -3  -2   2  -1  -3  -2  -1  -1  -3  -2  -2    0   0   0   0   0   0   0   0   0   0   0   0   0   0   0   0   0   0   0   0  0.00     0.00
   41 V     0  -2  -3  -3  -1  -2  -2  -3  -3   2   1  -2   1  -1  -2  -2   0  -3  -1   4    0   0   0   0   0   0   0   0   0   0   0   0   0   0   0   0   0   0   0   0  0.00     0.00
   42 M    -1  -1  -2  -3  -1   0  -2  -3  -1   1   2  -1   5   0  -2  -1  -1  -1  -1   1    0   0   0   0   0   0   0   0   0   0   0   0   0   0   0   0   0   0   0   0  0.00     0.00
   43 S     1  -1   1   0  -1   0   0   0  -1  -2  -2   0  -1  -2  -1   4   1  -3  -2  -2    0   0   0   0   0   0   0   0   0   0   0   0   0   0   0   0   0   0   0   0  0.00     0.00
   44 E    -1   0   0   1  -3   2   5  -2   0  -3  -3   1  -2  -3  -1   0  -1  -3  -2  -2    0   0   0   0   0   0   0   0   0   0   0   0   0   0   0   0   0   0   0   0  0.00     0.00
   45 L    -1  -2  -3  -3  -1  -2  -3  -4  -3   1   4  -2   2   0  -3  -2  -1  -2  -1   1    0   0   0   0   0   0   0   0   0   0   0   0   0   0   0   0   0   0   0   0  0.00     0.00
   46 S     1  -1   1   0  -1   0   0   0  -1  -2  -2   0  -1  -2  -1   4   1  -3  -2  -2    0   0   0   0   0   0   0   0   0   0   0   0   0   0   0   0   0   0   0   0  0.00     0.00
   47 R    -1   5   0  -2  -3   1   0  -2   0  -3  -2   2  -1  -3  -2  -1  -1  -3  -2  -2    0   0   0   0   0   0   0   0   0   0   0   0   0   0   0   0   0   0   0   0  0.00     0.00
   48 S     1  -1   1   0  -1   0   0   0  -1  -2  -2   0  -1  -2  -1   4   1  -3  -2  -2    0   0   0   0   0   0   0   0   0   0   0   0   0   0   0   0   0   0   0   0  0.00     0.00
   49 A     4  -1  -1  -2   0  -1  -1   0  -2  -1  -1  -1  -1  -2  -1   1   0  -2  -2   0    0   0   0   0   0   0   0   0   0   0   0   0   0   0   0   0   0   0   0   0  0.00     0.00
   50 L    -1  -2  -3  -3  -1  -2  -3  -4  -3   1   4  -2   2   0  -3  -2  -1  -2  -1   1    0   0   0   0   0   0   0   0   0   0   0   0   0   0   0   0   0   0   0   0  0.00     0.00
   51 E    -1   0   0   1  -3   2   5  -2   0  -3  -3   1  -2  -3  -1   0  -1  -3  -2  -2    0   0   0   0   0   0   0   0   0   0   0   0   0   0   0   0   0   0   0   0  0.00     0.00
   52 A     4  -1  -1  -2   0  -1  -1   0  -2  -1  -1  -1  -1  -2  -1   1   0  -2  -2   0    0   0   0   0   0   0   0   0   0   0   0   0   0   0   0   0   0   0   0   0  0.00     0.00
   53 L    -1  -2  -3  -3  -1  -2  -3  -4  -3   1   4  -2   2   0  -3  -2  -1  -2  -1   1    0   0   0   0   0   0   0   0   0   0   0   0   0   0   0   0   0   0   0   0  0.00     0.00
   54 T     0  -1   0  -1  -1  -1  -1  -2  -2  -1  -1  -1  -1  -2  -1   1   4  -2  -2   0    0   0   0   0   0   0   0   0   0   0   0   0   0   0   0   0   0   0   0   0  0.00     0.00
   55 V     0  -2  -3  -3  -1  -2  -2  -3  -3   2   1  -2   1  -1  -2  -2   0  -3  -1   4    0   0   0   0   0   0   0   0   0   0   0   0   0   0   0   0   0   0   0   0  0.00     0.00
   56 T     0  -1   0  -1  -1  -1  -1  -2  -2  -1  -1  -1  -1  -2  -1   1   4  -2  -2   0    0   0   0   0   0   0   0   0   0   0   0   0   0   0   0   0   0   0   0   0  0.00     0.00
   57 K    -1   2   0  -1  -3   1   1  -1  -1  -3  -2   4  -1  -3  -1   0  -1  -3  -2  -2    0   0   0   0   0   0   0   0   0   0   0   0   0   0   0   0   0   0   0   0  0.00     0.00
   58 L    -1  -2  -3  -3  -1  -2  -3  -4  -3   1   4  -2   2   0  -3  -2  -1  -2  -1   1    0   0   0   0   0   0   0   0   0   0   0   0   0   0   0   0   0   0   0   0  0.00     0.00
   59 K    -1   2   0  -1  -3   1   1  -1  -1  -3  -2   4  -1  -3  -1   0  -1  -3  -2  -2    0   0   0   0   0   0   0   0   0   0   0   0   0   0   0   0   0   0   0   0  0.00     0.00
   60 D    -2  -2   1   6  -3   0   1  -1  -1  -3  -3  -1  -3  -3  -1   0  -1  -4  -3  -3    0   0   0   0   0   0   0   0   0   0   0   0   0   0   0   0   0   0   0   0  0.00     0.00
   61 L    -1  -2  -3  -3  -1  -2  -3  -4  -3   1   4  -2   2   0  -3  -2  -1  -2  -1   1    0   0   0   0   0   0   0   0   0   0   0   0   0   0   0   0   0   0   0   0  0.00     0.00
   62 L    -1  -2  -3  -3  -1  -2  -3  -4  -3   1   4  -2   2   0  -3  -2  -1  -2  -1   1    0   0   0   0   0   0   0   0   0   0   0   0   0   0   0   0   0   0   0   0  0.00     0.00
   63 R    -1   5   0  -2  -3   1   0  -2   0  -3  -2   2  -1  -3  -2  -1  -1  -3  -2  -2    0   0   0   0   0   0   0   0   0   0   0   0   0   0   0   0   0   0   0   0  0.00     0.00
   64 G     0  -2   0  -1  -2  -2  -2   5  -2  -4  -4  -1  -3  -3  -2   0  -2  -2  -3  -3    0   0   0   0   0   0   0   0   0   0   0   0   0   0   0   0   0   0   0   0  0.00     0.00
   65 R    -1   5   0  -2  -3   1   0  -2   0  -3  -2   2  -1  -3  -2  -1  -1  -3  -2  -2    0   0   0   0   0   0   0   0   0   0   0   0   0   0   0   0   0   0   0   0  0.00     0.00
   66 G     0  -2   0  -1  -2  -2  -2   5  -2  -4  -4  -1  -3  -3  -2   0  -2  -2  -3  -3    0   0   0   0   0   0   0   0   0   0   0   0   0   0   0   0   0   0   0   0  0.00     0.00
   67 Q    -1   1   0   0  -3   5   2  -2   0  -3  -2   1   0  -3  -1   0  -1  -2  -1  -2    0   0   0   0   0   0   0   0   0   0   0   0   0   0   0   0   0   0   0   0  0.00     0.00
   68 A     4  -1  -1  -2   0  -1  -1   0  -2  -1  -1  -1  -1  -2  -1   1   0  -2  -2   0    0   0   0   0   0   0   0   0   0   0   0   0   0   0   0   0   0   0   0   0  0.00     0.00
   69 V     0  -2  -3  -3  -1  -2  -2  -3  -3   2   1  -2   1  -1  -2  -2   0  -3  -1   4    0   0   0   0   0   0   0   0   0   0   0   0   0   0   0   0   0   0   0   0  0.00     0.00
   70 S     1  -1   1   0  -1   0   0   0  -1  -2  -2   0  -1  -2  -1   4   1  -3  -2  -2    0   0   0   0   0   0   0   0   0   0   0   0   0   0   0   0   0   0   0   0  0.00     0.00
   71 G     0  -2   0  -1  -2  -2  -2   5  -2  -4  -4  -1  -3  -3  -2   0  -2  -2  -3  -3    0   0   0   0   0   0   0   0   0   0   0   0   0   0   0   0   0   0   0   0  0.00     0.00
   72 V     0  -2  -3  -3  -1  -2  -2  -3  -3   2   1  -2   1  -1  -2  -2   0  -3  -1   4    0   0   0   0   0   0   0   0   0   0   0   0   0   0   0   0   0   0   0   0  0.00     0.00
   73 K    -1   2   0  -1  -3   1   1  -1  -1  -3  -2   4  -1  -3  -1   0  -1  -3  -2  -2    0   0   0   0   0   0   0   0   0   0   0   0   0   0   0   0   0   0   0   0  0.00     0.00
   74 A     4  -1  -1  -2   0  -1  -1   0  -2  -1  -1  -1  -1  -2  -1   1   0  -2  -2   0    0   0   0   0   0   0   0   0   0   0   0   0   0   0   0   0   0   0   0   0  0.00     0.00
   75 V     0  -2  -3  -3  -1  -2  -2  -3  -3   2   1  -2   1  -1  -2  -2   0  -3  -1   4    0   0   0   0   0   0   0   0   0   0   0   0   0   0   0   0   0   0   0   0  0.00     0.00
   76 L    -1  -2  -3  -3  -1  -2  -3  -4  -3   1   4  -2   2   0  -3  -2  -1  -2  -1   1    0   0   0   0   0   0   0   0   0   0   0   0   0   0   0   0   0   0   0   0  0.00     0.00
   77 I    -1  -3  -3  -3  -1  -3  -3  -4  -3   4   1  -3   1   0  -3  -2  -1  -2  -1   2    0   0   0   0   0   0   0   0   0   0   0   0   0   0   0   0   0   0   0   0  0.00     0.00
   78 D    -2  -2   1   6  -3   0   1  -1  -1  -3  -3  -1  -3  -3  -1   0  -1  -4  -3  -3    0   0   0   0   0   0   0   0   0   0   0   0   0   0   0   0   0   0   0   0  0.00     0.00
   79 R    -1   5   0  -2  -3   1   0  -2   0  -3  -2   2  -1  -3  -2  -1  -1  -3  -2  -2    0   0   0   0   0   0   0   0   0   0   0   0   0   0   0   0   0   0   0   0  0.00     0.00
   80 L    -1  -2  -3  -3  -1  -2  -3  -4  -3   1   4  -2   2   0  -3  -2  -1  -2  -1   1    0   0   0   0   0   0   0   0   0   0   0   0   0   0   0   0   0   0   0   0  0.00     0.00
   81 L    -1  -2  -3  -3  -1  -2  -3  -4  -3   1   4  -2   2   0  -3  -2  -1  -2  -1   1    0   0   0   0   0   0   0   0   0   0   0   0   0   0   0   0   0   0   0   0  0.00     0.00
   82 E    -1   0   0   1  -3   2   5  -2   0  -3  -3   1  -2  -3  -1   0  -1  -3  -2  -2    0   0   0   0   0   0   0   0   0   0   0   0   0   0   0   0   0   0   0   0  0.00     0.00
   83 P    -1  -2  -2  -1  -3  -1  -1  -2  -2  -3  -3  -1  -2  -3   7  -1  -1  -4  -3  -2    0   0   0   0   0   0   0   0   0   0   0   0   0   0   0   0   0   0   0   0  0.00     0.00
   84 A     4  -1  -1  -2   0  -1  -1   0  -2  -1  -1  -1  -1  -2  -1   1   0  -2  -2   0    0   0   0   0   0   0   0   0   0   0   0   0   0   0   0   0   0   0   0   0  0.00     0.00
   85 P    -1  -2  -2  -1  -3  -1  -1  -2  -2  -3  -3  -1  -2  -3   7  -1  -1  -4  -3  -2    0   0   0   0   0   0   0   0   0   0   0   0   0   0   0   0   0   0   0   0  0.00     0.00
   86 P    -1  -2  -2  -1  -3  -1  -1  -2  -2  -3  -3  -1  -2  -3   7  -1  -1  -4  -3  -2    0   0   0   0   0   0   0   0   0   0   0   0   0   0   0   0   0   0   0   0  0.00     0.00
   87 A     4  -1  -1  -2   0  -1  -1   0  -2  -1  -1  -1  -1  -2  -1   1   0  -2  -2   0    0   0   0   0   0   0   0   0   0   0   0   0   0   0   0   0   0   0   0   0  0.00     0.00
   88 P    -1  -2  -2  -1  -3  -1  -1  -2  -2  -3  -3  -1  -2  -3   7  -1  -1  -4  -3  -2    0   0   0   0   0   0   0   0   0   0   0   0   0   0   0   0   0   0   0   0  0.00     0.00
   89 D    -2  -2   1   6  -3   0   1  -1  -1  -3  -3  -1  -3  -3  -1   0  -1  -4  -3  -3    0   0   0   0   0   0   0   0   0   0   0   0   0   0   0   0   0   0   0   0  0.00     0.00
   90 E    -1   0   0   2  -4   2   5  -2   0  -3  -3   1  -2  -3  -1   0  -1  -3  -2  -3    0   0   0   0   0   0 100   0   0   0   0   0   0   0   0   0   0   0   0   0  0.76 0.01
   91 E    -1   0   0   2  -4   2   5  -2   0  -3  -3   1  -2  -3  -1   0  -1  -3  -2  -3    0   0   0   0   0   0 100   0   0   0   0   0   0   0   0   0   0   0   0   0  0.76 0.01
   92 T    -1  -1  -1   0  -2   0   2  -2  -2   2   0  -1   0  -2  -2   0   2  -3  -2   1    0   0   0   0   0   0  32   0   0  32   0   0   0   0   0   0  36   0   0   0  0.19 0.01
   93 I     2  -3  -3  -3  -1  -2  -2  -2  -3   3   1  -2   1  -1  -2  -1  -1  -3  -2   2   32   0   0   0   0   0   0   0   0  68   0   0   0   0   0   0   0   0   0   0  0.22 0.01
   94 S     1   0   0   0  -2   0   0  -1  -1  -3  -3   2  -2  -3  -1   3   1  -3  -2  -2    0   0   0   0   0   0   0   0   0   0   0  32   0   0   0  68   0   0   0   0  0.36 0.01
   95 P     0  -2  -1  -1  -2  -1  -1  -2  -2  -3  -3  -1  -2  -3   7   2   0  -4  -3  -2    0   0   0   0   0   0   0   0   0   0   0   0   0   0  68  32   0   0   0   0  1.26 0.01
   96 P     0  -2  -1  -1  -2  -1  -1  -2  -2  -3  -3  -1  -2  -4   7   1   0  -4  -3  -2    0   0   0   0   0   0   0   0   0   0   0   0   0   0  77  23   0   0   0   0  1.48 0.02
   97 S     0   0   0  -1  -1   0   0  -1  -1  -2  -2   2  -1  -3  -1   3   2  -3  -2  -1    0   0   0   0   0   0   0   0   0   0   0  23   0   0   0  54  23   0   0   0  0.33 0.01
   98 P    -1   2  -1   0  -2   1   2  -2  -1  -2  -2   1  -1  -2   4   0  -1  -2  -2  -2    2  24   1   1   0   1  25   2   1   1   2   1   1   1  30   2   1   0   1   2  0.49 0.01
   99 A     2  -1  -1  -1  -1  -1  -1   3  -1  -1  -1  -1  -1  -2  -1   1   2  -2  -2  -1   31   1   1   1   0   1   2  25   1   1   2   1   1   1   1   2  25   0   1   2  0.21 0.00
  100 S     0   1   0   0  -2   1   0  -1  -1  -2  -2   3  -1  -2  -1   2   0  -2  -1  -2    2   1   1   1   0   1   2   2   1   1   2  48   1   1   1  31   1   0   1   2  0.24 0.01
  101 A     2   2  -1  -1  -1   0   0  -1  -1  -2  -2   0  -1  -2   4   0   0  -2  -2  -1   31  24   1   1   0   1   2   2   1   1   2   1   1   1  25   2   1   0   1   2  0.35 0.01
  102 S     3  -1   0  -1  -1   0   0   0  -1  -1  -1   0  -1  -2   0   2   0  -2  -1  -1   48   1   1   1   0   1   2   2   1   1   2   1   1   1   1  31   1   0   1   2  0.23 0.01
  103 K     1   1   0  -1  -2   1   0  -1  -1  -2  -2   3  -1  -2  -1   0   0  -2  -1  -1   25   1   1   1   0   1   2   2   1   1   2  54   1   1   1   2   1   0   1   2  0.22 0.01
  104 A     3  -1  -1  -1  -1  -1  -1   3  -1  -1  -2  -1  -1  -2  -1   1   0  -2  -2  -1   54   1   1   1   0   1   2  25   1   1   2   1   1   1   1   2   1   0   1   2  0.27 0.01
  105 S     0   3   0   0  -2   1   2  -1   0  -2  -2   1  -1  -2  -1   2   0  -2  -1  -2    2  25   1   1   0   1  25   2   1   1   2   1   1   1   1  31   1   0   1   2  0.24 0.01
  106 S     0   0   0   3  -2   0   1  -1  -1  -2  -2   2  -1  -2  -1   2   0  -2  -2  -2    2   1   1  24   0   1   2   2   1   1   2  25   1   1   1  31   1   0   1   2  0.23 0.01
  107 K     0   1   0  -1  -2   1   0   2  -1  -2  -2   3  -1  -2  -1   0  -1  -2  -2  -2    2   1   1   1   0   1   2  25   1   1   2  54   1   1   1   2   1   0   1   2  0.27 0.01
  108 A     3  -1  -1   0  -1   0   2   0  -1  -1  -1   0  -1  -2  -1   1   0  -2  -1  -1   54   1   1   1   0   1  25   2   1   1   2   1   1   1   1   2   1   0   1   2  0.22 0.01
  109 A     2  -1  -1   0  -1   0   2  -1  -1  -2  -2   0  -1  -2   4   0   0  -2  -2  -1   31   1   1   1   0   1  25   2   1   1   2   1   1   1  25   2   1   0   1   2  0.37 0.01
  110 P     0  -2  -2  -1  -2  -1  -1  -2  -2   0  -1  -1  -1  -2   6  -1  -1  -2  -2   1    2   1   1   1   0   1   2   2   1   1   2   1   1   1  53   2   1   0   1  25  0.79 0.01
  111 K    -1   2   0  -1  -3   3   1  -2   0  -3  -3   4  -1  -3  -1   0  -1  -3  -2  -2    0   0   0   0   0  25   0   0   0   0   0  75   0   0   0   0   0   0   0   0  0.51 0.02
  112 A     3  -1   0  -1  -1  -1  -1   0  -1  -2  -2  -1  -1  -2  -1   3   1  -3  -2  -1   53   0   0   0   0   0   0   0   0   0   0   0   0   0   0  47   0   0   0   0  0.37 0.01
  113 T    -1  -1   0   0  -2   1   3  -2  -1  -2  -2   0  -1  -3  -1   1   3  -3  -2  -1    0   0   0   0   0   0  48   0   0   0   0   0   0   0   0   0  52   0   0   0  0.42 0.02
  114 A     2   0  -2  -2  -2  -1  -1  -1  -2   0  -1   1  -1  -2   4   0   0  -3  -2   1   29   0   0   0   0   0   0   0   0   0   0  23   0   0  25   0   0   0   0  23  0.33 0.01
  115 G    -1   0  -1  -1  -3   0   2   3  -1  -3  -3   2  -2  -2  -2  -1  -1   7  -1  -3    0   0   0   0   0   0  23  29   0   0   0  23   0   0   0   0   0  25   0   0  0.54 0.01
  116 S     0  -1   1   3  -1   0   0  -1  -1  -2  -2  -1  -2  -3  -1   3   2  -3  -2  -2    0   0   0  23   0   0   0   0   0   0   0   0   0   0   0  52  25   0   0   0  0.37 0.01
  117 V    -1  -1  -2  -3  -1  -1  -2  -3  -3   3   1   1   0  -1  -2  -1   0  -3  -1   3    0   0   0   0   0   0   0   0   0  23   0  23   0   0   0   0   0   0   0  54  0.20 0.01
  118 N    -1  -1   3   0  -3   0   2   2  -1  -1   1  -1  -1  -2  -2   0  -1  -3  -2  -2    0   0  29   0   0   0  23  23   0   0  25   0   0   0   0   0   0   0   0   0  0.21 0.01
  119 G     3  -1  -1  -1  -2   0   2   3  -1  -2  -2  -1  -2  -3  -1   0  -1  -3  -2  -1   47   0   0   0   0   0  23  29   0   0   0   0   0   0   0   0   0   0   0   0  0.35 0.01
  120 A     4  -1  -1  -2  -1  -1  -1   0   4  -2  -2  -1  -1  -2  -1   1   0  -3  -1  -1   75   0   0   0   0   0   0   0  25   0   0   0   0   0   0   0   0   0   0   0  0.35 0.02
  121 R     1   3  -1  -1  -2   1   0  -1  -1  -3  -2   3  -1  -3  -1   0  -1  -3  -2  -2   23  29   0   0   0   0   0   0   0   0   0  47   0   0   0   0   0   0   0   0  0.38 0.01
  122 E    -1   1   0   1  -4   2   4  -2   0  -3  -3   3  -2  -3  -1   0  -1  -3  -2  -3    0   0   0   0   0   0  53   0   0   0   0  47   0   0   0   0   0   0   0   0  0.53 0.02
  123 A     2  -1  -1  -1  -2   0   2  -1  -1  -2  -2   0  -2  -3   4   1   2  -3  -2  -1   29   0   0   0   0   0  23   0   0   0   0   0   0   0  25   0  23   0   0   0  0.43 0.01
  124 E     0   0   0   2  -3   3   4  -2   0  -3  -3   1  -2  -3  -1   1   0  -3  -2  -2    0   0   0  15   0  22  43   0   0   0   0   0   0   0   0  20   0   0   0   0  0.47 0.01
  125 L    -1   1  -1  -1  -3   1   0  -2  -1  -1   1   4   0  -2  -2  -1  -1  -3  -2  -1    0   0   0   0   0   0   0   0   0   0  28  72   0   0   0   0   0   0   0   0  0.29 0.02
  126 P    -1  -1  -1   3  -3   0   3  -2  -1  -3  -3   0  -3  -4   6  -1  -1  -4  -3  -3    0   0   0  22   0   0  30   0   0   0   0   0   0   0  48   0   0   0   0   0  0.96 0.02
  127 S     3  -2  -1  -2  -1  -1  -1   0  -2  -2  -2  -1  -1  -1  -1   2   0   7   0  -1   51   0   0   0   0   0   0   0   0   0   0   0   0   0   0  28   0  22   0   0  0.47 0.02
  128 G     2   2  -1  -1  -2   0  -1   3  -1  -3  -2   2  -2  -3  -2   0  -1  -3  -2  -2   30  20   0   0   0   0   0  28   0   0   0  22   0   0   0   0   0   0   0   0  0.31 0.01
  129 D     1  -2   0   3  -2  -1   0   4  -2  -3  -3  -1  -2  -3  -2   0  -1  -3  -3  -2   22   0   0  28   0   0   0  51   0   0   0   0   0   0   0   0   0   0   0   0  0.53 0.01
  130 R    -1   4  -1  -1  -3   1   3  -3   0  -3  -2   1  -2   0  -2  -1  -1  -1   3  -2    0  48   0   0   0   0  30   0   0   0   0   0   0   0   0   0   0   0  22   0  0.43 0.01
  131 T     0   0   3   0  -2   0  -1   3  -1  -2  -3   1  -2  -3  -2   0   2  -3  -2  -2    0   0  22   0   0   0   0  30   0   0   0  20   0   0   0   0  28   0   0   0  0.32 0.01
  132 K    -1   0  -1  -1  -3   0   0  -2  -2  -3  -3   3  -2  -4   6  -1  -1  -4  -3  -3    0   0   0   0   0   0   0   0   0   0   0  43   0   0  57   0   0   0   0   0  1.09 0.03
  133 I     2  -1  -2  -2  -1  -1  -1  -2  -2   2   0   1   0  -1  -2  -1   0  -3  -2   2   29   0   0   0   0   0   0   0   0  40   0  19   0   0   0   0   0   0   0  12  0.13 0.01
  134 V     1  -2  -2  -3  -1  -2  -2  -2  -3   1   2  -2   1  -1  -2   0   1  -2  -1   2   17   0   0   0   0   0   0   0   0   0  38   0   0   0   0   0  19   0   0  25  0.18 0.01
  135 A     2  -2  -2  -3  -1  -1  -2  -1   0  -1   0  -1   2   1  -2   0  -1   0   5   0   43   0   0   0   0   0   0   0   0   0   0   0  19   0   0   0   0   0  38   0  0.28 0.02
  136 D    -1   2   0   3  -4   1   4  -2   0  -3  -3   1  -2  -3  -2   0  -1  -3  -2  -3    0  19   0  25   0   0  56   0   0   0   0   0   0   0   0   0   0   0   0   0  0.58 0.02
  137 P    -1  -2   0   4  -3   0   2  -2  -1  -3  -3  -1  -3  -4   6  -1  -1  -4  -3  -3    0   0   0  38   0   0  17   0   0   0   0   0   0   0  44   0   0   0   0   0  0.95 0.02
  138 T    -1  -2  -2  -2  -2  -1  -1  -2  -2  -2  -3  -1  -2  -3   7   0   2  -4  -3  -2    0   0   0   0   0   0   0   0   0   0   0   0   0   0  75   0  25   0   0   0  1.44 0.03
  139 P    -1  -2  -1   2  -3  -1  -1  -2  -2  -3  -3  -1  -3  -4   7  -1  -1  -4  -3  -3    0   0   0  17   0   0   0   0   0   0   0   0   0   0  83   0   0   0   0   0  1.66 0.03
  140 G    -1  -2  -1   3  -2  -1   1   2  -2   0   0  -1  -1  -2  -2  -1  -1  -3  -2   0    0   0   0  24   0   0  15  25   0   0  19   0   0   0   0   0   0   0   0  17  0.17 0.01
  141 P    -1   0  -1   2  -3   2   2  -2  -1  -3  -3   1  -2  -4   5  -1  -1  -3  -3  -3    0   0   0  14   0  19  20   0   0   0   0  12   0   0  35   0   0   0   0   0  0.70 0.02
  142 E    -1   0  -1   1  -3   1   4  -2  -1  -2   0   2  -1  -2  -1   0  -1  -2  -2  -2    1   1   1   1   0   1  55   1   0   1  13  20   0   1   1   1   1   0   0   1  0.34 0.02
  143 E    -1   0   0   1  -2   1   4  -2  -1  -2  -2   0  -1  -2  -1   0   2  -2  -2  -1    1   1   1   1   0   1  55   1   0   1   1   1   0   1   1   1  32   0   0   1  0.38 0.02
  144 R     0   3   0  -1  -2   0   0  -1  -1  -2  -2   2  -1  -2  -1   3   0  -2  -2  -2    1  21   1   1   0   1   1   1   0   1   1  21   0   1   1  46   1   0   0   1  0.28 0.02
  145 G     0  -1   2   0  -2  -1  -1   3  -1  -3  -3   1  -2  -3   2   0  -1  -2  -2  -2   11   1  21   1   0   1   1  35   0   1   1  13   0   1  10   1   1   0   0   1  0.33 0.01
  146 A     2   0   0   1  -1   2   0  -1  -1  -2  -2   0  -1  -2  -1   2   0  -2  -2  -1   22   1   1  12   0  21   1   1   0   1   1   1   0   1   1  34   1   0   0   1  0.24 0.02
  147 G     0  -1   2  -1  -2  -1  -1   5  -1  -3  -3   1  -2  -3  -2   0  -1  -2  -2  -3    1   1  17   1   0   1   1  61   0   1   1  12   0   0   1   1   1   0   0   1  0.57 0.03
  148 E    -1   2   0   0  -3   1   4  -2  -1  -3  -3   3  -2  -3  -1   0   1  -3  -2  -2    0  10   0   0   0   0  45   0   0   0   0  34   0   0   0   0  11   0   0   0  0.46 0.04
  149 N     0  -1   2   0  -1   0   0   1  -1  -2  -2   0  -1  -2   2   2   1  -2  -1  -1    3   2  18   2   1   1   2  15   1   2   3   2   1   1   9  21  13   0   1   2  0.19 0.01
  150 T     1   0   0   0  -1   0   2  -1  -1  -1  -2   1  -1  -2  -1   1   2  -2  -1  -1   11   1   1   1   0   1  20   2   1   1   2  13   1   1   1   9  30   0   1   2  0.19 0.02
  151 G     2   0   2   0  -2   0   0   2  -1  -2  -2   2  -1  -2  -1   0   0  -2  -2  -2   26   1  20   1   0   1   1  18   0   1   1  24   0   1   1   1   1   0   1   1  0.21 0.02
  152 P     1  -2   1  -1   3  -1  -1  -2  -2  -2  -2  -1  -2  -3   5   0   3  -3  -2  -1   11   0  10   0  12   0   0   0   0   0   0   0   0   0  33   0  34   0   0   0  0.58 0.04
  153 L    -2  -2  -3  -4  -2  -2  -3  -4  -3   2   3  -2   6  -1  -3  -1  -1  -2  -2   1    0   0   0   0   0   0   0   0   0   8  32   0  47   0   0   7   0   0   0   5  0.54 0.14
  154 R    -2   5  -1  -2  -4   0   0  -3  -1  -4  -3   5  -2  -4  -2  -1  -2  -4  -3  -3    0  36   0   0   0   0   0   0   0   0   0  64   0   0   0   0   0   0   0   0  0.88 0.17
  155 I    -2  -3  -4  -4  -2  -3  -4  -4  -3   4   2  -3   1   4  -4  -3  -2  -2   0   2    0   0   0   0   0   0   0   0   0  42  20   0   0  26   0   0   0   0   0  12  0.51 0.12
  156 A     0  -3  -3  -4   3  -2  -3  -3  -3   3   2  -3   3  -1  -3  -2   0  -3  -2   3    6   0   0   0  10   0   0   0   0  25  20   0  11   0   0   0   3   0   0  25  0.34 0.09
  157 S     0  -2   0  -1  -2  -1  -1  -2  -2  -3  -3  -1  -2  -3  -2   5   4  -4  -3  -2    0   0   0   0   0   0   0   0   0   0   0   0   0   0   0  70  30   0   0   0  0.75 0.21
  158 W    -3  -4  -5  -5  -3  -3  -4  -4  -3  -2   1  -4  -1   4  -5  -4  -3  10   3  -3    0   0   0   0   0   0   0   0   0   0  13   0   0  19   0   0   0  61   6   0  1.94 0.26
  159 N    -3  -2   8   0  -4  -1  -1  -2  -1  -5  -5  -1  -3  -4  -3  -1  -1  -5  -3  -4    0   0 100   0   0   0   0   0   0   0   0   0   0   0   0   0   0   0   0   0  1.52 0.29
  160 V     0  -3  -4  -4  -2  -3  -3  -4  -4   4   0  -3   0  -1  -3  -2  -1  -4  -2   4    6   0   0   0   0   0   0   0   0  37   0   0   0   0   0   0   0   0   0  57  0.61 0.16
  161 A     1  -2   6   3  -3  -1  -1  -1  -1  -4  -4  -1  -3  -4  -3   0  -1  -5  -3  -3   15   0  71  15   0   0   0   0   0   0   0   0   0   0   0   0   0   0   0   0  0.91 0.20
  162 G    -1  -3  -1  -2  -3  -2  -3   6  -3  -5  -5  -2  -4  -4  -3   1  -2  -4  -4  -4    0   0   0   0   0   0   0  88   0   0   0   0   0   0   0  12   0   0   0   0  1.28 0.21
  163 L    -2  -3  -4  -4  -2  -3  -4  -4  -3   3   4  -3   1   2  -4  -3  -2  -2  -1   1    0   0   0   0   0   0   0   0   0  25  65   0   0  10   0   0   0   0   0   0  0.60 0.14
  164 R    -2   6   3  -1  -4   1  -1  -2  -1  -4  -3   1  -2  -3  -3  -1  -1  -3  -2  -3    0  65  19   0   0   6   0   0   0   0   1   5   0   0   0   0   0   0   0   0  0.79 0.17
  165 G     3   0   1  -1  -1   1  -1   1  -1  -2  -2  -1  -2  -3  -1   2   1  -3  -2  -1   36   4   6   0   0   6   0  11   0   0   1   0   0   0   0  26   7   0   0   0  0.29 0.09
  166 L     0   0  -2  -2  -2  -2  -2  -2  -2  -1   1  -2  -1   1   5  -1  -1   6  -1   0    7   6   1   1   0   1   1   1   0   1  18   1   0   7  32   1   1  13   0   9  0.53 0.09
  167 L    -2  -2  -3  -3  -2  -2  -3  -3  -3   2   3  -2   2   2  -3  -2  -1  -1   0   1    1   1   1   1   0   1   1   1   0  20  44   1   4  14   1   1   1   0   0  10  0.32 0.07
  168 G    -1   2   1  -1  -2   2   0   0   2  -3  -2   3  -2  -3  -1   1   0  -3  -1  -2    1  11   7   1   0  12   1   7   7   1   1  32   0   0   1  11   6   0   0   1  0.27 0.07
  169 G     0   0  -1  -1  -2   1   0   2   0  -1  -1   2  -1   1  -1   0  -1  -1   2   0    2   2   1   2   1   7   2  20   1   2   3  19   1   6   2   8   2   0  14   8  0.11 0.04
  170 K    -1   0   0   1  -2   1   1   0  -1  -1  -1   2  -1   1  -1  -1  -1  -1   0   0    2   2   5  11   1   8   6   6   1   2   7  20   1  13   2   2   2   0   1  10  0.06 0.03
  171 N     1   0   2   0  -1   0  -1   2  -1  -2  -2   0  -1  -2   3   1   0  -2  -1  -1   11   6  14   2   1   2   2  16   1   2   4   2   1   2  15  13   2   1   1   3  0.21 0.03
  172 S     0  -1   0   1   3  -1  -1  -1  -1  -1   0  -1   0   1  -1   0   0   3   0  -1    9   2   6   9   9   2   3   4   1   2  13   3   1   9   3  10   3   7   2   3  0.06 0.01
  173 E     0   1   1   2  -1   1   1  -1   0  -1  -1   0  -1  -1   0   1   0  -1  -1  -1    4   8   9  12   1  10  13   4   1   3   5   3   1   2   3  11   3   1   2   4  0.12 0.01
  174 Q     0   0   0   0  -1   2   2   0   0  -1  -1   1  -1  -1   0   0   0  -1  -1  -1   11   3   3   3   1  16  16   5   1   3   6  10   1   2   3   5   4   1   2   4  0.10 0.01
  175 G     0   2   0  -1  -1   0   0   1  -1  -1  -1   1   1  -1   3   0   0  -1  -1  -1    4  15   3   3   1   2   4  10   1   3   5   9   8   2  15   4   3   1   2   4  0.13 0.01
  176 R    -1   2   1  -1  -2   0   0  -1  -1  -2  -1   1  -1  -2   3   1  -1   3  -1  -2    2  21   8   1   1   1   2   2   1   1   8  11   1   1  14  14   2   7   1   2  0.23 0.04
  177 A     0  -1   2   1  -2   1   0  -1   5  -2  -2  -1   0   0  -1   2  -1  -2   0  -2    8   1  11   7   0   8   1   1  26   1   2   1   4   5   1  21   1   0   1   1  0.26 0.08
  178 T     0   2   0   0   4   3   0  -1  -1  -2  -2   0  -1  -2  -1   2   1  -2  -2  -2    1  14   1   5  12  25   1   1   0   1   2   1   0   1   1  24   7   0   1   1  0.28 0.08
  179 L    -1  -2  -3  -3  -2  -2  -2  -3  -2   1   3  -2   2   3  -2  -2  -1  -1   1   1    5   1   1   1   0   1   1   1   0   1  50   1   4  15   1   1   1   0   7  10  0.29 0.08
  180 R     0   2  -1  -1  -2   0   1   0  -1  -1   1   1   0  -2  -2   0   1  -2  -2  -1    7  18   0   0   0   0  13   8   0   0  24   7   0   0   0   7  12   0   0   1  0.11 0.05
  181 R     1   2   0   1  -2   2   2  -1  -1  -3  -2   2  -2  -3  -1   1   0  -3  -2  -2   13  18   0   7   0  15  11   1   0   0   1  13   0   0   0  18   1   0   0   1  0.29 0.07
  182 L    -2  -3  -4  -4  -2  -3  -3  -4  -3   3   2  -3   0   1  -4  -3   0   7   2   1    0   0   0   0   0   0   0   0   0  26  21   0   0   6   0   0   6  22   8  11  0.59 0.12
  183 V    -1  -3  -4  -4  -2  -3  -3  -4  -3   2   3  -3   1   2  -3  -2  -1  -2  -1   3    4   0   0   0   0   0   0   0   0  15  33   0   0  13   0   0   0   0   0  34  0.39 0.10
  184 G    -1   0   0   3  -3   2   2   0   2  -3  -3   2  -2  -3  -2   0  -1  -4  -2  -1    0   3   0  29   0  11  17   6   7   0   0  16   0   0   0   6   0   0   0   6  0.36 0.09
  185 E     0   1  -1   1  -3   0   3  -2  -1  -3  -2   3  -2   0  -2   1  -1  -3  -2  -2    6   4   0   6   0   0  30   0   0   0   4  31   0   7   0  12   0   0   0   0  0.32 0.10
  186 D    -2  -1  -1   1  -3   2   3  -3   2  -2   1  -1  -1   3  -3  -1  -2  -2   1  -2    0   0   0   6   0  13  31   0   8   0  18   0   0  19   0   0   0   0   5   0  0.30 0.11
  187 R    -1   2   2   5  -4   3   1  -2  -1  -4  -4   0  -3  -4  -2  -1  -1  -4  -3  -3    6  13  14  44   0  19   4   0   0   0   0   0   0   0   0   0   0   0   0   0  0.61 0.14
  188 I     3  -3  -3  -3  -2  -2  -2  -2  -3  -1  -2  -2  -2  -1   6  -1  -1  -4  -3  -2   40   0   0   0   0   0   0   0   0   6   0   0   0   4  50   0   0   0   0   0  1.01 0.18
  189 D    -2  -3   0   7  -4  -1   0  -2  -2  -4  -4  -2  -4  -4  -2   0   0  -5  -4  -4    0   0   0  87   0   0   0   0   0   0   0   0   0   0   0   6   7   0   0   0  1.25 0.23
  190 V    -2  -4  -4  -4  -2  -3  -4  -4  -4   5   1  -3   0   1  -3  -3  -1  -3  -1   4    0   0   0   0   0   0   0   0   0  51   0   0   0   7   0   0   0   0   0  42  0.63 0.16
  191 L    -2  -3  -4  -4   4  -3  -4  -4  -4   4   2  -3   1   1  -3  -3  -1  -3  -2   2    0   0   0   0  13   0   0   0   0  47  24   0   0   4   0   0   0   0   0  12  0.50 0.12
  192 M     1  -4  -3  -4   9  -3  -4   1  -4  -2  -2  -3   1  -3  -3  -1   0  -3  -3  -2   12   0   0   0  62   0   0  13   0   0   0   0   6   0   0   0   7   0   0   0  1.14 0.21
  193 L    -2  -3  -4  -4  -2  -3  -4  -4  -3   3   4  -3   1   2  -4  -3  -2  -2  -1   1    0   0   0   0   0   0   0   0   0  18  63   0   0  13   0   0   0   0   0   6  0.56 0.13
  194 Q    -2   0  -1  -2  -4   8   1  -3  -1  -4  -4   0  -2  -5  -3  -1  -2  -3  -3  -4    0   0   0   0   0 100   0   0   0   0   0   0   0   0   0   0   0   0   0   0  1.49 0.31
  195 E    -2  -1  -1   0  -5   1   7  -3  -1  -4  -4   0  -3  -4  -2  -1  -2  -4  -3  -4    0   0   0   0   0   0 100   0   0   0   0   0   0   0   0   0   0   0   0   0  1.35 0.27
  196 T    -1  -2  -1  -2  -2  -2  -2  -3  -3   0   1  -2  -1  -2  -2   0   5  -3  -2   1    0   0   0   0   0   0   0   0   0   5  13   0   0   0   0   0  76   0   0   6  0.67 0.20
  197 K    -2   2  -1  -2  -4   0   0  -3   4  -4  -4   6  -2  -4  -2  -1  -2  -4  -2  -3    0   6   0   0   0   0   0   0  13   0   0  80   0   0   0   0   0   0   0   0  0.90 0.21
  198 L    -1  -3  -3  -4   4  -2  -3  -4  -3   2   3  -3   3  -1  -3  -2   0  -3  -2   2    0   0   0   0  13   0   0   0   0   8  35   0  12   0   0   0   7   0   0  24  0.39 0.10
  199 Q     1   2   2  -1  -2   3   1  -1   2  -2  -2   0  -1  -3  -1   1   1  -2  -1  -2   13  13  11   1   0  21   8   1   8   1   1   1   0   0   1  12   7   0   0   1  0.25 0.07
  200 E    -1   0   1   2   2   0   2  -2   2  -2  -2   2  -2  -2   1  -1  -1  -3  -2  -1    1   1   5  17   7   1  23   1   7   1   2  20   0   1   5   1   1   0   1   6  0.25 0.06
  201 M     0   1   0   0  -1   0   1   1  -1  -1   0   1   1  -1  -1   0   0  -1  -1  -1    3   9   2   7   1   2   9  12   1   2  11  17   7   2   2   7   2   1   1   3  0.06 0.02
  202 H     0   0   1   2  -1   1   1  -1   2  -1  -1   0  -1  -1   1   1   0  -1  -1  -1    7   2   6  14   1  10   9   4   7   2   4   3   1   2   8  10   3   1   2   3  0.13 0.02
  203 V     0  -1  -1  -1  -1  -1  -1  -1  -1   1   1  -1   0   0  -1   0   1  -1  -1   1    4   2   2   3   1   2   3   4   1  14  18   3   1   2   3   3  15   1   2  17  0.05 0.02
  204 E     0   0   1   1  -2   0   2  -1   2  -2  -2   1  -1  -2   2   1   0  -2  -1  -1    3   2   7   6   1   2  18   3   7   2   3  12   1   1  10  16   2   1   1   2  0.18 0.03
  205 D     0   1   0   3  -2   0   1  -1  -1  -2  -2   2  -1  -2  -1   0  -1  -2  -1  -2   11   8   2  25   1   2  11   3   1   2   3  20   1   1   2   3   2   0   1   2  0.21 0.04
  206 V    -1  -1   0   1  -1   0   0  -1   1   0   0  -1   0   0  -1   0   1  -1  -1   0    2   2   1  11   1   5   6   2   6   6  15   2   1   6   2   8  13   0   1   8  0.04 0.02
  207 E    -1   2  -1  -1  -2   0   0  -2  -1   0  -1   1   0   0   2  -1   0  -2  -1   0    2  19   1   1   0   1   8   2   1   5   2  12   5   7  12   2   8   0   1  11  0.13 0.03
  208 A     1   0   0   2  -2   1   1  -1  -1  -2  -2   1  -1  -1   2   0   1  -1   0  -1   14   2   1  13   1   7   8   2   1   2   3  13   1   1  12   2   9   0   6   2  0.16 0.03
  209 Q     0   0  -1   0  -2   2   2   0  -1   0  -1   1  -1  -2  -1   0   0  -2  -1   1    6   6   1   2   1  14  18   6   1   7   3   6   1   1   2   2   6   0   1  16  0.09 0.03
  210 L    -1  -1  -2  -2  -1   0  -1  -1  -2   1   3  -1   2   0  -1  -1  -1  -1  -1   0    2   2   1   2   1   7   2   7   1   6  53   2   4   1   2   2   2   0   1   2  0.17 0.05
  211 F    -1   1  -1  -1  -1   1   0  -1   0   0  -1   0  -1   1   0   0   2  -1   2  -1    3   8   2   2   1   7   8   3   1   6   3   2   1   8   5   3  24   0  11   2  0.10 0.03
  212 E     0  -1   0   3  -2   1   4  -1  -1  -2  -2   0  -2  -2  -1   0  -1  -2  -2  -2    8   1   1  17   1   1  53   2   1   1   2   2   1   1   1   2   2   0   1   2  0.47 0.09
  213 A     0   1   0   0  -2   0   0  -1  -1  -1   0   0   1  -1   2   0  -1  -1   1  -1    9   9   6   7   1   1   8   2   1   2  14   2   9   1  13   2   2   0   8   2  0.10 0.02
  214 C    -1  -1  -1  -2   2  -1  -1  -2   3  -1   1   0   0   2   2  -1  -1   4   0  -1    2   1   1   1   7   1   2   2  12   1  24   8   1  14  10   2   1   7   1   2  0.17 0.05
  215 G     2  -1  -1  -1  -2   0  -1   3  -1  -2  -2  -1  -1   0   3   0  -1  -1   1  -1   25   1   1   1   0   7   1  25   0   1   2   1   0   5  15   2   1   0   8   1  0.27 0.06
  216 I    -1   0  -2  -2  -1  -2  -2   0  -2   3   2  -1   1  -1  -2  -2  -1  -2  -1   1    2   8   1   1   0   1   1   7   1  35  26   1   1   1   1   2   1   0   1   8  0.15 0.05
  217 E     0   0  -1  -1  -2   0   2  -2  -1   1   0  -1   0  -1  -2   0   0  -2   1   2    7   8   1   1   0   4  19   1   0  11   8   1   0   1   1   4   4   0   6  22  0.07 0.04
  218 Q    -1   0   0   2  -2   1   3  -2   2  -2  -2   1  -1  -2   0   0   0  -2  -1  -1    2   1   1  14   0   7  32   2   6   1   2   8   0   1   5   1   8   0   1   8  0.26 0.06
  219 G    -1  -1   1  -1  -3   0   0   5  -2  -2  -3   0  -2  -3   0  -1  -1  -3  -3  -1    1   1   6   1   0   6   4  55   0   1   1   8   0   0   5   1   1   0   0   9  0.49 0.09
  220 A     1  -1   1   0  -1  -1  -1   1  -1  -1  -1  -1  -1   1  -1   0   0   4   1  -1   17   2   8   6   1   2   3  14   1   2   4   2   1   9   2   3   8   7   6   3  0.10 0.02
  221 W    -2   0  -2  -1  -3  -1  -2  -2   0  -2  -2   0  -1   2  -2  -2  -2   7   5  -2    1   7   1   5   0   1   1   1   0   1   2   9   0   7   1   1   1  19  39   1  0.66 0.12
  222 R    -1   2   2   1  -2   0   1   0   4  -2  -1   1  -1  -2  -1  -1  -1  -2  -1  -2    2  13  13   7   0   1   7   8  16   1  10  15   0   1   1   2   1   0   1   1  0.17 0.04
  223 A     1  -1  -1  -1  -1  -1  -1   1  -2   0  -1   0  -1  -2   1   3   1  -3  -2   0    7   1   1   1   0   1   1   9   0   7   1   4   0   1   5  41   8   0   0  11  0.20 0.07
  224 C    -2  -3  -3  -3   2  -2  -3  -3   0   0  -1  -3  -1   4  -3  -2  -2   4   6  -1    1   1   0   1   6   0   1   1   0   7   1   1   0  17   1   1   1   6  54   1  0.83 0.16
  225 W    -2  -2   1  -3  -3   0  -2  -3   1   0  -1  -2  -1   4  -3  -2  -2   8   1  -2    1   1   8   1   0   7   1   1   5   7   1   1   0  31   1   1   1  34   0   1  0.89 0.15
  226 A     2  -1  -1  -1  -1  -1  -1  -1  -1  -1  -1  -1  -1  -2  -1   3   1  -2  -2   1   18   1   1   1   0   1   1   2   0   1   6   1   0   1   1  42   7   0   1  14  0.21 0.07
  227 S     0  -2   1  -2   4   1  -1  -1  -1   0  -1  -1  -1   4  -2   0  -1  -1   0  -1    7   1  11   1  15  13   1   4   0   8   1   1   0  31   1   7   1   0   0   1  0.21 0.09
  228 S     0  -2  -1  -1  -2  -1   0   0   1  -2  -2  -1   0  -1   3   2   1  -2   2  -2    7   0   0   0   0   0   6   7   5   0   0   0   4   0  19  32   6   0  12   0  0.33 0.09
  229 T     0   2   1  -1  -3   1   0  -2   3  -2  -1   1  -1  -3   2   0   0  -3  -1  -1    8  17   7   0   0   7   3   0  13   0   6  13   0   0  10   6   6   0   0   4  0.21 0.06
  230 A     1  -2   1   2  -2   0  -1   3  -2  -1  -2  -1  -2  -3  -2   1   0  -3  -3  -1   18   0   8  13   0   6   0  29   0   6   0   0   0   0   0   8   7   0   0   4  0.26 0.07
  231 R    -2   5  -1   0  -4   3   0  -3  -1  -3  -1   3  -1  -3  -2  -1  -1  -3  -2  -3    0  43   0   7   0  17   0   0   0   0   7  24   0   0   0   0   0   0   0   0  0.54 0.13
  232 K    -1   1  -1  -1  -3   0   1  -2  -1  -3  -2   5  -2  -3  -2   2   0  -3  -2  -2    0   0   0   0   0   0   9   0   0   0   5  59   0   0   0  18   6   0   0   0  0.47 0.14
  233 G    -1  -2  -1  -2  -3  -2  -2   6  -2  -4  -4   1  -3  -4  -2  -1  -2  -3  -3  -4    1   0   0   0   0   0   0  81   0   0   1  14   0   0   0   0   0   0   0   0  1.06 0.17
  234 Y    -2  -2  -2  -3  -3   1  -2  -3   5  -3  -2  -2  -2   1  -3  -2  -2   1   7  -2    1   0   0   0   0   7   0   0  17   0   1   0   0   0   0   0   0   0  70   0  1.13 0.22
  235 A     3  -2  -1  -2  -2  -1  -1  -1   1  -3  -3  -1  -2  -2  -2   4   0  -2   2  -2   36   0   0   0   0   0   0   0   4   0   0   0   0   0   0  47   0   0  13   0  0.47 0.15
  236 G    -1  -3  -1  -2  -4  -3  -3   7  -3  -5  -5  -3  -4  -4  -3  -1  -3  -4  -4  -4    0   0   0   0   0   0   0 100   0   0   0   0   0   0   0   0   0   0   0   0  1.57 0.24
  237 V    -1  -3  -3  -3  -2  -3  -3  -4  -4   1   0  -3   0  -2  -3  -1   3  -4  -2   5    0   0   0   0   0   0   0   0   0   0   0   0   0   0   0   0  24   0   0  76  0.64 0.19
  238 A     5  -2  -2  -3  -2  -2  -2   3  -3  -2  -2  -2   1  -3  -2   0  -1  -3  -3  -1   71   0   0   0   0   0   0  23   0   0   0   0   6   0   0   0   0   0   0   0  0.63 0.17
  239 V    -1  -3  -3  -3   2  -3  -3  -3  -3   2   2  -3   1   2  -3  -2   1  -2  -1   2    0   0   0   0   7   0   0   0   0  22  25   0   3  12   0   0  17   0   0  14  0.28 0.08
  240 L    -2  -3  -4  -4  -2  -3  -4  -4  -2   1   4  -3   1   4  -4  -3  -2   4   3   0    0   0   0   0   0   0   0   0   0   4  57   0   0  21   0   0   0   7  10   0  0.59 0.13
  241 W    -1  -3  -2  -3   5  -2  -2  -3  -2   1  -1  -2  -1  -1  -3   1   2   3   1   2    0   0   0   0  21   0   0   0   0  14   0   0   0   0   0  18  17   6   6  19  0.33 0.11
  242 R    -1   4  -1  -2  -4   0   0  -2  -1  -4  -3   5  -2  -4  -2   1  -1  -4  -3  -3    0  29   0   0   0   0   0   0   0   0   0  58   0   0   0  13   0   0   0   0  0.73 0.17
  243 V     0  -1   0   3  -2   1   1   1  -1   0  -1   0  -1  -2  -1  -1   0  -3  -2   0    5   1   1  26   0  10   5  14   0   9   1   6   0   1   1   1   4   0   0  13  0.15 0.05
  244 E    -1   0   0   0   2   1   2  -1  -1  -2  -2   2   0  -2  -1   1   1  -2  -2  -2    2   1   5   1   6   7  20   2   0   1   2  25   5   1   1   9   9   0   1   1  0.20 0.05
  245 A     1  -1  -1  -1  -2  -1  -1  -1   2   0  -1   0  -1  -2   5   0  -1  -2  -1  -1   20   1   1   1   0   1   1   2   7   8   8   7   0   1  30   7   1   0   1   1  0.38 0.06
  246 F     0  -1  -1  -2  -1  -1  -1  -2  -1   1   1  -1   0   2  -1   0   1  -1   1   0    8   1   1   2   1   1   2   2   1  14  20   2   1  11   1   9  15   0   7   2  0.07 0.03
  247 A     2  -1   0  -1  -1   0   0  -1   1  -2  -2   0  -1  -2   3   2   0  -2  -1  -1   23   1   5   2   1   5   2   2   5   1   3   7   1   1  15  22   2   0   1   2  0.23 0.04
  248 R     0   0  -1  -1  -1  -1  -1  -2  -1   1   0  -1   0  -1  -1   1   1  -1   1   2    2   8   1   2   1   1   2   2   1   8   3   2   1   1   1  12  15   0   7  31  0.09 0.04
  249 D     0   2   0   1  -2   1   1   0  -1   0  -1   0  -1  -2  -1   2   0  -2  -1  -1    2  14   1   8   1   9   6   6   1  11   3   2   1   1   1  27   5   0   1   2  0.12 0.04
  250 Y    -1   1   1  -1  -2  -1   0  -2   0  -1  -1  -1  -1   1  -1   0  -1   0   5   0    2   9   9   2   1   1   8   2   1   1   3   2   1   1   1   8   2   0  36  12  0.23 0.07
  251 F     0   0  -1  -1  -2  -1  -1   4  -1  -2  -1  -1  -1   2  -1   0   0  -1   0  -1    8   8   1   2   1   1   2  39   1   1   3   2   1  17   1   2   7   0   1   2  0.25 0.05
  252 D     0  -1   1   2  -2  -1  -1  -1  -1   1  -1  -1  -1   1   2   0   0  -2  -1   0   12   1   8  15   1   1   2   2   1  18   3   2   1   9  13   2   6   0   1   2  0.12 0.03
  253 E     0   0   0   1  -1   0   2   0  -1  -1  -1   1  -1  -1   0   0   0  -1  -1   0    4   2   2   9   1   2  27   8   1   2   4   9   1   2   2   3   7   1   2  11  0.12 0.02
  254 L    -1  -1  -1   1   2  -1   0   0   1   0   1  -1   0  -1  -1  -1  -1  -1  -1   0    3   2   2   9   7   2   8  11   7   8  18   2   1   2   2   3   2   1   1  10  0.02 0.01
  255 H    -1  -1   1   0   2   1   0   1   2  -1  -1   0  -1   2  -1   0  -1  -1   0  -1    3   2  13   2   8   6   8  14   7   2   3   6   1  15   2   3   2   0   1   2  0.08 0.03
  256 E     0   0  -1  -1  -2   2   1   0   0  -1  -1   2  -1  -1  -1   0  -1  -1   1  -1    8   1   1   2   1  15  13   6   1   7   3  25   1   1   2   2   2   0   9   2  0.14 0.04
  257 P    -1  -2  -1   0  -2  -1  -1   2  -2   0  -2  -1  -1  -2   5   0   1  -2  -2  -1    2   1   1   6   1   1   2  17   1   8   3   2   1   1  35   2  14   0   1   2  0.50 0.06
  258 R    -1   2   2   1  -2   0   0   1  -1   0  -1   1  -1  -2  -1   0   0  -2  -1  -1    2  14  13   8   1   1   2  14   1  12   3  13   1   1   2   8   2   0   1   2  0.10 0.03
  259 C     0  -1  -1  -2   2  -1  -1   1  -1   0   0   0   1   2  -1  -1   0  -1   0   1    6   1   1   2   7   1   2  13   1   1   8   8   8  14   2   2   7   0   1  13  0.03 0.02
  260 A     0  -1  -1   0   1  -1  -1   0  -1   1   0   0   1   1  -1  -1  -1  -1  -1   1    9   1   1   9   5   1   2   9   1  17   3   8   6   7   2   2   2   0   1  14  0.01 0.02
  261 P    -1   0   1   0  -2   0   0  -1   0  -1  -1   0  -1   0   4   0   0   0   3  -1    3   7   8   6   1   2   7   3   1   2   4   2   1   2  21   3   7   1  19   3  0.25 0.04
  262 L    -1   0   0   1  -1   0   0   0  -1  -1   0   0   0   2  -1   0   0  -1   0  -1    3   7   2   9   1   2   3   7   1   2  10   8   1  20   2   9   9   1   1   3  0.04 0.02
  263 S     0   0   2   1  -1   0   0   1  -1  -2  -2   1  -1  -2  -1   1   1  -2  -1  -1    3   2  18   8   1   2   3  12   1   2   4   9   1   2   2  16  10   1   1   3  0.14 0.02
  264 I    -1  -1  -1  -1  -1   1  -1  -1  -1   2   1  -1   1   1  -1   0   0  -1   0   1    3   2   2   2   1   9   3   3   1  25  17   2   5   6   2   9   2   1   1   3  0.05 0.02
  265 D    -1   1   0   4  -1   0   1   0  -1  -1  -1   0  -1  -1   0   0   0  -1  -1  -1    4   8   2  32   1   2  11   8   1   3   5   3   1   2   3   4   3   1   2   3  0.20 0.03
  266 P    -1  -1  -1  -1  -2  -1   1   2  -1  -1  -2   0  -2  -2   4   0   0  -2  -2  -2    2   1   1   1   0   1  13  24   1   5   2   8   1   1  27   2   7   0   1   2  0.41 0.06
  267 S     1  -1   0   2  -1  -1   0   1  -1  -1   0   0  -1   0  -1   1   0  -2  -1  -1   18   1   5  15   0   1   4  11   1   1  10   5   1   5   1   8   6   0   1   5  0.07 0.02
  268 D    -1   1   1   3  -2   0   2  -1  -1  -2  -1   1  -1  -2  -1   1   0  -2  -2  -2    2   9   7  20   0   1  18   2   1   1   9   7   1   1   1  12   5   0   1   1  0.20 0.04
  269 E     0   0   1   2  -3   1   3   0  -1  -3  -3   2  -2  -3  -2   0  -1   3  -2  -3    8   0   5  11   0   4  24   9   0   0   1  24   0   0   0   6   0   6   0   0  0.31 0.07
  270 A     0   1  -1  -1  -3   0   3  -2   5  -1  -1   1  -1   0  -2  -1  -2  -3   0  -2    7   7   0   0   0   0  30   0  28   6   8   7   0   4   0   0   0   0   0   0  0.32 0.10
  271 D    -3  -2   0   7  -5  -1   2  -2  -2  -4  -5  -1  -4  -5  -2  -1  -2  -5  -4  -4    0   0   0  86   0   0  14   0   0   0   0   0   0   0   0   0   0   0   0   0  1.34 0.23
  272 L     1   0   0   0  -2   2   0  -1  -1  -2   0   2  -1  -3   1   2   0  -3  -2  -2   13   0   4   4   0  15   0   0   0   0  12  17   0   0   6  25   4   0   0   0  0.20 0.08
  273 E    -2  -1  -1   2  -4   3   6  -3  -1  -3  -4   0  -3  -4  -2  -1  -2  -4  -3  -2    0   0   0   6   0  13  77   0   0   0   0   0   0   0   0   0   0   0   0   4  0.94 0.20
  274 G    -1   0  -1  -2  -4  -2  -3   6  -3  -5  -4   0  -3  -4  -3  -1  -2  -4  -4  -4    0   8   0   0   0   0   0  87   0   0   0   5   0   0   0   0   0   0   0   0  1.23 0.20
  275 R    -3   7  -1  -3  -5   0  -1  -3   4  -4  -3   1  -2  -4  -3  -2  -2  -4  -2  -4    0  87   0   0   0   0   0   0  13   0   0   0   0   0   0   0   0   0   0   0  1.24 0.24
  276 T     1  -3  -3  -3   5  -3  -3  -3  -3   2   0  -3   1   1  -3  -1   0  -2   1   2   12   0   0   0  19   0   0   0   0  23   0   0   4   7   0   0   6   0   6  23  0.30 0.09
  277 L    -2  -4  -4  -4  -2  -3  -4  -4  -4   5   2  -3   1  -1  -4  -3  -1  -3  -2   3    0   0   0   0   0   0   0   0   0  65  18   0   0   0   0   0   0   0   0  17  0.66 0.16
  278 S    -1  -2  -2  -3  -2  -2  -2  -3  -3   1   3  -2   4  -1  -3   0   2  -3  -2   1    0   0   0   0   0   0   0   0   0   6  31   0  26   0   0   6  25   0   0   6  0.35 0.12
  279 L     3  -2  -2  -2  -1  -2  -2  -2  -2   0   2  -2   0  -1  -2   0   2  -3  -2   1   37   0   0   0   0   0   0   1   0   0  26   0   0   0   0   0  18   0   0  14  0.22 0.09
  280 E    -1  -1   0   3  -3   3   5  -2  -1  -3  -3   0  -2  -3  -2  -1  -1  -3  -2  -3    1   1   1  17   0  12  59   1   0   1   1   1   0   1   1   1   1   0   0   1  0.70 0.13
  281 I    -2  -2  -2  -3  -2  -2  -3  -3   4   2   1  -3   0   5  -3  -2  -2  -1   3   0    1   0   0   0   0   0   0   0  17  21  12   0   0  35   0   0   0   0   9   0  0.44 0.11
  282 P    -1   0   0   3  -3   1   3  -2  -1  -3  -3   3  -2  -3   3  -1  -1  -3  -2  -3    1   1   1  18   0   7  23   1   0   1   1  26   0   0  18   1   1   0   0   1  0.48 0.09
  283 L     0  -1  -1  -1  -1   0  -1   1  -1   1   0   0   1  -1  -1   0   0  -1  -1   0    4   2   2   2   1   2   3  17   1  14  10   7   7   2   2  11   7   1   1   3  0.04 0.01
  284 E     0   0   0   0  -1   1   2  -1   0  -1  -1   1  -1  -1   1   1   0  -1  -1  -1    4   3   3   3   1   2  26   4   1   3   9  10   1   2   7  10   3   1   2   4  0.12 0.02
  285 P     0  -1  -1  -1  -1  -1  -1   1  -1   1   0  -1   0   1   1   0   0  -1   0   0    4   3   3   3   1   2   4  16   1  16  13   3   1   7   9   4   3   1   2   4  0.04 0.01
  286 G     0   0   0   0  -1   1   0   2  -1  -1   0   1   0  -1   0   0   0  -1  -1  -1    4   3   3   3   1   9   4  23   1   3  12  15   1   2   3   4   3   1   2   4  0.09 0.01
  287 R     0   1   1   0  -1   2   2  -1   0  -1   0   0  -1  -1   0   0   0  -1  -1  -1   11   9  10   3   1  15  15   4   1   3   9   3   1   2   3   4   3   1   2   3  0.10 0.02
  288 P     0   0   0   0   2   0   1   0  -1  -1  -1   1  -1  -1   2   0   0  -1  -1  -1    4   3   3   3   8   2  17  10   1   3   5  15   1   2   9   4   3   1   2   4  0.11 0.01
  289 P     0  -1   1   0  -2   1   1   0   1  -2  -2   0  -1  -2   1   1   2  -2  -1  -1    7   1   5   5   0   5  15   9   6   1   2   1   1   1   7  12  19   0   1   1  0.17 0.04
  290 L    -2  -3  -4  -4  -2  -3  -4  -4  -3   2   3  -4   0   5  -4  -3  -2  -1   1   1    0   0   0   0   0   0   0   0   0  11  36   0   0  46   0   0   0   0   0   8  0.62 0.14
  291 Y    -1   0  -2  -3  -2  -2  -2  -3  -1   1  -1  -2  -1   2  -3   0   3  -1   3   1    0   6   0   0   0   0   0   0   0   9   0   0   0  13   0   7  31   0  19  16  0.27 0.10
  292 L    -2  -3  -4  -4  -2  -3  -4  -4  -4   3   3  -3   1  -1  -3  -3  -1  -3  -2   3    0   0   0   0   0   0   0   0   0  24  48   0   0   0   0   0   0   0   0  27  0.53 0.12
  293 V    -2  -3  -3  -4  -2  -3  -3  -4  -3   4   2  -3   2   1  -3  -2   0  -3  -1   3    0   0   0   0   0   0   0   0   0  46  20   0   4   6   0   0   6   0   0  19  0.44 0.11
  294 N    -2  -1   6   0  -3   1  -1   0  -1  -4  -4  -1  -3  -4  -3   1   2  -4  -3  -3    0   0  69   0   0   6   0   6   0   0   0   0   0   0   0   7  13   0   0   0  0.83 0.19
  295 V     1  -3  -2  -3  -2  -2  -3   1  -3   2   0  -2   0  -2  -3  -1   2  -3  -2   4    9   0   0   0   0   0   0  13   0  13   0   0   0   0   0   0  15   0   0  50  0.31 0.12
  296 Y    -3  -3  -3  -5  -4  -3  -3  -4   1  -3  -2  -3  -2   2  -4  -3  -3   1   9  -3    0   0   0   0   0   0   0   0   0   0   0   0   0   0   0   0   0   0 100   0  1.87 0.32
  297 T     1  -3  -2  -3   6  -2  -3   0  -3   0  -1  -2  -1   2  -3   0   1  -2  -1   1   13   0   0   0  25   0   0   6   0   4   0   0   0  13   0   6  16   0   0  18  0.30 0.10
  298 P    -2  -3  -3  -3  -4  -3  -2  -3  -3  -4  -4  -2  -4  -5   8  -2  -2  -5  -4  -4    0   0   0   0   0   0   0   0   0   0   0   0   0   0 100   0   0   0   0   0  2.55 0.30
  299 N     0   1   6   0  -3   2  -1  -2   3  -3  -3  -1  -2  -3  -3   0  -1  -4  -2  -1    7   6  57   0   0  13   0   0  12   0   0   0   0   0   0   0   0   0   0   6  0.63 0.17
  300 S     3  -2   3  -1  -2  -1  -1   2  -2  -3  -3  -1  -2  -3  -2   2   1  -3  -3  -2   43   0  19   0   0   0   0  13   0   0   0   0   0   0   0  19   6   0   0   0  0.40 0.12
  301 G    -1   1  -1   2  -3  -1   1   4  -2  -3  -3  -1  -3  -3  -2   1  -1  -3  -3  -1    0  11   0  12   0   0  13  43   0   0   0   0   0   0   0  16   0   0   0   6  0.44 0.10
  302 A     1   2   1   1  -2   0  -1   2  -1  -3  -2   0  -2  -2  -2   1  -1   3  -2  -2   13  22   8  11   0   1   1  19   0   1   1   1   0   1   1  13   1   7   0   1  0.24 0.06
  303 E    -1   2   0   1  -3   0   1   3  -1  -3  -3   2  -2  -3  -2   0  -1  -3  -2  -2    1  17   1   6   0   1  13  28   0   1   1  19   0   1   1   8   1   0   0   1  0.31 0.07
  304 L     0  -2  -1   2  -2  -1  -1  -2  -2   0   2  -1   0  -1   2   0  -1  -2  -2  -1    6   1   1  21   0   1   1   1   0   1  39   1   0   1  13   8   1   0   1   1  0.20 0.06
  305 K    -1   0   1   1  -3   1   3  -2   3  -1  -2   2  -1  -2  -2  -1  -1  -3  -1   0    1   1   7   6   0   5  29   1  13   1   1  17   0   1   1   1   1   0   0  14  0.26 0.07
  306 R    -2   5   0  -1  -3   0   2  -2  -1  -3  -3   1  -2  -3   1  -1  -1  -3  -2  -3    1  57   5   1   0   1  19   1   0   1   1   1   0   1   8   1   1   0   0   1  0.61 0.13
  307 L    -1  -2   0  -2  -2  -2  -2   0  -2   2   3  -2   1  -1  -2  -2   0  -2  -2   0    1   1   7   1   0   1   1   8   0  14  56   1   0   1   1   1   5   0   0   1  0.25 0.08
  308 E     0   0   0   2  -3   1   4  -2  -1  -2  -2   1  -2  -3  -1   0   1  -3  -2  -1    7   1   1  12   0   1  41   1   0   1   1  13   0   1   1   5   9   0   0   5  0.34 0.08
  309 Y    -2  -2  -2  -3  -3  -2  -1  -3   0  -1  -1  -2  -1   5   0  -2  -2   1   5  -2    1   1   1   1   0   1   6   1   0   1   1   1   0  44   5   1   1   0  34   1  0.70 0.14
  310 R    -2   5  -1  -2  -3   0  -1  -2  -1  -3  -3   3  -2  -3   2  -1  -1  -3  -2  -3    1  57   1   1   0   1   1   1   0   1   1  18   0   1  13   1   1   0   0   1  0.70 0.13
  311 T     1   1  -1  -2  -1   1  -1  -2   1   1   1   0   3  -1  -1  -1   0  -2  -1   0   14  14   1   1   0   7   1   2   6  10   9   1  20   1   1   2   8   0   1   1  0.09 0.05
  312 H     0   4  -1  -1  -3   2   1  -2   2  -3  -2   3  -2  -3  -2  -1  -1  -3  -2  -2    7  41   1   1   0  10   5   1   7   1   1  21   0   1   1   1   1   0   0   1  0.46 0.10
  313 G    -1  -1  -1  -1  -2  -1   1   0  -1  -1  -1   0  -1   4  -1  -1   0   3   1   0    2   2   1   2   1   1  15   9   1   2   3   8   1  32   2   2   5   4   1   8  0.14 0.05
  314 W    -2  -2  -2  -2  -2  -1  -1  -2  -1  -2   0  -2  -1   1  -2  -2  -2   9   5  -2    2   1   1   1   0   1   5   2   1   1   9   1   1   1   1   2   2  40  24   2  1.02 0.13
  315 D    -1   2   0   4  -2   0   1   0  -1  -2  -2   2  -2  -2  -1   0  -1  -2  -2  -2    2  13   1  37   0   1  10   8   1   1   2  15   1   1   1   2   2   0   1   2  0.34 0.06
  316 A     2   0  -1  -2  -1  -1   0  -1  -2   0   0   1   0  -1  -1   0  -1  -2  -1   1   31   5   1   1   0   1   7   1   0   1  13  12   0   1   1   1   1   0   1  21  0.10 0.05
  317 R     0   2  -1   0  -2   1  -1  -2  -1   0   2   1   0  -1  -2  -1   0  -2  -2  -1    7  13   1   8   0   8   1   1   0   1  40  11   0   1   1   1   5   0   0   1  0.13 0.06
  318 F    -2   0  -2  -2  -2   0   0  -2  -1   0   1  -1   0   4  -2  -2  -1   0   2  -1    2   7   1   1   0   5   7   2   0   7  17   1   0  37   1   1   1   0   6   1  0.23 0.06
  319 R     0   3  -1  -1  -2   1   1  -2   0  -1  -1   0   0  -1  -1   0  -1  -1   2   0    7  29   1   1   0   9   7   2   0   1   2   1   4   1   1  10   1   0  13   8  0.18 0.06
  320 E     1   3   0   0  -2   2   2  -1   0  -2  -2   1  -1  -2  -1   0  -1  -2   0  -2   18  24   5   1   0   9  20   2   0   1   2   7   0   1   1   1   1   0   4   1  0.23 0.06
  321 T    -1  -1   1   0  -2  -1  -1  -2   1   0  -1  -1  -1   2  -1  -1   0   4   3  -1    6   1   9   6   1   1   2   2   5  11   3   2   1  13   1   2   8   6  18   2  0.14 0.04
  322 L    -1  -1  -2  -1  -1  -1   1  -2  -2   1   3  -1   1   0  -2  -1  -1  -2  -1   1    2   1   1   2   1   1  18   2   1   6  50   2   1   1   1   2   2   0   1   6  0.18 0.06
  323 A     1   1   1  -1   3   2   1  -1  -1  -2  -2   2  -1  -2  -1   0  -1  -2  -1  -1   18   8   8   2  10  14  10   2   1   1   3  16   1   1   1   2   2   0   1   2  0.16 0.04
  324 A     0   0   1   0  -1   1   1   0  -1  -1   1   1   0  -1  -1   0  -1  -1  -1  -1    9   2   9   5   1   6  12   9   1   2  23  10   1   1   2   2   2   0   1   2  0.05 0.02
  325 L    -1  -1  -2  -1  -1  -1  -1  -2  -1   1   3  -1   1   0  -1  -1  -1  -1   2   0    3   2   2   6   1   1   2   3   1   8  46   2   1   1   2   2   2   0  14   2  0.16 0.05
  326 Q     1   1   1   2  -2   1   1  -1  -1  -1   0   1  -1  -2  -1   0  -1  -2  -1  -1   20   7   6  15   1  11   6   2   1   2  11   8   1   1   2   2   2   0   1   2  0.11 0.03
  327 A     2   0  -1   0  -1   1   2  -1  -1  -2  -2   1  -1  -2   2   0   0  -2  -1  -1   31   2   1   2   1   7  16   2   1   2   3  15   1   1   8   2   2   0   1   2  0.19 0.04
  328 G     0   1   0  -1  -1   0  -1   2  -1  -1  -1   0  -1  -1  -1   0   2  -1  -1  -1    4   9   2   3   1   2   3  26   1   2   9   3   1   2   3   3  22   1   2   3  0.13 0.02
  329 E     0   1   1   0  -1   0   1  -1   0  -1  -1   0  -1   2   0   0   0   0   0  -1    5   9   9   3   1   3  18   4   1   3   5   3   1  16   3   4   4   1   2   4  0.06 0.01
  330 R     0   2  -1  -1  -1   0   0  -1  -1   1   1   0   0  -1   0   0   0  -1  -1   0    5  21   3   3   1   3   4   4   1  16  13   3   1   2   3   4   4   1   2   4  0.04 0.01
  331 R     0   2   0   0  -1   1   0  -1   0  -1  -1   2  -1  -1   0   0   0  -1  -1  -1    5  17   3   4   1   3   4   5   1   3   6  24   1   3   3   5   4   1   2   4  0.10 0.01
  332 R     0   2   0   1  -1   2   1   0   0  -1  -1   0   0  -1   0   0   0  -1  -1  -1    5  14   3  11   1  17   4   5   2   4   6   4   2   3   4   5   4   1   2   4  0.09 0.01
  333 V     0   0   0   0  -1   0   0  -1  -1   1   0   0   0   0   0   0   1  -1   0   1    6   4   3   4   1   3   5   5   2  11   7   4   2   3   4   5  11   1   2  17  0.01 0.00
  334 E     0   1   0   0  -1   0   1  -1   0   0   1   0   0   0   0   0   0   0   0   0    6  11   3   4   1   3  11   5   2   4  20   4   2   3   4   5   4   1   2   5  0.02 0.00
  335 L     1  -1  -1  -1  -1   0   0  -1  -1   0   1   0   0  -1   0   0   0  -1  -1   1   12   3   3   3   1   3   4   4   1   3  16   4   1   2   3  11   4   1   2  18  0.02 0.01
  336 Q     0   1   0   1  -1   1   2  -1   0  -1  -1   1  -1  -1   0   0   0  -1  -1  -1    5  10   3  10   1   9  16   4   1   3   6  10   1   2   3   4   4   1   2   4  0.11 0.01
  337 G     0   0   1   0  -1   0   0   1  -1   0   1   0   0  -1   0   0   0  -1  -1   0   12   3  10   3   1   3   4  11   1   3  19   8   1   2   3   4   4   1   2   4  0.02 0.00
  338 M     0   0   0   0  -1   1   1  -1  -1   0   1   1   1  -1   0   0   0  -1  -1   0    5   3   3   3   1   9   9   4   1   3  20  10   8   2   3   4   4   1   2   4  0.03 0.01
  339 R     0   2   0   1  -1   0   0  -1   1  -1   0   1   0  -1   0   0   0  -1  -1  -1   11  16   2  10   1   2   3   4   6   3  13   9   1   2   3   4   3   1   2   4  0.05 0.01
  340 L     1   0   0   1  -1   0   0  -1  -1  -1   0   0   0  -1   0   0   1  -1   1  -1   17   3   2  14   1   2   3   4   1   3  11  10   1   2   3   3   9   1   8   3  0.05 0.01
  341 P     1  -1  -1  -1   1   0  -1  -1  -1   1   0   0   0  -1   1   1   0  -1  -1   0   11   2   2   2   5   2   3   3   1  16  11   7   1   2   9  15   3   1   1   3  0.05 0.01
  342 S     0   1   0   3  -2   0   1   2  -1  -2  -2   0  -2  -2  -1   1   0  -2  -2  -2    9  10   1  22   1   1   7  17   1   1   3   2   1   1   1  17   2   0   1   2  0.21 0.04
  343 S    -1   0   2  -1  -2   0   0  -1  -1  -3  -3   4  -2  -3   1   2   0  -3  -2  -2    1   1  13   1   0   1   1   1   0   1   1  45   0   0   7  25   1   0   0   1  0.40 0.11
  344 P    -2  -2  -1  -2  -3  -1  -1  -2   5  -3  -3   0  -3  -3   6  -1  -2  -3  -1  -3    1   1   1   1   0   1   1   1  25   1   1   8   0   0  57   1   1   0   0   1  1.24 0.17
  345 V    -1  -3  -3  -4  -2  -3  -3  -4  -4   3   2  -3   0  -1  -3  -2   1  -3  -2   4    0   0   0   0   0   0   0   0   0  22  15   0   0   0   0   0  13   0   0  49  0.44 0.12
  346 I    -2  -3  -4  -4  -2  -3  -4  -4  -4   4   2  -3   1   1  -3  -3  -1  -3  -1   3    0   0   0   0   0   0   0   0   0  45  25   0   0   6   0   0   0   0   0  25  0.51 0.12
  347 A     0  -3  -4  -4  -2  -3  -3  -3  -3   4   2  -3   1  -1  -3  -2  -1   5  -1   1   12   0   0   0   0   0   0   0   0  42  30   0   0   0   0   0   0  10   0   6  0.46 0.12
  348 A     0  -3  -3  -4   6  -2  -3  -3  -3   0   1  -3   4  -2  -3  -1   1  -3  -2   2    6   0   0   0  27   0   0   0   0   0  12   0  26   0   0   0  10   0   0  19  0.49 0.14
  349 G    -1  -3  -1  -2  -4  -3  -3   7  -3  -5  -5  -3  -4  -4  -3  -1  -3  -4  -4  -4    0   0   0   0   0   0   0 100   0   0   0   0   0   0   0   0   0   0   0   0  1.57 0.24
  350 D    -3  -3   0   7  -5  -1   0  -2  -2  -4  -5  -2  -4  -5  -3  -1  -2  -6  -4  -4    0   0   0 100   0   0   0   0   0   0   0   0   0   0   0   0   0   0   0   0  1.61 0.27
  351 F    -2  -3  -4  -4  -2  -3  -3  -4  -2   1   3  -3   4   3  -4  -3  -2  -1   1   1    0   0   0   0   0   0   0   0   0   0  45   0  17  20   0   0   0   0   6  13  0.47 0.12
  352 N    -3  -2   8   0  -4  -1  -1  -2  -1  -5  -5  -1  -3  -4  -3  -1  -1  -5  -3  -4    0   0 100   0   0   0   0   0   0   0   0   0   0   0   0   0   0   0   0   0  1.52 0.29
  353 V    -1  -3  -3  -3   2  -3  -3  -4  -3   3   0  -3   0  -2  -3  -1   3  -3  -2   4    0   0   0   0   4   0   0   0   0  24   0   0   0   0   0   0  25   0   0  46  0.45 0.14
  354 A     4  -2  -1  -2   3  -1  -1  -1  -2  -2  -1  -1  -1  -2   1   2   0  -3  -2  -1   51   0   0   0   7   0   0   1   0   0   7   0   0   0   7  24   0   0   0   0  0.37 0.11
  355 V    -2   1  -1  -2   2  -1  -1  -3   7  -2  -1  -1  -2  -2   3  -2  -2  -3   0  -1    1   7   0   0   6   0   0   1  49   0   7   0   0   0  19   0   0   0   0   7  0.70 0.16
  356 E    -1   1   2   1  -3   1   2  -2  -1  -2  -2   0   0   0  -2   1   1  -2  -1  -2    1  12  12   7   0   7  23   1   0   0   1   0   4   6   0  12  12   0   0   0  0.23 0.07
  357 D     0  -2  -1   3  -3   0   3  -2  -2  -1  -1  -1  -2  -3   4  -1  -1  -3  -3  -2    6   0   0  19   0   0  34   1   0   7   8   0   0   0  22   0   0   0   0   0  0.47 0.10
  358 I    -2  -3  -3  -4  -2  -3  -3  -4  -3   5   2  -3   2  -1  -3  -3  -1  -3  -2   1    1   0   0   0   0   0   0   1   0  69  20   0   6   0   0   0   0   0   0   0  0.59 0.15
  359 D    -3  -2   0   7  -4  -1   1  -2  -2  -4  -4  -2  -4  -4  -2  -1  -2  -5  -4  -4    1   0   0  93   0   0   0   1   0   0   1   0   0   0   0   0   0   0   0   0  1.39 0.23
  360 F    -1  -2  -2  -2  -1  -1  -2  -2   3   2   2  -2   1   1  -2  -2  -1  -1   0   1    2   1   1   1   0   1   2   2  12  25  29   1   1   7   1   2   1   0   1   8  0.16 0.05
  361 W     0   1  -1  -1   1   0   0   1  -1  -2  -2   1  -1   0  -1   0   0   6   0  -2    8   7   1   1   4   1   6  14   1   1   2  13   1   5   1   8   8  14   1   2  0.20 0.04
  362 N    -1  -1   4   3  -2  -1   0  -1   2   1  -2  -1  -1  -2  -2   0   0  -3  -2  -1    1   1  38  20   0   1   1   1   7  13   2   1   0   1   1   1   7   0   1   1  0.33 0.09
  363 P     1  -2  -2  -2  -2  -2  -2   1  -2  -3  -3  -2  -2  -3   7  -1  -1  -3  -3  -2   19   1   1   1   0   1   1  13   0   1   1   1   0   0  58   1   1   0   0   1  1.13 0.15
  364 D     0  -1   0   2  -2   0   2  -1  -1  -1   0   0  -1  -2  -1   0   0  -2  -1   0   12   2   1  19   1   1  23   2   1   2  10   5   1   1   2   6   2   0   1  10  0.14 0.03
  365 A     1  -1   2   0  -1   1   1   0  -1  -2  -2   0  -1  -2  -1   2   0  -2  -1  -1   19   2  15   2   1   7  14   7   1   2   3   2   1   1   2  19   2   0   1   2  0.18 0.04
  366 K    -1   0   3  -1  -3   1   0  -1  -1  -2  -1   3   0  -2  -2   0  -1  -3  -2  -2    1   1  27   1   0   7   1   1   0   1   9  37   4   0   1   8   1   0   0   1  0.30 0.10
  367 H    -1   3   1   1  -3   0   2   0   2  -3  -2   2  -2  -2  -2  -1   0  -2   1  -2    1  22   5   7   0   1  19  10   7   1   1  12   0   0   1   1   5   0   7   1  0.24 0.06
  368 V    -1   1   3   2   3   0   0  -1  -1   0  -1   1  -1  -2  -1   0  -1  -2  -2   0    2   8  22  14  12   1   1   2   0   7   2  14   0   1   1   2   1   0   1   8  0.17 0.05
  369 H    -1   3  -1   1   2   0   0  -2   2  -2  -1   1  -1   1  -1  -1   0  -1   0  -2    2  30   1   8   7   1   2   2   7   1   2  11   1  13   1   2   6   0   1   2  0.18 0.05
  370 M    -1   2  -1  -1   2   0   1   0  -1  -1  -1   2   1  -2  -2  -1  -1   5  -1  -1    1  11   1   1   6   1  13   8   0   7   2  25   7   1   1   1   1  13   1   1  0.24 0.07
  371 Q     0   1   2   0  -2   2   2  -1   0  -3  -2   2  -2  -3  -1   1   0  -3  -2  -2    8   7  18   1   0  13  18   1   0   1   1  13   0   1   1  15   1   0   0   1  0.28 0.06
  372 A     3  -1  -1  -1   4  -1   0  -1  -2   0  -1  -1  -1  -2   2   0  -1  -2  -2  -1   39   1   1   1  13   1   8   2   1   8   2   1   1   1  13   2   1   0   1   2  0.26 0.07
  373 G     0  -1   0  -1  -2   1  -1   4  -1  -3  -2  -1  -2  -2  -1   2  -1  -2  -2  -2    2   1   1   1   0   8   2  51   1   1   2   1   1   1   1  20   1   0   1   2  0.48 0.08
  374 T    -1  -2  -2  -2  -2  -2  -2  -2  -1   0   0  -2   0   6  -2  -1   0   0   2  -1    2   2   1   2   1   1   2   2   1   2   9   2   1  58   2   2   8   0   1   2  0.47 0.09
  375 T    -1  -2  -1   1  -2  -1  -1  -2  -2   1   1  -1   0  -2   1   0   3  -3  -2   0    1   1   1  12   0   1   1   1   0  14  14   1   0   1   6   5  41   0   0   1  0.22 0.08
  376 P    -1  -2  -2   2  -3   0  -1  -2  -2   1  -2  -1  -2  -3   6  -1  -1  -3  -3  -1    1   1   1  16   0   5   1   1   0  16   1   1   0   1  53   1   1   0   0   1  0.93 0.13
  377 A     0  -1   1   0  -2   2   3   1  -1  -3  -2   0  -2   0  -1   1  -1  -2  -1  -2    7   1   8   1   0  10  35  13   0   1   1   1   0   6   1  13   1   0   0   1  0.27 0.07
  378 E    -1   2  -1   0  -3   1   5  -2  -1  -1  -2   0  -2  -3   1  -1  -1  -3  -2  -2    1  12   1   1   0   1  63   1   0   7   1   1   0   1   8   1   1   0   0   1  0.57 0.13
  379 R    -2   5  -1   1  -3   0   0  -2  -1  -3  -2   3   1  -3  -2  -1  -1  -3  -2  -2    1  57   1   8   0   1   1   1   0   1   1  18   6   1   1   1   1   0   0   1  0.59 0.13
  380 A     1   1   1  -1  -2   2   2   0  -1  -2  -2   0  -2  -2  -2   0   1   5  -1  -2   17   7   6   1   0  11  22   7   0   1   1   1   0   0   1   1  12  12   0   1  0.27 0.07
  381 S     0   0  -1  -2  -2  -1   0   2  -2  -2  -2  -1   2  -2   1   3   0   5  -1  -2    4   7   0   0   0   0   6  15   0   0   0   0  12   0   7  35   0  13   0   0  0.33 0.11
  382 F    -2  -2  -2   1  -2  -2  -2  -2   2  -1  -1  -2   1   5  -3  -2   0   4   2  -2    1   1   1  12   0   1   1   1   7   1   1   1   4  46   1   1   7   7   5   1  0.43 0.11
  383 R    -1   4  -1  -1  -3   1  -1   3  -1  -3  -3   1  -2  -3  -2   1   1  -3  -2  -2    1  32   0   0   0   5   1  25   0   0   1   7   0   0   0  12  13   0   0   1  0.35 0.09
  384 L     0   3   1  -1  -2   3   0  -2  -1  -1   1   1   0  -2  -2  -1  -1  -2  -2  -1    8  20  10   1   0  23   4   1   0   1  19   7   0   1   1   1   1   0   1   1  0.20 0.07
  385 Y    -1  -1  -2  -2  -2  -1  -2  -2  -2   1   2   1   0   2  -2  -1   0   5   2   0    1   1   1   1   0   1   1   1   0   8  33  14   0   8   1   1   7  12   7   1  0.23 0.06
  386 T    -1  -2  -2  -2  -1  -2  -2  -2  -2   2   2  -2   1   2  -2   0   0  -1   1   1    1   1   1   1   0   1   1   1   0  13  32   1   0  13   1  13   7   0   5   7  0.14 0.05
  387 E    -1   2   4   1  -3   1   2  -1   0  -3  -2   1  -2  -3  -1   0  -1  -3  -2  -2    2  13  33   6   0   4  19   2   0   1   2  11   0   1   1   2   1   0   1   1  0.35 0.07
  388 P     0   1  -1  -1  -2   1   1  -1  -1  -1   0   1  -1  -1   2   0   0  -1   0  -1   10   9   2   2   1   8   8   2   1   2  11  13   1   1  12   8   2   0   6   2  0.13 0.02
  389 A     0  -1   0   2  -2  -1  -1   3  -1   0  -1  -1  -1  -2  -1   0  -1  -2  -2  -1    9   2   2  15   1   1   2  36   1   9   9   2   1   1   2   2   2   0   1   2  0.21 0.04
  390 S     0  -1   0   0   3  -1  -1  -1  -1   0   1  -1   0  -1  -1   1   1  -1  -1   0    4   3   2   7   9   2   3   4   1   3  22   3   1   2   3  10  16   1   2   3  0.05 0.02
  391 S     1   0   0   0  -1   1   1  -1   0   0  -1   0   0  -1   0   1   0  -1  -1   1   12   3   3   3   1  13   8   4   1   3   5   3   1   2   3  10   3   1   2  16  0.05 0.01
  392 D     0   0   0   3  -1   0   2  -1   0  -1  -1   1  -1  -1   0   0   0  -1  -1  -1    4   3   2  26   1   2  16   4   1   3   5  10   1   2   3   8   3   1   2   3  0.18 0.02
  393 A     1   0  -1  -1  -1   0   0  -1  -1   0   1   0   0  -1   0   1   0  -1  -1   0   15   3   3   3   1   3   4   4   1   3  25   8   1   2   3  11   3   1   2   4  0.03 0.01
  394 E     0   0   1   0  -1   0   1  -1  -1   0   1   0   1  -1  -1   0   1  -1  -1   0    4   3   9   3   1   2  17   4   1   3  18   3   9   2   3   4  10   1   2   3  0.05 0.02
  395 Q     1   0   0   0  -1   1   1  -1  -1  -1   0   0   0  -1   0   1   0  -1  -1  -1   12   2   2   6   1   8  13   3   1   2  17   3   1   2   2  13   7   1   1   3  0.06 0.01
  396 G     0   0   0  -1  -1   0   0   2  -1  -1  -1   0   0  -1   3   0   0  -1  -1   0   10   6   6   2   1   2   7  17   1   2   4   3   4   2  15   3   3   1   1  10  0.14 0.02
  397 C     0  -1  -1  -1   2  -1  -1  -1  -1   0   1  -1   1  -1   1   1   0  -1  -1   0    3   2   2   2   7   2   3   3   1   2  26   2   8   2   6  24   2   1   1   3  0.08 0.03
  398 A     0   2   0  -1  -2   1   0  -1   4  -1   0   2   1  -1  -1   0  -1  -2   0  -1    9  14   2   2   1   4   2   3  19   2  12  16   5   1   2   2   2   0   1   2  0.13 0.04
  399 A     1   1  -1   0  -1   2   0   1  -1   0   0   0   0  -2  -1   0   0  -2  -1   0   20   8   1   6   1  14   2  12   1   5   8   1   4   1   1   6   2   0   1   6  0.07 0.03
  400 N    -1  -1   1  -1  -2  -1  -1   3  -2  -1  -1   0   1  -1  -2   0   1   4  -1   0    2   1   7   1   0   1   1  32   0   1   6   6   7   1   1   2  13   8   1   7  0.21 0.05
  401 K    -1   0  -1   2  -2  -1  -1   2  -2   0   0   0  -1  -2   3   0  -1  -2  -2  -1    1   7   1  14   0   1   1  23   0   8  11   7   0   1  14   7   1   0   1   1  0.19 0.04
  402 W    -2  -3  -4  -4  -2  -3  -3  -4  -2   0   3  -3   0   5  -4  -3  -2   4   2  -1    0   0   0   0   0   0   0   0   0   0  47   0   0  39   0   0   0   6   4   0  0.62 0.14
  403 V     0  -2  -2  -3  -1  -2  -2  -3  -3   3   1  -2   1  -1  -2   0   2  -3  -2   3    6   0   0   0   0   0   0   0   0  21   7   0   4   0   0   6  16   0   0  37  0.26 0.09
  404 D    -3  -3   0   7  -5  -1   0  -2  -2  -4  -5  -2  -4  -5  -3  -1  -2  -6  -4  -4    0   0   0 100   0   0   0   0   0   0   0   0   0   0   0   0   0   0   0   0  1.61 0.27
  405 A     1  -2  -1  -2  -1  -1  -2  -2  -2   2  -1  -1  -1  -2  -2   3   3  -3  -2   1   13   0   0   0   0   0   0   0   0  19   0   0   0   0   0  33  29   0   0   6  0.32 0.12
  406 F    -3  -3  -3  -4  -3  -3  -3  -1  -1  -2  -1  -3  -1   6  -4  -2   0   0   6  -2    0   0   0   0   0   0   0   6   0   0   0   0   0  51   0   0   7   0  35   0  0.93 0.19
  407 R    -3   7  -2  -3  -5   0  -1  -4  -1  -4  -3   1  -3  -4  -3  -2  -2  -4  -3  -4    0 100   0   0   0   0   0   0   0   0   0   0   0   0   0   0   0   0   0   0  1.47 0.27
  408 H    -1  -1  -1  -2   2   0   0  -3   6  -1  -1   0  -1  -1  -3   0   1  -2   2  -2    0   0   0   0   8   4   3   0  34   6   7   9   0   0   0   6  13   0  10   0  0.33 0.11
  409 L     0  -2  -3  -3  -2   1  -2  -3  -2   1   3  -1   1   3  -3  -2  -1  -2   0   1    8   0   0   0   0  11   0   0   0   7  41   6   0  19   0   0   0   0   0   9  0.24 0.09
  410 Y    -2  -1   3  -2  -4   2  -1  -3   7  -3  -3  -1  -2   0  -3  -2  -2  -1   5  -3    0   0  17   0   0  15   0   0  39   0   0   0   0   0   0   0   0   0  30   0  0.84 0.19
  411 P    -2  -3  -3  -2  -4  -2  -2  -1  -3  -4  -4   0  -3  -5   8  -2   0  -5  -4  -3    0   0   0   0   0   0   0   6   0   0   0   6   0   0  81   0   7   0   0   0  1.83 0.24
  412 D    -1   0   2   3  -3   1   2   0  -1  -3  -3   2  -2  -4  -2   0   1  -4  -3  -3    0   0  13  23   0   8  12   9   0   0   0  25   0   0   0   0  11   0   0   0  0.38 0.09
  413 A     1   3  -1  -2  -2   3   0  -2  -1  -1  -1   1  -1  -3  -2   1   2  -3  -2   0   11  23   0   0   0  21   0   0   0   0   4   4   0   0   0   6  20   0   0  10  0.26 0.10
  414 K     0   0   0  -1  -3   1   2  -2  -1  -2  -1   3   0  -3   2   0   0  -3  -2  -1   10   0   5   0   0   4  18   0   0   0   7  33   4   0   8   0   6   0   0   4  0.24 0.08
  415 G    -1   0  -1   2  -3  -1   0   4  -1  -3  -3   0   0  -2  -2  -1  -2  -2   1  -3    1   4   0  19   0   0   6  44   0   0   1   7   6   0   0   0   0   0   9   0  0.40 0.10
  416 H     2   1  -1  -1  -2   0   1  -1   2  -2  -1   1   2  -2  -1   0  -1  -2  -1  -1   35  10   1   1   0   0  14   1   7   1   1   9  13   0   1   5   1   0   0   1  0.19 0.08
  417 F    -3  -3  -3  -4  -3  -3  -3  -4   0  -2  -1  -3  -1   6  -4  -1  -2   1   7  -2    0   0   0   0   0   0   0   0   0   0   0   0   0  42   0   6   0   0  51   0  1.13 0.21
  418 T    -1  -2  -1  -2  -2  -2  -2   0  -3  -2  -2  -2  -2  -3  -2   2   6  -4  -3  -1    0   0   0   0   0   0   0   6   0   0   0   0   0   0   0  16  77   0   0   0  0.79 0.21
  419 F    -2  -4  -4  -5   6  -4  -4  -4  -3  -1  -1  -4  -1   5  -4  -3  -3   7   2   0    0   0   0   0  23   0   0   0   0   0   0   0   0  43   0   0   0  22   4   7  1.07 0.19
  420 W    -4  -4  -5  -6  -4  -4  -4  -4  -3  -3  -2  -4  -2   4  -5  -4  -4  11   1  -4    0   0   0   0   0   0   0   0   0   0   0   0   0  26   0   0   0  74   0   0  2.58 0.32
  421 S     1  -2   2   2  -2  -1  -1   0  -1  -3  -3  -1  -2  -3  -2   4   2  -4  -3  -2    6   0  13  13   0   0   0   4   0   0   0   0   0   0   0  51  13   0   0   0  0.46 0.13
  422 Q     1  -2  -2  -2  -2   1  -1   0   0  -2  -2  -1   1   0  -2   0   1   0   5  -1   17   0   0   0   0  12   0   6   0   0   0   0   7   0   0   6  10   0  38   4  0.34 0.12
  423 R    -1   4   0  -2  -3  -1  -1  -3  -2  -1   0   0   2  -2   2   0  -1  -3  -2   0    0  39   6   0   0   0   0   0   0   0  11   0  13   0  13   6   0   0   0  12  0.33 0.11
  424 A     1  -1  -1  -2  -2  -1  -1   0   4  -2  -1   0   1  -2   1   2   0  -3  -1  -2   14   0   0   0   0   0   0   4  18   0   6   7   9   0   6  32   4   0   0   0  0.24 0.10
  425 R    -1   1   3  -1  -3  -1  -1   4   2  -1  -3   2  -2  -3  -3  -1  -1  -4  -2  -3    0   6  26   0   0   0   0  36   6   6   0  18   0   0   0   0   0   0   0   0  0.45 0.12
  426 N     3  -2   1  -2  -2  -2  -2   3  -2  -2  -1  -1  -1  -3  -2   1   2  -3  -3  -1   34   0   6   0   0   0   0  27   0   0   7   0   0   0   0   6  19   0   0   0  0.34 0.10
  427 R    -2   5  -2  -2  -4   0   0  -3  -1  -3  -2   2  -2   3  -3  -2  -2  -2   2  -3    0  57   0   0   0   0   6   0   0   0   0  12   0  19   0   0   0   0   6   0  0.65 0.16
  428 G     0  -1   0   1  -2   0   0   0   3  -1  -2   0  -2  -2   2   2  -1  -3   1  -1    4   0   0  12   0   6   0   6  12   6   0   4   0   0  13  26   0   0   6   4  0.22 0.08
  429 P    -1   2   1   1  -3   0   0  -2  -1  -2   0   2  -1   0   1   0   1  -3  -2  -2    0  14   6  13   0   0   0   0   0   0  12  26   0   6   6   7  11   0   0   0  0.19 0.07
  430 N    -2  -1   7   0  -3  -1  -1   1   0  -3  -3  -1  -3  -3  -2   0  -1  -3  -3  -3    1   1  81   1   0   1   1   7   0   1   1   1   0   1   1   1   1   0   0   1  0.98 0.19
  431 R    -1   2  -2  -2  -2  -1  -1  -3   0   0  -1   1  -1   0  -2  -1   0   0   4   1    1  19   1   1   0   1   1   1   0   4   1  12   0   1   1   1   6   0  31  18  0.26 0.09
  432 G    -1   0  -1  -2  -3  -2  -2   6  -2  -4  -3  -2  -3  -3  -2  -1  -2  -3  -3  -3    1   7   1   1   0   1   1  81   0   1   1   1   0   1   1   1   1   0   0   1  1.01 0.15
  433 L    -1  -2  -2  -2  -2  -1  -2  -2  -2  -1   1  -2   1  -1  -2   2   0   8   0  -1    1   1   1   1   0   1   1   1   0   1  20   1   7   1   1  25   7  31   0   1  0.64 0.13
  434 R    -2   7  -1  -2  -3   0  -1  -3  -1  -3  -3   1  -2  -3  -2  -1  -2  -3  -2  -3    1  87   1   1   0   1   1   1   0   1   1   1   0   1   1   1   1   0   0   1  1.08 0.19
  435 L    -2  -4  -4  -4  -2  -3  -4  -5  -4   5   3  -3   1  -1  -4  -3  -2  -3  -2   1    0   0   0   0   0   0   0   0   0  60  40   0   0   0   0   0   0   0   0   0  0.69 0.17
  436 D    -3  -3   0   7  -5  -1   0  -2  -2  -4  -5  -2  -4  -5  -3  -1  -2  -6  -4  -4    0   0   0 100   0   0   0   0   0   0   0   0   0   0   0   0   0   0   0   0  1.61 0.27
  437 Y    -3  -2  -2  -4  -3  -2  -3  -4   6  -2   0  -3  -2   3  -4  -3  -3   0   7  -2    0   0   0   0   0   0   0   0  24   0   8   0   0   7   0   0   0   0  61   0  1.10 0.22
  438 F    -2  -3  -3  -4   1  -3  -4  -4  -3   3   1  -3   0   4  -4  -2   0   3   1   2    0   0   0   0   4   0   0   0   0  31   8   0   0  34   0   0   6   6   0  12  0.44 0.12
  439 L    -2  -3  -4  -4  -2  -3  -4  -4  -4   2   4  -3   1   0  -4  -3  -2  -3  -2   2    0   0   0   0   0   0   0   0   0   7  76   0   0   0   0   0   0   0   0  18  0.65 0.15
  440 L     1  -3  -2  -3  -2  -2  -3   2  -3   1   1  -2   0  -2  -3  -1   0  -3  -2   3   14   0   0   0   0   0   0  25   0   0  15   0   0   0   0   0   6   0   0  40  0.27 0.10
  441 S     1  -2   0   2  -2  -1  -1  -1   2  -3  -3  -1  -2  -3  -2   5   1  -4  -2  -2    6   0   0  12   0   0   0   0   7   0   0   0   0   0   0  70   6   0   0   0  0.59 0.18
  442 P    -1   2   1  -1  -3   2   2   0   1  -3  -1   2  -1  -3   2   0  -1  -3  -2  -2    4  12   6   0   0  13  14   6   6   0   7  18   0   0  12   3   0   0   0   0  0.28 0.06
  443 G     1   2   0   0  -2   1   0   0  -1  -3  -3   1  -2  -3   1   2   1  -3  -2  -2   14  14   0   6   0   6   0   6   0   0   0  12   0   0   8  20  15   0   0   0  0.25 0.07
  444 M    -2  -3  -4  -4  -2  -3  -4  -1  -3   2   4  -3   2   1  -4  -3  -2  -2  -1   0    0   0   0   0   0   0   0   7   0  10  73   0   6   4   0   0   0   0   0   0  0.54 0.14
  445 L     2  -1  -3  -2  -2  -1   0  -2  -2   1   2   0   1  -1  -2  -1  -1  -3  -2   2   24   0   0   0   0   0   7   0   0   0  35  10   4   0   0   0   0   0   0  20  0.18 0.09
  446 G     0   0   1   2   2  -1   2   0  -2   0  -2  -1  -2  -3   3   0  -1  -4  -3  -1    4   7   7  16   6   0  16   6   0  12   0   0   0   0  19   6   0   0   0   0  0.29 0.07
  447 G     0   3   0   1   2   1   0   1   1  -3  -3   2  -2  -3  -2   0   0   3  -2  -3    6  22   4  12   7   4   0  10   6   0   0  16   0   0   0   4   4   6   0   0  0.24 0.07
  448 L    -1  -3  -3  -3   4  -3  -3  -2  -3   2   1  -3   0  -1  -3  -2   1  -2   1   2    0   0   0   0  15   0   0   4   0  21  15   0   0   0   0   0  12   0   7  26  0.29 0.09
  449 H    -1   0  -1  -2   3   1   0  -3   3   0  -1   3  -1   1  -2  -1   0  -2  -1   1    0   0   0   0   9   6   4   0  11   8   0  30   0  12   0   0   6   0   0  15  0.16 0.09
  450 H     0   1   1   4  -3   2   2  -2   2  -2  -3   1  -2  -3  -2   0  -1  -4  -2  -2    7   6   7  36   0  12  10   0   6   4   0   6   0   0   0   6   0   0   0   0  0.39 0.09
  451 V     2  -2  -1  -2   4  -1  -2  -2   1   0  -1  -2  -1  -1  -2   2   1  -2   1   1   25   0   0   0  12   0   0   0   4   7   0   0   0   0   0  27   6   0   8  11  0.23 0.09
  452 Q    -1  -1   0   4  -3   1   3  -2  -1  -3  -3   2  -3  -3   0   1  -1  -3   0  -3    0   0   0  33   0   6  22   0   0   0   0  15   0   0   4  15   0   0   4   0  0.47 0.11
  453 H    -2  -3  -3  -4  -2  -3  -3  -4   3   5   1  -3   3   2  -4  -3  -2  -3  -1   1    0   0   0   0   0   0   0   0  10  66   0   0  12  12   0   0   0   0   0   0  0.58 0.17
  454 R    -2   4  -2  -3  -3  -1  -2  -3   1   1   2   0   2  -1  -3  -1  -1  -3  -2   0    0  36   0   0   0   0   0   0   6  12  29   0   6   0   0   4   0   0   0   7  0.29 0.10
  455 Q     1  -2   0   0  -2   1   0  -2  -2  -3  -3  -1  -2  -3   5   2   2  -4  -3  -2   14   0   3   6   0   6   6   0   0   0   0   0   0   0  30  18  16   0   0   0  0.54 0.10
  456 E    -1  -1   1   2   2   1   3   0  -1  -2  -2   0   2  -3  -2   1   0  -3  -3  -2    0   0   6  15   7   4  30   6   0   0   0   6  13   0   0  10   3   0   0   0  0.28 0.09
  457 L     0  -2  -3  -2   1  -2   0  -1  -2   2   0  -2   0   2  -3  -2  -1  -2   1   2    9   0   0   0   4   0  13   6   0  18   6   0   0  12   0   0   0   0   6  26  0.13 0.07
  458 L    -1  -1   0  -3  -2  -1  -2  -3   2   0   3   2   5  -1  -3  -2  -1  -3  -2  -1    6   0   4   0   0   0   0   0   6   0  37  18  29   0   0   0   0   0   0   0  0.31 0.13
  459 G    -1   0  -1  -2  -3  -2  -2   5  -2  -3  -3  -1  -3  -3   2  -1  -2  -3  -3  -3    1   6   1   1   0   1   1  70   0   1   1   1   0   1  13   1   1   0   0   1  0.85 0.13
  460 S     0  -2   0  -1  -2   1  -1  -1  -2  -4  -4  -1  -3  -4  -2   6   0  -4  -3  -3    0   0   0   0   0   6   0   0   0   0   0   0   0   0   0  94   0   0   0   0  0.92 0.24
  461 D    -3  -3   0   7  -5  -1   0  -2  -2  -4  -5  -2  -4  -5  -3  -1  -2  -6  -4  -4    0   0   0 100   0   0   0   0   0   0   0   0   0   0   0   0   0   0   0   0  1.61 0.27
  462 H    -3  -2  -1  -3  -4  -1  -1  -3  10  -5  -4  -2  -3  -3  -4  -2  -3  -4   0  -5    0   0   0   0   0   0   0   0 100   0   0   0   0   0   0   0   0   0   0   0  2.10 0.34
  463 C     1  -4  -3  -4   9  -3  -3  -3  -3  -2  -2  -3  -2  -3  -3   0   0  -3  -3   0   13   0   0   0  66   0   0   0   0   0   0   0   0   0   0   9   6   0   0   6  1.22 0.21
  464 P     0  -3  -3  -3  -4  -2  -2  -3  -3  -4  -4  -2  -3  -5   8  -2  -2  -5  -4  -3    9   0   0   0   0   0   0   0   0   0   0   0   0   0  91   0   0   0   0   0  2.19 0.25
  465 V    -1  -4  -4  -4  -2  -3  -4  -4  -4   4   0  -3   0  -1  -3  -3  -1  -4  -2   4    0   0   0   0   0   0   0   0   0  43   0   0   0   0   0   0   0   0   0  57  0.69 0.16
  466 V    -1  -2  -1  -2  -2  -1  -1   2  -1  -1  -2   0  -1   1  -2  -1   2   4   3   0    0   0   0   0   0   0   4  23   0   0   0   9   0   6   0   0  22   7  14  13  0.23 0.08
  467 I     1  -3  -3  -3  -1  -2  -3  -3  -3   2   3  -2   1  -1  -3   0  -1  -3  -2   1   20   0   0   0   0   0   0   0   0  18  49   0   0   0   0   8   0   0   0   5  0.30 0.09
  468 E    -1  -2  -1   2  -3   0   3  -3  -1   1  -1  -1  -1   1  -2   0  -1  -2   1   1    0   0   0  14   0   0  37   0   0   9   0   0   0   9   0   6   0   0   6  18  0.25 0.09
  469 L    -2  -3  -4  -4  -2  -3  -4  -4  -3   2   4  -3   1   2  -4  -3  -2  -2  -1   1    0   0   0   0   0   0   0   0   0  11  71   0   0  12   0   0   0   0   0   5  0.55 0.11
  470 D     0   1   3   4  -3   0   0  -1  -1  -3  -3   0  -2  -3  -2   2  -1  -4  -3  -3   12  11  16  38   0   0   0   0   0   0   0   6   0   0   0  18   0   0   0   0  0.44 0.08
  471 F    -1  -3  -4  -4  -2  -3  -3  -4  -3   3   3  -3   1   2  -3  -3  -1  -2  -1   3    0   0   0   0   0   0   0   0   0  37  31   0   0  10   0   0   0   0   0  23  0.39 0.06
  472 S     0   0   3   0  -2   0   0  -1  -1  -3  -3   2  -2  -3  -1   3   1  -3  -2  -2    0   0  20   0   0   0   0   0   0   0   0  24   0   0   0  56   0   0   0   0  0.36 0.03
  473 K     0   0   3   0   4   0   0  -1  -1  -3  -3   2  -2  -3  -2   2   0  -3  -2  -2    0   0  30   0  16   0   0   0   0   0   0  27   0   0   0  28   0   0   0   0  0.31 0.01
  474 L    -1  -2  -3  -4  -1  -2  -3  -4  -3   2   3  -3   2   0  -3  -2  -1  -2  -1   3    0   0   0   0   0   0   0   0   0   0  57   0   0   0   0   0   0   0   0  43  0.35 0.01
  475 F    -2  -3  -3  -3  -2  -3  -3  -3  -1   0   0  -3   0   6  -3  -2  -2   1   3  -1    0   0   0   0   0   0   0   0   0   0   0   0   0   0   0   0   0   0   0   0  0.00     0.00
  476 L    -1  -2  -3  -3  -1  -2  -3  -4  -3   1   4  -2   2   0  -3  -2  -1  -2  -1   1    0   0   0   0   0   0   0   0   0   0   0   0   0   0   0   0   0   0   0   0  0.00     0.00
  477 Y    -2  -2  -2  -3  -2  -1  -2  -3   2  -1  -1  -2  -1   3  -3  -2  -2   2   6  -1    0   0   0   0   0   0   0   0   0   0   0   0   0   0   0   0   0   0   0   0  0.00     0.00
  478 A     4  -1  -1  -2   0  -1  -1   0  -2  -1  -1  -1  -1  -2  -1   1   0  -2  -2   0    0   0   0   0   0   0   0   0   0   0   0   0   0   0   0   0   0   0   0   0  0.00     0.00
  479 D    -2  -2   1   6  -3   0   1  -1  -1  -3  -3  -1  -3  -3  -1   0  -1  -4  -3  -3    0   0   0   0   0   0   0   0   0   0   0   0   0   0   0   0   0   0   0   0  0.00     0.00
  480 Y    -2  -2  -2  -3  -2  -1  -2  -3   2  -1  -1  -2  -1   3  -3  -2  -2   2   6  -1    0   0   0   0   0   0   0   0   0   0   0   0   0   0   0   0   0   0   0   0  0.00     0.00
  481 G     0  -2   0  -1  -2  -2  -2   5  -2  -4  -4  -1  -3  -3  -2   0  -2  -2  -3  -3    0   0   0   0   0   0   0   0   0   0   0   0   0   0   0   0   0   0   0   0  0.00     0.00
  482 V     0  -2  -3  -3  -1  -2  -2  -3  -3   2   1  -2   1  -1  -2  -2   0  -3  -1   4    0   0   0   0   0   0   0   0   0   0   0   0   0   0   0   0   0   0   0   0  0.00     0.00
  483 R    -1   5   0  -2  -3   1   0  -2   0  -3  -2   2  -1  -3  -2  -1  -1  -3  -2  -2    0   0   0   0   0   0   0   0   0   0   0   0   0   0   0   0   0   0   0   0  0.00     0.00
  484 R    -1   5   0  -2  -3   1   0  -2   0  -3  -2   2  -1  -3  -2  -1  -1  -3  -2  -2    0   0   0   0   0   0   0   0   0   0   0   0   0   0   0   0   0   0   0   0  0.00     0.00

                      K         Lambda
Standard Ungapped    0.1339     0.3180
Standard Gapped      0.0360     0.2670
PSI Ungapped         0.1176     0.3171
PSI Gapped           0.0360     0.2670
