
Last position-specific scoring matrix computed, weighted observed percentages rounded down, information per position, and relative weight of gapless real matches to pseudocounts
            A   R   N   D   C   Q   E   G   H   I   L   K   M   F   P   S   T   W   Y   V   A   R   N   D   C   Q   E   G   H   I   L   K   M   F   P   S   T   W   Y   V
    1 C     0  -3  -3  -3   8  -3  -4  -2  -3  -1  -1  -3  -1  -2  -3  -1  -1  -2  -2  -1    0   0   0   0   0   0   0   0   0   0   0   0   0   0   0   0   0   0   0   0  0.00     0.00
    2 E    -1   0   0   1  -4   2   5  -2   0  -3  -3   1  -2  -3  -1   0  -1  -3  -2  -2    0   0   0   0   0   0   0   0   0   0   0   0   0   0   0   0   0   0   0   0  0.00     0.00
    3 V     0  -2  -3  -3  -1  -2  -2  -3  -3   3   1  -2   1  -1  -2  -2   0  -3  -1   4    0   0   0   0   0   0   0   0   0   0   0   0   0   0   0   0   0   0   0   0  0.00     0.00
    4 G     0  -2   0  -1  -2  -2  -2   6  -2  -4  -4  -2  -3  -3  -2   0  -2  -2  -3  -3    0   0   0   0   0   0   0   0   0   0   0   0   0   0   0   0   0   0   0   0  0.00     0.00
    5 S     1  -1   1   0  -1   0   0   0  -1  -2  -2   0  -1  -2  -1   4   1  -3  -2  -2    0   0   0   0   0   0   0   0   0   0   0   0   0   0   0   0   0   0   0   0  0.00     0.00
    6 R    -1   5   0  -2  -3   1   0  -2   0  -3  -2   2  -1  -3  -2  -1  -1  -3  -2  -2    0   0   0   0   0   0   0   0   0   0   0   0   0   0   0   0   0   0   0   0  0.00     0.00
    7 T     0  -1   0  -1  -1  -1  -1  -2  -2  -1  -1  -1  -1  -2  -1   1   4  -2  -2   0    0   0   0   0   0   0   0   0   0   0   0   0   0   0   0   0   0   0   0   0  0.00     0.00
    8 V     0  -2  -3  -3  -1  -2  -2  -3  -3   3   1  -2   1  -1  -2  -2   0  -3  -1   4    0   0   0   0   0   0   0   0   0   0   0   0   0   0   0   0   0   0   0   0  0.00     0.00
    9 S     1  -1   1   0  -1   0   0   0  -1  -2  -2   0  -1  -2  -1   4   1  -3  -2  -2    0   0   0   0   0   0   0   0   0   0   0   0   0   0   0   0   0   0   0   0  0.00     0.00
   10 H    -2   0   1  -1  -3   0   0  -2   7  -3  -3  -1  -2  -1  -2  -1  -2  -2   2  -3    0   0   0   0   0   0   0   0   0   0   0   0   0   0   0   0   0   0   0   0  0.00     0.00
   11 R    -1   5   0  -2  -3   1   0  -2   0  -3  -2   2  -1  -3  -2  -1  -1  -3  -2  -2    0   0   0   0   0   0   0   0   0   0   0   0   0   0   0   0   0   0   0   0  0.00     0.00
   12 A     4  -1  -2  -2   0  -1  -1   0  -2  -1  -1  -1  -1  -2  -1   1   0  -2  -2   0    0   0   0   0   0   0   0   0   0   0   0   0   0   0   0   0   0   0   0   0  0.00     0.00
   13 C     0  -3  -3  -3   8  -3  -4  -2  -3  -1  -1  -3  -1  -2  -3  -1  -1  -2  -2  -1    0   0   0   0   0   0   0   0   0   0   0   0   0   0   0   0   0   0   0   0  0.00     0.00
   14 P    -1  -2  -2  -1  -3  -1  -1  -2  -2  -3  -3  -1  -2  -4   7  -1  -1  -4  -3  -2    0   0   0   0   0   0   0   0   0   0   0   0   0   0   0   0   0   0   0   0  0.00     0.00
   15 P    -1  -2  -2  -1  -3  -1  -1  -2  -2  -3  -3  -1  -2  -4   7  -1  -1  -4  -3  -2    0   0   0   0   0   0   0   0   0   0   0   0   0   0   0   0   0   0   0   0  0.00     0.00
   16 D    -2  -2   1   6  -3   0   1  -1  -1  -3  -4  -1  -3  -3  -1   0  -1  -4  -3  -3    0   0   0   0   0   0   0   0   0   0   0   0   0   0   0   0   0   0   0   0  0.00     0.00
   17 G     0  -2   0  -1  -2  -2  -2   6  -2  -4  -4  -2  -3  -3  -2   0  -2  -2  -3  -3    0   0   0   0   0   0   0   0   0   0   0   0   0   0   0   0   0   0   0   0  0.00     0.00
   18 A     4  -1  -2  -2   0  -1  -1   0  -2  -1  -1  -1  -1  -2  -1   1   0  -2  -2   0    0   0   0   0   0   0   0   0   0   0   0   0   0   0   0   0   0   0   0   0  0.00     0.00
   19 P    -1  -2  -2  -1  -3  -1  -1  -2  -2  -3  -3  -1  -2  -4   7  -1  -1  -4  -3  -2    0   0   0   0   0   0   0   0   0   0   0   0   0   0   0   0   0   0   0   0  0.00     0.00
   20 S     1  -1   1   0  -1   0   0   0  -1  -2  -2   0  -1  -2  -1   4   1  -3  -2  -2    0   0   0   0   0   0   0   0   0   0   0   0   0   0   0   0   0   0   0   0  0.00     0.00
   21 Q    -1   1   0   0  -3   5   2  -2   0  -3  -2   1   0  -3  -1   0  -1  -2  -1  -2    0   0   0   0   0   0   0   0   0   0   0   0   0   0   0   0   0   0   0   0  0.00     0.00
   22 R    -1   5   0  -2  -3   1   0  -2   0  -3  -2   2  -1  -3  -2  -1  -1  -3  -2  -2    0   0   0   0   0   0   0   0   0   0   0   0   0   0   0   0   0   0   0   0  0.00     0.00
   23 V     0  -2  -3  -3  -1  -2  -2  -3  -3   3   1  -2   1  -1  -2  -2   0  -3  -1   4    0   0   0   0   0   0   0   0   0   0   0   0   0   0   0   0   0   0   0   0  0.00     0.00
   24 C     0  -3  -3  -3   8  -3  -4  -2  -3  -1  -1  -3  -1  -2  -3  -1  -1  -2  -2  -1    0   0   0   0   0   0   0   0   0   0   0   0   0   0   0   0   0   0   0   0  0.00     0.00
   25 R    -1   5   0  -2  -3   1   0  -2   0  -3  -2   2  -1  -3  -2  -1  -1  -3  -2  -2    0   0   0   0   0   0   0   0   0   0   0   0   0   0   0   0   0   0   0   0  0.00     0.00
   26 R    -1   5   0  -2  -3   1   0  -2   0  -3  -2   2  -1  -3  -2  -1  -1  -3  -2  -2    0   0   0   0   0   0   0   0   0   0   0   0   0   0   0   0   0   0   0   0  0.00     0.00
   27 A     4  -1  -2  -2   0  -1  -1   0  -2  -1  -1  -1  -1  -2  -1   1   0  -2  -2   0    0   0   0   0   0   0   0   0   0   0   0   0   0   0   0   0   0   0   0   0  0.00     0.00
   28 E    -1   0   0   1  -4   2   5  -2   0  -3  -3   1  -2  -3  -1   0  -1  -3  -2  -2    0   0   0   0   0   0   0   0   0   0   0   0   0   0   0   0   0   0   0   0  0.00     0.00
   29 T     0  -1   0  -1  -1  -1  -1  -2  -2  -1  -1  -1  -1  -2  -1   1   4  -2  -2   0    0   0   0   0   0   0   0   0   0   0   0   0   0   0   0   0   0   0   0   0  0.00     0.00
   30 V     0  -2  -3  -3  -1  -2  -2  -3  -3   3   1  -2   1  -1  -2  -2   0  -3  -1   4    0   0   0   0   0   0   0   0   0   0   0   0   0   0   0   0   0   0   0   0  0.00     0.00
   31 A     4  -1  -2  -2   0  -1  -1   0  -2  -1  -1  -1  -1  -2  -1   1   0  -2  -2   0    0   0   0   0   0   0   0   0   0   0   0   0   0   0   0   0   0   0   0   0  0.00     0.00
   32 E    -1   0   0   1  -4   2   5  -2   0  -3  -3   1  -2  -3  -1   0  -1  -3  -2  -2    0   0   0   0   0   0   0   0   0   0   0   0   0   0   0   0   0   0   0   0  0.00     0.00
   33 M    -1  -2  -3  -4  -1  -2  -3  -4  -3   1   4  -2   4   0  -3  -2  -1  -2  -1   1    0   0   0   0   0   0   0   0   0   0  68   0  32   0   0   0   0   0   0   0  0.40 0.01
   34 C    -1  -4  -3  -4  10  -4  -4  -3  -4  -2  -2  -4  -2  -3  -3  -1  -1  -3  -3  -1    0   0   0   0 100   0   0   0   0   0   0   0   0   0   0   0   0   0   0   0  1.57 0.09
   35 A     3  -1  -2  -2  -1   2  -1  -1  -2   0  -1  -1  -1  -2  -1   0   0  -3  -2   1   62   0   0   0   0  18   0   0   0   0   0   0   0   0   0   0   0   0   0  20  0.26 0.04
   36 R    -2   6  -1  -2  -4   1  -1  -3  -1  -4  -3   2  -2  -3  -3  -1  -2   3  -2  -3    0  94   0   0   0   0   0   0   0   0   0   0   0   0   0   0   0   6   0   0  0.92 0.09
   37 A     3  -2  -2  -2  -1  -1  -1   1  -2  -1   0  -1   0   1  -1   1  -1  -2  -1  -1   52   0   0   0   0   0   1  10   0   0  14   0   0  12   0   7   0   0   0   1  0.19 0.04
   38 H     1   0  -1  -1  -2  -1  -1   1   3  -2   0  -1  -1  -1  -2   2   0   5   0  -2   10   6   0   0   0   0   1   8  15   0  14   0   0   0   0  31   0  11   0   1  0.20 0.04
   39 R    -2   6   0  -2  -4   0  -1  -3  -1  -3  -2   2  -2  -3   1  -1  -2  -3  -2  -3    0  67   3   0   0   0   0   0   0   0   5  13   0   0   8   0   0   0   0   0  0.74 0.14
   40 G     0  -3  -2  -2  -3  -2  -3   5  -3  -2  -3  -2  -2  -1   0   1  -1  -3   0   1    4   0   0   0   0   0   0  53   0   0   0   0   0   3   4  13   0   0   4  18  0.55 0.17
   41 L    -1  -1  -3  -3  -2  -2  -3  -1  -2   1   2  -2   2   3  -1  -1  -2   2   1   1    3   5   0   0   0   0   1   5   0   7  30   0   7  20   3   3   0   3   4   8  0.23 0.12
   42 A     1   0  -2  -2  -2  -1  -2  -2  -1   1   0   0  -1   0  -2   2   0   3  -1   1   18   4   0   0   0   1   0   0   1  12  10   6   0   5   0  19   4   4   0  13  0.13 0.11
   43 L    -1  -2  -3  -4  -2  -1  -3  -2  -3   1   3  -3   1   2  -3   0  -2  -2   1   1    5   1   0   0   0   3   0   3   0   6  42   0   3  11   0  11   0   0   4  10  0.31 0.18
   44 L    -1  -3  -4  -4  -3  -3  -4  -4  -3   2   4  -3   0   4  -4  -1  -1  -2  -1   1    3   0   0   0   0   0   0   0   0  15  45   0   0  18   0   6   2   0   0   8  0.52 0.23
   45 L    -1   1  -3  -2   0  -1  -2  -1  -3   1   3  -1   0   1  -3  -1  -1  -3  -2   2    2   9   0   2   2   3   2   6   0   9  35   2   0   8   0   3   2   0   0  15  0.18 0.14
   46 L    -2   0  -2  -4  -1  -3  -3  -4   1   0   2  -2  -1   2  -2  -3  -1   3   5   1    2   6   2   0   2   0   0   0   4   2  25   2   0   6   2   0   5   4  27  12  0.44 0.25
   47 L    -1  -2  -4  -2  -3  -2  -3  -3  -3   1   2  -1   5   4  -2  -1  -1  -3   1   0    5   2   0   2   0   2   0   1   0   7  20   4  23  18   2   3   2   0   4   6  0.42 0.26
   48 A     4  -3  -1  -4   0  -3  -2  -3  -3   1   0  -3   0   0   0   0   0  -4   0   1   40   0   3   0   1   0   1   0   0   9   7   0   3   5   4   7   5   0   3  10  0.34 0.26
   49 R     1   2  -1  -2  -1  -2  -2   0  -3   0   0  -1  -1  -2  -1   2   1  -3   0   0   15  15   2   1   1   0   0   7   0   4  12   1   1   1   2  21   8   0   3   6  0.15 0.18
   50 P     0  -2  -3  -4  -3   0  -2  -3   0  -1  -2  -1  -1  -3   6   2   1  -5  -2  -2    7   2   0   0   1   4   1   1   2   3   3   4   2   1  43  15   8   0   1   2  0.83 0.40
   51 S     1   0   0  -1  -3  -1  -2   3  -1  -3  -2  -1  -3   1   0   2  -1   2   1  -2   13   7   3   2   0   2   1  24   1   0   5   4   0   6   4  16   2   3   5   1  0.23 0.18
   52 L    -1  -2  -2  -1  -3  -2  -2  -2  -2   1   2  -2   3   0   0  -1   0   2   0   2    6   2   1   3   0   0   3   2   1   7  27   1   8   3   4   3   4   3   3  17  0.20 0.16
   53 T     0   1   0   0  -2  -1   0  -3  -2   1   0  -1  -1   0  -1   1   2   0   0   1    7   7   4   4   1   2   6   0   0   9   9   1   1   4   2  10  18   1   2  11  0.10 0.12
   54 Q     0   3   0  -2  -2   1   0  -2   1  -3   0   1  -1   1   0   2   0  -3  -1  -3    6  20   4   1   1   5   5   3   4   0   8   7   1   6   4  16   7   0   2   0  0.19 0.18
   55 A     1   3  -2  -3  -4   0  -1  -1   1  -4  -3   1   1  -1   5   0  -1  -5  -2  -1   15  17   1   1   0   3   2   4   3   0   2   6   4   3  25   7   3   0   1   3  0.47 0.29
   56 E    -2   2   1   4  -5   1   1  -1  -1  -3  -3   3  -2  -5   0   0  -1  -5  -4  -3    2  13   7  23   0   4   8   3   1   1   2  19   1   0   3   7   3   0   0   1  0.45 0.29
   57 P    -1   1   0   0  -5  -3  -1  -4  -3  -3   0  -1  -4  -1   6  -1  -3  -5   0  -3    6   7   4   6   0   1   3   1   1   2  11   4   0   2  43   4   1   0   4   1  0.84 0.43
   58 H    -1  -1  -2  -2  -3  -2  -1   0   2   0   3  -1   3   1  -2  -2  -2   1   1   0    5   3   1   2   0   1   5   8   5   3  31   4   8   6   2   2   1   2   4   7  0.19 0.18
   59 A     2   2  -1  -1  -2   0  -1   0  -2  -4  -3   0  -1  -3   1   3   0  -5  -1  -2   19  10   2   4   1   4   3   6   0   0   3   4   2   1   6  27   4   0   3   2  0.31 0.28
   60 D    -2  -2   0   0  -4  -1  -4  -3  -4   0   4  -1  -1   0  -3  -2  -3  -4  -2   0    2   2   6   6   0   3   0   2   0   5  50   5   1   4   1   3   1   0   1   7  0.53 0.36
   61 P     1   1  -2   0  -5   3   1  -3  -2  -5  -5   4  -3  -5   2   0   0  -6  -2  -3   12   6   1   5   0  11   7   2   1   0   1  28   0   0  12   5   5   0   2   1  0.53 0.38
   62 P    -2  -4   0  -3  -7  -3  -5   6  -3  -5  -7  -5  -6  -7   2  -2  -2  -7  -7  -1    3   1   5   1   0   1   1  66   1   1   0   0   0   0  10   3   3   0   0   5  1.48 0.71
   63 A     2   3  -3  -4  -1   2  -2  -4  -4  -5  -2   5   0  -4  -5   0  -1  -6  -1  -3   17  13   1   1   1   7   2   1   0   0   3  38   3   0   0   5   3   0   2   1  0.76 0.48
   64 N    -2   0   2  -4  -3  -4  -4  -5   1  -2  -2  -1  -4  -3  -2   0   4   5  -1   3    3   6  10   0   0   0   0   0   3   2   3   4   0   1   2   6  27   7   2  22  0.60 0.41
   65 V     5  -7  -7  -7   1  -6  -7  -6  -7   3  -4  -6  -3  -4  -5  -5  -4  -1  -4   5   44   0   0   0   3   0   0   0   0  13   1   0   0   1   0   0   1   1   1  33  1.40 0.73
   66 I    -4  -8  -9  -9  -7  -8  -8  -9  -8   4   5  -8   0   2  -8  -5  -6  -2  -5   4    1   0   0   0   0   0   0   0   0  18  46   0   2   7   0   1   0   1   0  25  1.43 0.69
   67 V    -7  -9  -9 -10  -7  -9  -9  -6  -9   6  -1  -9  -5  -1  -9  -8  -7  -9  -7   6    0   0   0   0   0   0   0   1   0  44   5   0   0   3   0   0   0   0   0  48  2.13 0.95
   68 I    -5  -8  -7  -8  -4  -8  -8  -9  -9  -3  -5  -8  -3  -2  -7  -1   8  -9  -8  -1    1   0   0   0   0   0   0   0   0   1   1   0   1   2   0   4  85   0   0   4  2.61 1.28
   69 G    -1  -6  -7  -4  -9  -9  -9   8  -9 -11 -11  -8 -10 -10  -9  -6  -9 -10 -10 -10    5   1   0   1   0   0   0  92   0   0   0   0   0   0   0   0   0   0   0   0  2.87 1.27
   70 G     5  -8  -4  -8   3  -7  -7   5  -8  -5  -8  -7  -8  -9  -5   0  -4  -9  -8  -4   46   0   1   0   6   0   0  36   0   1   0   0   0   0   1   8   1   0   0   1  1.60 0.86
   71 S     2  -5   2   1  -4  -6  -6   2  -6  -5  -3  -5  -4  -8  -6   5   2  -8  -7  -5   18   1   8   7   0   0   0  14   0   1   3   0   1   0   0  35  13   0   0   1  0.89 0.62
   72 C    -2   4  -4   1  -3   1  -3   0  -2  -8  -8   1  -5  -8  -7   5   0  -8  -5  -6    3  20   0   8   1   6   2   9   1   0   0   8   0   0   0  37   5   0   0   0  0.93 0.64
   73 G    -4  -4  -6  -8 -10  -6  -6   8  -9 -11 -11  -8 -10 -10  -9  -3  -6  -4 -10  -6    1   1   0   0   0   0   1  92   0   0   0   0   0   0   0   2   1   0   0   1  2.81 1.28
   74 I    -6  -7  -7 -10  -8  -5  -9 -10  -9   8   2  -9   0   2  -6  -9  -7  -8  -5  -2    1   0   0   0   0   1   0   0   0  67  20   0   2   7   1   0   0   0   0   2  2.16 0.99
   75 G    -3 -10  -8  -9  -3  -9  -9   8  -9 -11 -11  -9 -10 -10  -9  -6  -9  -3 -10 -10    3   0   0   0   1   0   0  96   0   0   0   0   0   0   0   0   0   1   0   0  3.06 1.38
   76 K     1   4  -2  -6  -7  -1   0  -5  -1  -5   2   4  -3   2  -6  -3  -4   0   0  -5   10  22   2   0   0   2   7   1   2   0  17  22   0   8   0   2   1   1   3   1  0.68 0.48
   77 A     5  -4  -5  -1  -2  -2   3   0  -1  -7  -2  -5  -4  -6  -5   0  -3  -8  -4  -3   48   1   0   3   1   2  18   7   2   0   4   0   0   0   0   8   1   0   1   2  0.97 0.66
   78 A    -1  -7  -7  -7   1  -4  -7  -7  -2   5   2  -7   2   1  -7  -4   3  -6   2   1    6   0   0   0   3   1   0   0   1  28  18   0   4   6   0   1  16   0   6   9  0.84 0.52
   79 A     6  -6  -6  -8   3  -7  -7  -5  -8  -4  -6  -7  -7  -8  -7   1  -2  -9  -8   2   68   0   0   0   6   0   0   1   0   1   1   0   0   0   0   8   3   0   0  12  1.78 0.99
   80 Q    -3   4  -4  -3  -5   1   2  -5   1  -1   1   3  -1  -2  -5  -3  -1  -2   1   0    2  19   0   2   0   5  14   1   3   4  14  17   1   2   0   1   3   1   4   6  0.45 0.36
   81 A     2   3  -3  -2  -3   3   3  -3   3  -3   0   0  -2  -5  -5  -1  -1  -2  -3  -1   14  15   1   1   0  11  20   2   6   2   9   5   1   0   0   4   3   1   1   4  0.42 0.37
   82 V    -2  -8  -9 -10  -1  -7  -9  -8  -8  -1   6  -9   0   5  -9  -8  -7   0   1  -4    3   0   0   0   1   0   0   0   0   3  59   0   2  24   0   0   0   1   5   1  1.72 0.88
   83 V     5  -7  -6  -2   0  -4  -6  -1   2  -1   1  -3  -3  -4  -7  -1  -4  -7  -1   1   49   0   0   3   2   1   0   4   5   4  11   2   0   1   0   5   1   0   2  10  0.89 0.60
   84 E     2   3  -1  -1  -2   3   2  -2   0  -6  -3   3  -3  -7  -4   1  -2  -7  -5  -5   14  17   3   3   1  11  13   3   2   0   3  18   1   0   0   8   2   0   0   0  0.57 0.45
   85 R     2   3  -1   0  -3   2   3  -4   2  -6   0   2   0  -3  -3  -2  -3  -7  -3  -5   15  17   3   5   0   9  15   1   5   0   9  10   2   1   1   3   1   0   1   0  0.45 0.38
   86 G    -6  -2  -1  -2  -9  -4  -5   7  -5  -8 -10  -3  -9  -8  -4  -3  -7  -9  -5 -10    0   3   3   2   0   1   1  83   0   0   0   2   0   0   1   2   0   0   0   0  2.33 1.15
   87 G     5  -4  -4  -2   1  -3  -6  -1   0  -3  -2  -4   1   2  -2   0  -3   0   1  -3   51   1   1   3   3   1   0   4   2   2   3   1   4   7   2   5   1   2   5   2  0.87 0.58
   88 K    -2   3   4   0  -2   1  -2  -4   3  -3  -4   4  -4  -3  -4   0   0  -7  -1  -3    4  14  16   5   1   5   3   1   8   1   1  21   0   1   1   7   7   0   2   2  0.56 0.41
   89 V    -4  -4  -4  -9   1  -8  -8  -7  -9   3   2  -8  -2  -2  -8  -6  -2  -8  -5   7    2   1   1   0   3   0   0   0   0  13  16   0   1   2   0   0   3   0   0  58  1.59 0.83
   90 L     1  -7  -7  -7  -3  -4  -6  -4   0   4   0  -6  -1   0  -7  -3  -1  -6   1   5   13   0   0   0   1   1   0   1   3  18  10   0   1   4   0   2   4   0   4  37  0.88 0.53
   91 I     1  -6  -7  -7  -2  -5  -6  -3  -5   4   4  -5   1  -1  -6  -4  -2  -6  -3   3   12   0   0   0   1   0   0   3   0  21  33   1   3   3   0   1   2   0   1  18  0.87 0.50
   92 V     2  -5   0  -5   5  -4  -5  -2  -2   1   0  -4  -3  -2  -5   0   2   3   0   3   16   0   5   0  10   0   0   4   1   8   8   1   0   1   1   6  12   4   4  19  0.47 0.35
   93 S     3  -5  -4   4   3  -5  -4   1  -2  -5  -4  -5  -6  -6  -5   3  -3  -4   2  -3   22   1   0  23   6   0   1  12   1   1   1   0   0   0   0  20   2   0   7   2  0.82 0.57
   94 R    -3   7  -1  -3  -3  -3  -4  -4  -1   2   0  -1  -2  -2  -5  -3  -2  -1  -2  -1    3  49   3   2   1   1   1   1   2  11   9   3   1   2   1   3   3   1   1   4  1.05 0.61
   95 F    -3   2   4   2  -2  -1  -3  -2  -2  -4  -4   0  -3  -3  -2   2   3  -6  -5  -3    2  10  20  10   1   3   1   3   1   1   2   5   1   1   2  16  17   0   0   2  0.58 0.45
   96 P     0  -1  -1   0  -2   2   3   0   0  -2   0   0   0  -3   1  -1  -1   0  -3  -1    9   3   3   4   1   9  20   8   2   2   9   6   2   1   8   4   3   1   1   5  0.19 0.21
   97 D     0  -2  -1   3  -3   1   4  -3  -1  -4  -3   0  -4  -4  -1   1  -1  -6  -4  -4    8   2   3  17   1   5  29   2   1   1   2   6   0   1   3  12   4   0   1   1  0.59 0.43
   98 R     0   2   1   1  -3   0   0   1  -2  -4  -2   4  -2  -4  -2  -1  -1  -2  -4  -2    9  13   6   6   1   3   7  12   1   1   4  23   1   1   2   5   3   1   0   3  0.34 0.28
   99 L     2  -4  -2  -3  -2  -3  -3   0  -4  -1   4  -2   0  -2  -3  -3  -1  -5  -4   1   14   1   2   2   1   1   2   8   0   3  42   2   2   2   2   2   4   0   1  10  0.54 0.36
  100 S     1   0   0   2  -3   2   3  -1  -2  -3  -2   1  -3  -4  -1   0  -1  -5  -4  -1   12   4   4  11   1  10  21   4   1   2   3   8   1   1   3   5   4   0   1   5  0.32 0.28
  101 R     2   1  -1   0  -5   2   3  -1  -2  -4  -3   2  -3  -5  -2   1  -1  -3  -3  -3   15   8   3   4   0  10  19   4   1   1   3  12   0   0   2   8   5   0   1   2  0.37 0.32
  102 S     3  -2  -3  -3   0  -1  -1  -2  -5  -1   2  -2  -2  -3  -3  -1   2  -5  -4   2   25   3   1   1   2   3   3   3   0   3  18   2   1   1   1   5  13   0   0  13  0.37 0.31
  103 E     3  -2  -3  -3   0  -1   1  -3  -2   1   0   1  -2  -3  -2  -1  -2  -5  -3   3   25   2   1   1   2   2   8   2   1   8   7   9   1   1   2   4   3   0   1  20  0.35 0.30
  104 M     2   1  -1   1  -5   1   3  -1  -2  -3  -3   2  -3  -4  -3   1   0  -2  -2  -2   18   7   3   7   0   6  17   4   1   2   3  12   1   1   1   9   5   1   1   2  0.30 0.28
  105 E     0   0  -1   2  -4   1   5  -3  -1  -4  -2   0  -3  -5  -4   0  -1  -2  -3  -4    8   5   2  12   0   6  35   2   1   1   4   6   1   0   1   7   4   1   1   1  0.62 0.45
  106 L    -2  -4  -5  -4   2  -4  -3  -5  -4   4   5  -5  -1  -1  -6  -4  -3   2  -3   0    4   1   1   1   5   1   2   1   1  24  44   1   1   2   0   1   2   3   1   5  0.98 0.53
  107 A     1   1  -1  -1  -2   2   2  -1  -2  -1  -1   2  -2  -4  -1   0   0  -3  -3  -1   12   9   3   2   1  10  14   6   1   4   6  14   1   0   3   5   4   0   1   4  0.20 0.20
  108 A     3   0   0  -1  -3   1   1   0  -3  -3  -3   3  -3  -4  -3   2   0  -3  -4  -2   23   4   4   3   0   5  10   6   1   1   3  15   1   1   1  14   5   0   0   2  0.35 0.29
  109 E     0  -1   0   0  -1   2   3  -2   2  -1  -1   2  -1  -3  -2  -1  -1  -2   0  -1    7   3   5   5   1   8  19   3   6   3   8  11   2   1   2   4   4   1   3   4  0.19 0.17
  110 A     0   1   0  -2   0  -1  -1   3   0  -1  -1   0  -3  -1  -1   1   1  -1   1  -2    8   7   4   2   2   2   4  22   3   3   5   7   0   3   3   9   8   1   4   2  0.16 0.14
  111 T     0  -1   0   0  -2  -1   1   1   0   0   0   0  -1  -1   1   1   0  -3  -1  -1    8   3   4   5   1   2   8  13   2   6   8   7   1   3   6  10   6   0   2   4  0.06 0.07
  112 L     0   0   1   0  -3   1   0  -1   0  -1   1  -1  -1   0   1   0  -1  -1   1   0    8   5   9   4   0   7   6   5   2   4  13   4   1   3   6   5   3   1   5   9  0.04 0.07
  113 G     1   0   0   0  -2   1   0   3   2  -3  -2   1  -3  -3   1   0  -1  -3  -2  -1   10   6   5   5   1   6   6  19   5   2   4   7   0   1   7   8   3   0   1   4  0.18 0.15
  114 V     1  -1   0  -1   0  -1  -1   0   0   0   0   1   0  -2  -1   0   0  -3  -2   2   14   3   4   2   2   2   4   9   2   5   7   9   2   2   3   6   5   0   1  17  0.08 0.10
  115 D     0   0   0   2  -2   1   1   1   1  -1  -2   0  -2  -1  -1   0   1   0  -1  -1    8   4   3  11   1   7   8  10   3   3   3   7   1   3   3   6  11   1   2   5  0.10 0.11
  116 G     1   1   0  -1  -1  -1   0   2  -1  -1  -1   1  -2   0  -1   0   1  -2   0  -1   11   7   4   3   1   2   5  14   2   4   6   9   0   4   2   4  11   1   3   5  0.08 0.10
  117 V     0  -3  -3  -4   0  -3  -4  -4  -2   3   0  -3  -1   2  -2  -1   1  -2   1   4    9   2   1   1   2   1   1   1   1  13  10   1   1   9   2   4   8   1   4  26  0.41 0.29
  118 S     0   0  -2  -2  -1   1  -1  -3   2   1   1   0  -1   0  -1   0   1  -3  -1   1    9   5   1   2   1   8   4   1   6   9  12   6   1   4   3   6   8   0   2  13  0.11 0.13
  119 S     2  -4  -4  -5   7  -5  -4  -2  -2   1   0  -3   1   2  -1  -2  -1  -2   2   1   16   1   1   1  19   0   1   4   1   6   9   2   3   9   4   3   4   0   7  10  0.55 0.36
  120 T    -1  -1   0   5  -3  -2  -1  -4   2   2  -1  -1   1  -1  -4  -3  -2  -1   1   1    5   3   4  29   1   1   3   1   4  12   7   3   3   2   1   2   2   1   4  12  0.47 0.34
  121 V     0  -1  -3  -1   1   1  -1  -3  -1   1   0   0  -1   0   2  -1  -1  -5  -3   4    8   3   1   4   3   7   3   1   2   6   9   5   2   4   9   4   3   0   0  28  0.28 0.25
  122 L     2  -1  -2  -1   3  -2  -2   2  -2  -2   1  -2  -1   0  -2   0   1  -2   0  -1   16   3   1   4   6   2   2  13   1   2  16   2   2   4   2   8   9   0   3   5  0.17 0.17
  123 D    -4  -3   1   7  -3  -3  -1  -6  -4  -5  -5   1  -7  -5  -4  -1  -2  -8  -7  -1    2   2   6  58   1   2   4   0   0   1   2   8   0   1   1   5   3   0   0   5  1.50 0.79
  124 A     1   0  -2  -3  -1  -2  -1  -2  -2   1   1  -3   1   0   0  -1  -1  -3  -1   3   11   5   2   1   1   2   5   3   1   6  15   1   4   4   4   5   4   0   2  24  0.23 0.20
  125 S     1   0  -1   1  -2  -1   2  -2  -3  -4  -3  -1  -2  -4  -2   3   3  -6  -4  -4   10   5   3   8   1   3  13   4   0   1   3   3   1   1   2  23  17   0   0   1  0.44 0.37
  126 N    -3  -2   3   5  -4   2   1  -3   0  -5  -4   1  -2  -3  -2   2  -1  -1  -1  -3    2   2  12  27   0   8   8   2   2   1   2   7   1   1   2  14   4   1   2   3  0.58 0.41
  127 E     0   1  -1   1  -3  -1   2  -3  -2   1  -1  -1   0  -3   1  -1  -1   0   0   2    7   9   3   7   1   2  14   2   1   8   6   4   2   1   7   4   3   1   4  16  0.15 0.17
  128 I     1   0  -1   2  -4   1   4  -2  -1  -2  -4   0  -3  -4  -2   1  -1  -3   1  -2   11   6   3  12   0   5  23   3   1   3   2   6   1   1   2  10   4   0   4   3  0.34 0.29
  129 A     2   1   1   2  -2   1   1  -1  -1  -2  -4   0  -3  -1  -3   2  -1  -5  -4  -1   14   7   8  13   1   7   8   5   1   3   1   6   0   3   1  15   3   0   1   4  0.25 0.24
  130 L     0  -2  -2  -1   3   1  -1  -4   0   2   1  -1   1  -2  -3  -2  -1  -1   0   2    9   2   2   5   6   6   4   1   3  11  16   3   3   1   1   2   4   1   3  16  0.19 0.17
  131 A     1   1  -1  -1  -2   0   2  -2  -1   0  -1   1   0  -2  -2  -1   0  -2   0   1   12   7   2   4   1   4  14   2   1   5   6  10   3   2   1   4   7   1   3  13  0.12 0.14
  132 A     3   1   0   1  -2   1   1  -3  -2  -3  -3   2  -2  -5  -4  -1   0  -6  -2  -1   28   6   4   8   1   7   8   2   1   1   2  13   1   0   0   5   6   0   1   5  0.39 0.33
  133 F     1  -4  -3  -5  -3  -3  -2  -4  -2   1   1  -2   1   5  -3  -1   1   3  -2   1   11   1   1   1   0   1   2   1   1   6  15   3   4  23   1   5   8   3   1  11  0.48 0.32
  134 A     3  -3  -3  -2  -2  -1   0  -2  -3   2  -1   0  -1  -1  -4   0   0   1  -4   3   22   1   1   2   1   3   5   4   1  10   6   7   1   3   1   6   5   2   0  20  0.28 0.24
  135 R     0   2  -1   2  -3   2   3  -3  -1  -4   0   2  -1  -3  -5  -1  -1  -4  -2  -2    8  11   3  10   1   9  18   2   1   1  10  13   1   1   0   5   3   0   1   2  0.33 0.29
  136 D     3  -2  -1   2  -1   0   3  -3  -1   1  -1   1  -2  -3  -3   0  -1  -3  -5   0   22   2   2  10   1   3  18   2   2   7   5   7   1   1   1   6   4   0   0   5  0.28 0.26
  137 Q     1   1  -2  -1   0   0  -1  -2  -1   1   1   0  -1  -1  -2  -1   0  -3  -2   2   10   7   2   4   2   5   4   3   2   8  15   7   1   3   2   4   6   0   1  14  0.07 0.10
  138 I     0   0  -1   0   0   1   2  -2  -2   2   0   1  -1   0  -1  -1  -1  -1  -2   1    9   4   2   5   2   6  13   3   1  12   9   7   1   4   3   5   3   1   1  10  0.08 0.10
  139 K     0   2   0   0  -1   1   2  -1   1  -3  -2   4  -3  -3  -3   0  -1  -3  -2  -2    9   9   4   6   1   7  12   4   4   1   4  22   0   1   1   7   4   0   2   3  0.30 0.24
  140 P    -3  -3  -1   0  -2  -2   0  -2   4  -1   1  -1  -2   5  -1  -2  -2   2   2   0    2   2   3   5   1   1   7   4   9   4  13   4   1  22   3   3   2   3   6   6  0.37 0.26
  141 G    -1  -2  -2  -1   0   1  -2   6  -2  -3  -4  -1  -3  -3  -1   0  -1  -5  -3  -3    4   2   1   4   2   6   2  54   1   1   2   3   1   1   2   7   5   0   1   1  0.80 0.46
  142 E    -1   2  -1   2  -1   0   0   1   0  -4  -3   3  -2  -4   3   0   0  -2  -2  -3    4  11   2  10   2   3   3  13   2   0   2  19   1   0  15   4   5   1   1   2  0.32 0.25
  143 Y    -1  -2  -5  -5  -1  -1  -3  -3  -4   4   3  -3   0  -1  -2  -3  -2   0   0   2    4   2   0   0   1   3   1   2   0  23  33   1   1   2   2   1   2   1   4  16  0.48 0.33
  144 D    -2  -3   0   7  -6  -1   0  -1   2  -5  -2  -2  -5  -3  -3  -1  -2   1  -2  -5    3   1   3  59   0   2   3   4   5   0   4   2   0   1   1   4   2   2   1   0  1.15 0.61
  145 G    -1  -1  -3  -4   0  -1  -3   1   2   3   0  -1   1  -1  -1  -2   0  -4   0   2    5   2   0   0   2   2   0  10   7  23   7   5   3   2   3   1   6   0   3  18  0.22 0.23
  146 L    -1  -2  -5  -2  -1  -4  -5  -5  -5   1   5  -5   0   0  -5  -4  -2   1  -2   2    5   2   0   3   2   0   0   0   0   7  56   0   2   3   0   0   3   2   1  14  0.79 0.47
  147 I    -2  -5  -5  -2  -1  -2  -5  -3  -3   4   0  -5  -1   2  -5  -3  -3   1  -1   5    2   0   0   3   1   2   0   2   1  26   7   0   1  10   0   1   0   2   2  40  0.78 0.46
  148 I     0  -3   6  -1   1  -3  -3  -2   2   1   0  -1  -2  -2  -3   0  -2  -2  -4  -2    8   0  45   2   3   0   0   2   5   7  12   3   1   1   1   6   1   1   0   3  0.72 0.48
  149 A    -1  -3   7  -2   3  -4  -2  -2   1  -3  -3  -4  -5   0  -3  -1  -2  -6  -5  -1    6   1  57   1   6   0   2   3   3   1   2   0   0   4   2   4   2   0   0   6  1.15 0.65
  150 A     5  -4  -1  -3   3  -1  -2  -2   0  -2  -2  -4  -3  -2  -4   0  -1  -5  -4   0   60   0   3   1   6   3   2   2   2   2   3   0   0   2   0   4   3   0   0   6  0.85 0.53
  151 G     1  -4   0  -4   1  -4  -2   6  -4  -3  -3  -3  -4  -5  -1  -1  -2  -5  -5  -2   12   0   4   0   3   0   2  60   0   2   2   1   0   0   3   4   2   0   0   3  1.07 0.54
  152 S     0  -2   0  -2  -1  -1  -2  -1  -1   2   0  -1   1   0  -1   0   0  -2   0   2    6   2   4   1   1   4   2   5   1  18   6   2   5   5   3   8   7   0   3  17  0.10 0.12
  153 E     1  -1   1   0   1   0  -1   0  -1  -1   0  -1   1   0   0   0   0  -1  -1   0   16   2   7   4   4   3   4   9   1   3  12   2   4   3   4   7   3   1   2   7  0.03 0.05
  154 S     0   0   1   1   0   1   1   1   1  -1  -2  -1  -1  -2   0   1   0   1   0  -1    8   4   5   7   3   6   8  11   3   3   4   3   2   2   5  12   6   3   3   4  0.08 0.07
  155 L    -1  -1  -1  -1  -1  -1  -1  -1   0   0   0  -1   2   2   3   0   0  -1   0   0    5   3   3   3   2   3   3   5   2   5  10   3   6   9  16   7   4   1   3   6  0.12 0.10
  156 A     1   0  -1  -1  -1  -1  -1   0   0   1   0  -1   0   1   0   0   0  -1   0   1   13   4   2   3   1   3   3   6   3   8   7   3   2   8   4   9   6   1   2  11  0.02 0.04
  157 G    -1   0   0   0  -1   0   0   3   1  -2  -1   0  -1   1   1   0  -1   0   1  -2    5   6   4   4   1   3   7  21   3   2   6   5   2   5   6   5   4   1   6   3  0.12 0.09
  158 K     0   1   0   0  -1   0   0  -2  -1  -1  -1   2   0   0   3   0   0  -2  -1  -1    7   8   5   4   1   3   5   3   1   3   8  12   3   4  15   8   5   0   2   3  0.15 0.11
  159 L    -1  -1  -2  -2   1  -2  -2  -2  -1   2   2  -1   2   1   1  -2   0  -2   0   2    4   3   2   2   3   2   2   3   1  11  20   3   6   7   7   3   5   0   2  12  0.18 0.12
  160 D     0   0   0   1  -3  -1   2   1   0  -2  -2   0  -1  -1  -1   2   1   0  -2  -1    6   4   4   9   1   3  12  10   2   2   4   4   1   3   3  14  11   1   1   3  0.13 0.12
  161 E     0   0   1   1  -1   1   3   0   0  -1  -1   0   1  -2  -1   0   0  -2  -1   0    6   5   6   7   1   6  18   6   2   3   6   6   5   2   2   6   5   0   2   6  0.11 0.10
  162 G     0  -1   0   2  -1   0   2   0   0  -1  -1  -1  -1  -1   2   1   0  -1   0  -1    7   3   4  10   1   3  12   6   2   3   7   3   2   2   9  10   4   1   3   5  0.09 0.07
  163 Y    -1  -1   0   0  -2   0   0   0   1   0   0  -1   0   1  -1   0   0   0   1   1    4   3   3   6   1   4   5   7   4   5  12   4   2   5   2   7   6   1   7  11  0.02 0.03
  164 W    -1  -1   0   0  -1  -1   0  -1   0   0  -1  -2  -1   2  -1   0   0   7   0  -1    5   4   4   7   1   2   6   5   2   5   7   2   1   8   3   8   5  15   3   5  0.29 0.15
  165 T     0  -1   0   3   2   0   1  -1   1  -1   0   0  -1  -1   0   0   1  -2  -1  -1   10   2   4  15   4   3   9   4   3   3   8   6   2   3   4   6   9   1   1   4  0.10 0.08
  166 A     1   0   0   1   0   0   1  -1   0   0  -1   1   0  -1   0   0   0  -1  -1   0   12   4   4   7   2   4  10   5   2   4   6   9   3   3   4   5   7   1   2   8  0.04 0.03
  167 L    -1  -1  -1   0  -1  -1  -1   0  -1   2   1  -1   0   0  -1   0   0  -1  -1   2    4   3   3   6   1   3   4   8   2  12  16   3   2   5   3   7   5   1   1  14  0.06 0.05
  168 S     0  -1   0   0   0   0   0   0   1   0   0  -1   0   2   0   0   1   0   1   0    7   4   3   6   2   3   4   6   4   8   8   4   2  11   3   6   8   1   4   5  0.02 0.03
  169 S     1   0   0   1   0   0   0   0  -1  -1  -1   0  -1   0   0   2   1  -1  -1  -1   10   4   4   7   2   5   6   8   1   3   7   4   1   4   4  14   9   1   1   5  0.06 0.06
  170 F    -1   0  -1  -1  -1   0  -1  -1  -1   1   0  -1   1   3  -1  -1   0   0   1   1    6   6   4   4   1   4   5   6   1   8  10   2   3  13   3   4   6   1   4   9  0.05 0.04
  171 D    -1  -1   1   2  -1   0   2   0   0  -1  -1   0   1  -1   1  -1   0   0  -1  -1    6   3   8  13   1   3  13   7   3   3   6   4   3   3   7   5   4   1   2   6  0.11 0.08
  172 K     0   0   0   0  -1   1   0   0   1   0  -1   1   0  -1   1   0   0  -1  -1   0    7   4   5   4   1   5   7   7   5   5   7  10   2   3   6   6   7   1   2   7  0.03 0.02
  173 G     0  -1   1   0  -2  -1   0   0  -1   0   0  -1  -1   1   1   0   0   0   0   0    8   4   9   5   1   3   5   6   1   7  12   3   1   6   7   7   7   1   3   5  0.04 0.04
  174 E     0  -1   0   0  -2   0   1   0   1  -1   0   0   0   0   0   0   0   0  -1   0    8   3   5   5   1   4   9   9   4   4  11   4   2   5   4   7   7   1   1   6  0.03 0.02
  175 P     0  -1   0   3  -2  -1   2  -2   1  -1   0  -1  -1  -1   1  -1  -1  -1  -1   0    7   3   4  17   1   2  13   4   4   3   9   4   1   3   6   4   4   1   2   8  0.15 0.10
  176 H     0   0   0   0  -1   0   1  -2   3   0   0  -1   0   2  -1  -1  -1   1   1   0    6   4   4   6   1   4   9   3   9   5   9   4   2  11   3   5   4   2   5   6  0.08 0.06
  177 T    -1  -1  -1   1   0  -1  -1  -2  -2   0   0  -2   1  -1  -1   0   4  -1   0   0    5   4   3   8   2   3   4   4   1   6  10   3   4   2   3   7  23   1   4   5  0.18 0.14
  178 P    -1  -1   0   1  -1  -1   0  -2  -2   0   0  -1  -1  -1   3   1   1  -2  -2  -1    5   3   4   8   2   3   5   3   1   5  11   4   2   2  17  10   8   1   1   4  0.18 0.13
  179 E     0  -1  -1   1  -2   0   2  -2  -1   1   0   0   0  -1   0   0   0   0   0   0    7   4   2   7   1   3  17   3   2   7   9   6   2   3   4   5   7   1   4   7  0.08 0.08
  180 S     0   0   0   3  -3   3   3  -2   1  -1  -1   0  -1  -3  -2   0  -1  -3  -2  -2    7   4   4  15   0  12  16   3   3   4   5   7   1   1   2   6   3   0   1   3  0.25 0.19
  181 A     0  -1  -1   2   0   1   2  -1   0  -1   0  -1  -1  -1  -1  -1   0   5  -1  -1    9   4   3  12   2   5  13   6   2   3   9   3   1   3   2   3   5   8   2   5  0.16 0.13
  182 N     0  -2   0   0  -2  -1  -1  -3  -1   0   1  -2   2   3  -2  -1   0   4   1   0    8   2   5   6   1   3   5   2   1   5  17   2   5  12   2   3   5   6   4   8  0.17 0.14
  183 R    -1   3   1   0  -2   1   1  -2   2  -2  -1   1   0  -2  -2   0   0  -1  -1  -2    4  16   7   6   1   7  10   3   5   2   7  10   2   2   2   6   5   1   2   3  0.18 0.15
  184 A     1   2   0   1  -1   1   1  -1  -1  -2  -1   1  -1  -1   0   0   0   0  -1  -1   11  11   4   8   1   5   7   4   1   2   8   9   2   2   3   8   7   1   1   4  0.08 0.08
  185 R    -1  -2   0  -4   0   0  -2  -2   0   3   1  -2   2  -2  -3  -1   1  -4  -2   3    4   2   5   1   2   4   2   3   2  15  11   3   5   2   1   5   9   0   1  24  0.28 0.22
  186 L    -3  -5  -4  -4  -5  -4  -5  -4  -5   4   2  -4   6   4  -5  -3  -2   0   0   0    3   0   1   1   0   1   1   1   0  21  19   1  19  17   0   2   2   2   3   5  0.93 0.50
  187 D     0   0   2   4  -2   1   2  -1   0  -3  -3   1   0  -5  -4   0   0  -5  -3  -4    9   4  10  23   1   6  11   4   3   1   3   9   2   0   0   6   5   0   1   1  0.41 0.31
  188 V    -2  -2  -5  -5  -3  -3  -3  -2  -5   4  -1  -2  -1  -2  -5  -2   3  -5  -4   5    3   2   0   0   1   1   2   4   0  23   6   3   1   2   0   2  17   0   1  33  0.78 0.47
  189 E    -4  -4   8  -2  -7  -3  -5  -3  -1  -7  -4  -2  -4  -7  -6   0  -2  -2  -6  -2    2   1  71   2   0   1   1   2   1   0   2   3   0   0   0   7   2   1   0   3  2.04 1.01
  190 Y     0  -4  -3  -5   1  -2  -4  -3  -1   1   3  -4  -1   3  -4  -3   0  -4   4   2    7   1   1   0   3   2   1   2   1   6  25   1   1  12   1   2   6   0  13  15  0.47 0.33
  191 W    -2   1   0  -2  -3  -3  -2  -3  -1   0   1   1   1   3  -1  -1   2   5   2  -1    2   7   4   2   0   1   2   2   1   4  14   9   3  12   4   4  12   7   6   3  0.25 0.23
  192 T     2  -5  -3  -3   0  -5  -5   5  -3  -4  -4  -3  -5  -6  -2   3  -1  -3  -6  -3   17   0   1   2   2   0   0  44   1   1   2   2   0   0   2  18   4   0   0   2  1.00 0.60
  193 A     1   0  -2  -4  -3  -1  -3  -2   3  -1   0  -3   1  -1   2   0   2  -4   0   2   12   5   1   1   0   3   1   2   7   2   8   1   4   2  10   6  16   0   3  16  0.27 0.26
  194 V     0  -2  -3  -3  -1  -3  -4  -4  -2   2   1  -2   1   5  -2  -3  -1   1   2   3    7   2   2   1   1   1   0   2   1   9  13   3   3  22   2   1   3   2   7  17  0.46 0.30
  195 H    -1   1   2  -2  -1   0  -1  -3   3   1   1  -1  -1   1  -4  -1  -2   3   2  -1    6   9   9   2   1   4   3   2   9   8  14   4   1   6   0   5   2   3   8   5  0.17 0.17
  196 A     0  -5  -3  -5   3  -3  -4  -1  -5   0   3  -5   5  -1  -2  -2   1  -5  -4   3    7   0   1   0   6   1   1   6   0   4  23   0  12   2   2   3  10   0   0  21  0.53 0.37
  197 C     1  -4  -3  -4   3  -3  -2  -3  -5   1  -1  -4   0  -3  -5   1   5  -5  -2   1   13   1   1   1   7   1   2   2   0   8   5   0   2   1   0  12  33   0   1   9  0.63 0.45
  198 T    -1   4  -2  -4  -4   4  -1  -3   2  -4  -2   4  -1  -3  -5   0   0   1  -1  -2    5  18   1   0   0  16   4   2   5   1   3  22   2   1   0   7   5   2   2   3  0.56 0.41
  199 H     4  -1  -2  -3  -2  -1   1  -1   3  -2   1  -1  -1  -1  -3   1  -1  -2  -2  -1   32   3   2   1   1   2  10   4   7   3  12   3   1   3   1   9   3   1   1   3  0.33 0.30
  200 L     2  -2  -3  -3   2  -2  -2  -2  -4   1   1  -4   2   3  -3  -2  -2  -2  -2   3   21   2   1   2   4   2   3   4   0   6  14   0   4  13   1   2   1   1   1  17  0.37 0.28
  201 A     1  -2  -2  -3  -2  -3  -3  -1   0   2   3  -2   2  -2  -4  -2  -1   1   1   1   14   2   2   1   1   1   1   5   2  10  30   2   6   1   1   3   4   2   5   9  0.33 0.25
  202 P    -3   1  -2   0  -6  -1  -1  -4   1  -4  -4   2  -4  -4   7  -2  -3  -6  -4  -5    2   8   2   5   0   3   3   1   3   1   2  11   1   1  50   3   2   0   1   1  1.27 0.70
  203 L     0   2  -1  -2  -2   0  -1   0   4   0   1   0   1  -1  -2  -1  -2  -2   1  -2    7  11   3   2   1   4   3   6  13   5  17   6   3   2   2   4   2   0   6   2  0.18 0.18
  204 L    -4  -1  -3  -6  -2  -2  -3  -4  -4   0   3  -3   8   2  -4  -3  -4   1  -4  -1    1   3   2   0   1   2   2   1   1   4  27   2  36   7   1   2   1   2   1   5  1.17 0.62
  205 A     0   3  -1   0  -1   2   1  -3  -2   0  -1   3   0  -3  -1  -1  -1  -4  -2  -1    7  15   3   4   1   8   8   2   1   6   6  20   3   1   3   3   3   0   2   5  0.25 0.22
  206 D     0   1   0   2  -3   1   2  -2   0  -4  -3   4  -4  -5  -1   1  -1  -5  -4  -3    8   8   4   9   0   5  13   3   2   1   2  26   0   0   3   9   4   0   0   2  0.44 0.33
  207 G     0   2   0  -1  -3   1  -2   3   1  -5  -3   2  -2  -4  -3   2  -1  -5  -2  -3    7  12   4   3   0   7   2  22   3   0   2  10   1   1   1  18   4   0   1   1  0.41 0.32
  208 G    -3  -1  -3  -4  -5  -2  -6   7  -4  -8  -8  -2  -8  -8  -2  -2  -4  -8  -5  -6    3   3   1   1   0   2   0  77   1   0   0   3   0   0   2   3   1   0   0   1  1.94 0.97
  209 S     0   4   1  -2  -1  -1  -3  -3   4  -2  -1   0  -5  -5  -6   3  -1  -7  -4  -1    8  25   5   2   1   2   1   2   8   2   6   6   0   0   0  22   4   0   0   5  0.58 0.46
  210 L    -3  -3  -6  -5  -4  -5  -6  -2  -8   7   0  -5   0  -3   0  -5  -5  -7  -4   3    2   2   0   1   0   1   0   4   0  58   8   1   2   1   5   1   0   0   0  15  1.41 0.74
  211 A    -1  -3  -2  -3  -2  -6  -4  -3  -3   5   0  -3  -3  -2  -5  -2  -3  -2  -5   5    4   2   2   2   1   0   1   3   1  26   8   1   0   2   0   3   2   1   0  41  0.92 0.55
  212 I    -3  -4   6  -5   1  -3  -5  -4   2   1  -1  -5  -1   3  -4  -2   1  -1  -3   0    2   1  38   0   3   1   0   1   5   9   7   0   1  12   1   3   8   1   1   7  0.86 0.57
  213 L    -3  -6  -3  -5  -3  -6  -5  -7  -6   5   0  -6   5   0  -6  -3   1  -6  -2   4    2   0   1   1   0   0   1   0   0  33   9   0  12   4   0   2   9   0   1  25  1.05 0.59
  214 A     2  -4   1  -4   1  -5  -5   2  -1  -1  -3  -4  -4  -5  -4   5   1  -7  -6  -1   14   1   7   1   3   0   0  13   2   4   3   1   0   0   1  38   8   0   0   5  0.72 0.55
  215 A    -2  -4   0  -3  -4  -2  -6  -3  -2  -4  -4  -4  -3  -7  -5   7  -3  -2  -2  -3    3   1   4   1   0   2   0   2   1   1   2   1   1   0   1  74   2   1   2   2  1.70 1.01
  216 E     0  -2  -1  -3  -3  -1  -1   0  -2   3   0  -3   2   0  -3   0   1  -5  -3   3    7   2   3   1   0   3   4   7   1  14  10   1   5   4   1   8   9   0   1  20  0.22 0.22
  217 P     3  -3  -1  -3   0   1  -2   1   0  -2   0  -3   0  -3  -1   2   1  -3  -3   0   27   1   3   1   2   6   2  10   3   2   9   0   2   1   3  15   8   0   1   7  0.30 0.31
  218 A     3  -5  -3  -2  -1  -4  -3   5  -3  -4  -5  -4  -3  -4  -3   3  -2  -1  -4  -3   20   0   1   2   1   1   2  42   1   1   1   1   1   1   2  19   2   1   1   2  0.96 0.61
  219 A    -1   0  -2  -2  -1   0  -1  -2   1   0   1   0   2   2  -3  -1  -1   1   1   1    4   7   1   1   2   4   4   3   3   5  16   7   6  10   1   4   3   2   6  10  0.12 0.14
  220 S    -1   1   1  -2  -2   0  -1  -2  -1   1   0   1   2   0  -2   0   0   0   1   1    4   9   8   2   0   4   3   3   1   9   6   9   6   4   1   9   5   1   6  10  0.08 0.13
  221 P     2  -2  -2  -1  -4  -3  -4   3  -1  -3  -4  -2  -4  -3   5   0  -2  -7  -3  -2   17   2   2   3   0   1   1  22   2   1   2   3   0   1  29   8   2   0   1   4  0.73 0.51
  222 G    -1  -1   1  -2  -3  -1  -2   0  -1   1   1  -3   1   3  -2   0   0   1   3   1    4   3   7   2   0   3   3   8   1   8  11   1   3  13   2   6   6   2   9   9  0.14 0.16
  223 E     1  -1   0  -2  -4   0  -1  -2  -1  -1  -2   0  -1   0   5   0  -1   1  -1  -1   10   4   5   2   0   4   3   4   1   4   3   6   1   4  29   6   3   2   2   5  0.43 0.34
  224 C     0  -2   1  -2   1   1  -2   4   0  -3  -1  -2  -1   0  -2   0  -1  -1   0  -2    6   2   6   2   3   5   2  34   2   1   7   2   1   5   2   7   3   1   3   4  0.38 0.29
  225 A     0   0  -1  -4  -1   2  -2   0   1  -1   1  -2   2   0  -2  -1  -1   4   2   0    9   5   3   1   1  12   1   8   4   3  14   2   6   3   2   5   3   6   7   6  0.20 0.21
  226 S     3  -3  -1  -4   0  -2  -2   1   1  -2  -2  -4  -2  -1   1   3   1  -5  -3   0   22   1   3   1   2   1   3   9   3   2   4   1   1   3   7  21   9   0   1   7  0.35 0.32
  227 P     3  -2   1  -1  -2  -1  -4  -1   1   0  -1  -3  -1  -2   2  -1   0  -2  -4   2   27   2   6   3   1   2   1   4   4   5   6   1   1   2  10   4   6   1   0  15  0.33 0.29
  228 G    -4  -8  -5 -10  -9  -7  -9  -6  -5  -5  -7  -5  -1  -2 -10  -4  -7  -5  10  -7    2   0   1   0   0   0   0   1   0   1   0   1   2   1   0   2   0   0  89   0  3.50 1.51
  229 G     2  -5   2  -5   5  -4  -5   3  -4  -5  -6  -5  -6  -7  -4   4   1  -8  -7  -3   17   0   9   0  12   1   0  20   0   1   0   0   0   0   1  28   7   0   0   2  0.94 0.61
  230 A     5  -2  -3  -4  -2  -1  -5   0  -1  -2  -4  -5   0  -6  -1   1   1  -7  -2   0   45   3   1   1   1   3   0   6   1   2   2   0   3   0   4  12   7   0   2   7  0.71 0.52
  231 A     3  -7  -4  -6  -2  -3  -6  -3  -7  -7  -5  -6  -2  -8  -7   6   3  -8  -7  -5   24   0   1   0   1   1   0   2   0   0   1   0   1   0   0  52  17   0   0   1  1.49 0.90
  232 A    -3  -2  -3  -8 -10  -5  -6  -8  -8  -9  -9   8  -8  -4  -8  -7  -6 -10  -9  -6    2   2   1   0   0   0   0   0   0   0   0  93   0   1   0   0   0   0   0   1  2.98 1.37
  233 E     5  -3  -5  -6  -1  -4  -3   1   4  -5   0  -3  -3   2  -6  -1  -2  -2   1  -4   43   1   0   0   1   1   1  11   9   0   9   2   0   8   0   4   2   1   4   1  0.79 0.54
  234 R     6  -5  -6  -7   1  -4  -7   4  -7  -6  -4  -4  -4   1  -7  -1  -4  -7  -2  -6   52   1   0   0   3   1   0  27   0   0   2   1   0   6   0   4   1   0   2   0  1.33 0.77
  235 L    -1  -3   1  -5   1   0  -4  -6  -2   2   4  -6   2  -5  -7  -5  -2  -7  -6   4    4   1   6   1   2   4   1   0   1  10  34   0   4   0   0   0   2   0   0  28  0.82 0.50
  236 S    -1   0   1   2  -3   0   2  -3  -1   2   0  -2  -1  -3  -5  -1  -1  -5  -1   2    4   6   8  12   0   4  13   1   2  14   9   2   1   1   0   4   4   0   2  14  0.23 0.23
  237 P     2  -3   1  -3  -5   1  -3   4   2  -4   0  -3   3  -2  -4   1  -2   0  -1  -3   15   1   7   1   0   6   1  29   4   1   9   1   7   2   1   9   2   2   2   1  0.45 0.36
  238 L    -3  -7  -6  -8  -3  -4  -8  -8  -2  -1   4  -8   4   7  -8  -5  -3   3   0  -3    3   0   0   0   1   1   0   0   1   4  37   0   8  35   0   1   2   4   2   1  1.45 0.73
  239 T     1  -6  -1  -6  -1  -5  -6  -4   0  -3  -4  -6   2   1  -6   3   6  -7  -2   1   12   0   3   0   1   0   0   1   2   1   1   0   4   5   0  18  41   0   1   8  1.00 0.67
  240 A    -1   5   0   0  -7   1   1  -4  -2  -3  -3   4  -1  -4  -6  -1  -2  -7  -2  -3    5  27   4   6   0   6  10   1   1   1   3  23   1   1   0   4   3   0   1   2  0.66 0.45
  241 A     2  -3   0  -2   3  -2   1   0  -1  -1  -4  -4  -3  -3  -3   3   1  -2  -1   0   18   1   5   2   6   1   8   7   1   4   1   0   0   1   1  26   9   0   2   6  0.40 0.37
  242 L    -1  -7  -8  -8  -2  -7  -8  -7  -8   1   6  -7   3   0  -7  -6  -3   1  -3   0    5   0   0   0   1   0   0   0   0   6  67   0   7   3   0   0   2   2   1   5  1.45 0.75
  243 Q     6   3  -3  -6  -2   0  -5  -1   1  -6  -5  -5  -5  -3  -6   1  -3  -7  -3  -5   56  17   1   0   1   4   1   4   3   0   1   0   0   1   0   8   1   0   1   0  1.22 0.73
  244 V     1   2  -1  -2   1   1  -1  -2   1   0   1   1   0  -1  -2  -1  -1  -1  -1   1   13  14   2   1   4   6   4   2   4   4  12   9   2   3   1   4   3   1   2  10  0.12 0.15
  245 Q    -3   1  -2   2  -9   0   7  -3  -2  -8  -4  -1  -5  -5  -7  -4  -4  -8  -4  -5    3   8   2  11   0   4  59   2   1   0   2   4   0   1   0   1   1   0   1   1  1.42 0.81
  246 P    -2  -5  -6  -7  -1  -5  -2  -2   0  -1   4  -5   2   0  -3  -4  -2   6   3   0    4   0   0   0   1   0   3   3   3   2  44   1   4   4   1   1   2  10   9   7  0.84 0.51
  247 D     3   0  -1   0  -3   0   0   2  -1  -2  -3   0  -2  -3   1   0  -2  -2  -3  -2   28   6   2   6   0   4   6  15   1   3   3   7   1   1   6   7   2   1   1   2  0.29 0.26
  248 S     0   0  -1   0  -1   1   0   2   0  -3  -4   2  -3  -5   4   1  -2  -3  -2  -3    8   6   2   6   1   6   5  13   2   2   1  12   1   0  19  10   2   0   1   2  0.36 0.29
  249 R    -3   1  -2   2  -4   1   0  -4   4  -4  -2   2  -3   1   0   0   2  -1   2  -3    1   8   1  10   0   6   5   0   9   1   3  13   1   7   4   8  12   1   8   1  0.33 0.29
  250 K    -3  -2   4  -1  -7  -2  -2   6   0  -7  -6   1  -6  -4  -1  -3  -4   0  -4  -6    2   2  17   3   0   2   2  51   2   0   1   8   0   1   3   1   1   1   1   1  1.17 0.64
  251 L    -4  -8  -8  -8  -3  -8  -8  -7  -4   7  -1  -8  -2  -1  -8  -7  -5  -3  -4   5    1   0   0   0   0   0   0   0   1  51   4   0   1   2   0   0   0   1   1  37  1.89 0.87
  252 R    -3   6  -1  -2  -3  -2  -4  -4   1  -2  -4   1  -2  -3  -6  -1   3  -7  -2  -3    2  45   3   3   1   2   1   1   3   3   1   8   1   1   0   4  18   0   1   2  1.04 0.63
  253 A     0  -8  -6  -8   3  -7  -8  -8  -8   2  -3  -7  -3  -1  -8  -1   0  -8  -5   7    8   0   0   0   6   0   0   0   0   9   2   0   1   3   0   4   6   0   0  60  1.51 0.78
  254 S    -4  -6   7  -5  -3   0  -2  -6  -1  -2  -3  -6  -3  -2  -7   1   2  -1   0  -1    1   0  54   0   1   4   2   0   1   2   3   0   1   2   0   9  10   1   3   5  1.37 0.79
  255 C     3  -6  -2  -3   5  -5  -4  -1  -5   1  -1  -5   0  -5  -6   2   1  -7  -6   1   27   0   2   2  12   0   1   5   0   7   7   0   2   0   0  16   9   0   0  11  0.64 0.46
  256 L    -2  -8  -8  -8   0  -5  -8  -8  -8   5   2  -7   0  -3  -8  -7  -3  -7  -1   6    3   0   0   0   2   1   0   0   0  29  16   0   2   1   0   0   1   0   2  43  1.42 0.71
  257 S     3  -3   1  -2   5  -1  -1  -3   4  -2  -1  -4  -2  -3  -5   2  -2   0   0  -2   25   1   6   2  12   2   5   2   9   3   6   0   1   1   0  16   2   1   3   2  0.54 0.41
  258 P    -3  -9  -9  -8  -1  -8  -8  -7  -4  -9  -4  -8  -5 -10   9  -3  -4 -10 -10  -9    3   0   0   0   1   0   0   0   0   0   2   0   0   0  89   2   1   0   0   0  3.14 1.42
  259 G    -2  -8  -4  -6  -5  -7  -6   7  -4  -7  -7  -7  -4  -1  -4  -3  -2   0   2  -7    3   0   1   0   0   0   0  77   0   0   1   0   1   3   1   2   3   1   6   0  2.02 0.96
  260 F    -1  -2  -2  -3  -2  -4  -4  -1  -1   1   1  -4   2   3   2  -2  -1   2   3   1    6   2   2   1   1   0   0   6   2   6  16   0   5  13  11   2   4   2  11   9  0.31 0.25
  261 C    -3  -5  -7  -6   0  -7  -7  -7  -8   5  -2  -7   0   1  -7  -5   1  -7  -3   5    2   1   0   0   2   0   0   0   0  34   2   0   2   5   0   1   8   0   1  42  1.39 0.70
  262 D     1   2   1   3  -5   1   1  -2  -1  -4  -2   2  -1  -5  -2  -1   0   1  -1  -2   12  10   7  19   0   5   7   2   1   0   5  13   2   0   2   4   5   2   2   3  0.29 0.26
  263 T    -4  -7  -4  -7  -7  -7  -5  -4  -4  -6  -7  -6  -4  -8  -6   2   8  -9  -8  -5    1   0   1   0   0   0   1   1   0   0   0   0   0   0   0  14  80   0   0   0  2.40 1.19
  264 D     0  -2   2   4  -6   0   3  -1  -3  -6  -6   0  -6  -7   2   0  -2  -7  -4  -5    7   2   9  26   0   4  22   5   0   0   0   5   0   0  11   6   2   0   0   1  0.71 0.47
  265 D    -3  -2  -1   0  -5  -2  -1  -1  -2   0   2  -2   7   3  -5  -1  -2  -2  -2  -2    1   2   3   6   0   1   3   4   1   4  20   2  32  11   0   4   2   1   1   2  0.72 0.46
  266 I     0  -2  -2  -3  -3  -1  -3  -1  -1   2   1  -2   1   0  -2   2   2  -2   0   1    9   1   2   1   0   3   1   4   1  11  12   1   3   5   1  16  14   1   3  12  0.18 0.20
  267 R     0   5  -1   0  -5   1   1  -2  -3  -3  -4   4  -1  -4  -4  -2  -1  -5  -5  -3    7  33   3   5   0   6   7   3   0   2   2  22   1   1   0   2   3   0   0   2  0.68 0.42
  268 E    -1  -1   1   2  -4   0   3  -2   3  -1  -2   0  -1  -2   0   0   0  -2   1  -2    5   2   8  10   0   4  24   3   7   3   4   6   2   1   4   5   5   0   5   2  0.25 0.21
  269 P     0   1  -1  -1  -3   0   0  -1  -1  -1   0   0   1  -1   3   0   0  -2  -2   0    7  10   3   4   0   3   4   4   1   3  11   6   4   3  14   7   4   1   0  10  0.12 0.11
  270 P    -1   0   0  -1  -2   0  -1  -1  -1   0  -1   0  -1  -1   5   0   0   0  -1  -2    6   5   5   2   1   3   4   5   2   5   6   4   2   3  31   8   4   1   2   3  0.40 0.24
  271 Y    -1   0   0  -1  -3   2   1  -1   1  -1  -1   0  -1   0   1   0   1   4   1  -1    5   6   4   2   0  10   9   5   4   3   5   7   1   3   8   6   9   6   7   3  0.13 0.12
  272 A     3   0  -1  -1  -2   0   0   0  -1  -1  -2   1   0  -3   0   1   0   1  -3   0   30   4   2   2   1   3   7   7   1   3   2   7   3   0   4  11   5   2   0   5  0.21 0.20
  273 L    -2  -1  -2  -2  -3  -1  -2  -4  -2   2   4  -2   3   1  -3  -2   0  -4  -2   0    3   3   2   2   0   3   2   0   1   9  45   3   8   5   1   3   5   0   1   5  0.45 0.28
  274 W    -2   0  -2  -3  -5  -1   0  -2  -4  -2  -1   0   0   1  -1  -2  -1  10   1  -2    2   6   2   2   0   3   8   3   0   3   5   6   2   6   4   3   4  36   3   3  1.07 0.47
  275 E    -1   0  -1   2  -5   1   5  -4  -3  -5  -2   2  -1  -3   1  -2  -1  -5  -4  -4    4   3   3   9   0   6  43   0   0   0   4  12   2   1   8   2   4   0   0   0  0.69 0.40
  276 V     0  -2  -2  -2  -2  -1   0  -2  -2   2   1  -2   2   0   1  -1   0  -3   0   2    6   1   1   1   0   3   6   3   0  11  12   2   8   3   6   3   6   0   3  22  0.14 0.14
  277 G     1  -2  -1   0  -3  -1   0   4  -3  -2  -1   2  -3  -4  -2   0  -1  -4  -2  -2   11   0   3   5   0   1   6  34   0   3   9  16   0   0   1   6   3   0   2   1  0.35 0.24
  278 E     0   1  -1   2  -5   2   5  -2  -2  -3  -4   1  -4  -5  -1  -2  -1  -5  -4  -4    7   8   2  10   0   8  45   3   0   2   1   6   0   0   3   1   3   0   0   0  0.69 0.37
  279 A     3  -1  -1   0  -2  -1  -1  -1  -2  -1   0   0   1   0   0   0   0  -3  -1   0   32   3   3   5   0   2   3   2   0   2  11   7   4   4   3   7   5   0   1   5  0.13 0.15
  280 L    -1  -3  -3  -4  -3  -2  -3  -2  -3   2   3  -2   3   1  -2  -1  -1   1  -2   2    3   0   0   0   0   2   1   2   0  15  34   2  10   5   2   4   2   2   0  14  0.36 0.21
  281 D    -1  -2   0   5  -4  -1   2   0  -3  -2  -2   1  -3  -4  -1   0   0  -4  -4  -2    5   0   2  40   0   0  13   8   0   2   4   9   0   0   2   4   6   0   0   3  0.51 0.27
  282 Y     0   1   0  -3  -3  -2  -1  -3   1  -3  -3   1  -2   3  -1  -1  -2   5   6  -3    7   8   4   0   0   0   3   1   3   0   1   9   0  14   3   4   1   8  32   1  0.62 0.28
  283 L    -3  -3  -4  -2  -3  -3  -3  -4  -4   3   4  -1   0   1  -4  -3  -1   1  -2   1    1   0   0   3   0   0   0   1   0  18  52   5   0   4   0   1   4   2   0   8  0.55 0.26
  284 L    -1  -3  -3  -3  -2  -2  -3  -3  -3   2   3  -3   1   0   2  -1   0  -3  -1   2    4   0   0   0   0   0   1   1   0  13  34   1   3   2  12   3   7   0   2  15  0.32 0.16
  285 C     0  -3  -3  -3   8  -3  -2  -1   1   0   1  -3  -1  -1  -1   0   1  -3  -2  -1    7   0   0   0  38   0   3   3   4   6  13   0   0   3   3   7   8   0   0   3  0.59 0.23
  286 G     1   0  -1   0  -3  -2  -2   5   0  -4  -4  -1  -3  -3  -3   2  -2  -3   0  -3   10   6   0   6   0   0   0  45   3   0   0   3   0   0   0  20   0   0   4   0  0.57 0.22
  287 T     1   0  -1  -2   2   0   0   0  -2  -1   0   1  -1  -3   1   0   3  -3  -2   0   10   3   0   0   6   4   7   6   0   0  10   9   0   0   6   4  27   0   0   7  0.16 0.11
  288 S     0  -1  -1   1  -2  -1   0   0  -2  -1  -2  -1   0   1   1   3   1  -2   1  -2    8   4   0   7   0   0   7   8   0   4   1   0   4   6   7  31   6   0   6   0  0.18 0.12
  289 F    -2  -1  -2  -1  -2   0  -1  -3   0   1   1  -2   0   3   0  -1   0  -1   2   2    0   4   0   4   0   4   4   0   3  12  11   0   0  20   4   3   5   0   7  18  0.14 0.09
  290 T     0  -2  -1   0   3  -1   1   0  -2  -2  -1  -2  -2   1  -2   1   4  -3  -2  -2    4   0   0   4   7   0  11   8   0   0   5   0   0   9   0  11  37   0   0   0  0.28 0.16
  291 G     0   1  -1  -2  -3  -2  -1   6  -3  -4  -4   0  -3  -4  -3   0  -1  -4  -4  -4    4  10   0   0   0   0   4  67   0   0   0   5   0   0   0   3   5   0   0   0  0.88 0.23
  292 G     0   2  -1  -2  -3   0   0   4  -1  -4  -3   0  -3  -2  -3   0  -1  -2   2  -3    5  17   0   0   0   4   4  45   0   0   0   6   0   0   0   5   4   0  10   0  0.47 0.15
  293 F    -1  -2  -2  -2  -2  -2  -2  -2   2  -1   0  -1  -1   3  -2   1  -1   4   4   1    1   1   1   1   0   1   1   1   6   1   7   5   0  20   1  18   1   5  17  15  0.25 0.10
  294 F    -2  -2  -3  -3  -3   0  -2   1  -2   0  -1  -2   1   6  -3  -2  -2   4   1   0    1   1   1   1   0   6   1  12   0   7   1   1   5  50   1   1   1   6   0   5  0.49 0.15
  295 D    -1  -1   2   4  -3   0   2  -2  -1  -2  -1   0  -2  -3   1   0  -1  -3  -2  -2    1   1   8  41   0   1  11   1   0   1   9   8   0   1   7   6   1   0   1   1  0.39 0.09
  296 C     0   0   2  -1   5   0   0  -1   2  -2  -2  -1  -1  -2  -1   1   0  -2  -1  -1    9   7  12   1  22   1   9   2   8   1   2   2   1   1   1  16   2   0   1   2  0.24 0.06
  297 R    -1   2   1   0  -2   3   2  -1   0  -2  -2   3  -1  -2  -1   0  -1  -2  -2  -2    2  16   7   1   1  16  15   2   1   1   2  23   1   1   1   7   2   0   1   2  0.28 0.06
  298 I     0  -3  -3  -2  -2  -2   1  -3  -3   3   1  -2   0  -1   1  -2   0  -3  -2   2    7   0   0   0   0   0  13   0   0  37  13   0   0   0   8   0   6   0   0  17  0.24 0.10
  299 A     3   1  -2  -2  -2   1   0   2  -2  -2  -2  -1  -1   0  -2   0  -1  -3  -2   0   46   8   0   0   0   7   7  15   0   0   1   0   0   5   0   1   0   0   0   7  0.23 0.10
  300 E     1   1  -1   0  -3   2   4  -2   2  -2  -1   1  -2  -3  -2  -1  -1  -3  -2  -2   18   9   0   0   0   7  39   1   8   0   7   7   0   0   0   1   0   0   0   0  0.34 0.10
  301 G    -1  -2  -1  -2  -3  -2  -2   4   1  -1   1   0   3  -2  -3  -1  -2  -3  -2  -2    1   0   0   0   0   0   0  47   6   0  20   7  13   0   0   1   0   0   0   0  0.41 0.12
  302 E    -1   1  -2  -1  -3   1   2  -3  -1  -1   0   0  -1   2   1   0  -1   3  -1  -1    5  13   0   0   0   7  24   0   0   0  13   0   0  12   8   6   0   6   0   6  0.18 0.08
  303 A     2  -2   0  -2   3  -1  -2  -2  -2  -1  -2   0  -1  -2   3   0   1  -3   0   1   33   0   7   0   8   0   0   0   0   0   0   8   0   0  14   0  11   0   5  13  0.24 0.09
  304 E     0  -1  -1   0  -3   0   4   0  -1  -3  -3   1  -2  -2   1   0   0  -2   2  -2    6   0   0   0   0   0  46   6   0   0   0   7   0   0   7   6   8   0  12   0  0.37 0.11
  305 A     2  -1  -2  -2  -2   0   0  -2  -2   0   0   0   1   2  -2   0  -1  -2   1   0   30   0   0   0   0   5   6   0   0   7   7   6   8  13   0   8   0   0   5   5  0.11 0.07
  306 I     0  -3  -3  -3  -2  -2  -1  -3  -3   3   2  -2   2   1  -3  -2   0  -3  -1   2    7   0   0   0   0   0   6   0   0  38  15   0   7   5   0   0   8   0   0  14  0.25 0.09
  307 K     1   2  -1   1  -2   0   0   1  -1  -2  -2   2  -2  -3   1   0  -1  -3  -2  -1   15  12   1   8   0   1   6  13   0   1   1  24   0   1   8   1   1   0   0   7  0.19 0.05
  308 E     0   1  -1  -1  -2   2   3  -2  -1  -2   0   0  -1  -1   1  -1   0  -2   1  -1    7   8   1   1   0  14  26   1   0   1  14   1   0   1   7   1   8   0   8   1  0.19 0.06
  309 A     0   1  -1  -2  -2   1  -1   0  -1   0   0  -1  -1  -1   2   1  -1   4  -1  -1   10   8   1   1   0  13   1   8   0   7  15   1   0   1  10  15   1   8   0   1  0.14 0.05
  310 S     1   1  -1  -1  -1  -1  -1  -1  -1  -1   0   0  -1  -2   2   3   1  -3  -2   0    8  13   1   1   0   1   1   1   0   1  10   1   0   1   8  37   8   0   0   8  0.19 0.07
  311 W     0   1   1  -2  -2  -1  -2  -2  -2  -2  -2  -2  -2  -1  -2   0  -2  10   0   0    9  10   8   1   0   1   1   1   0   1   1   1   0   1   1   7   1  48   1   8  1.05 0.15
  312 A     3  -2  -2  -1  -1  -1   1   1  -2   0   0  -1  -1  -2  -1   0  -1  -3  -2   0   49   1   0   1   0   0  15  10   0  11  10   1   0   0   1   1   1   0   0   1  0.19 0.07
  313 A     2   2  -1  -2  -1  -1  -1   1  -2  -1  -1   0  -1  -2  -2   1   0  -3  -2   1   31  23   0   1   0   0   1   9   0   1   1   1   0   0   1  10   1   0   0  20  0.17 0.06
  314 A     2  -1  -1  -1  -1   1   1  -1  -1   1  -1  -1  -1  -2  -1   1   0  -3  -2   1   30   1   0   1   0  10  11   1   0  10   1   1   0   0   1  15   1   0   0  17  0.14 0.05
  315 T     0   0  -1  -1  -2  -1  -1   0  -1  -1  -2   2  -1  -1  -1   1   3  -2   1   0    1   1   0   1   0   0   1   8   0   1   1  20   0   0   1   8  40   0   8  10  0.21 0.07
  316 G     1   1  -1  -2  -2  -1  -2   5  -2  -1  -2  -1   1  -2  -2  -1  -1  -3  -2   0   10  11   0   1   0   0   1  53   0   1   1   1   8   0   1   1   1   0   0  11  0.42 0.08
  317 E    -1   0   0   0  -3   4   3   1  -1  -2  -2   1  -1  -3  -1   1  -1  -3  -2  -1    1   1   0   1   0  35  20  11   0   1   1   9   0   0   1  11   1   0   0   8  0.32 0.07
  318 A     3   2  -2   0  -2  -1  -1  -1  -2   0   0  -1  -1  -2  -2   0  -1  -3  -2   1   49  20   0   8   0   0   0   0   0   7   7   0   0   0   0   0   0   0   0  10  0.21 0.08
  319 L     0   0  -3  -3  -2  -2  -2  -3  -2   0   3  -2   0   4  -3  -2  -2  -1   1   0   11   9   0   0   0   0   1   1   0   0  39   1   0  34   0   1   1   0   0   1  0.28 0.08
  320 S    -1   0   2  -1  -2   0   0  -1  -1  -2  -2   2  -1   1  -1   2   2  -2  -1  -2    1   0  16   0   0   0   1   1   0   0   1  27   0  11   0  21  18   0   0   1  0.23 0.07
  321 P    -1   1  -2  -1  -4  -1   1  -3  -2  -4  -3   1  -3  -4   7  -1  -2  -4  -3  -3    0  11   0   0   0   0  11   0   0   0   0  12   0   0  66   0   0   0   0   0  1.33 0.12
  322 L    -1  -3  -4  -4  -2  -3  -3  -4  -3   2   3  -3   1   3  -3  -3  -1  -2   0   2    0   0   0   0   0   0   0   0   0   0  50   0   0  18   0   0   0   0   0  33  0.36 0.04
  323 L    -1  -3  -4  -4  -1  -2  -3  -4  -3   2   3  -3   2   0  -3  -2  -1  -2  -1   3    0   0   0   0   0   0   0   0   0   0  61   0   0   0   0   0   0   0   0  39  0.39 0.04
  324 S     2  -2   0   3  -1  -1   0  -1  -2   0  -1  -1  -1  -2  -1   2   0  -3  -2   1   24   0   0  25   0   0   0   0   0   0   0   0   0   0   0  25   0   0   0  25  0.19 0.02
  325 S     1  -2   0  -1  -2  -1  -1   4  -2  -3  -3  -1  -2  -3  -2   3   0  -3  -3  -3    0   0   0   0   0   0   0  49   0   0   0   0   0   0   0  51   0   0   0   0  0.56 0.03
  326 L    -2  -3  -4  -4  -2  -3  -3  -4  -2   1   3  -3   1   5  -4  -3  -2   0   2   0    0   0   0   0   0   0   0   0   0   0  50   0   0  50   0   0   0   0   0   0  0.48 0.03
  327 Q    -1   0   3   0  -3   3   2  -2   0  -1  -2   0  -1  -3  -2   0  -1  -3  -2   1    0   0  24   0   0  25  25   0   0   0   0   0   0   0   0   0   0   0   0  25  0.26 0.02
  328 D     1   0   0   3  -2   0   0  -1   0  -2  -2   2  -2   0  -2   0  -1  -1   3  -2   25   0   0  25   0   0   0   0   0   0   0  25   0   0   0   0   0   0  24   0  0.23 0.02
  329 K    -1   2   0  -1  -3   1   1  -2  -1  -3  -3   5  -2  -4  -1   0  -1  -3  -2  -3    0   0   0   0   0   0   0   0   0   0   0 100   0   0   0   0   0   0   0   0  0.62 0.04
  330 I     0  -2  -2  -2  -1  -1  -2  -2  -2   2   1  -2   3  -1  -2   1   0  -3  -1   2    0   0   0   0   0   0   0   0   0  25   0   0  24   0   0  25   0   0   0  25  0.17 0.02
  331 N    -1  -1   3   3  -3   0   0  -1   4  -3  -3  -1  -2  -3  -2   2   0  -4  -1  -3    0   0  25  25   0   0   0   0  24   0   0   0   0   0   0  25   0   0   0   0  0.43 0.02
  332 V     0  -3  -3  -4  -1  -3  -3  -4  -4   3   1  -3   1  -1  -3  -2   0  -3  -1   5    0   0   0   0   0   0   0   0   0   0   0   0   0   0   0   0   0   0   0 100  0.43 0.04
  333 L    -2  -2  -1   3  -2   0   2  -3  -2   0   2  -1   1  -1  -2  -1  -1  -3  -2  -1    0   0   0  24   0   0  25   0   0   0  50   0   0   0   0   0   0   0   0   0  0.24 0.02
  334 A     3  -2  -2  -2  -1  -1  -1  -1  -2   1   0  -1   0  -2  -1   1   2  -3  -2   1   50   0   0   0   0   0   0   0   0  24   0   0   0   0   0   0  25   0   0   0  0.22 0.02
  335 R    -2   6  -1  -2  -4   1   0  -3   0  -3  -3   2  -2  -3  -2  -1  -1  -3  -2  -3    0 100   0   0   0   0   0   0   0   0   0   0   0   0   0   0   0   0   0   0  0.87 0.05
  336 E    -1   1   0   1  -4   2   4  -2   0  -3  -3   3  -2  -3  -1   0  -1  -3  -2  -3    0   0   0   0   0   0  67   0   0   0   0  33   0   0   0   0   0   0   0   0  0.57 0.02
  337 R    -1   5   0  -1  -4   1   0  -2   0  -3  -2   3  -2  -3  -2  -1  -1  -3  -2  -3    0  67   0   0   0   0   0   0   0   0   0  33   0   0   0   0   0   0   0   0  0.63 0.02
  338 A     4  -2  -2  -2  -1  -1  -1   0  -2  -2  -2  -1  -1  -2  -1   1   0  -3  -2   0  100   0   0   0   0   0   0   0   0   0   0   0   0   0   0   0   0   0   0   0  0.44 0.02
  339 V    -1  -2  -3  -4  -1  -2  -3  -4  -3   2   3  -3   2   0  -3  -2  -1  -2  -1   2    0   0   0   0   0   0   0   0   0   0  66   0   0   0   0   0   0   0   0  34  0.36 0.01
  340 S     2   0   0  -1  -1   0   0  -1  -1  -2  -2   2  -1  -3  -1   2   0  -3  -2  -1   33   0   0   0   0   0   0   0   0   0   0  33   0   0   0  34   0   0   0   0  0.28 0.01
  341 Q    -1   2   0  -1  -3   4   1  -2   0  -3  -3   4  -1  -3  -1   0  -1  -3  -2  -2    0   0   0   0   0  34   0   0   0   0   0  66   0   0   0   0   0   0   0   0  0.50 0.02
  342 A     3   1  -1  -1  -2   0   0  -1  -1  -2  -2   3  -1  -3  -1   1   0  -3  -2  -1   50   0   0   0   0   0   0   0   0   0   0  50   0   0   0   0   0   0   0   0  0.29 0.00
  343 E    -1   0   0   2  -4   2   5  -2   0  -3  -3   1  -2  -3  -1   0  -1  -3  -2  -3    0   0   0   0   0   0 100   0   0   0   0   0   0   0   0   0   0   0   0   0  0.74 0.01
  344 A     3  -1   4   0  -1   0  -1   0   0  -2  -2   0  -2  -3  -1   1   0  -3  -2  -1   50   0  50   0   0   0   0   0   0   0   0   0   0   0   0   0   0   0   0   0  0.35 0.00
  345 E    -1   1   0   1  -4   2   4  -2   0  -3  -3   3  -2  -3  -1   0  -1  -3  -2  -3    0   0   0   0   0   0  50   0   0   0   0  50   0   0   0   0   0   0   0   0  0.50 0.00
  346 G    -1  -1   0  -1  -3  -1  -1   4   6  -4  -3  -1  -2  -2  -2  -1  -2  -3   0  -3    0   0   0   0   0   0   0  50  50   0   0   0   0   0   0   0   0   0   0   0  0.62 0.00
  347 L    -2  -2  -4  -4  -1  -2  -3  -4  -3   2   4  -3   2   0  -3  -3  -1  -2  -1   1    0   0   0   0   0   0   0   0   0   0 100   0   0   0   0   0   0   0   0   0  0.46 0.00
  348 T     0  -1   0  -1  -1  -1  -1  -2  -2  -1  -1  -1  -1  -2  -1   1   4  -2  -2   0    0   0   0   0   0   0   0   0   0   0   0   0   0   0   0   0   0   0   0   0  0.00     0.00
  349 L    -1  -2  -3  -4  -1  -2  -3  -4  -3   2   4  -2   2   0  -3  -2  -1  -2  -1   1    0   0   0   0   0   0   0   0   0   0   0   0   0   0   0   0   0   0   0   0  0.00     0.00
  350 I    -1  -3  -3  -3  -1  -3  -3  -4  -3   4   2  -3   1   0  -3  -2  -1  -3  -1   3    0   0   0   0   0   0   0   0   0   0   0   0   0   0   0   0   0   0   0   0  0.00     0.00
  351 R    -1   5   0  -2  -3   1   0  -2   0  -3  -2   2  -1  -3  -2  -1  -1  -3  -2  -2    0   0   0   0   0   0   0   0   0   0   0   0   0   0   0   0   0   0   0   0  0.00     0.00
  352 S     1  -1   1   0  -1   0   0   0  -1  -2  -2   0  -1  -2  -1   4   1  -3  -2  -2    0   0   0   0   0   0   0   0   0   0   0   0   0   0   0   0   0   0   0   0  0.00     0.00
  353 K    -1   2   0  -1  -3   1   1  -2  -1  -3  -2   4  -1  -3  -1   0  -1  -3  -2  -2    0   0   0   0   0   0   0   0   0   0   0   0   0   0   0   0   0   0   0   0  0.00     0.00
  354 D    -2  -2   1   6  -3   0   1  -1  -1  -3  -4  -1  -3  -3  -1   0  -1  -4  -3  -3    0   0   0   0   0   0   0   0   0   0   0   0   0   0   0   0   0   0   0   0  0.00     0.00
  355 S     1  -1   1   0  -1   0   0   0  -1  -2  -2   0  -1  -2  -1   4   1  -3  -2  -2    0   0   0   0   0   0   0   0   0   0   0   0   0   0   0   0   0   0   0   0  0.00     0.00
  356 E    -1   0   0   1  -4   2   5  -2   0  -3  -3   1  -2  -3  -1   0  -1  -3  -2  -2    0   0   0   0   0   0   0   0   0   0   0   0   0   0   0   0   0   0   0   0  0.00     0.00
  357 T     0  -1   0  -1  -1  -1  -1  -2  -2  -1  -1  -1  -1  -2  -1   1   4  -2  -2   0    0   0   0   0   0   0   0   0   0   0   0   0   0   0   0   0   0   0   0   0  0.00     0.00
  358 G     0  -2   0  -1  -2  -2  -2   6  -2  -4  -4  -2  -3  -3  -2   0  -2  -2  -3  -3    0   0   0   0   0   0   0   0   0   0   0   0   0   0   0   0   0   0   0   0  0.00     0.00
  359 Y    -2  -2  -2  -3  -2  -1  -2  -3   2  -1  -1  -2  -1   3  -3  -2  -2   2   7  -1    0   0   0   0   0   0   0   0   0   0   0   0   0   0   0   0   0   0   0   0  0.00     0.00
  360 A     4  -1  -2  -2   0  -1  -1   0  -2  -1  -1  -1  -1  -2  -1   1   0  -2  -2   0    0   0   0   0   0   0   0   0   0   0   0   0   0   0   0   0   0   0   0   0  0.00     0.00
  361 G     0  -2   0  -1  -2  -2  -2   6  -2  -4  -4  -2  -3  -3  -2   0  -2  -2  -3  -3    0   0   0   0   0   0   0   0   0   0   0   0   0   0   0   0   0   0   0   0  0.00     0.00
  362 V     0  -2  -3  -3  -1  -2  -2  -3  -3   3   1  -2   1  -1  -2  -2   0  -3  -1   4    0   0   0   0   0   0   0   0   0   0   0   0   0   0   0   0   0   0   0   0  0.00     0.00
  363 S     1  -1   1   0  -1   0   0   0  -1  -2  -2   0  -1  -2  -1   4   1  -3  -2  -2    0   0   0   0   0   0   0   0   0   0   0   0   0   0   0   0   0   0   0   0  0.00     0.00
  364 V     0  -2  -3  -3  -1  -2  -2  -3  -3   3   1  -2   1  -1  -2  -2   0  -3  -1   4    0   0   0   0   0   0   0   0   0   0   0   0   0   0   0   0   0   0   0   0  0.00     0.00
  365 L    -1  -2  -3  -4  -1  -2  -3  -4  -3   2   4  -2   2   0  -3  -2  -1  -2  -1   1    0   0   0   0   0   0   0   0   0   0   0   0   0   0   0   0   0   0   0   0  0.00     0.00
  366 G     0  -2   0  -1  -2  -2  -2   6  -2  -4  -4  -2  -3  -3  -2   0  -2  -2  -3  -3    0   0   0   0   0   0   0   0   0   0   0   0   0   0   0   0   0   0   0   0  0.00     0.00
  367 D    -2  -2   1   6  -3   0   1  -1  -1  -3  -4  -1  -3  -3  -1   0  -1  -4  -3  -3    0   0   0   0   0   0   0   0   0   0   0   0   0   0   0   0   0   0   0   0  0.00     0.00
  368 G     0  -2   0  -1  -2  -2  -2   6  -2  -4  -4  -2  -3  -3  -2   0  -2  -2  -3  -3    0   0   0   0   0   0   0   0   0   0   0   0   0   0   0   0   0   0   0   0  0.00     0.00
  369 E    -1   0   0   1  -4   2   5  -2   0  -3  -3   1  -2  -3  -1   0  -1  -3  -2  -2    0   0   0   0   0   0   0   0   0   0   0   0   0   0   0   0   0   0   0   0  0.00     0.00
  370 L    -1  -2  -3  -4  -1  -2  -3  -4  -3   2   4  -2   2   0  -3  -2  -1  -2  -1   1    0   0   0   0   0   0   0   0   0   0   0   0   0   0   0   0   0   0   0   0  0.00     0.00
  371 P    -1  -2  -2  -1  -3  -1  -1  -2  -2  -3  -3  -1  -2  -4   7  -1  -1  -4  -3  -2    0   0   0   0   0   0   0   0   0   0   0   0   0   0   0   0   0   0   0   0  0.00     0.00
  372 V     0  -2  -3  -3  -1  -2  -2  -3  -3   3   1  -2   1  -1  -2  -2   0  -3  -1   4    0   0   0   0   0   0   0   0   0   0   0   0   0   0   0   0   0   0   0   0  0.00     0.00
  373 Q    -1   1   0   0  -3   5   2  -2   0  -3  -2   1   0  -3  -1   0  -1  -2  -1  -2    0   0   0   0   0   0   0   0   0   0   0   0   0   0   0   0   0   0   0   0  0.00     0.00
  374 D    -2  -2   1   6  -3   0   1  -1  -1  -3  -4  -1  -3  -3  -1   0  -1  -4  -3  -3    0   0   0   0   0   0   0   0   0   0   0   0   0   0   0   0   0   0   0   0  0.00     0.00
  375 A     4  -1  -2  -2   0  -1  -1   0  -2  -1  -1  -1  -1  -2  -1   1   0  -2  -2   0    0   0   0   0   0   0   0   0   0   0   0   0   0   0   0   0   0   0   0   0  0.00     0.00
  376 R    -1   5   0  -2  -3   1   0  -2   0  -3  -2   2  -1  -3  -2  -1  -1  -3  -2  -2    0   0   0   0   0   0   0   0   0   0   0   0   0   0   0   0   0   0   0   0  0.00     0.00
  377 R    -1   5   0  -2  -3   1   0  -2   0  -3  -2   2  -1  -3  -2  -1  -1  -3  -2  -2    0   0   0   0   0   0   0   0   0   0   0   0   0   0   0   0   0   0   0   0  0.00     0.00
  378 G     0  -2   0  -1  -2  -2  -2   6  -2  -4  -4  -2  -3  -3  -2   0  -2  -2  -3  -3    0   0   0   0   0   0   0   0   0   0   0   0   0   0   0   0   0   0   0   0  0.00     0.00
  379 P    -1  -2  -2  -1  -3  -1  -1  -2  -2  -3  -3  -1  -2  -4   7  -1  -1  -4  -3  -2    0   0   0   0   0   0   0   0   0   0   0   0   0   0   0   0   0   0   0   0  0.00     0.00
  380 D    -2  -2   1   6  -3   0   1  -1  -1  -3  -4  -1  -3  -3  -1   0  -1  -4  -3  -3    0   0   0   0   0   0   0   0   0   0   0   0   0   0   0   0   0   0   0   0  0.00     0.00
  381 A     4  -1  -2  -2   0  -1  -1   0  -2  -1  -1  -1  -1  -2  -1   1   0  -2  -2   0    0   0   0   0   0   0   0   0   0   0   0   0   0   0   0   0   0   0   0   0  0.00     0.00
  382 T     0  -1   0  -1  -1  -1  -1  -2  -2  -1  -1  -1  -1  -2  -1   1   4  -2  -2   0    0   0   0   0   0   0   0   0   0   0   0   0   0   0   0   0   0   0   0   0  0.00     0.00
  383 A     4  -1  -2  -2   0  -1  -1   0  -2  -1  -1  -1  -1  -2  -1   1   0  -2  -2   0    0   0   0   0   0   0   0   0   0   0   0   0   0   0   0   0   0   0   0   0  0.00     0.00
  384 A     4  -1  -2  -2   0  -1  -1   0  -2  -1  -1  -1  -1  -2  -1   1   0  -2  -2   0    0   0   0   0   0   0   0   0   0   0   0   0   0   0   0   0   0   0   0   0  0.00     0.00
  385 S     1  -1   1   0  -1   0   0   0  -1  -2  -2   0  -1  -2  -1   4   1  -3  -2  -2    0   0   0   0   0   0   0   0   0   0   0   0   0   0   0   0   0   0   0   0  0.00     0.00
  386 E    -1   0   0   1  -4   2   5  -2   0  -3  -3   1  -2  -3  -1   0  -1  -3  -2  -2    0   0   0   0   0   0   0   0   0   0   0   0   0   0   0   0   0   0   0   0  0.00     0.00
  387 V     0  -2  -3  -3  -1  -2  -2  -3  -3   3   1  -2   1  -1  -2  -2   0  -3  -1   4    0   0   0   0   0   0   0   0   0   0   0   0   0   0   0   0   0   0   0   0  0.00     0.00
  388 S     1  -1   1   0  -1   0   0   0  -1  -2  -2   0  -1  -2  -1   4   1  -3  -2  -2    0   0   0   0   0   0   0   0   0   0   0   0   0   0   0   0   0   0   0   0  0.00     0.00
  389 A     4  -1  -2  -2   0  -1  -1   0  -2  -1  -1  -1  -1  -2  -1   1   0  -2  -2   0    0   0   0   0   0   0   0   0   0   0   0   0   0   0   0   0   0   0   0   0  0.00     0.00
  390 R    -1   5   0  -2  -3   1   0  -2   0  -3  -2   2  -1  -3  -2  -1  -1  -3  -2  -2    0   0   0   0   0   0   0   0   0   0   0   0   0   0   0   0   0   0   0   0  0.00     0.00
  391 Y    -2  -2  -2  -3  -2  -1  -2  -3   2  -1  -1  -2  -1   3  -3  -2  -2   2   7  -1    0   0   0   0   0   0   0   0   0   0   0   0   0   0   0   0   0   0   0   0  0.00     0.00
  392 A     4  -1  -2  -2   0  -1  -1   0  -2  -1  -1  -1  -1  -2  -1   1   0  -2  -2   0    0   0   0   0   0   0   0   0   0   0   0   0   0   0   0   0   0   0   0   0  0.00     0.00
  393 P    -1  -2  -2  -1  -3  -1  -1  -2  -2  -3  -3  -1  -2  -4   7  -1  -1  -4  -3  -2    0   0   0   0   0   0   0   0   0   0   0   0   0   0   0   0   0   0   0   0  0.00     0.00
  394 A     4  -1  -2  -2   0  -1  -1   0  -2  -1  -1  -1  -1  -2  -1   1   0  -2  -2   0    0   0   0   0   0   0   0   0   0   0   0   0   0   0   0   0   0   0   0   0  0.00     0.00
  395 T     0  -1   0  -1  -1  -1  -1  -2  -2  -1  -1  -1  -1  -2  -1   1   4  -2  -2   0    0   0   0   0   0   0   0   0   0   0   0   0   0   0   0   0   0   0   0   0  0.00     0.00
  396 R    -1   5   0  -2  -3   1   0  -2   0  -3  -2   2  -1  -3  -2  -1  -1  -3  -2  -2    0   0   0   0   0   0   0   0   0   0   0   0   0   0   0   0   0   0   0   0  0.00     0.00
  397 T     0  -1   0  -1  -1  -1  -1  -2  -2  -1  -1  -1  -1  -2  -1   1   4  -2  -2   0    0   0   0   0   0   0   0   0   0   0   0   0   0   0   0   0   0   0   0   0  0.00     0.00
  398 F    -2  -3  -3  -3  -2  -3  -3  -3  -1   0   0  -3   0   6  -4  -2  -2   1   3  -1    0   0   0   0   0   0   0   0   0   0   0   0   0   0   0   0   0   0   0   0  0.00     0.00
  399 E    -1   0   0   1  -4   2   5  -2   0  -3  -3   1  -2  -3  -1   0  -1  -3  -2  -2    0   0   0   0   0   0   0   0   0   0   0   0   0   0   0   0   0   0   0   0  0.00     0.00
  400 A     4  -1  -2  -2   0  -1  -1   0  -2  -1  -1  -1  -1  -2  -1   1   0  -2  -2   0    0   0   0   0   0   0   0   0   0   0   0   0   0   0   0   0   0   0   0   0  0.00     0.00
  401 H    -2   0   1  -1  -3   0   0  -2   7  -3  -3  -1  -2  -1  -2  -1  -2  -2   2  -3    0   0   0   0   0   0   0   0   0   0   0   0   0   0   0   0   0   0   0   0  0.00     0.00
  402 M    -1  -1  -2  -3  -1   0  -2  -3  -2   1   2  -1   5   0  -2  -1  -1  -1  -1   1    0   0   0   0   0   0   0   0   0   0   0   0   0   0   0   0   0   0   0   0  0.00     0.00
  403 A     4  -1  -2  -2   0  -1  -1   0  -2  -1  -1  -1  -1  -2  -1   1   0  -2  -2   0    0   0   0   0   0   0   0   0   0   0   0   0   0   0   0   0   0   0   0   0  0.00     0.00
  404 D    -2  -2   1   6  -3   0   1  -1  -1  -3  -4  -1  -3  -3  -1   0  -1  -4  -3  -3    0   0   0   0   0   0   0   0   0   0   0   0   0   0   0   0   0   0   0   0  0.00     0.00
  405 Q    -1   1   0   0  -3   5   2  -2   0  -3  -2   1   0  -3  -1   0  -1  -2  -1  -2    0   0   0   0   0   0   0   0   0   0   0   0   0   0   0   0   0   0   0   0  0.00     0.00
  406 W    -2  -3  -4  -4  -2  -2  -3  -2  -2  -3  -2  -3  -1   1  -4  -3  -2  10   2  -3    0   0   0   0   0   0   0   0   0   0   0   0   0   0   0   0   0   0   0   0  0.00     0.00
  407 D    -2  -2   1   6  -3   0   1  -1  -1  -3  -4  -1  -3  -3  -1   0  -1  -4  -3  -3    0   0   0   0   0   0   0   0   0   0   0   0   0   0   0   0   0   0   0   0  0.00     0.00
  408 K    -1   2   0  -1  -3   1   1  -2  -1  -3  -2   4  -1  -3  -1   0  -1  -3  -2  -2    0   0   0   0   0   0   0   0   0   0   0   0   0   0   0   0   0   0   0   0  0.00     0.00
  409 E    -1   0   0   1  -4   2   5  -2   0  -3  -3   1  -2  -3  -1   0  -1  -3  -2  -2    0   0   0   0   0   0   0   0   0   0   0   0   0   0   0   0   0   0   0   0  0.00     0.00
  410 Q    -1   1   0   0  -3   5   2  -2   0  -3  -2   1   0  -3  -1   0  -1  -2  -1  -2    0   0   0   0   0   0   0   0   0   0   0   0   0   0   0   0   0   0   0   0  0.00     0.00
  411 A     4  -1  -2  -2   0  -1  -1   0  -2  -1  -1  -1  -1  -2  -1   1   0  -2  -2   0    0   0   0   0   0   0   0   0   0   0   0   0   0   0   0   0   0   0   0   0  0.00     0.00
  412 A     4  -1  -2  -2   0  -1  -1   0  -2  -1  -1  -1  -1  -2  -1   1   0  -2  -2   0    0   0   0   0   0   0   0   0   0   0   0   0   0   0   0   0   0   0   0   0  0.00     0.00
  413 A     4  -1  -2  -2   0  -1  -1   0  -2  -1  -1  -1  -1  -2  -1   1   0  -2  -2   0    0   0   0   0   0   0   0   0   0   0   0   0   0   0   0   0   0   0   0   0  0.00     0.00

                      K         Lambda
Standard Ungapped    0.1298     0.3146
Standard Gapped      0.0373     0.2670
PSI Ungapped         0.1219     0.3185
PSI Gapped           0.0373     0.2670
