
Last position-specific scoring matrix computed, weighted observed percentages rounded down, information per position, and relative weight of gapless real matches to pseudocounts
            A   R   N   D   C   Q   E   G   H   I   L   K   M   F   P   S   T   W   Y   V   A   R   N   D   C   Q   E   G   H   I   L   K   M   F   P   S   T   W   Y   V
    1 M    -5  -6  -7  -7  -5  -5  -6  -7  -6   0   6  -6   4   1  -6  -6  -5  -5  -4   0    0   0   0   0   0   0   0   0   0   4  75   0  11   5   0   0   0   0   0   5  1.55 0.64
    2 R    -1   5  -1  -1  -6   1   0  -1  -4  -5  -3   4  -2  -6  -1  -2   0  -6  -5  -4    5  36   2   3   0   6   4   5   0   0   2  24   1   0   3   2   5   0   0   1  0.76 0.44
    3 H    -1  -1   1  -2  -1  -1  -2  -4   7  -2  -3  -1  -1   1  -3   3  -1  -5   1  -4    6   3   7   2   1   3   2   1  31   2   2   3   1   6   1  21   3   0   4   1  0.76 0.46
    4 R    -4   4  -4  -5  -5   4  -3  -6  -3  -3   2   3   2  -3  -7  -3  -4  -2  -4  -3    1  24   0   0   0  20   1   0   0   1  23  19   4   1   0   2   1   1   1   2  0.94 0.58
    5 S    -1  -1   5  -1  -3  -2  -2  -1   0  -2  -6   3  -5  -6  -3   3  -1  -3  -5  -3    4   4  30   4   1   2   3   6   2   3   1  16   0   0   2  19   4   0   0   2  0.73 0.50
    6 M    -5  -5  -9 -10   5  -8  -9  -8  -9  -2   6  -7   5  -1  -7  -5  -5  -5  -3  -1    1   1   0   0  10   0   0   0   0   2  65   0  11   3   0   1   1   0   1   4  1.75 0.87
    7 E    -1   1   0  -2  -4   0   1  -3   0  -2   0   1  -2  -3   1   2   3  -6  -3  -1    4   9   4   2   0   3  10   2   3   2   9   8   1   1   7  14  16   0   1   5  0.23 0.25
    8 D    -3   1   5   3  -4   0  -2  -3   2  -6  -4   2  -4  -1  -6   2  -2  -8  -2  -6    2   8  24  14   0   5   3   2   4   0   2  10   0   3   0  17   2   0   1   0  0.69 0.48
    9 P    -2  -4  -6 -10  -8  -8  -8  -6  -9   1   6  -8  -2  -5   1  -6  -2  -8  -6   0    3   1   1   0   0   0   0   1   0   7  68   0   1   0   7   1   3   0   0   7  1.56 0.82
   10 E    -3   2  -1  -1  -2   2   4  -6   0  -4  -4   2  -4  -8  -4   1   3  -8  -5  -1    2  12   3   3   1  10  23   0   2   1   2  10   0   0   1   9  17   0   0   4  0.62 0.47
   11 E    -2   1   1   0  -2   0   3  -4   3  -2  -2   1  -2  -1  -4   2   0  -1   0   0    3   6   6   4   1   4  20   1   6   2   4   7   1   2   0  13   7   1   3   8  0.28 0.26
   12 P    -3  -8  -1  -6  -5  -4  -7  -9  -5   1   6  -6  -1  -1  -2  -4  -5  -4  -4   0    2   0   4   1   0   1   0   0   0   6  70   1   1   3   2   2   1   0   1   6  1.51 0.78
   13 G    -3   1   4   4  -3   1  -1  -1   3  -3  -2  -2  -4  -2  -6  -1  -2   4   1  -2    2   6  16  23   1   5   4   6   6   1   4   3   0   2   0   5   2   5   5   3  0.55 0.39
   14 L    -4  -4  -4  -8  -2  -4  -7  -8  -9   0   6  -6   1   0  -9  -7  -5  -2  -5   0    2   1   1   0   1   1   0   0   0   5  72   0   3   4   0   0   1   1   0   7  1.68 0.84
   15 P     0  -1   2  -1  -5   0  -2  -1   1  -5  -5  -2  -1  -3   1   5  -1  -1   0  -5    8   3   8   4   0   4   3   5   3   1   1   3   2   1   7  41   4   1   3   1  0.68 0.52
   16 G    -3   0   3  -1  -3   0  -1   3   5  -6  -3   0  -2   0  -6   1  -2   3   0  -5    2   5  12   3   1   4   4  22  14   0   2   5   1   4   0  10   3   4   3   1  0.58 0.40
   17 D    -4  -4   8   0  -1  -4  -3  -6  -5  -7  -4  -4  -2  -5  -3   1  -1  -5  -4  -5    1   1  63   6   2   1   2   0   0   0   2   1   1   1   2  11   4   0   1   1  1.85 0.96
   18 T    -1   2   2   1   0   1  -1   0   2  -3  -1   1  -2  -1   0   2  -2  -6  -2  -3    4  11  11   7   2   7   3   6   4   1   6   9   1   2   4  15   2   0   1   2  0.22 0.22
   19 I    -4  -5  -5  -4   2  -6  -6  -6  -6   5   4  -6  -3   3  -3  -3  -2  -7  -4   0    1   1   1   1   4   0   1   1   0  30  34   0   0  11   2   3   2   0   0   7  1.06 0.55
   20 C    -1  -1   0  -4   6  -1  -1  -1  -2  -2  -1  -2  -3  -2  -3   3   3  -3  -4  -1    5   4   4   1  15   3   4   5   1   2   5   3   1   2   2  22  16   0   1   4  0.52 0.36
   21 V    -1   0   0  -1   2  -1   1   3  -1  -2  -3   0  -2  -2  -4   2   2  -4  -1  -1    4   4   4   4   5   3   8  20   1   3   3   7   1   2   1  13  11   0   2   5  0.23 0.21
   22 S    -2  -2  -2  -1  -5  -1   0  -3  -3   3   1  -1   0  -1  -2   2  -2   6   1   1    3   2   2   4   0   3   7   2   1  15  14   3   2   2   2  14   3  11   4   8  0.37 0.28
   23 Q    -2  -1  -1  -1   0   0   0  -3   0   3   1  -1  -2   1   2   0  -1   2  -1  -1    3   3   4   4   2   5   6   1   2  16  13   4   1   6  10   6   4   3   2   3  0.15 0.15
   24 P    -3  -3  -1  -2  -8  -2   1   2  -1  -3  -3  -2  -2  -2   6  -2  -1  -5  -5  -4    3   2   3   3   0   2   8  13   2   2   3   2   1   2  45   3   4   0   1   2  1.05 0.66
   25 G     0  -1   1   1  -4  -1   0   3   0   0  -3   0  -3  -3  -1   1  -1  -6  -3   2    9   3   7   6   0   2   7  19   2   6   2   5   1   1   3  11   4   0   1  13  0.22 0.20
   26 L     1  -2  -1  -1   0  -1   0  -3  -2   2   1  -2  -2   1  -3   2   1  -2  -2   1   12   2   3   4   2   3   7   2   1  10  14   1   1   6   1  14  10   1   1   8  0.15 0.16
   27 C    -3  -6  -6  -5   8  -5  -6  -6  -5   2   2  -4  -2   6  -5  -4  -3  -4  -2  -1    3   0   0   1  24   1   1   1   0  12  19   1   1  26   1   2   2   0   1   4  1.37 0.65
   28 D     0  -1   2   3   1   1   0   1  -1  -3  -3   0  -3  -2  -3   2   1  -2  -1  -3    7   4   9  15   3   5   6   9   2   2   3   5   1   2   1  15   7   1   2   2  0.24 0.22
   29 G    -3  -1   4   0   4   0  -2   3  -1  -4  -2   1  -4  -4   0   1  -2  -3  -1  -4    2   4  17   4   7   4   3  21   2   1   5   8   0   1   5  10   3   0   2   1  0.42 0.31
   30 T    -1  -3  -2  -1   3  -2  -2  -2  -4  -2   4  -4   1   1  -2   1   0  -2   0  -3    6   2   2   4   5   2   2   3   0   2  38   1   3   6   2  10   5   0   3   1  0.45 0.33
   31 F    -1  -1   1  -2  -3   0  -1  -1   1  -2  -1   1  -2   1   1   1   2  -3  -1   0    6   4   6   2   0   3   3   6   4   2   6   9   1   7   7  12  15   0   2   6  0.14 0.17
   32 D    -3   2   4   1  -4   2   0  -2   4  -3  -2   0  -3  -2  -4   2  -2  -7  -3  -4    2   9  19   9   0   7   6   3   8   1   4   7   1   2   1  16   3   0   1   1  0.50 0.37
   33 E    -3  -7  -4  -4  -4  -5  -3  -6  -4   1   6  -6  -3  -5  -5  -4  -2  -4  -6   3    2   0   1   1   0   1   3   1   0   6  60   0   1   0   1   2   3   0   0  16  1.29 0.68
   34 T    -2   3  -2  -4  -5   2   1  -6  -1   1  -2   1   0  -5  -4  -1   4  -2  -3   1    3  14   2   1   0   8  10   0   2   7   4   9   2   1   1   4  23   1   1   8  0.49 0.37
   35 D    -1   1  -1   0  -3   0   2  -2   1  -1  -2   0  -2  -1  -4   1   2  -1   0   0    4   6   3   5   0   3  14   4   4   4   4   6   1   3   0  12  13   1   4   8  0.18 0.19
   36 L    -6  -9 -10  -7  -8  -9 -10 -10 -10   2   7  -9  -3  -3 -10  -7  -8  -9  -8   0    1   0   0   0   0   0   0   0   0   9  81   0   1   1   0   0   0   0   0   7  2.20 1.03
   37 S    -4  -1   3   5  -4  -2  -1  -4   2  -1  -4  -2  -3   0  -7   1  -1   0   1  -2    1   4  13  33   1   2   3   2   4   4   2   3   1   4   0  10   5   2   6   3  0.69 0.46
   38 L    -5  -7 -10  -7   1  -9  -7  -8  -9   1   6  -9   1   1  -9  -9  -7  -8  -5  -1    1   0   0   0   3   0   0   0   0   6  75   0   3   5   0   0   0   0   0   4  1.92 0.92
   39 H     0   0   1  -1  -4   1  -2  -1   2  -4  -5  -1  -3  -3  -1   5  -1  -3   0  -3    7   6   7   4   0   6   3   6   5   1   1   4   1   1   4  37   3   0   3   2  0.58 0.45
   40 T    -2   2   4   1  -2  -1  -1   2   4  -6  -5  -1  -3   0  -5   2  -3  -7   2  -5    3   9  17   7   1   3   4  15   9   0   1   3   1   4   0  14   2   0   6   1  0.54 0.39
   41 A    -2  -1   8  -7   3  -3  -7  -7  -3  -6  -2  -3  -1  -6  -7  -1  -3  -6  -6  -4    3   4  65   0   6   2   0   0   1   0   5   2   2   0   0   5   2   0   0   1  2.01 1.03
   42 K    -2   2   3   0   0   2  -1   1   2  -6  -2   3  -3  -2  -4   0  -2  -2  -2  -4    3  11  14   6   2   9   4  10   5   0   4  15   1   2   1   8   3   1   1   1  0.39 0.31
   43 L    -8  -8  -7  -5  -8  -6  -9  -9  -9   5   5  -5  -2   2  -9  -6  -7  -8  -3  -3    0   0   0   1   0   0   0   0   0  27  57   1   1   9   0   1   0   0   1   1  1.76 0.84
   44 S    -2   1   0  -2  -5   0   1  -3   0  -3  -2   0  -3  -4  -3   3   4  -3  -4  -2    4   8   5   2   0   4   8   2   2   2   4   6   1   1   2  20  27   0   1   3  0.52 0.41
   45 G    -1  -1   0   0  -2  -2  -1   5  -1  -2  -2  -1  -2  -1  -2   0   0  -2   0  -2    6   3   4   5   1   2   4  40   2   2   4   4   1   2   2   6   5   1   3   3  0.51 0.23
   46 T    -1   0  -1  -2  -2   1   2  -3   1   1  -1   1  -2  -3  -1   2   1  -4  -1   0    4   4   3   2   1   5  13   1   3   8   7   8   1   1   3  16   9   0   2   7  0.18 0.20
   47 L    -4  -5  -4  -4  -2  -3  -4  -4  -1   5   4  -3  -3   1  -4  -3  -3  -6  -3   1    1   1   1   1   1   1   2   2   2  28  37   2   0   5   1   3   2   0   1  10  0.91 0.48
   48 P    -1  -5  -2  -3  -3  -3  -4  -2  -3  -6  -4  -4  -5  -1   7   1  -2  -4  -4  -3    5   1   3   2   1   1   1   4   1   1   2   1   0   2  61   9   2   0   1   2  1.65 0.88
   49 R     0   2   0   0  -3   0   1  -1   0  -4  -3   1  -3  -3   3   2  -1  -5  -2  -3    7  10   5   6   1   4  10   5   3   1   3   9   1   1  15  15   4   0   2   2  0.30 0.26
   50 A     1  -3   1   2  -1   0   2   1  -2  -3  -3  -3   0  -1  -4   3   0   0  -2  -2   12   1   6  11   1   4  13   9   1   2   3   1   2   3   1  20   5   1   1   3  0.29 0.27
   51 L    -5  -7  -8  -6  -1  -6  -8  -8  -7   5   4  -6  -1   5  -4  -6  -3  -2  -4   1    1   0   0   1   1   0   0   0   0  27  35   0   1  20   1   1   2   1   0   7  1.32 0.64
   52 G     0   0  -1  -1   1   1  -2   3  -1  -2  -2   0  -3   1   0   2  -1   1  -2  -3    9   4   2   3   3   6   3  22   1   3   4   6   0   5   4  14   4   2   1   2  0.23 0.22
   53 M    -1   1   4  -1  -1   1  -1   0   3  -4  -1   2  -1  -2  -2   1  -1  -2   0  -4    5   7  18   4   1   6   3   8   6   1   7  11   1   1   2  10   3   0   3   1  0.29 0.25
   54 L    -3  -5  -4  -6   4  -4  -5  -6  -5  -1   6  -6   3   1  -5  -4  -3  -1  -1  -3    2   1   1   1   7   1   1   1   0   3  61   0   6   6   1   2   2   1   2   2  1.30 0.65
   55 S    -2   1  -1  -3  -4   0  -2  -3   0  -2  -3   2  -4  -4   3   3   3  -6  -4  -1    3   7   2   2   0   5   3   2   2   3   2  10   0   1  15  19  18   0   1   5  0.46 0.38
   56 Q    -1   2   5   0  -2   1   0  -3   4  -6  -4   2  -1  -2  -4   2  -2  -3  -1  -5    4   9  23   4   1   6   5   2   8   0   2  10   2   2   1  14   2   0   3   1  0.57 0.40
   57 M    -6  -6  -9 -10  -8  -8  -9 -10  -9   0   7  -7   1  -2  -9  -6  -3  -8  -8   0    1   0   0   0   0   0   0   0   0   4  81   0   3   2   0   1   2   0   0   5  2.08 0.98
   58 T    -1   4  -2  -4  -4   4   2  -5   1  -3  -3   3  -4  -4  -6  -1   2  -2  -3  -1    4  18   1   1   0  16  13   0   3   1   2  14   0   1   0   4  13   1   1   6  0.62 0.46
   59 F    -2   0  -1  -2  -1  -1   2  -4   2   0  -1   1  -1   1  -5   0   1   0   2   1    3   6   3   2   1   2  15   1   6   6   4   7   1   6   0   8  10   1   7  11  0.20 0.21
   60 L    -7  -9 -10 -11  -4  -9 -10 -11 -10   1   7 -10   0  -1 -10  -7  -8  -9  -8  -1    0   0   0   0   1   0   0   0   0   6  84   0   2   3   0   0   0   0   0   4  2.27 1.07
   61 S    -4   0   3   5  -4  -1  -1  -4   2  -1  -3  -3  -2   0  -7   0  -3   1   3  -2    1   5  14  32   0   2   4   1   5   3   3   1   1   3   0   7   1   2   9   4  0.75 0.49
   62 L    -4  -8  -6 -10  -3  -8  -9  -7  -9   1   6  -9   0   1  -9  -6  -6  -8  -7   1    2   0   0   0   1   0   0   0   0   7  74   0   2   5   0   1   0   0   0   8  1.84 0.89
   63 T    -1   0   0   0  -1   2  -1  -2   0  -4  -5  -2  -2  -3  -4   5   0  -3   1  -5    5   5   5   6   1   9   3   4   2   1   1   3   1   1   1  43   5   0   4   1  0.71 0.53
   64 G    -3   1   5   1  -2  -2  -1   2   5  -5  -6  -1  -3   0  -6   1  -3  -1   2  -6    2   7  22   6   1   2   5  16  11   1   1   4   1   4   0   9   1   1   6   0  0.65 0.44
   65 P    -5  -5   9  -5   2  -6  -8  -6  -5 -10  -6  -8  -6  -4  -6  -4  -4 -10  -9  -9    1   1  86   0   4   0   0   1   0   0   1   0   0   1   0   1   1   0   0   0  3.09 1.40
   66 L    -2   3   3  -1  -1   3   0   0   2  -3  -1   1  -2   0  -2   1  -2  -3  -1  -3    3  13  13   4   1  11   4   6   5   1   7  10   1   4   2  10   2   0   2   1  0.28 0.25
   67 L    -6  -6  -8  -6  -7  -6  -8  -7  -4   5   5  -5  -1   3  -7  -5  -5  -7  -4  -1    1   0   0   1   0   0   0   0   0  30  49   1   1  10   0   1   1   0   0   4  1.51 0.73
   68 S    -2   1   1  -2  -1   0   0  -2  -1  -3  -2   1  -4  -3  -4   4   4  -4  -3  -2    2   7   6   2   2   3   6   3   2   2   4   7   0   1   1  27  21   0   1   3  0.49 0.40
   69 G    -1   0  -1   1   0  -1   0   4   0  -2  -3  -1  -1  -2  -1   0  -1  -2  -2  -2    5   5   3   7   2   3   7  34   2   3   3   4   1   2   4   6   4   1   1   3  0.36 0.19
   70 T    -1  -1   0  -1   0   0   1  -3   0   1   0   0  -1  -3   0   2   2  -3  -2   1    4   4   4   2   2   4  11   2   3   8  11   5   1   1   5  14  11   0   1   9  0.13 0.16
   71 L    -3  -1  -3  -4  -1  -1  -2  -4  -3   5   3  -2  -1   1  -3  -3  -3  -6  -2   1    2   4   1   1   1   3   3   1   1  28  30   2   1   6   1   2   1   0   1   9  0.68 0.39
   72 P    -3  -3  -1  -1  -4  -4  -1  -4  -5  -5  -4  -3  -5  -4   8   0  -4  -7  -5  -6    3   2   3   4   0   1   4   2   0   1   2   2   0   1  64   8   1   0   1   1  1.79 0.94
   73 T     0  -1   0   2  -5   0   2   0  -1  -3  -2   1   0  -2   1   2   0  -2  -1  -2    6   2   4  10   0   4  13   8   2   1   4   8   2   2   7  15   6   1   3   3  0.18 0.20
   74 Q     1  -2   0   1  -1   1   3  -1  -2  -2  -3  -2  -3   0  -3   2   0   1  -2  -2   10   2   5   9   2   6  17   5   1   2   3   2   1   4   1  17   6   2   1   3  0.27 0.26
   75 M    -5  -7  -8  -5  -3  -6  -5  -7  -7   4   4  -6   2   6  -5  -5  -4  -1  -3   0    1   0   0   1   1   0   1   0   0  18  36   0   4  27   1   1   1   1   0   6  1.30 0.65
   76 G     1   0  -1  -2   1   1   0   3   0  -2  -2   0  -2   0   0   1  -1  -2  -1  -3   11   5   2   2   3   6   7  20   2   2   4   6   1   4   5  12   3   1   2   1  0.20 0.19
   77 Y    -1  -1   4   1  -1   1   0   2   2  -3  -3   1  -2  -2  -1   1  -1  -3   0  -4    5   4  19   7   1   5   6  14   4   1   3   8   1   1   3   9   3   0   3   1  0.31 0.25
   78 L    -3  -6  -5  -7   4  -5  -5  -7  -7  -2   6  -6   4   0  -4  -4  -3   0  -2  -3    2   0   1   0   8   1   1   1   0   2  63   1   8   4   1   1   2   1   2   2  1.43 0.71
   79 L    -2   1   0  -3  -2   1   0  -2   0  -3  -2   3  -2  -2   3   1   2  -4  -2  -1    3   8   4   1   1   5   5   3   2   1   3  16   1   2  12  11  13   0   1   5  0.30 0.28
   80 E    -2   0   5  -2  -2   1   0  -2   3  -6  -2   1  -3  -4  -3   3  -1  -7  -1  -4    4   6  23   2   1   7   5   3   6   0   5   9   1   1   1  19   4   0   2   1  0.54 0.41
   81 L    -5  -6 -10 -10  -8  -9 -10 -10 -10  -1   7  -7  -1  -5 -10  -9  -7  -9  -8  -2    1   1   0   0   0   0   0   0   0   3  90   0   1   0   0   0   0   0   0   3  2.44 1.13
   82 E    -3   3  -3  -3  -3   3   3  -5   0  -2  -2   3  -3  -4  -6  -2   1  -1  -3   1    2  15   1   1   1  13  19   1   2   2   5  15   1   1   0   2  10   1   1   9  0.57 0.43
   83 T    -2   0  -2  -2  -1  -1   2  -5   2   1  -1  -1  -2   0  -5   2   2   1   2   2    2   5   2   2   1   3  12   0   6   6   5   4   1   3   0  14  11   2   7  13  0.26 0.26
   84 F    -5  -6 -10 -11  -5  -9  -6 -11 -10   1   7  -9  -3   0 -10  -6  -8  -9  -8  -2    1   1   0   0   0   0   1   0   0   7  82   0   0   4   0   1   0   0   0   3  2.17 1.03
   85 Q    -4   0   3   5  -3  -2  -2  -5   3   0  -2  -3  -3  -3  -6   0  -3   0   2  -2    1   5  14  34   1   2   3   1   6   6   4   1   1   1   0   7   1   1   7   3  0.79 0.50
   86 S    -3  -9 -10  -6  -4  -9  -9  -7  -9   1   6  -9   2   0  -9  -7  -8  -8  -7   1    3   0   0   1   0   0   0   0   0   6  75   0   4   3   0   0   0   0   0   8  1.89 0.92
   87 E    -1   1   1   1  -7   0   0   0   1  -6  -5  -3  -2  -3  -4   5  -3   0  -1  -5    6   7   6   7   0   4   5   6   3   0   1   2   1   2   1  44   1   1   3   1  0.78 0.56
   88 F    -2   0   3   1  -2  -1   0   1   5  -5  -5  -1  -2   2  -6   1  -4  -2   3  -4    3   6  16   8   1   3   6  10  12   0   1   3   1   8   0  12   0   1   9   1  0.54 0.39
   89 N    -9  -8   9  -6   3  -6  -8  -7  -7  -6  -7  -8  -5 -10  -6  -4  -3 -11 -10  -7    0   0  88   0   5   0   0   0   0   1   1   0   0   0   1   1   2   0   0   0  3.26 1.47
   90 K    -2   3   3   0  -2   3  -1  -1   2  -5  -1   3  -2  -3  -3   1  -2  -3  -2  -5    3  15  12   4   1  13   4   4   5   0   6  15   1   1   2   9   2   0   1   0  0.45 0.35
   91 I    -6  -8  -8  -5  -7  -5  -7  -7  -4   5   5  -6  -1   4  -6  -4  -6  -7  -4  -1    0   0   0   1   0   1   0   0   0  27  47   1   1  14   0   1   0   0   0   4  1.48 0.72
   92 S    -1   2   0  -3  -2   1   0  -3   1  -2  -2   1  -2  -3  -3   3   3  -4  -3  -1    4  10   4   1   1   5   6   2   3   2   5   7   1   1   1  25  16   0   1   4  0.37 0.33
   93 G     0  -1   0   0  -2  -1   0   4  -1  -2  -3  -1  -2  -1  -2   1   0   0  -1  -2    6   4   4   6   1   2   6  34   2   2   3   4   1   3   2   9   6   1   2   3  0.38 0.21
   94 T    -1  -1  -1  -1  -2   0   2  -3   0   2   0   0  -2  -1   0   1   1  -2  -2   1    3   2   3   3   1   5  12   1   3  11  11   7   0   2   6  12   9   1   1   9  0.13 0.16
   95 I    -1  -3  -4  -2  -4  -3  -2  -3  -2   5   3  -2   0   1  -2  -1  -2  -5  -3   1    4   1   1   3   0   1   3   2   1  28  28   3   2   5   2   4   2   0   1   9  0.59 0.34
   96 P    -2  -3  -2  -3  -7  -2  -2  -5  -3  -3  -4  -1  -4  -5   8  -2  -4  -2  -3  -4    3   2   3   2   0   2   3   1   1   2   2   3   1   1  66   4   1   1   1   1  1.82 0.93
   97 S     0   0   0   1  -1   1   2   0  -2  -3  -2   0  -3  -2   2   2   0  -2  -1  -2    6   4   5   8   1   5  14   7   1   1   3   4   1   2   9  17   5   1   2   3  0.19 0.21
   98 E     1  -2   1   0   0  -1   2   0  -1  -3  -4  -2  -3  -1  -2   3   1   1  -3  -1   10   2   7   5   2   3  16   7   1   1   2   2   1   3   2  22   7   2   1   5  0.30 0.28
   99 M    -3  -6  -6  -8  -7  -4  -6  -3  -7   3   4  -6   1   5  -6  -5  -3   0  -3  -1    2   0   0   0   0   1   1   3   0  17  38   1   3  24   1   1   2   1   1   5  1.16 0.60
  100 A     0   0  -1  -1   1   0  -1   3   0  -3  -1   0  -2   1  -1   2  -1   0  -1  -3    7   5   3   3   3   4   5  21   2   2   6   5   1   6   3  16   4   1   2   1  0.19 0.19
  101 K    -2   0   4   1  -3   1   0   1   1  -4  -4   2  -2  -3   0   1   0  -6  -2  -4    3   5  20   6   1   6   6  12   4   1   2  11   1   1   4   9   5   0   1   1  0.38 0.31
  102 M    -2  -2  -3  -7   4  -2  -7  -5  -3  -1   5  -3   3   0  -5  -4  -4   1  -3  -2    3   2   2   0   7   2   0   1   1   2  57   2   7   4   1   2   1   2   1   3  1.13 0.60
  103 V    -2   0   0  -4  -2   0  -1  -2   1  -2  -2   2  -3  -3   3   1   2  -3  -1   0    2   5   4   1   1   4   5   3   3   2   3  14   1   1  15  12  15   0   2   7  0.33 0.30
  104 A    -1   1   4  -3  -2   1  -1  -2   1  -5  -4   3  -1  -2  -2   3  -2  -4  -2  -3    6   9  19   1   1   5   4   4   4   1   2  15   2   2   2  18   3   0   2   2  0.46 0.36
  105 L    -4  -5  -4  -6  -7  -8  -4  -9  -8   0   7  -8  -2  -4  -6  -6  -5  -8  -7  -2    1   1   1   1   0   0   1   0   0   5  81   0   1   1   1   1   1   0   0   3  1.98 0.95
  106 K    -4   3   0  -2  -4   4   2  -3   0   0  -2   2   0  -2  -4  -1   1  -3  -3  -1    1  14   4   2   0  16  15   2   2   5   3  14   2   2   1   4   8   0   1   4  0.43 0.35
  107 N    -1   0   0   0  -2   0   1  -3   3   1  -1   0  -1   0  -4   0   1  -1   2   1    5   6   4   4   1   4   9   2   7   8   5   6   2   5   0   8   9   1   7   9  0.11 0.13
  108 L    -5  -8  -4  -4  -7  -8  -8  -8  -8   1   6  -8   0  -1  -8  -5  -3  -2  -7  -2    1   0   1   1   0   0   0   0   0   7  78   0   2   2   0   1   2   1   0   3  1.89 0.91
  109 R    -3   2   3   4  -3  -2  -1  -3   2  -1  -2   0  -2  -1  -6   0  -1   0   2  -2    2   9  14  25   1   1   4   3   5   3   4   5   1   2   0   7   3   1   7   4  0.49 0.35
  110 L    -2  -7  -4  -8  -1  -7  -8  -8  -8   2   6  -5   2   1  -5  -7  -7  -7  -4   0    3   0   1   0   1   0   0   0   0   9  65   1   5   5   1   0   0   0   1   7  1.51 0.75
  111 S     0   0   2   1  -2   0   1   0   0  -5  -4  -3   0  -3  -3   4  -1  -1  -2  -4    7   6   8   8   1   4   8   6   3   1   2   1   2   1   1  35   4   1   2   1  0.52 0.42
  112 N    -2   0   3   1  -2   0   0   3   4  -2  -4  -2  -2   0  -5   1  -3  -2   2  -3    4   5  13   9   1   4   6  18  10   2   1   2   1   4   0  11   1   1   6   2  0.43 0.32
  113 T    -5  -7   9  -5   2  -4  -3  -5  -3  -5  -4  -5  -2  -8  -8  -2  -3  -9  -8  -6    1   0  78   1   4   1   2   1   1   1   2   1   1   0   0   4   2   0   0   1  2.60 1.22
  114 L    -1   2   3  -2  -2   2   0  -1   1  -5   0   2  -2  -3  -1   1  -3  -3  -2  -4    5  10  13   3   1   9   6   6   3   1   9  12   1   1   4  12   2   0   2   2  0.29 0.24
  115 I    -7  -3  -5  -7  -7  -5  -7  -7  -8   4   5  -5  -4   5  -8  -4  -5  -7  -4  -2    0   2   1   1   0   1   1   1   0  20  49   1   1  17   0   2   1   0   1   3  1.53 0.72
  116 S    -3   0   0  -2  -3  -1   2  -2  -1  -3  -2   1  -4  -3  -4   4   3  -4  -2  -1    3   5   5   3   1   3  11   3   2   2   4   7   1   1   1  24  19   0   1   4  0.47 0.34
  117 G     0  -1   0  -2  -2   0  -2   4   1  -2  -1   0  -1  -1  -2   1  -2  -4  -2  -2    7   4   4   3   1   4   3  34   3   3   7   5   2   3   2   9   3   0   1   4  0.42 0.22
  118 T    -1  -1   0  -1  -1   1   1  -2  -2   1   0   0   0  -1   0   2   1  -1  -2   0    5   3   4   4   1   5  10   3   1   7  10   5   2   2   6  14   7   1   2   7  0.10 0.09
  119 L    -2  -2  -2  -2   2  -3  -2  -2  -2   4   3  -3   0   1   1  -2  -2  -2  -3   0    3   3   2   2   4   2   3   3   1  20  23   2   3   5   8   4   3   1   1   7  0.40 0.18
  120 P    -1  -3   0  -1  -3  -2  -1  -3  -1  -2  -1  -1  -3  -2   7   0  -2  -2  -3  -2    5   2   4   3   1   2   4   3   1   3   7   4   1   2  45   7   3   1   1   3  0.96 0.47
  121 P    -1   0   0   2  -2   1   1  -1   1  -2   0   0   0  -1   2   1  -1  -2  -2  -1    5   6   5   9   1   5  10   6   3   2   8   4   2   3  10  10   3   1   2   5  0.10 0.08
  122 V     0   0   0  -1   1   0   0   0   0   0   0   0   0  -1   0   1   0  -1   0   0    6   5   6   3   4   4   6   6   2   6  12   5   2   3   4  10   5   1   3   6  0.02 0.01
  123 G     0  -1   0   0   0  -1  -1   1  -1   0   1   0   0   1   0   0   0  -1   0  -1    7   4   4   4   2   2   4  10   2   6  14   4   3   8   5   8   4   1   3   4  0.02 0.02
  124 I    -1   0  -1  -1   2  -1  -1  -1  -1   0   2  -1   0   2  -1   0   0   0  -1   0    5   5   4   4   4   3   3   5   2   6  20   4   2   9   3   7   6   2   2   6  0.08 0.05
  125 E    -1   1   2   1  -1   0   2   0   0  -1  -1   0  -2  -2  -1   1  -1  -2  -1  -1    5   7  11   7   1   5  12   7   2   3   7   5   1   2   3  11   4   1   2   5  0.12 0.10
  126 V    -1   0   0  -1   0  -1   0  -1   0   1   2   0   0   0  -1   0  -1   0  -1   0    5   6   5   3   2   2   5   5   3   7  19   5   2   4   3   8   4   2   2   8  0.05 0.04
  127 F    -2  -1   0  -1  -1   0   0  -2   0   1   2  -1   0   2   0   0   0   1   0  -1    4   3   5   4   1   3   7   3   2   6  17   4   2   9   5   8   7   2   3   5  0.09 0.07
  128 G    -1  -1   2   0  -3   0   0   1   0  -2  -1   1  -2  -2   3   1   0  -1  -2  -2    6   3   9   4   1   4   5   9   2   2   7   7   1   2  14   9   6   1   2   4  0.15 0.13
  129 T     0   0   1   1   0   0  -1   0   1  -2   1  -1   0  -1  -2   2   0  -2  -1  -2    8   5   6   7   2   4   4   8   4   3  12   4   2   2   2  15   6   1   2   3  0.09 0.09
  130 T     0  -2   1   1   1   0   1  -2  -1   0   0  -1  -1  -1  -1   2   1  -2  -2  -1    9   2   5   7   3   4  10   4   2   6   8   3   1   3   3  17   9   1   1   4  0.13 0.13
  131 R    -4  -2  -3  -3  -1  -4  -3  -4  -2   3   3  -2   0   5  -1  -2  -3  -1  -3   0    2   3   1   2   1   1   2   2   1  13  26   3   2  21   4   4   2   1   1   7  0.66 0.33
  132 P    -1   0   0  -2   0   0   0   1  -1  -2   1  -1  -2   0   2   2   0  -2  -3  -2    6   5   4   3   2   5   6  11   1   2  12   5   1   4   9  14   6   1   1   3  0.12 0.13
  133 R    -2   1   3   1  -4   1  -1   2   2  -2  -2   1  -2  -2  -1   1  -1  -2  -1  -4    4   9  13   7   0   6   5  12   4   2   5   8   1   2   3   9   4   1   2   1  0.23 0.18
  134 L    -4  -4  -2  -6   3  -5  -3  -5  -5   0   6  -5   2  -1  -3  -3  -2  -1  -2  -2    2   1   2   1   5   1   2   1   0   6  57   1   5   2   2   2   3   1   1   3  1.16 0.57
  135 G    -1   1  -1  -1  -4   0  -2   1   2  -2  -3   1  -1  -3   2   2   2  -6  -3   0    4   6   4   4   0   5   3   9   5   3   3   8   1   2  11  13  13   0   1   6  0.24 0.21
  136 N    -2   0   5  -2  -2   2  -1  -4   2  -5  -4   1  -1  -2  -5   3   0  -3  -2  -4    4   5  26   3   1   7   4   2   4   1   2   8   2   2   1  20   6   0   2   1  0.71 0.46
  137 L    -5  -5  -4  -6  -3  -9  -9  -9  -5   1   7  -7  -1  -6  -9  -5  -6  -8  -3  -1    1   1   1   1   1   0   0   0   0   7  77   1   1   0   0   1   1   0   1   4  1.99 0.95
  138 K    -4   4  -2  -3  -5   3   3  -5   0  -1  -3   2  -2  -5  -3   0   2  -8  -5  -2    2  17   2   2   0  11  16   1   3   3   3  13   1   1   2   7  13   0   0   4  0.58 0.41
  139 S    -2   0  -1  -2  -2  -1   1  -3   2   1  -2   0  -1   0  -6   2   2   1   2   2    3   4   3   3   1   3  10   2   5   6   4   5   1   3   0  13  12   2   7  12  0.25 0.21
  140 L    -6  -9 -10 -10  -2  -9  -6  -6  -9   2   6  -9  -1  -1 -10  -6  -9  -9  -4   0    1   0   0   0   1   0   1   1   0   8  75   0   1   2   0   1   0   0   1   6  2.02 0.97
  141 V    -4   0   3   5   0  -2  -3  -4   2   0  -3   0  -1  -1  -5   1  -2   2   2  -2    2   5  11  28   2   2   2   2   4   5   3   5   2   3   1  10   3   2   6   3  0.59 0.39
  142 L    -3  -6  -9  -9  -4  -9  -9  -7  -9   2   6  -9   2   0  -9  -6  -8  -9  -4   1    3   1   0   0   0   0   0   1   0   9  66   0   4   4   0   1   0   0   1  10  1.74 0.85
  143 D     0   0   1   1   0   0  -1   0   1  -6  -9  -4  -4  -3  -7   5  -3  -9  -2  -6    8   5   7   7   2   4   5   9   3   1   0   2   0   1   0  42   2   0   1   1  0.87 0.59
  144 E    -4   0   4   1  -1  -1   0   2   4  -5  -3  -1  -2  -1  -6   1  -4  -1   3  -6    1   6  19   7   1   3   5  15   8   1   3   5   1   3   1  11   1   1   8   1  0.57 0.38
  145 N    -4  -4   9  -7   1  -4  -5  -6  -5  -7  -6  -6  -1  -6  -9  -2  -1  -9  -6  -6    2   1  76   0   3   1   1   1   0   1   1   1   2   0   0   4   4   0   0   1  2.63 1.25
  146 R    -2   3   3  -1  -3   3   0   0   2  -4  -2   3  -2  -2  -2   1  -4  -4  -1  -6    4  14  12   4   1  12   5   6   5   1   5  14   1   2   3   9   1   0   2   0  0.43 0.32
  147 L    -7  -7  -6  -6  -9  -9  -9  -6  -3   4   5  -7  -3   4  -7  -7  -4  -8  -5  -3    1   0   0   1   0   0   0   1   1  22  53   0   1  14   0   1   1   0   1   2  1.68 0.80
  148 S    -1   1  -2  -2  -2   1   1  -3   1  -2  -3   1  -1  -2  -4   3   3  -3  -4  -2    5   7   2   3   1   5   9   2   3   3   3   7   2   2   1  22  19   0   1   3  0.42 0.34
  149 G    -1  -1   0  -1  -2  -1   0   5   0  -2  -3  -1  -2  -2  -3   1   0  -2  -2  -3    5   3   4   3   1   3   5  38   2   3   3   5   1   2   2   9   6   1   2   2  0.55 0.29
  150 T    -2  -1  -1  -1   1  -1   0  -3   0   2   1   0   0  -1   0   1   1  -6  -4   1    3   3   3   3   2   3   8   2   2  12  15   6   2   2   4  11   8   0   1   8  0.16 0.14
  151 L    -3  -4  -4  -2  -2  -2  -2  -4  -1   5   3  -4  -1   0   1  -2  -3  -7  -4   0    2   1   1   2   1   2   3   2   1  32  24   2   2   3   8   3   2   0   1   7  0.76 0.39
  152 P    -2  -2  -2   0  -5  -3  -1  -3  -3  -4  -3  -5  -5  -2   7  -1  -3  -2  -5  -2    4   3   2   6   0   1   5   3   1   1   4   1   0   2  56   4   2   1   1   3  1.47 0.82
  153 T     0   0   1   2  -2   0   2   0   0  -3  -2   1  -1  -2   2   2  -1  -5  -2  -3    7   5   6   9   1   4  12   8   2   2   4   7   2   2   9  13   4   0   2   2  0.18 0.17
  154 L     1  -4   0   1  -1  -1   2   0  -1   0  -1  -3  -1   1  -5   2   0  -1  -3  -1   13   1   4   7   1   3  11   8   2   4   7   1   2   5   0  16   7   1   1   5  0.20 0.18
  155 L    -7  -6  -6  -7  -2  -6  -7  -6  -6   5   4  -9   0   6  -6  -9  -5  -4  -5   0    1   1   0   0   1   0   0   1   0  23  32   0   3  29   1   0   1   0   0   6  1.57 0.72
  156 Q    -1   2  -1   0   1   2   0   3   0  -4  -2  -1  -3  -2   0   2  -1   1  -4  -3    6   9   3   4   3  10   5  19   2   1   4   4   1   2   5  14   4   2   1   2  0.29 0.25
  157 H    -2   0   4   1  -4   0  -1   2   3  -7  -3   1  -3  -4  -2   1  -1  -1  -2  -4    4   5  19   7   0   4   5  16   5   0   3   9   1   1   2  11   4   1   2   1  0.47 0.32
  158 L    -3  -6  -3  -6   4  -4  -7  -6  -3  -1   6  -6   4   0  -5  -4  -3   0  -3  -3    3   1   2   1   6   1   1   1   1   3  58   1  10   4   1   2   2   1   1   2  1.38 0.66
  159 T    -2   1  -2  -3  -4   1  -1  -3  -1  -2  -5   2  -2  -3   3   2   3  -3  -2   0    3   6   2   1   0   6   4   2   1   2   1  10   1   1  16  15  17   1   2   6  0.46 0.37
  160 K    -1   1   5  -2  -2   1  -1  -1   2  -7  -3   2  -2  -1  -5   3  -1  -5  -3  -6    6   6  20   2   1   5   4   5   4   0   3  12   1   3   1  20   4   0   1   1  0.58 0.41
  161 I    -9 -11 -12 -12  -5 -11 -12  -9 -12   0   7  -8  -3  -3 -12 -11  -6 -11  -4  -1    0   0   0   0   0   0   0   0   0   4  86   0   1   1   0   0   1   0   1   5  2.48 1.14
  162 D    -2   2  -1  -1  -4   3   3  -5   1  -1  -3   2  -2  -5  -6  -1   2  -7  -3   0    3  12   3   3   0  14  16   1   3   3   3  12   1   0   0   5  11   0   1   7  0.46 0.36
  163 N    -2   1   0  -2  -2   0   2  -4   3  -1  -3   1  -3  -1  -3   1   1   1   1   1    3   8   3   2   1   5  15   1   6   4   2   8   1   3   1  10   9   2   4  12  0.24 0.23
  164 M    -8  -9  -9  -6  -8  -9  -9 -10  -9   1   6  -5   0   1  -9  -7  -6  -8  -5  -1    0   0   0   1   0   0   0   0   0   7  78   1   2   5   0   0   0   0   0   4  2.03 0.94
  165 W    -4  -1   3   4   0   0   0  -3   3  -1  -3  -3  -3   0  -6   0  -3   1   3  -1    1   3  15  24   2   4   5   2   6   3   3   2   0   4   0   8   2   2  10   4  0.57 0.39
  166 L    -3  -8  -9  -9  -4  -8  -9  -9  -9   2   6  -8   2   1  -9  -8  -6  -3  -3   1    2   0   0   0   0   0   0   0   0  11  66   0   4   6   0   0   0   0   1   8  1.69 0.80
  167 N     0   0   1   1  -2   1  -1   0   2  -4  -6  -3  -3  -4  -5   5  -2  -2  -1  -5    8   5   5   8   1   6   5   6   5   1   1   1   1   1   0  39   3   1   2   1  0.68 0.49
  168 D    -2   1   4   2   0  -1  -1   3   3  -5  -5   0  -3  -1  -6   1  -3  -3   1  -6    3   7  18  11   2   3   4  18   7   0   1   5   1   3   0  11   1   0   4   0  0.54 0.37
  169 N    -7  -6   9  -4   2  -3  -8  -6  -4  -6  -6  -6  -2  -9  -9  -3  -4 -10  -9  -9    1   0  85   1   3   1   0   1   1   1   1   0   1   0   0   2   1   0   0   0  3.04 1.35
  170 A    -2   2   3  -1  -2   3   0  -1   2  -4  -2   2  -2  -2   0   1  -3   0  -1  -5    3  11  12   4   1  15   5   4   5   1   4  13   1   2   5   9   1   1   2   1  0.37 0.30
  171 F    -7  -6  -6  -6  -4  -5  -6  -8  -4   4   5  -6  -1   4  -6  -5  -6  -7  -3  -2    0   1   0   1   0   1   1   0   0  24  51   1   1  15   0   1   0   0   1   3  1.49 0.71
  172 S    -2   0   1  -1  -2   1   1  -4   0  -2  -2   0  -3  -3  -5   3   4  -3  -3  -1    4   6   6   3   1   6   9   1   3   3   3   5   1   1   0  20  23   0   1   4  0.42 0.35
  173 G    -1  -2  -1   0  -1  -1  -1   5   1  -2  -2  -1  -1  -1  -2   1  -1  -2   0  -1    5   2   3   5   1   3   5  36   3   2   4   3   2   3   2   9   4   1   3   4  0.42 0.23
  174 T    -1  -2   0   0   1  -1   1  -3   0   1   0  -1  -1  -1   0   1   1  -2   0   1    4   2   4   4   3   3  11   1   3   8  10   3   1   3   4  13  10   1   3  10  0.09 0.12
  175 I    -2  -4  -4  -2  -5  -4  -1  -3  -1   5   3  -4  -3   1  -2  -2  -3  -3  -4   1    4   1   1   2   0   1   5   2   2  29  29   1   0   5   3   4   1   0   0   8  0.69 0.39
  176 P    -3  -3  -2  -1  -6  -2  -2  -2  -3  -5  -3  -3  -3  -4   8  -1  -3  -2  -6  -5    3   2   2   4   0   2   3   3   1   1   3   2   1   1  64   5   2   1   0   1  1.75 0.88
  177 R     0   0   1   1  -3   0   2   0   0  -2  -2   1  -1  -2   1   2  -1  -2  -2  -2    7   5   6   8   0   3  14   7   3   2   3   8   2   2   7  15   3   1   2   3  0.18 0.18
  178 Q     1  -2   0   1   1   0   2   0  -2  -2  -2  -2  -2   0  -3   3   1   2  -2  -1   11   2   4   8   3   4  13   6   1   2   3   1   1   4   1  19   7   2   2   4  0.22 0.22
  179 L    -4  -7  -8  -8  -2  -6  -6  -6  -7   4   4  -6   1   5  -5  -5  -4  -1  -3  -1    2   0   0   0   1   0   1   1   0  22  37   1   3  25   1   1   1   1   1   4  1.33 0.63
  180 G     0   0  -1  -1   0   0  -1   4   1  -3  -3   0  -3   1  -3   1  -2   0  -2  -2    8   6   2   3   2   5   3  29   3   2   3   6   1   5   1  12   2   1   1   2  0.35 0.27
  181 Y    -2   1   3   0  -3   1   0   2   0  -4  -1   1  -1  -1  -2   1  -1  -2  -1  -3    3   7  14   6   0   7   6  14   3   1   6   8   2   3   2  10   4   1   3   2  0.21 0.20
  182 L    -4  -8  -2  -4   4  -5  -7  -7  -3   0   6  -5   3   1  -3  -4  -4   1  -3  -2    2   0   2   1   7   1   0   0   1   4  61   1   6   5   1   1   1   2   1   3  1.33 0.68
  183 R    -2   0  -1  -3  -3   0  -1  -2   2  -3  -3   3  -3  -4   4   2   1  -7  -2  -1    3   5   3   1   1   4   4   3   4   1   3  17   1   1  18  13  10   0   1   6  0.44 0.35
  184 N    -1   1   5  -2  -2   1  -1  -2   2  -6  -3   2  -3  -2  -4   3  -2  -7  -3  -4    4   7  25   2   1   6   3   4   5   0   2  12   1   2   1  20   3   0   1   1  0.65 0.45
  185 M    -6  -9 -10  -7  -4  -9 -10 -11 -10   0   7 -10   0  -3 -10  -6  -4  -9  -8  -2    1   0   0   0   0   0   0   0   0   6  84   0   2   1   0   1   1   0   0   3  2.24 1.04
  186 E    -2   2   0  -2  -2   3   3  -4  -2  -2  -2   1  -1  -5  -4   0   2  -2  -3   0    3  11   4   2   1  14  18   1   1   3   5   8   2   0   1   7  13   1   1   6  0.41 0.34
  187 F    -2   0  -1  -2  -3   0   1  -4   3   1  -1  -1  -2   1  -5   0   1  -1   2   2    3   6   2   2   1   3  10   1   7   8   4   4   1   6   0   8  10   1   8  15  0.24 0.22
  188 L    -4  -8  -9  -9  -8  -8  -9  -9  -9   1   6  -9  -1   1  -9  -8  -5  -8  -7   0    2   0   0   0   0   0   0   0   0   7  77   0   1   6   0   0   1   0   0   5  2.00 0.93
  189 A    -4   0   3   5  -2   0  -1  -2   3  -1  -3  -3  -2   0  -5   1  -1  -2   1  -2    1   5  13  29   1   4   3   3   6   4   3   2   1   3   1   9   4   1   5   3  0.57 0.38
  190 I    -2  -5  -8  -9  -1  -8  -8  -7  -8   2   6  -8   2   1  -8  -8  -7  -7  -7   1    3   1   0   0   1   0   0   1   0  10  65   0   4   5   0   0   0   0   0   9  1.60 0.76
  191 N    -1   1   1   0  -3   0   0  -1   2  -7  -4  -1  -3  -2  -4   5  -3  -1  -1  -3    5   8   7   6   1   4   6   5   4   0   2   3   1   2   1  39   1   1   2   2  0.63 0.47
  192 S    -3   2   5   1  -3  -1  -1   2   4  -7  -4  -2  -2  -1  -6   0  -3  -1   2  -6    2   9  23   9   1   3   4  15  10   0   2   2   1   3   0   8   1   1   6   0  0.64 0.43
  193 N    -7  -6   9  -5   4  -7  -5  -5  -5  -9  -8  -4  -4  -6  -9  -4  -3 -10  -6  -6    1   0  83   0   6   0   1   1   0   0   1   1   1   0   0   1   2   0   0   1  2.99 1.34
  194 R    -2   3   3  -2  -1   3  -1  -1   1  -4  -2   2   0  -1   0   1  -2  -2  -3  -4    3  13  14   2   1  12   3   4   3   1   5  12   2   3   4  12   2   1   1   1  0.37 0.31
  195 L    -6  -6  -4  -8  -7  -6  -5  -7  -8   4   5  -5  -2   4  -6  -6  -6  -7  -4  -3    1   0   1   0   0   0   1   1   0  19  56   1   1  15   0   0   0   0   1   2  1.55 0.75
  196 S    -1   1   1  -1   0   0   0  -4  -1  -3  -1  -1  -4  -5  -3   3   4  -3  -3  -1    4   7   6   3   2   5   7   1   2   2   7   4   0   0   1  21  23   0   1   5  0.40 0.34
  197 G    -1  -1  -1   0   0  -1  -1   4   0  -3  -2   0  -1   1  -2   0  -1   0  -1  -1    5   3   3   5   2   2   4  34   2   1   4   5   1   6   2   8   4   1   2   4  0.39 0.22
  198 T    -2  -1   1   0  -1   0   1  -4  -1   1   1   0   0  -2   0   2   1  -2  -1   0    3   3   6   5   1   4  11   1   1   7  12   4   2   2   5  14   8   0   2   8  0.12 0.15
  199 L    -3  -5  -2  -2  -4  -4  -2  -4  -2   5   4  -5   0   0   1  -2  -3  -6  -3   1    3   1   2   3   0   1   3   2   1  28  31   0   2   4   7   3   1   0   1   7  0.74 0.42
  200 S    -2  -4  -2  -3  -8  -3  -1  -5  -4  -4  -3  -3  -4  -2   8   0  -1  -2  -5  -5    3   1   2   2   0   1   4   1   1   1   3   2   1   2  63   6   4   1   0   1  1.74 0.95
  201 P     0   0  -1   2  -4   1   2   0  -1  -2  -2   0  -2  -1   3   1  -1  -2  -2  -1    6   6   2  10   0   5  12   8   1   2   3   5   1   3  14  10   4   1   1   5  0.20 0.20
  202 E     2  -2   1   0   1   0   2   0  -1  -2  -2  -1  -2   0  -3   3   0   0  -2  -1   14   2   6   4   3   3  13   6   2   2   3   3   1   4   1  19   6   1   1   4  0.21 0.22
  203 L    -5  -8  -6  -7  -4  -8  -8  -8  -4   4   5  -6   1   5  -7  -4  -4   0  -1   0    1   0   1   0   0   0   0   0   1  18  43   0   3  21   0   1   1   1   2   6  1.35 0.66
  204 A     1   0   0  -1   2   0   0   2  -1  -2  -1  -1  -2   0  -1   2   0   0  -3  -2   12   5   4   3   5   4   6  16   1   2   5   4   1   5   3  14   5   1   1   3  0.15 0.15
  205 K    -2   0   4   1   0   1   0   1   3  -5  -2   1  -3  -2  -1   1   0  -4  -3  -4    3   6  17   6   2   6   6  10   6   1   4   9   1   2   3  12   5   0   1   1  0.33 0.27
  206 F    -3  -4  -2  -6   4  -3  -6  -6  -4   0   5  -5   4   1  -4  -4  -4   0  -5  -2    2   1   2   1   7   1   1   1   1   5  55   1   8   5   1   2   1   1   0   3  1.19 0.61
  207 T    -1   0  -1  -2  -3   0  -1  -2   1  -3  -3   2  -3  -3   4   2   2  -4  -2  -2    4   5   3   2   1   4   4   4   3   2   3  12   1   1  19  15  13   0   2   4  0.40 0.33
  208 K    -1   1   4  -3  -1   1  -1  -2   3  -5  -4   2  -4  -2  -4   3  -1  -8  -2  -5    5   8  20   1   1   6   3   4   6   1   2  11   0   2   1  24   3   0   1   1  0.64 0.46
  209 L    -7  -9  -6  -8  -3  -9  -8  -9 -10  -1   7  -7   0  -3  -7  -8  -6  -9  -8  -1    0   0   1   0   1   0   0   0   0   4  85   0   2   1   0   0   0   0   0   4  2.27 1.07
  210 K    -3   3  -1  -1  -3   3   3  -4   1  -2  -3   3  -1  -6  -6  -1   1  -4  -5  -1    2  16   2   3   1  13  15   2   3   2   3  16   1   0   0   5  10   0   0   5  0.52 0.39
  211 G    -2   0  -1  -2  -3   0   2  -3   1   0  -1   0  -2   1  -5   0   2   1   2   2    3   5   3   2   1   5  12   2   4   6   5   5   1   6   0   8  13   2   6  13  0.18 0.19
  212 M    -5  -9 -10 -10  -3  -9  -9 -10  -9   2   6  -9   0   0  -9  -9  -8  -8  -8   0    1   0   0   0   1   0   0   0   0   9  76   0   2   4   0   0   0   0   0   7  2.03 0.95
  213 A    -4   0   3   5  -5  -2  -1  -2   2  -2  -3  -2  -5  -1  -7   1  -3  -1   2  -4    1   5  14  33   0   2   5   3   5   2   3   2   0   3   0   9   2   1   7   2  0.78 0.49
  214 L    -2  -6 -10 -10  -2  -9  -9 -10  -9   2   6  -9   1   1  -9  -9  -8  -8  -4   2    4   0   0   0   1   0   0   0   0   9  66   0   3   5   0   0   0   0   1  11  1.69 0.82
  215 N     0   1   1   1  -5   0   1  -1   3  -7  -7  -2  -5  -3  -6   5  -2  -2  -3  -6    8   9   6   8   0   4   9   4   5   0   0   2   0   1   0  37   3   1   1   0  0.74 0.54
  216 G    -3   0   4   2  -3  -2  -2   4   4  -8  -5  -2  -4   1  -7   1  -4  -1   2  -6    2   5  16  10   1   2   3  26   9   0   1   3   0   5   0   9   1   1   6   0  0.75 0.48
  217 N    -9  -8   9  -5   2  -8  -8  -8  -8 -10  -7  -8  -4 -10 -10  -6  -2 -11 -10 -10    0   0  89   0   4   0   0   0   0   0   1   0   0   0   0   1   3   0   0   0  3.41 1.49
  218 N    -2   2   3  -2  -2   3  -2  -3   2  -5  -2   2  -1  -3   3   1  -4  -2   0  -6    3  12  14   2   1  11   3   2   5   1   4  12   2   1  13  11   1   1   3   0  0.51 0.39
  219 F    -7  -6  -6  -8  -7  -7  -7  -6  -8   4   6  -5  -2   4  -8  -6  -7  -3  -4  -3    0   0   1   0   0   0   0   1   0  18  59   1   1  14   0   1   0   0   1   2  1.67 0.78
  220 R    -2   1   1  -2   0   0   1  -5   2  -3  -2   0  -2  -4  -4   3   4  -4  -2  -1    3   6   6   2   2   5   8   1   4   1   4   6   1   1   1  21  21   0   1   4  0.44 0.35
  221 G     0  -1  -1  -1   0  -1  -1   5  -1  -2  -2   0  -2  -2  -2   0   0  -2  -2  -2    6   4   3   3   2   3   4  38   1   2   4   5   1   2   3   6   7   1   2   3  0.45 0.19
  222 S    -1  -1   0   0   1   0   1  -3   1  -1  -1   0  -2  -1   1   2   2  -2  -2   0    5   4   4   4   3   5   8   1   4   4   7   7   1   3   7  17  11   1   2   5  0.13 0.15
  223 V    -4  -4  -4  -4  -3  -4  -4  -5  -1   5   3  -4  -2  -1   0  -3  -4  -5  -4   2    1   1   1   1   1   1   2   1   2  34  29   1   1   3   5   2   1   0   0  13  0.97 0.47
  224 P    -5  -4  -4  -2  -3  -5  -3  -5  -4  -5  -4  -4  -3  -6   8  -2  -3  -4  -5  -6    1   1   1   3   1   1   2   1   1   1   3   1   1   0  76   3   2   0   1   1  2.36 1.08
  225 S     0  -1   0   2  -2   1   2  -1   0  -2  -2  -1  -1  -2   0   2   0  -1  -2  -1    8   4   4   9   1   7  12   6   2   2   3   4   1   2   5  18   5   1   1   4  0.17 0.18
  226 Q     0  -2   1   0   1   1   3   0   0  -2  -2  -1  -2  -2  -2   2   1  -1  -3  -1    7   2   6   5   3   5  17   9   2   3   5   3   1   2   1  17   7   1   1   4  0.20 0.19
  227 W    -2  -5  -4  -5  -2  -4  -5  -3  -4   3   3  -4   2   4  -3  -2  -3   4   0  -1    4   1   1   1   1   1   1   2   0  15  31   1   4  18   1   3   2   5   3   3  0.76 0.40
  228 R     0   0  -1  -2   0   1  -1   2  -2  -2   0   0  -3   3  -2   1   0   1  -2  -1    8   6   2   3   2   7   3  14   1   3   9   5   0  11   3  11   5   2   1   4  0.14 0.14
  229 A     0   1   2   0   1   1   0   0   1  -2   0   0  -1  -3  -2   2   0  -3  -1  -2    6   7  11   5   3   6   5   7   4   2   8   6   1   1   2  14   5   0   3   3  0.13 0.14
  230 F    -4  -2  -1  -3   3  -4  -2   0   1   0   4  -2   2   3  -2  -2  -3  -1  -2  -2    1   3   3   2   5   1   4   6   3   5  38   3   5  11   2   3   2   1   2   3  0.56 0.33
  231 K    -2   0   1  -1  -1   1   0  -1  -1  -2   1   2  -1  -1   1   1   0  -3  -2  -2    3   5   6   4   1   7   5   5   1   2  14  15   1   3   8  10   6   0   2   3  0.15 0.16
  232 P    -2   1   1  -1  -2  -1  -1  -1   1  -3   2   2  -2  -1   3   1  -2  -3  -1  -2    3   7   6   3   1   3   3   5   3   1  17  10   1   2  15  10   2   0   2   3  0.24 0.20
  233 S    -1  -2   1  -1  -1   1  -1  -2   0  -1   3   1  -1  -3  -3   3   0  -1  -2  -2    4   2   6   3   1   6   3   3   2   4  23   8   1   1   2  20   6   1   1   3  0.27 0.22
  234 Y    -4  -1   1  -2  -3   0  -1  -3   2  -1   3   0  -3   1  -3   1   0  -2   2  -1    1   4   7   2   1   4   5   2   6   4  26   5   0   5   1  10   5   0   8   4  0.28 0.21
  235 C    -1  -1   0  -2   1  -1   0  -3  -3   1   3   0  -1   0  -3   0  -1  -2  -2   1    5   3   5   2   3   2   5   2   1   7  32   5   1   4   1   6   4   1   1   8  0.28 0.20
  236 F    -1   0  -2  -2  -2   1  -2  -4   0   0   0  -1  -1   4  -3   0  -1   1   3   1    4   5   2   3   1   6   3   1   3   5  10   5   1  18   2   7   4   2  11   9  0.31 0.20
  237 L    -3  -1  -1  -2  -4  -2  -1  -4   1   0   4  -3   0   1  -5  -1   0  -4   0   0    2   4   3   3   0   2   4   2   3   6  40   2   2   6   1   5   5   0   4   7  0.49 0.29
  238 T    -2   0   2   1  -3  -1  -2   0   0   0   3  -1  -1   0  -3   0   0  -1  -2   0    3   5   8   8   0   2   2   8   2   4  25   4   1   4   2   8   5   1   2   5  0.17 0.14
  239 N    -3  -2   6   3  -3  -3  -3  -1   2  -3   2  -5  -1  -2  -4  -1  -3  -3  -3  -3    2   2  33  14   1   2   2   5   4   2  18   1   1   2   1   4   2   1   1   2  0.84 0.47
  240 A    -1  -2   3  -2   1  -3  -2  -3  -1   0   3  -2  -1  -1  -4   2  -2  -1  -2   0    6   2  13   2   3   1   2   2   2   6  27   3   1   3   1  14   3   1   2   7  0.35 0.24
  241 Q    -1   0   2  -2  -2   2  -1   0   3  -3  -4  -1  -3  -2  -2   4  -1  -4   0  -4    4   6   7   2   1   9   4   7   6   2   2   4   1   2   3  31   3   0   4   1  0.51 0.37
  242 K    -3   0   5   0  -1  -2  -2   1   0  -2   0   0  -2  -2  -2   0  -3  -6   1  -4    2   6  28   5   1   2   3   9   2   3  11   6   1   2   2   8   2   0   5   2  0.49 0.32
  243 N    -4   0   7  -2  -3   0   0  -5  -1  -5   0  -1  -3  -4  -2  -1  -2  -4  -4  -5    2   5  48   2   1   4   6   1   1   1   9   5   1   1   2   6   2   0   1   1  1.19 0.64
  244 I    -2   0   1  -2  -1  -2  -2  -2  -1   4   2   0   1   0  -2  -1  -2  -2   0   0    3   5   7   2   1   2   3   3   2  20  19   5   3   4   3   5   2   1   4   5  0.24 0.16
  245 Q    -3  -2  -2  -4   1   1   0  -4  -3   1   4  -1   0   1  -3   0  -1  -3  -2  -2    3   3   3   1   3   6   6   2   1   7  38   5   2   6   2   7   3   0   2   3  0.45 0.29
  246 T    -1  -1   0   0   2   0   0  -2   0  -1  -1  -1  -1  -2  -2   2   3   0  -1  -2    6   3   4   6   3   4   6   3   2   4   7   4   2   2   3  15  20   1   2   3  0.22 0.20
  247 G    -2  -2  -4  -2   0  -3  -2   4  -4   2   2  -4  -1   1  -2  -1  -2  -1  -3   1    3   2   1   2   2   1   3  26   1  10  22   1   2   6   2   4   3   1   1   8  0.45 0.27
  248 D    -1  -1   1   2  -1   0   2  -1   1  -2  -2  -2  -3  -1   3   1  -2  -3  -2  -2    5   3   7  12   2   4  13   6   3   2   4   2   1   3  13  12   2   0   1   4  0.24 0.21
  249 G    -1  -1   2   1   0   0   1   2   0   0  -2  -1  -3  -2   0   0   0  -1   0  -1    4   3   9   7   2   3   9  16   2   7   5   4   0   2   5   7   6   1   3   5  0.10 0.10
  250 N    -4  -2   6   1  -6  -1   0   0  -1  -3  -3   0  -2  -3   2  -1  -3  -3  -2  -3    2   2  38   6   0   2   6   6   2   2   3   5   1   1  12   5   2   0   2   3  0.82 0.49
  251 I     0   0   0   0  -1   0   0  -1   0   0   1   0   0  -1   0   1   0   0  -1   0    7   4   6   6   1   4   4   4   2   7  15   4   3   3   4  10   4   1   2   6  0.02 0.04
  252 F    -2  -3  -1  -3   2  -3  -2  -4  -3   0   2  -3  -1   7  -2  -2  -2   2  -1  -2    3   2   4   2   4   1   3   2   1   5  19   2   2  36   3   4   2   2   2   3  0.84 0.42
  253 A     0  -1   0   0   0   1  -1  -1   0  -1   0  -1  -2   0  -1   2   1  -3  -2  -1    6   2   4   6   2   8   3   5   3   4  11   4   1   4   3  17   9   0   1   4  0.10 0.13
  254 C     0  -2  -3  -2   6  -1  -3   4   0  -2   0  -3  -2  -1  -1   0  -2   0  -3  -2    7   2   1   2  14   3   2  30   2   2  10   1   1   3   3   7   3   2   1   3  0.55 0.32
  255 P    -1  -1   1  -1  -3  -1   1  -1  -2  -2  -2   0  -2  -3   4   2   0   3  -1  -2    4   3   5   3   1   2   9   4   1   3   4   5   1   1  22  15   6   4   2   3  0.36 0.28
  256 L    -3  -2  -4  -5  -2  -3  -4  -4  -3   4   4  -2   2   1  -3  -2  -3  -3  -2   1    2   3   1   1   1   1   1   2   1  19  40   2   4   5   1   4   2   0   2   8  0.75 0.39
  257 P    -2  -1  -4  -3  -6  -3  -2  -4  -4  -2   0  -1  -1  -3   7   0  -2  -4  -4  -3    4   3   1   2   0   2   4   2   0   3  11   4   2   1  49   6   2   0   1   3  1.16 0.64
  258 D    -2   0   2   4  -2   1   2  -2  -1  -4  -3   1  -2  -4  -1   0  -3  -2  -4  -3    3   5  10  25   1   6  14   3   1   1   3   9   1   1   3   8   2   1   1   2  0.50 0.33
  259 L    -3  -3  -2  -4  -3  -1  -2  -5  -1   1   5  -2   0   1  -2  -2  -2   0   1  -1    2   2   2   1   1   3   3   1   1   7  48   2   2   5   2   4   3   1   4   5  0.65 0.35
  260 D    -1   2   0   1  -2   1   1  -2   0  -1   1   0  -1   0   1   0   0  -2  -1  -1    4  10   4   6   1   8  10   3   2   4  13   5   1   4   7   6   4   1   1   3  0.09 0.10
  261 N    -1   1   4   0  -2   1   0   0   0  -1  -2   1  -3  -3  -2   2  -1  -3  -1  -3    5   7  19   4   1   5   6   8   2   3   3   8   1   1   3  14   4   0   3   2  0.26 0.21
  262 A     0  -1   3  -1  -4  -2   0  -1   0   0   1  -1  -1  -1   0   1   1  -1  -2  -2    8   3  14   3   0   2   5   5   2   5  16   3   1   2   6  13   8   1   1   3  0.14 0.15
  263 C    -2  -2  -2  -3   4  -2  -2  -3  -1   2   3  -2   0   0  -1  -1   0  -2   1   1    3   2   2   2   8   2   2   2   2  10  25   2   2   4   3   6   6   1   5  11  0.27 0.19
  264 T    -1  -1   0   2  -2   1  -1   0   0   0   1  -1  -2  -2  -1   2   1  -1  -1  -1    3   3   4  11   1   6   4   7   2   5  13   4   1   2   4  16   9   1   2   3  0.10 0.14
  265 L    -3  -1   2   0  -2  -1  -1  -2  -2   0   3  -1  -1   3  -4  -1  -2  -3  -1  -1    2   4  10   5   1   2   4   3   1   5  33   3   1  11   1   6   2   0   2   5  0.35 0.25
  266 C    -2  -3  -2  -1   5  -2   0  -2  -1   0   2  -2   1   1  -1   1  -1   2   1  -2    3   1   2   4  12   1   5   3   2   4  22   3   3   5   4  12   4   2   4   3  0.27 0.22
  267 H    -2   1   3  -1  -5   1   0   1   3  -3  -1   0  -1  -1  -1   1  -1  -1   1  -2    3   8  14   3   0   6   7   9   6   1   7   6   1   2   4  10   3   1   5   3  0.19 0.19
  268 N    -1   0   7   0  -4  -1  -2  -4  -2  -4  -3   0  -3  -4  -3   1  -1   0  -5  -2    4   5  47   4   0   3   3   1   1   1   3   6   1   1   2  10   3   1   1   3  1.05 0.61
  269 T    -2  -2   1  -3   1  -2  -2  -2  -1   1   4  -1   0  -2  -1  -2  -1  -5  -2   0    3   3   6   2   3   2   3   3   1   6  43   4   2   1   3   4   4   0   2   5  0.44 0.30
  270 S    -1   0   2  -2  -1   2   1  -1  -1  -1   0   0  -1  -2  -1   2   1  -1   0  -2    5   4   9   2   2   9   9   4   1   3  10   7   1   2   3  14   9   1   3   2  0.12 0.16
  271 R     0   1   0  -1  -1   0   1  -3   2   0   1   0   0   1  -1   1   0   0   0  -1    6   9   5   3   1   3   8   1   6   5  12   6   2   6   3   9   5   1   2   4  0.07 0.09
  272 W    -2  -4   0  -2   4  -1  -2   0  -3   0   4  -3  -2   1  -3   0  -2   3  -1  -1    3   1   5   2   8   3   3   7   1   4  35   1   1   7   1   7   2   4   2   4  0.40 0.29
  273 G     0  -1   3   2  -2   0  -1   1   0  -2  -1   0  -3  -2  -2   3  -1  -4  -2  -3    8   3  14   9   1   4   3  11   2   3   6   5   1   2   2  21   3   0   1   2  0.27 0.24
  274 V    -2  -3   0  -3   0  -2  -3  -4  -3   2   3  -1   1   2  -1  -2  -1  -4   0   2    4   1   6   1   2   2   2   1   1  12  26   4   3   9   3   3   4   0   3  16  0.35 0.24
  275 M    -1   0   0   1   2   0  -1  -1   1   0   0  -1   0  -1   0   1   0   0  -1   0    5   5   4   7   6   4   4   4   4   6   9   2   2   3   4  14   5   1   2   8  0.06 0.09
  276 H    -2  -1   2  -1  -3   1   1   3   4   0  -1  -1  -2  -2  -3   2  -1  -5   0  -2    3   3   8   3   0   5  10  19   9   5   6   3   1   2   1  13   3   0   3   2  0.28 0.24
  277 N    -3  -2   7  -1  -2  -2  -2  -3  -3  -2  -4  -1  -4  -3  -2   1   1  -4  -6  -3    2   3  52   3   1   2   3   2   1   2   2   4   0   1   2   9   7   0   0   2  1.24 0.67
  278 D    -2   2   2   1  -2   0   0   0  -1  -3  -3   1  -3   0   3   0  -1  -2  -2  -3    4  13  11   9   1   4   5   7   2   2   3   7   1   4  13   7   4   1   1   2  0.26 0.22
  279 G    -2  -2  -1  -3  -2  -3  -3   1  -1   0   2  -2  -1   4   1   1   0  -1  -1  -1    3   2   3   2   1   1   1  11   1   6  19   2   2  16   8   9   6   1   2   4  0.25 0.22
  280 V    -2  -1  -1  -3  -2   0  -2  -4  -3   2   2   0   0   2   0   1   2  -3  -2   0    3   3   3   2   1   4   2   1   1  10  19   6   2   8   4  13  14   0   1   6  0.22 0.21
  281 D    -3  -3  -1   3   6  -2   0   3  -2  -5  -4  -2  -6  -4   3  -1  -3  -6  -3  -3    2   1   3  17  16   2   6  21   1   1   2   2   0   1  17   5   2   0   1   2  0.80 0.49
  282 H    -1  -2   2   1  -2   0   0   0   2  -2  -1   1  -1   0  -1   1   1  -1   0  -2    4   1   9   8   1   4   5   8   6   2   5   8   1   5   4  11  10   1   4   3  0.12 0.14
  283 V     0  -2  -3  -3   1  -2  -2  -2  -2   3   2  -3   0  -1  -1   1   1   2   0   0    7   2   1   2   3   2   2   3   1  16  19   1   2   2   3  14   8   3   3   6  0.23 0.20
  284 E    -1  -2   1   0  -3  -1   0  -3  -1   0   1  -1  -3   0   5  -1  -1  -6  -2  -3    5   3   7   4   0   3   7   2   2   5  14   3   0   5  30   5   3   0   1   1  0.49 0.35
  285 R    -1   2   0  -1  -1   1   1  -1   0  -2   1   1  -2   0   1   1  -1  -4  -2  -2    4  11   4   2   1   8   8   5   2   2  13  11   1   5   6  11   2   0   1   3  0.13 0.16
  286 C     1  -2   0  -2   7   0   0  -2  -1  -2   0  -1  -1  -2  -2   2  -1  -2  -1  -1   13   2   5   2  20   4   6   2   2   2   8   4   1   2   2  14   4   0   2   4  0.40 0.30
  287 V    -1  -2  -3  -2  -3   0  -2  -1  -1   2   3  -3   2   1   0   1  -2  -1  -2   0    6   3   1   2   0   5   2   4   2  10  29   1   5   7   4  10   2   1   1   5  0.24 0.22
  288 Q    -2   0   1   0  -2   3   0   0  -3  -3  -1   1  -3  -1   2   2   0  -1  -4  -2    2   5   5   5   1  14   5   6   0   1   6   9   1   3  12  15   7   1   0   3  0.26 0.26
  289 K    -2   1   1   2  -4   1   0   0   0  -3  -2   3  -2  -2  -1   1   0  -2  -2  -2    2   7   8  11   0   7   6   6   2   1   5  19   1   2   4  10   6   1   2   3  0.25 0.23
  290 L    -3   0  -2  -3  -2   0  -2  -3  -1   1   4   0   0   0  -2  -1  -2  -2  -2  -1    2   5   2   1   1   5   3   2   1   6  46   6   2   3   2   5   2   1   1   4  0.51 0.35
  291 E    -1   0   1   1   3   3   2  -2  -1  -2  -1   1  -1  -3   0   1   0  -5  -2  -2    4   5   7   8   5  15  12   3   1   2   5   8   2   1   5   9   5   0   1   3  0.23 0.22
  292 C     0  -1   0  -3   5  -2  -1  -3  -1   1   0  -1  -1   1  -2   0   0  -4   0   2    6   3   6   1  12   2   4   2   1   7   9   5   1   6   2   9   7   0   3  16  0.21 0.18
  293 E    -2  -1   3   0  -2  -1   0   0  -2   0   3  -1  -2   0  -1  -1  -2  -4   0  -2    3   3  13   6   1   3   5   7   1   4  31   4   1   4   3   5   3   0   3   3  0.24 0.22
  294 G     0  -2   2   3  -3  -1  -1   2  -2   0   0  -1  -2  -2   0   1  -1   0  -1  -1    8   2   9  17   0   2   2  14   1   5   9   4   1   2   4   9   3   1   2   5  0.16 0.16
  295 T    -1  -1   0  -1  -1  -1  -3  -1  -3   0   3  -2  -1   0  -3   1   1  -3  -1   0    4   4   5   3   1   3   1   4   1   5  30   3   1   5   1  12  10   0   2   7  0.23 0.22
  296 A     0   1   1   0  -3  -1  -1  -1   2  -1  -1  -1  -2  -3   0   3   2  -5  -1  -1    6   8   6   4   0   2   4   5   4   3   8   3   1   1   5  23  11   0   2   4  0.19 0.21
  297 A     0   0   3   0   0   1   0   1  -1  -3  -1   0  -2  -4  -1   2   1  -5  -1  -2    7   4  14   5   2   6   5  12   2   1   6   5   1   0   3  16   7   0   3   2  0.20 0.21
  298 P    -1  -2   6  -1  -2  -2  -1  -3   0   0  -1  -4  -4  -3   4   0  -3  -7  -6  -2    5   2  34   4   1   2   4   2   2   5   8   0   0   1  19   6   2   0   0   3  0.77 0.50
  299 T    -1   0   3   0   0   0  -2  -2   0   0   0   0   1   2  -2   1   0  -1  -3  -2    5   5  17   5   2   3   2   2   2   5  10   6   3  10   2  13   5   1   0   3  0.18 0.20
  300 P    -1  -1  -1  -2  -2  -2  -2  -2  -1   0   1   0  -3   4   3   0  -1  -3  -1  -1    5   3   3   2   1   2   2   2   2   5  17   6   0  17  16   7   4   0   2   5  0.31 0.25
  301 P    -1  -1   0  -1   0  -1  -1   0   2  -2  -1   0  -1   0   3   1   1  -2   2  -2    5   3   5   4   2   3   4   6   5   2   7   5   2   5  15  10   9   0   7   3  0.16 0.16
  302 S     0  -2  -1   0   0  -1  -2   4  -5  -3  -2  -2  -3  -3  -3   4   1   0  -3  -3    6   2   3   5   2   3   3  26   0   1   4   3   0   1   1  29   7   1   1   2  0.54 0.41
  303 P    -1  -1  -2  -1  -1   0  -1  -1  -2   1   0  -2  -1   0   5   0   1  -1  -1  -1    4   4   1   3   1   4   3   4   1   8  11   2   1   4  26   7   8   1   3   4  0.35 0.27
  304 P    -1  -3  -1  -3  -1  -2  -3  -3  -6   2   0  -3  -5  -3   6   2   0  -7  -6  -2    5   2   3   1   1   2   1   2   0   9  10   2   0   1  37  15   5   0   0   2  0.82 0.53
  305 L    -1  -1  -1  -1   0  -2  -1   0  -2   0   1  -2  -1   0   1   2   1  -3  -3   0    5   3   3   3   2   1   4   8   1   4  16   2   1   4   7  19  10   0   0   7  0.13 0.17
  306 P     0  -2  -1  -2  -2  -3   0   0  -2  -1  -1  -1   0  -2   5   1   0  -3  -3  -2    9   3   3   3   1   1   7   6   1   5   6   4   2   2  29  12   5   0   1   2  0.44 0.33
  307 P    -1  -1  -2  -2   0  -2  -1  -1  -1   1   1   0  -1  -1   3  -1   0  -2  -1   1    5   3   2   2   2   1   5   4   1   9  16   7   1   3  17   5   5   0   2   9  0.17 0.15
  308 P    -1  -1   2  -1   2  -3  -2   1   1  -2  -1  -2  -1  -2   5   1  -1  -4  -4  -2    4   3   8   3   4   1   2   9   3   2   6   2   1   2  30  10   4   0   0   3  0.51 0.37
  309 E     1   0   0  -1   0   2   2   0   0  -2  -1   0  -1  -3  -1   1   1  -4  -1  -1   10   5   5   3   2  10  12   8   2   2   6   6   1   1   2  11   7   0   2   3  0.13 0.15
  310 I     0   0  -1  -1  -1  -1  -1   1  -1   1   1  -1   1   0   0   0   0  -2  -1   0    6   5   3   3   2   3   4  12   1   8  17   3   3   4   3   9   6   0   1   6  0.03 0.06
  311 P    -2  -2   0  -2   0  -1  -1  -2   0  -1  -1   0  -2  -3   5   2   1   1  -1  -2    2   2   5   2   2   3   4   4   3   3   7   5   1   1  28  14   8   2   2   2  0.45 0.34
  312 A     0  -1   0  -2   0   0  -1   0   0   0   1   0   0  -1  -1   1   0  -1  -2   0    6   3   6   2   3   4   2   6   2   7  16   7   3   3   3  14   6   1   1   8  0.05 0.09
  313 K    -1   0  -1   0  -2  -1  -1   0   2  -1   2   1   0   0  -1   0  -1   1   0  -1    4   4   3   6   1   3   2   9   6   3  21  10   2   3   3   9   2   2   3   3  0.08 0.13
  314 T    -1   0   0  -1   0   0  -1  -1   1  -1   0   1  -2   2  -1   1   2   0   0  -1    3   5   4   3   2   4   4   4   3   2  12   9   0  10   3  11  13   1   4   4  0.08 0.12
  315 P    -1  -1   0  -1   0  -1  -1  -2   0   0  -1  -1   0  -1   4   1   0  -5   0   0    5   4   4   3   2   3   3   3   2   5   7   4   2   2  23  13   4   0   4   8  0.27 0.23
  316 E    -1   1  -1  -1  -3   1   2   0   1   0   1   0   0  -2  -1   0  -1  -2  -2  -1    5   7   3   2   0   5  16   6   4   5  19   4   2   2   2   7   4   0   1   4  0.11 0.14
  317 E    -1   0   2   3  -3   1   2  -2  -1  -3   0  -1  -3   0  -1   0   0  -5  -1  -4    4   5  10  17   1   7  16   3   1   1   9   2   0   4   3   8   6   0   3   0  0.28 0.25
  318 K     0  -1   0   0  -1   0  -1  -2  -1   1   2   0   0  -1  -1  -1   0  -3  -1   0    7   3   5   4   1   5   4   3   1  11  24   8   2   2   3   3   5   0   2   7  0.09 0.11
  319 Q     0  -1   0  -1  -3   2   0  -1   0   0   1  -1  -1  -1  -1   3  -1  -4  -2  -1    7   4   4   4   0   9   4   5   3   5  16   3   1   3   3  22   3   0   1   4  0.15 0.19
  320 G    -1  -1   3   1  -2   0  -1   3   0   0  -2  -1  -3   0   0   0  -2  -2  -2  -1    5   3  14   7   1   3   4  25   2   5   4   4   0   4   4   8   2   1   1   3  0.25 0.21
  321 G    -2  -2   6  -1   0  -2  -1   3  -3  -6  -3  -2  -6  -6  -2   0  -1  -7  -6  -4    4   2  42   3   2   2   4  20   0   0   3   2   0   0   2   8   3   0   0   1  1.01 0.58
  322 F     0   1   1  -1  -2   0   0  -1   1  -1   0   2   1   1  -3   0   0  -3  -1  -1    7   6   8   2   1   4   7   3   3   3  11  13   4   7   1   9   6   0   2   4  0.09 0.12
  323 L    -2   1  -5  -2  -5  -3  -1  -3   0   1   4  -2   0   4  -2  -2  -2  -4  -2  -1    3   9   0   3   0   1   4   3   3   9  36   2   1  15   2   2   3   0   1   2  0.47 0.33
  324 G    -1  -1   2   0  -2  -1   1   1  -1  -2  -1  -1  -3  -2  -1   2   3  -5  -2  -1    4   2   8   4   1   2  10   9   1   2   5   4   0   2   3  17  20   0   1   4  0.24 0.25
  325 G    -1  -1  -1   0  -1  -4  -1   6  -4  -4  -3  -1  -5  -1  -3   0  -2  -6  -5  -2    4   4   3   5   1   1   5  53   0   1   2   3   0   3   2   7   2   0   0   3  0.89 0.50
  326 S     0   0   0  -1  -1  -2   1  -1  -1  -2  -3   1  -4  -5   1   4   1  -5  -1  -1    7   4   3   4   1   1   8   4   2   3   2   7   0   0   7  29  10   0   2   6  0.31 0.29
  327 L    -2  -5  -4  -3   0  -3   0  -3  -2   4   3  -2   0  -1  -2  -2  -2  -5  -4   1    3   0   1   1   2   1   6   2   1  28  33   3   1   2   2   3   2   0   0  10  0.62 0.38
  328 P    -2  -4  -2  -6  -4  -4  -1  -3   1  -5  -4  -1  -6  -7   8   1  -3  -7  -4  -6    3   1   2   0   1   1   4   2   3   1   2   4   0   0  66   9   2   0   1   0  1.85 0.90
  329 P    -1  -1  -4   0  -6  -2   0  -1  -3  -2  -4  -1  -1  -4   7  -1  -3  -6  -5  -1    5   3   1   6   0   2   6   5   1   3   2   4   2   1  50   5   1   0   0   5  1.10 0.58
  330 S     1   1  -1   0   1  -1   0   0   0   0  -1   0  -3  -4  -3   3   0  -4  -1  -1   11   8   2   4   3   3   6   8   2   5   5   5   0   0   0  29   3   0   2   3  0.23 0.23
  331 S     1  -2  -1   0  -3  -1   0  -2  -1   1   1  -1   0   1  -1   2   1   1  -1   0   10   1   3   5   0   3   5   1   2   9  14   2   1   5   3  20   7   2   1   5  0.11 0.15
  332 A     0   3  -1  -1   2  -2  -1   1   2  -2  -2   0  -2  -3  -1   2   0   2  -3  -2    7  15   2   3   5   1   4  12   6   2   4   5   1   1   3  20   5   3   0   2  0.25 0.23
  333 Q    -1   1   1   3  -4   2   1  -1   0  -3  -4   2   0  -2  -1   0  -1   0  -2  -3    6   6   8  17   0  11   7   5   2   2   1  15   3   2   2   8   3   1   1   1  0.28 0.22
  334 T     1  -1  -2  -2   2  -2  -2  -1  -3   2   1   0   1  -1   0   0   2  -1  -1   0   13   3   1   2   4   0   2   5   0  14  17   5   3   2   4   7  13   1   1   4  0.12 0.15
  335 V    -1  -3  -1  -2  -1  -3  -3  -4  -3   4   1  -1  -2  -2  -2  -1   1  -4  -1   3    4   1   3   2   1   1   1   1   1  23  15   3   0   1   2   5  11   0   2  24  0.38 0.28
  336 A     3  -2   0  -3  -3  -1  -2  -1  -1  -1   0  -1  -3  -1  -2   2   0  -5  -4   0   32   1   5   1   0   2   2   5   1   4   8   4   0   3   1  18   5   0   0   8  0.31 0.29
  337 L    -3  -5  -5  -4  -4  -2  -5  -1  -5   3   4  -4  -2   2  -5  -2  -3  -1  -1   2    1   0   0   1   0   2   0   5   0  17  44   1   0   9   0   3   1   1   2  12  0.70 0.40
  338 G    -1  -3  -2  -2  -1  -1  -1   4   0  -2  -2  -3  -4  -3  -4   2   3   1  -4  -2    4   1   1   1   2   3   3  36   3   2   5   1   0   1   0  15  18   2   0   3  0.53 0.37
  339 A     2  -2  -1  -1  -3  -3  -2   0  -3   1  -1  -1  -2  -2  -1   2   2   2  -3   1   18   1   2   2   0   0   1   8   0   9   6   3   0   1   3  19  11   3   0  11  0.21 0.22
  340 A     2  -2  -2  -3  -1  -1  -2   0   0   1   0   0  -1  -3  -1   1   2  -4  -3   2   18   0   0   0   1   3   1   7   3  10   7   6   1   0   2  13  13   0   0  15  0.18 0.19
  341 A     1  -1  -2  -2  -3  -3  -2  -3  -3   2   2  -1   1  -1  -1  -1  -1  -4   0   3   17   3   1   1   0   0   2   1   0  12  19   4   3   2   3   4   3   0   3  22  0.22 0.20
  342 G     0  -4  -3  -4   1  -2  -4   5  -4   1  -1  -2  -1   1  -4   0  -2  -4  -3   2    7   0   0   0   3   2   0  42   0   7   5   2   1   8   0   8   1   0   0  14  0.56 0.34
  343 A     2  -4  -3  -4   6  -3  -4   1  -4   0   0  -2  -2   0   1   1  -1  -4  -3   1   19   0   0   0  19   0   0  11   0   4  10   2   0   5   7  11   2   0   0   9  0.41 0.28
  344 G     0  -3  -1  -3  -3  -3  -3   3  -3  -1   0  -2   2  -1   0   2   0  -3   0   1    7   0   2   0   0   0   0  27   0   3  10   1   6   3   5  16   4   0   4  11  0.27 0.23
  345 A     1  -3   0  -2  -1  -3  -3   2   1   1   1  -2   0  -2  -3  -1  -1  -4  -1   3   15   0   4   1   1   0   0  15   4   9  11   2   2   0   0   3   3   0   2  28  0.24 0.21
  346 A     2  -1  -2  -3  -2   0  -2   0  -3   1   1  -1  -1   0  -1   1   1  -3  -2   2   18   3   2   0   0   4   0   8   0   6  17   2   0   5   2   9  10   0   0  16  0.14 0.16
  347 A     1  -2  -4  -4   1  -3  -4  -4  -4   2   3  -2   2   2  -4  -1   0  -3  -2   1   12   2   0   0   4   0   0   0   0  11  34   2   7   8   0   5   4   0   0  10  0.37 0.24
  348 A     2  -4  -4  -4   0  -2  -3   1  -4   3   2  -3   0   1  -4  -1  -1  -4  -3   0   22   0   0   0   2   2   0  13   0  23  21   0   1   6   0   3   2   0   0   4  0.33 0.25
  349 L    -3  -1  -2  -5   0  -4  -5  -5  -4   3   4  -4  -1   3  -5  -4  -3  -3  -2   2    0   4   2   0   2   0   0   0   0  18  46   0   0  14   0   0   0   0   0  13  0.75 0.36
  350 L     1  -2  -3  -4  -3  -3  -3  -1  -4   2   3  -3   0   0  -3   0   2  -3  -2   1   10   2   0   0   0   0   0   5   0  11  38   0   0   4   0   7  13   0   0   9  0.33 0.23
  351 G     1  -3  -1  -3   2  -2  -3   1  -3   1   1  -2   0   1  -1   0  -1  -2   0   2   16   0   2   0   6   0   1  13   0   6  12   0   2   9   3   7   0   0   2  20  0.16 0.14
  352 V     0  -3  -3  -2  -2  -3  -3   2  -3   2   1  -3   2   1  -1  -1  -1  -3  -2   2    8   0   0   2   0   0   0  18   0  18  16   0   5   6   2   4   2   0   0  19  0.24 0.18
  353 G     0  -3  -1  -3   2  -3  -3   1  -2   1   0  -3   0   3  -3  -1   0   1   4   1    8   0   2   0   5   0   0  11   0   7   5   0   2  16   0   5   6   2  16  13  0.26 0.19
  354 L    -3  -4  -4  -4  -3  -2  -4  -4  -4   2   4  -4   2   2  -4  -1  -1  -3  -2   2    0   0   0   0   0   2   0   0   0  14  49   0   4   8   0   4   2   0   0  13  0.61 0.29
  355 L    -2  -3  -4  -4   2  -3  -4  -4  -3   2   3  -3   4   3  -4   0  -2  -3   0   2    0   0   0   0   5   0   0   0   0  14  26   0  13  13   0   7   0   0   2  17  0.47 0.25
  356 V    -2  -2  -4  -2   3  -3  -2  -4  -4   1   1  -3   0   0  -4  -2   0   8  -2   3    3   2   0   3   8   0   2   0   0   6  10   0   2   2   0   3   4  22   0  30  0.70 0.32
  357 W    -2  -3  -3  -4   2  -3  -3  -4   2  -2   0   1   0   4  -4  -3  -3   6   5  -2    4   0   0   0   4   0   1   1   4   0   9  11   3  22   0   1   1  14  24   1  0.76 0.29
  358 R    -2   5  -2  -1   0  -1  -1  -4   0   0   0   1  -2   0  -3  -2  -2  -3   1   1    0  44   0   3   2   0   3   0   3   4  10   6   0   5   0   0   0   0   5  11  0.44 0.23
  359 P    -1   2   1  -1   2   0  -1  -3   4   0   0   0   0   1  -1  -2  -2  -2   2   0    3  15   7   3   6   2   0   0  14   4   9   7   2   6   3   0   0   0  10   6  0.16 0.12
  360 P    -2   4   0  -2  -4  -1  -1  -3   1   0  -2   3  -2  -4   4  -2  -1  -4  -3  -3    1  32   3   0   0   0   0   1   3   6   4  23   0   0  21   0   3   0   0   0  0.64 0.25
  361 R    -2   4  -2  -2  -3   1  -1  -3   2  -3  -2   3  -2  -2  -3   0  -2   4   0  -1    1  32   0   0   0   5   1   1   5   0   4  27   0   0   0   8   0   8   3   4  0.52 0.21
  362 P    -1   0   1  -1  -3  -1   0   1  -2  -3  -3   0  -3  -3   6   1  -1  -3  -3  -3    1   6   6   1   0   0   6  10   0   1   1   6   0   0  43  15   1   0   0   1  0.77 0.16
  363 N     0   1   5   1  -3  -1   0   0   0  -3  -3  -1  -2  -2  -2   1  -1  -2   1  -3    6   7  40   7   0   1   7   7   0   1   1   1   0   0   1  13   1   0   8   1  0.37 0.12
  364 S     1   1   1  -1  -2  -1  -1  -1  -2  -3  -3   1  -2   1  -2   4   1  -3  -2  -2    8   7   7   0   0   0   0   0   0   0   0   7   0   7   0  57   7   0   0   0  0.42 0.16
  365 W    -3  -2  -3  -3   3  -2   0  -3  -3  -2   0   0  -1   3  -4  -3  -3   9   1  -2    0   0   0   0   9   0   9   0   0   0   9  11   0  18   0   0   0  44   0   0  1.12 0.17
  366 M     0  -1  -2  -3  -2  -1  -2  -3  -2   0   3   1   4   2  -3  -1   0  -2  -1   0    9   0   0   0   0   0   0   0   0   0  35  18  20   9   0   0   9   0   0   0  0.22 0.09
  367 G    -1   2   3  -1  -3  -1  -1   3  -1  -3  -3   1  -2   1  -3  -1  -1  -3  -1  -3    0  18  23   0   0   0   0  34   0   0   0  13   0  12   0   0   0   0   0   0  0.37 0.07
  368 M    -1  -2   1  -2  -2  -2  -2  -3  -2   1   2  -2   4   2  -3  -1   1  -2  -1   1    0   0  13   0   0   0   0   0   0   0  20   0  27  13   0   0  14   0   0  13  0.20 0.06
  369 P    -1  -3  -2  -2  -3  -2  -2   4  -3  -4  -4  -2  -3  -4   7  -1  -2  -4  -4  -3    0   0   0   0   0   0   0  39   0   0   0   0   0   0  61   0   0   0   0   0  1.36 0.09
  370 H     1  -1   0  -2  -3   0  -1  -2   7  -3  -3  -1  -2   0  -2  -1  -2  -1   4  -2   18   0   0   0   0   0   0   0  63   0   0   0   0   0   0   0   0   0  19   0  0.70 0.08
  371 V     0  -2  -1  -2  -1  -1  -2  -2  -2   2   0  -1   0  -2  -2   3   0  -3  -2   3    0   0   0   0   0   0   0   0   0  19   0   0   0   0   0  45   0   0   0  36  0.22 0.04
  372 R    -1   3  -2  -2  -3  -1  -1  -2  -2  -3  -3   0  -2  -4   7  -1  -1  -4  -3  -3    0  29   0   0   0   0   0   0   0   0   0   0   0   0  71   0   0   0   0   0  1.36 0.03
  373 A     4  -2  -2  -2  -1  -1  -1   0  -2  -2  -2  -1  -1  -2  -1   1   0  -3  -2   0  100   0   0   0   0   0   0   0   0   0   0   0   0   0   0   0   0   0   0   0  0.46 0.03
  374 T    -1  -2  -2  -3  -1  -2  -2  -3  -2   1   0  -2   0   3  -2  -1   2  -1   1   2    0   0   0   0   0   0   0   0   0   0   0   0   0  29   0   0  29   0   0  42  0.22 0.01
  375 G     0  -3  -1  -2  -3  -2  -2   6  -2  -4  -4  -2  -3  -3  -2   0  -2  -3  -3  -3    0   0   0   0   0   0   0 100   0   0   0   0   0   0   0   0   0   0   0   0  1.10 0.03
  376 A     2  -1   0  -1  -1   0   0   0  -1  -2  -2   0  -1  -3  -1   4   1  -3  -2  -1   29   0   0   0   0   0   0   0   0   0   0   0   0   0   0  71   0   0   0   0  0.40 0.02
  377 V    -1  -3  -3  -3  -1  -3  -3  -4  -3   4   1  -3   1   0  -3  -2  -1  -3  -1   3    0   0   0   0   0   0   0   0   0  71   0   0   0   0   0   0   0   0   0  29  0.40 0.02
  378 M     0  -1  -1  -2  -1  -1  -1  -2  -2   0   0  -1   3  -2  -2   1   4  -2  -2   0    0   0   0   0   0   0   0   0   0   0   0   0  29   0   0   0  71   0   0   0  0.34 0.03
  379 S     0   0   0   1  -3   1   5  -2   0  -3  -3   0  -2  -3  -1   2   0  -3  -2  -2    0   0   0   0   0   0  71   0   0   0   0   0   0   0   0  29   0   0   0   0  0.55 0.02
  380 S     0  -1   0  -1  -1  -1  -1  -1  -2  -1  -2  -1  -1  -2  -1   3   4  -3  -2  -1    0   0   0   0   0   0   0   0   0   0   0   0   0   0   0  29  71   0   0   0  0.44 0.02

                      K         Lambda
Standard Ungapped    0.1344     0.3167
Standard Gapped      0.0449     0.2670
PSI Ungapped         0.1466     0.3180
PSI Gapped           0.0449     0.2670
