1.1492093340373521
1.0358948002677202
0.7187193613862726
0.744763025549685
0.5032792436594324
0.7130454398225767
0.8751651606773213
1.0441225149846272
0.7715794826667985
0.6984514384269942
0.9104734586955905
1.0361868835018342
0.8130439141394382
0.846071939979881
0.9691081123234022
0.8472725306628106
0.6724432792023504
1.05165344153398
0.6096857889659004
0.8092718330386
0.9266045026167598
0.7177846224213886
0.5150405431336614
0.5281831803822702
0.5715656412577151
0.8480968292157822
0.6094884569041995
0.8464568526393513
0.8148796916455454
0.5907228718191421
0.7469154580734308
0.8603736087224731
0.8532926737407923
0.7797611598732036
0.7119278378980732
0.7035642100910827
0.39353427678979747
0.48440817789050983
0.4831361846002488
0.6295143926374124
0.6806675588758514
0.7170401539105573
0.6306262274666427
0.7030427972775135
0.6617075414461542
0.8784555043233608
0.7227587319201728
0.989203146621414
0.9570003095907859
1.2635379614046895
