0.5501304021224553
0.5121979440426754
0.9752004731642239
1.0703302623424034
0.9172483145992492
1.0084862201014715
1.0895714130071128
0.960368592727555
1.0579605832215986
1.3703279633549375
0.9369821422276847
1.1724424814286867
1.1491263916679233
1.019039404046674
1.0718630874049342
1.6415380972280398
1.5643456771085076
1.4193570012212555
1.4413166162007816
1.4430581958810986
1.1107052090867553
1.5499455293854258
1.519518565252776
1.4269553127347405
1.4258535326208372
1.5043200013745786
1.2914908087997443
0.9857542607605655
1.0161648324094044
1.130498468426981
1.034632128135653
0.9675230799085125
0.8573232581552176
0.7975892536624691
0.6028800521703773
0.6933572867675828
0.6786054188094384
0.9493436968179535
0.7822306991097964
0.9174224614062124
0.7276813341142151
0.8315862305795378
0.8914503928743093
0.7723768341717286
0.8744115637301693
0.8383410089301309
0.9470134171415081
0.8942729035523306
1.0182069211256926
1.21089606201837
