0.9907957381066348
0.9031109647667771
0.806730764888332
0.892662683741642
0.9473336333959188
0.8743229096583378
0.9376027165178534
1.0006231748693588
1.0068650973039337
0.7873037348176875
0.9448584700102844
1.046774372204433
1.1701668349164303
0.9038777492295355
1.1527322264258824
1.3091273766592177
1.179398462330924
1.2703406484740554
1.266195354119443
1.0644343866249337
1.357848250676292
1.4148795885953565
1.2336037210603048
1.2561853199671391
1.5282246346148642
1.5975810234141459
1.3975861301439587
1.200740296633203
1.4844748264463488
1.5349401990282387
1.4489577292192408
1.33043519002164
1.357111305599071
1.5247208140969273
1.0871036695000118
1.243989290445263
1.30283263207675
1.141555073693534
1.2417733323737916
1.0922546442726802
1.3376290161368278
1.0269881485162105
1.146778530237631
1.059689966743545
1.1297964975096746
0.9649300786156308
1.029156955676858
1.0826970776619271
0.8504654470217645
0.7971022137776328
