0.7186952250327174
0.7074393956027151
0.6892892462348752
0.672088947388973
0.7376550319589601
0.5874397358921474
0.6224610074899527
0.6570093715462291
0.744065387901907
0.7562221064003486
0.9546700121653141
0.7928876198347311
0.9215198917586677
0.821446170392367
0.7632074993893863
0.7056121451486023
0.6016956204520681
0.7280258179836836
0.878244486822239
0.6806908129506654
0.7502609471224334
0.6972549795885304
0.6930637653852882
0.7350966579099656
0.7397105807265832
0.7663814190441047
0.7060465382129029
0.7868927651296258
0.720165245925894
0.6895135286782963
0.7799848784094615
0.8681943972059848
0.7069665225391173
0.6885941854376737
0.674877533953744
0.583912511735457
0.6703518283332061
0.6023745995358628
0.7719001364798924
0.6637590641599123
0.5591600533057526
0.6348956035753961
0.7874965431265161
0.7469713201033213
0.7692591311393436
0.8311590958910398
0.7410911243588336
0.8112687316919519
0.906259439929956
1.2002379590705834
