0.9125507132120743
0.9955437528486272
1.01240101786648
1.3187380994829354
1.1766612441112658
1.1730985623751269
0.9395556921445569
0.9431134818411857
1.1581250313297593
0.8969165066651558
0.9823474880382572
1.2116118955474455
1.328885237490951
1.229686316410141
1.1901428683442934
0.9933402190610092
1.327903146782212
1.1801966146988672
1.4008898354765662
1.3740162872279251
1.273518773901509
1.372465469763844
1.048920191676115
1.107557039541217
1.1081377155867487
1.019901100832887
1.0997402317187985
1.164882999688239
0.8438889427271691
0.8369024254734548
0.8434053108295012
0.9114090321335478
0.7346978391560286
0.7177220579657263
0.7910725108577402
0.6281001462350068
0.7090822501166256
0.8224247190270093
0.5071773838085539
0.8251603223248919
0.7298228389738628
0.8553010452049488
0.768296706026356
0.9738966988441577
0.8792885266013079
0.9620491992790583
1.1494189952781861
1.0035061213650376
1.0924179046133817
1.2501085061566226
